0.22146
0.22346
0.21985
0.21718
0.22368
0.22538
0.22405
0.22626
0.23149
0.25502
0.28376
0.32356
0.34893
0.35263
0.33324
0.31657
0.29835
0.30667
0.37267
0.31826
0.2661
0.19176
0
0
0
0
0
0
0
0
0.065091
0.19316
0.30645
0.67969
0.78275
-1
0.95886
0.95621
0.95272
0.94359
0.92653
0.93104
0.92914
0.91058
0.92073
0.87634
0.65335
0.65097
0.6599
0.51969
0.52681
0.35514
0.14338
0
0
0
0
0
0
0
0
0
0
0
0
0
0
0
0
0
0
0
0
0
0.048216
0.26286
0.24501
0.3553
0.35812
0.2446
0.23473
0.20921
0.129
0.13624
0.14676
0.15124
0.15077
0.15692
0.15419
0.18086
0.18682
0.12
0.057005
0.034701
0.03278
0.017572
0.011087
0
0
0
0
0
0
0
0
0
0
0
0
0
0
0
0
0
0
0
0
0
0
0
0
0
0
0
0
0
0
0
0
0
0
0
0
0
0
0
0
0
0
0
0
0
0
0
0
0
0
0
0
0
0
0
0
0
0
0
0
0
0
0
0
0
0
0
0
0
0
0
0
0
0
0
0
0
0
0
0
0
0
0
0
0
0
0
0
0
0
0
0
0
0
0
0
0
0
0.081296
0.063512
0.057018
0.076315
0.086621
0.086149
0.090371
0.037826
0.039489
0.04376
0.056048
0.065391
0.086162
0.13863
0.14798
0.091338
0.17153
0.15052
0.048825
0
0
0
0
0
0
0
0
0
0
0
0
0
0
0
0
0
0
0
0
0
0
0
0
0
0
0
0
0
0
0
0
0
0
0
0
0
0
0
0
0
0
0
0
0
0
0
0
0
0
0
0
0
0
0
0
0
0
0
0
0
0
0
0
0
0
0
0
0
0
0
0
0
0
0
0
0
0
0
0
0
0
0
0
0
0
0
0
0
0
0
0
0
0
0
0
0
0
0
0
0
0
0
0
0
0
0
0
0
0
0
0
0
0
0
0
0
0
0
0
0
0
0
0
0
0
0
0
0
0
0
0
0
0
0
0
0
0
0
0
0
0
0
0
0
0
0
0
0
0
0
0
0
0
0
0
0
0
0
0
0
0
0
0
0
0
0
0
0
0
0
0
0
0
0
0
0
0
0
0
0
0
0
0
0
0
0
0
0
0
0
0
0
0
0
0
0
0
0
0
0
0
0
0
0
0
0
0
0
0
0
0
0
0
0
0
0
0
0
0
0
0
0
0
0
0
0
0
0
0
0
0
0
0
0
0
0
0
0
0
0
0
0
0
0
0
0
0
0
0
0
0
0
0
0
0
0
0
0
0
0
0
0
0
0
0
0
0
0
0
0
0
0
0
0
0
0
0
0
0
0
0
0
0
0
0
0
0
0
