0
0
0
0
0
0
0
0
0
0
0
0
0
0
0
0
0
0
0
0
0
0
0
0
0
0
0
0
0
0
0
0
0
0
0
0
0
0
0
0
0
0
0
0
0
0
0
0
0
0
0
0
0
0
0
0
0
0
0
0
0
0
0
0
0
0
0
0
0
0
0
0
0
0
0
0
0
0
0
0
0
0
0
0
0
0
0
0
0
0
0
0
0
0
0
0.0095508
0.014085
0.014714
0
0
0
0
0
0
0
0
0
0
0
0
0
0
0
0
0
0
0
0
0
0
0
0
0
0
0
0
0
0
0
0
0
0
0
0
0
0
0
0
0
0
0
0
0
0
0
0
0
0
0
0
0
0
0
0
0
0
0
0
0
0
0
0
0
0
0
0
0
0
0
0
0
0
0
0
0
0
0
0
0
0
0
0
0
0
0
0
0
0
0
0
0
0
0
0
0
0
0
0
0
0
0
0
0
0
0
0
0
0
0
0
0
0
0
0
0
0
0.069629
0.06362
0.086009
0
0
0
0
0
0
0
0
0
0.031989
0
0
0
0.11216
0.12687
0.13846
0.17136
0.069268
0
0
0
0
0
0
0
0
0
0
0
0.068219
0.24047
0.27837
0.35616
0.19621
0.0093587
0
0
0
0
0
0
0
0
0
0
0
0
0
0
0
0
0
0
0
0
0
0
0
0
0
0
0
0
0
0
0.11556
0.33933
0.41715
0.44751
0.51849
0.57552
0.60848
0.69098
0.83455
-1
0.88817
0.73989
0.61322
0.44053
0.31966
0.072744
0
0
0.016051
0.036927
0.062923
0.10661
0.091702
0.0097754
0
0.017363
0
0
0
0
0
0
0
0
0
0
0
0
0
0
0
0
0
0.01182
0.065146
0.11539
0.10518
0.11299
0.11816
0.11357
0
0
0
0
0
0
0
0
0
0
0
0
0
0
0
0
0
0
0
0
0
0
0
0
0
0
0
0
0
0
0
0
0
0
0
0
0
0
0
0.013187
0
0.0099349
0.0083594
0.065033
0.053721
0.041634
0.034245
0.02652
0.040212
0.036475
0.048851
0.054606
0.055697
0.06473
0.059863
0.014229
0.032132
0.1301
0.30317
0.28121
0.20263
0.086611
0
0
0
0
0
0
0.051045
0.04472
0.18602
0.28077
0.29605
0.2849
0.24454
0.2207
0.21713
0.21415
0.23695
0.132
0.1256
0.11115
0.093451
0
0
0
0
0
0
0
0
0
0
0
0
0.08029
0.16446
0.17872
0.076595
0.076725
0.079902
0
0
0
0
0
0
0
0
0
0
0
0
0
0
0
0
0
0
0
0
0
0
0
0
0
0
0
0
0
0
0
0
0
0
0
0
0
0
0
0
0
0
0
0
0
0
0
0
0
0
0
0
0
0
0
0
0
0
0
0
0
0
0
0
0
0
0
0
