0
0
0
0
0
0
0
0
0
0
0
0
0
0
0
0
0
0
0
0
0
0
0
0
0
0
0
0
0
0
0
0
0
0
0
0
0
0
0
0
0
0
0
0
0
0
0
0
0
0
0
0
0
0
0
0
0
0
0
0
0
0
0
0
0
0
0
0
0
0
0
0
0
0
0
0
0
0
0
0
0
0
0
0
0
0
0
0
0
0
0
0
0
0
0
0
0
0
0
0
0
0
0
0
0
0
0
0
0
0
0
0
0
0
0
0
0
0
0
0
0
0
0
0
0
0
0
0
0
0
0
0
0
0
0
0
0
0
0
0
0
0
0
0
0
0
0
0
0
0
0
0
0
0
0
0
0
0
0
0
0
0
0
0
0
0
0
0
0
0
0
0
0
0
0
0
0
0
0
0
0
0
0
0
0
0
0
0
0
0
0
0
0
0
0
0
0
0
0
0
0
0
0
0
0
0
0
0
0
0
0
0
0
0
0
0.016895
0.087767
0.079486
0.10899
0
0
0
0
0
0
0
0
0.041061
0.031257
0
0
0
0.12983
0.13267
0.15915
0.26214
0.11507
0
0
0
0
0
0
0
0
0
0
0.025195
0.096768
0.27986
0.31063
0.27021
0.1859
0
0
0
0
0
0
0
0
0
0
0
0
0
0
0
0
0
0
0
0
0
0
0
0
0
0
0
0
0
0
0
0.13991
0.48726
0.82156
-1
0.94146
0.93396
0.84507
0.89334
0.91253
0.83962
0.75502
0.69438
0.55598
0.37044
0.24586
0.022246
0
0
0.01874
0.046045
0.089404
0.17027
0.12392
0.013213
0
0
0
0
0
0
0
0
0
0.018587
0.097624
0.1493
0.1531
0.14898
0.15512
0.15444
0
0.13534
0.19196
0.31958
0.35055
0.40766
0.28118
0.31564
0.29394
0.28592
0.14393
0
0
0
0
0
0
0
0
0
0
0
0
0
0
0
0
0
0
0
0
0
0
0
0
0
0
0
0
0
0
0
0
0
0
0.027988
0.040498
0.036758
0.082799
0.089202
0.072764
0.097555
0.082559
0.2144
0.15891
0.098698
0.13635
0.10786
0.11767
0.13838
0.17038
0.18174
0.19319
0.14707
0.083574
0.0097266
0.026556
0.10927
0.12205
0.10653
0.05458
0.043597
0.008724
0
0
0
0.0051107
0.048102
0.094456
0.098701
0.12331
0.1304
0.18711
0.14864
0.17859
0.19733
0.19621
0.23301
0.24847
0.16244
0.16787
0.18546
0.17855
0
0
0
0
0
0
0
0
0
0
0
0
0.126
0.30119
0.14817
0.088701
0.096608
0.096084
0.020446
0
0
0
0
0
0
0
0
0
0
0
0
0
0
0
0
0
0
0
0
0
0
0
0
0
0
0
0
0
0
0
0
0
0
0
0
0
0
0
0
0
0
0
0
0
0
0
0
0
0
0
0
0
0
0
0
0
0
0
0
0
0
0
0
0
0
0
