0
0
0
0
0
0
0
0
0
0
0
0
0
0
0
0
0
0
0
0
0
0
0
0
0
0
0
0
0
0
0
0
0
0
0
0
0
0
0
0
0
0
0
0
0
0
0
0
0
0
0
0
0
0
0
0
0
0
0
0
0
0
0
0
0
0
0
0
0
0
0
0
0
0
0
0
0
0
0
0
0
0
0
0
0.0092806
0
0
0
0.0095898
0.01293
0.013444
0.013571
0.013158
0.013636
0.013854
0.012926
0.015195
0.016426
0.016247
0.016768
0.017819
0.016882
0
0
0
0
0
0
0
0
0
0
0
0
0
0
0
0
0
0
0
0
0
0
0
0
0
0
0
0
0
0
0
0
0
0
0
0
0
0
0
0
0
0
0
0
0
0
0
0
0
0
0
0
0
0
0
0
0
0
0
0
0
0
0
0
0
0
0
0
0
0
0
0
0
0
0
0
0
0
0
0
0
0
0
0
0
0
0
0
0
0
0
0
0
0
0
0
0
0
0
0
0
0
0
0
0
0
0
0
0
0
0
0
0
0
0.0057617
0.014635
0.020954
0
0
0
0
0
0
0
0
0
0
0
0
0
0.01863
0.024173
0.023929
0.025566
0
0
0
0
0
0
0
0
0
0
0
0
0
0.034798
0.037165
0.0069954
0
0.027435
0.040163
0
0
0
0.057354
0.035417
0
0
0
0
0
0
0
0
0
0
0.013896
0.02196
0
0
0
0
0
0
0
0.051654
0.055199
0.05793
0.028304
0.01266
0.022038
0.033109
0.037331
0.040098
0.050872
0.051963
0.055638
0.056152
0.057741
0.045371
0.040856
0
0
0
0
0.035758
0.030404
0.023385
0
0
0
0
0
0
0.029997
0
0.023512
0
0
0
0
0
0
0
0
0
0
0
0
0
0
0
0
0
0
0
0
0
0
0
0
0
0
0
0
0
0
0
0
0
0
0
0
0
0
0
0
0
0
0
0
0
0
0
0
0
0
0
0
0
0
0
0
0
0
0
0
0
0
0.031198
0.028382
0.041357
0.03443
0
0
0.01488
0.040635
0
0
0.0067676
0.071198
0.093519
0.11489
0.11347
0.11228
0.10483
0.085638
0.10342
0
0
0
0
0
0
0
0
0
0
0
0
0
0
0.056976
0.077855
0.10525
0.13606
0.17556
0.23204
0.22958
0.33324
0.43398
0.62787
-1
0.66052
0.23639
0.10618
0
0.26013
0.43851
0.5445
0.59554
0.56318
0.51444
0.45586
0.66234
0.94133
0.44876
0.31195
0.17231
0.2088
0.0075065
0.0059701
0
0
0
0
0
0
0
0
0
0
0
0
0
0
0
0
0
0
0
0
0
0
0
0
0
0
0
0
0
0
0
0
0
0
0
0
0
0
0
0
0
0
0
0
0
0
0
0
0
0
0
0
0
0
0
0
0
0
0
0
0
0
0
0
0
0
0
