0
0
0
0
0
0
0
0
0
0
0
0
0
0
0
0
0
0
0
0
0
0
0
0
0
0
0
0
0
0
0
0
0
0
0
0
0
0
0
0
0
0
0
0
0
0
0
0
0
0
0
0
0
0
0
0
0
0
0
0
0
0
0
0
0
0
0
0
0
0
0
0
0
0
0
0
0
0
0
0
0
0
0
0
0
0
0
0
0
0
0
0
0
0
0
0
0
0
0
0
0.010521
0.06154
0.065615
0.064222
0
0
0
0
0
0
0
0.035146
0.045785
0.040114
0.040775
0.04429
0.055609
0.060527
0.078372
0.095094
0.11137
0.12608
0.13999
0.021966
0.025921
0.017969
0.0055436
0
0
0
0
0
0
0
0.0057292
0.022933
0.072591
0.094613
0.13371
0.0084408
0
0
0
0
0
0
0
0
0
0
0
0
0
0
0
0
0
0
0
0
0
0
0
0
0
0
0
0
0
0
0
0
0
0
0
0
0
0
0
0
0
0
0
0.15295
0.12876
0.12483
0.12414
0.13327
0.12963
0.14656
0.15532
0.28915
0.37611
0.45258
0.49775
0.28791
0.28906
0.31373
0.34694
0.32549
0.29119
0.26918
0.33259
0.30886
0.22532
0
0
0
0
0
0
0
0
0
0
0
0
0
0
0
0
0.016257
0.022145
0.023216
0.0058105
0
0
0
0
0
0
0
0
0
0
0
0
0
0
0
0
0
0
0
0
0
0
0
0
0
0
0
0
0
0
0
0
0
0
0
0
0
0
0
0
0
0
0
0
0
0
0
0
0
0
0
0
0
0
0
0
0
0
0
0
0
0
0
0
0
0
0
0
0
0
0
0
0
0
0
0
0
0
0
0
0
0
0
0
0
0
0
0
0
0
0
0
0
0
0
0
0
0
0
0
0
0
0
0
0
0
0
0
0
0
0
0
0
0
0
0
0
0
0
0
0
0
0
0
0
0
0
0
0
0
0
0
0
0
0
0
0
0
0
0
0
0
0
0
0
0
0
0
0
0
0
0
0
0
0
0
0
0
0
0
0
0
0
0
0
0
0
0
0
0
0
0
0
0
0
0
0
0
0
0
0
0
0
0
0
0
0
0
0
0.0067708
0.03223
0
0
0
0
0
0
0
0
0
0
0
0
0
0
0.020719
0.037184
0.035335
0.050303
0.06835
0.057204
0.11369
0.13113
0.15499
0.16673
0.21059
0.25184
0.32376
0.47347
0.57994
0.7255
0.8941
-1
0.95735
0.95733
0.94796
0.91842
0.91116
0.77093
0.69767
0.57074
0.49583
0.44518
0.48188
0.40708
0.15688
0.1959
0.28821
0.25019
0.059447
0.044131
0
0
0
0
0
0
0
0
0
0
0
0
0
0
0
0
0
0
0
0
0
0
0
0.068493
0.034417
0.068861
0.076423
0.07071
0.071403
0.071755
0.070859
0.071038
0.072093
0.071738
0.070039
0.071169
0.068828
