0
0
0
0
0
0
0
0
0
0
0
0
0
0
0
0
0
0
0
0
0
0
0
0
0
0
0
0
0
0
0
0
0
0
0
0
0
0
0
0
0
0
0
0
0
0
0
0
0.013503
0.02945
0.016953
0
0
0
0
0
0
0
0
0
0
0
0
0
0
0
0
0
0
0
0
0
0
0
0
0
0
0
0
0
0
0
0
0
0.024434
0.017454
0.023519
0.027223
0.019655
0.018161
0.018014
0.019701
0.019824
0.020081
0.020286
0.023118
0.030944
0.02499
0.028639
0.030612
0.028216
0.052627
0
0
0
0
0
0
0
0
0
0
0
0
0
0
0
0
0
0
0
0
0
0
0
0
0
0
0
0
0
0
0
0
0
0
0
0
0
0
0
0
0
0
0
0
0
0
0
0
0
0
0
0
0
0
0
0
0
0
0
0
0
0
0
0
0
0
0
0
0
0
0
0
0
0
0
0
0
0
0
0
0
0
0
0
0
0
0
0
0
0
0
0
0
0
0
0
0
0
0
0
0
0
0
0
0
0
0
0
0
0
0
0
0
0
0
0
0
0
0
0
0
0
0
0
0
0
0
0
0
0
0
0
0
0
0
0
0
0
0
0
0
0
0
0
0
0
0
0
0
0
0
0.015732
0.055205
0.20519
0.2874
0.31763
0.21551
0.29756
0.43009
0.90275
0.90077
0.95963
0.9517
-1
0.84756
0.50949
0.36999
0.51916
0.52524
0.47201
0.47816
0.75032
0.75407
0.75591
0.7005
0.64079
0.72191
0.23056
0.17852
0.11229
0.11093
0.036631
0
0
0
0
0
0
0
0
0
0
0
0
0
0
0
0
0
0
0
0
0
0
0
0
0
0
0
0
0
0
0
0
0
0
0
0
0
0
0
0
0
0
0
0
0
0
0
0
0
0
0
0
0
0
0
0
0
0
0
0
0
0
0
0
0
0
0
0
0
0
0
0
0
0
0
0
0
0
0
0
0
0
0
0
0
0
0
0
0
0
0
0
0
0
0
0
0
0
0
0
0
0
0
0
0
0
0
0
0
0
0
0
0
0
0
0
0
0
0
0
0
0
0.03083
0.042142
0.03266
0.032679
0.041693
0.035244
0.035576
0.037637
0.042295
0.040954
0
0
0
0
0
0
0
0
0
0
0
0
0
0
0.04196
0.045101
0.047438
0.051836
0.057282
0.061615
0.083659
0.089463
0.092757
0.094834
0.06444
0.041257
0
0
0
0
0
0
0
0
0
0
0
0
0
0
0
0
0
0
0
0
0
0
0
0
0
0
0
0
0
0
0
0
0
0
0
0
0
0
0
0
0
0
0
0
0
0
0
0
0
0
0
0
0
0
0
0
0
0
0
0
0
