0
0
0
0
0
0
0
0
0
0
0
0
0
0
0
0
0
0
0
0
0
0
0
0
0
0
0
0
0
0
0
0
0
0
0
0
0
0
0
0
0
0
0
0
0
0
0.0089355
0.010387
0.010918
0.026592
0.018285
0
0
0
0
0
0
0
0
0
0
0
0
0
0
0
0
0
0
0
0
0
0
0
0
0
0
0
0
0
0
0
0.0057389
0.021618
0.055257
0.022028
0.014316
0.019629
0.043024
0.048102
0.049014
0.045312
0.05528
0.063789
0.065143
0.073001
0.082513
0.092813
0.096436
0.10527
0.10055
0.056673
0
0
0
0
0
0
0
0
0
0
0
0
0
0
0
0
0
0
0
0
0
0
0
0
0
0
0
0
0
0
0
0
0
0
0
0
0
0
0
0
0
0
0
0
0
0
0
0
0
0
0
0
0
0
0
0
0
0
0
0
0
0
0
0
0
0
0
0
0
0
0
0
0
0
0
0
0
0
0
0
0
0
0
0
0
0
0
0
0
0
0
0
0
0
0
0
0
0
0
0
0
0
0
0
0
0
0
0
0
0
0
0
0
0
0.032715
0.058861
0.075785
0.19093
0.24505
0
0
0
0.13257
0.27382
0.19808
0.060475
0.11862
0.18794
0.21572
0.10291
0.096797
0.11347
0.11316
0.12562
0.041302
0
0
0
0
0
0
0
0
0
0
0
0.046497
0.082542
0.076559
0.23727
0.19551
0.15771
0.17556
0.19198
0.21393
0.11186
0.15993
0.15507
0.13512
0.20219
0.20129
0.21216
0.18827
0.21102
0.22073
0.20679
0.162
0.23497
0.25634
0.27447
0.18181
0.16041
0.13528
0.1053
0.31972
0.30972
0.087334
0.12848
0.10942
0.072227
0.040387
0.21002
0.21255
0.12591
0.12979
0.14465
0.1616
0.16649
0.1805
0.18155
0.18415
0.17935
0.058333
0.054323
0.0095475
0.020205
0.071911
0.098011
0.11423
0.12459
0.12124
0.11998
0.11495
0.11621
0.1024
0.11626
0.12438
0.13846
0.096071
0.07862
0.095951
0.12811
0.018558
0.0065365
0.044206
0
0.012103
0
0
0
0
0
0
0
0.0081152
0.12341
0.12298
0.15764
0.15052
0.15816
0.174
0.16993
0.1544
0
0
0
0
0
0
0
0
0
0
0
0
0
0
0
0
0
0
0
0
0
0
0
0
0
0
0
0
0
0
0
0
0
0
0
0
0
0
0.044935
0.049434
0.039678
0.012891
0.13938
0.13564
0.14318
0.21623
0.15543
0.26482
0.372
0.39954
0.43892
0.3769
0.30754
0.24987
0.1749
0.22005
0.34311
0.23898
0.23628
0.26591
0.11023
0
0
0
0
0
0
0
0
0
0.011807
0.25929
0.45759
0.8064
-1
0.94956
0.87476
0.95122
0.95525
0.93896
0.816
0.55224
0.28182
0
0
0
0
0
0
0
0
0
0
0.19377
0.57438
0.8804
0.84027
0.79225
0.90808
0.78565
0.60613
0.55321
0.49163
0.4723
0.43096
0.20778
0.077184
0.017425
0
0
0
0
0
0
0
0
0
0
0
0
0
0
0
0
0
0
0
0
0
0
0
0
0
0
0
0
0
0
0
0
0
0
0
0
0
0
0
0
0
0
0
0
0
0
0
0
0
0
0
0
0
0
0
0
0
0
0
0
