0
0
0
0
0
0
0
0
0
0
0
0
0
0
0
0
0
0
0
0
0
0
0
0
0
0
0
0
0
0
0
0
0
0
0
0
0
0
0
0
0
0
0
0
0
0
0
0
0
0
0
0
0
0
0
0
0
0
0
0
0
0
0
0
0
0
0
0
0
0
0
0
0
0
0
0
0
0
0
0
0
0
0
0
0
0
0
0
0
0
0
0
0
0
0
0
0.0064486
0
0
0
0
0
0
0
0
0
0
0
0
0
0
0
0
0
0
0
0
0
0
0
0
0
0
0
0
0
0
0
0
0
0
0
0
0
0
0
0
0
0
0
0
0
0
0
0
0
0
0
0
0
0
0
0
0
0
0
0
0
0
0
0
0
0
0
0
0
0
0
0
0
0
0
0
0
0
0
0
0
0
0
0
0
0
0
0
0
0
0
0
0
0
0
0
0
0
0
0
0
0
0
0
0
0
0
0
0
0
0
0
0
0
0
0
0
0
0.027471
0.090661
0.092503
0.1159
0
0
0
0
0
0
0
0
0.044134
0.03474
0
0
0
0.12906
0.1486
0.17087
0.28066
0.1413
0.01307
0
0
0
0
0
0
0
0
0.014811
0.045498
0.12017
0.3215
0.36114
0.28588
0.21032
0
0
0
0
0
0
0
0
0
0
0
0
0
0
0
0
0
0
0
0
0
0
0
0
0
0
0
0
0
0
0
0.16177
0.5508
-1
0.94828
0.93843
0.92023
0.82707
0.86628
0.90614
0.85405
0.77658
0.69368
0.5533
0.36225
0.23233
0.011764
0
0
0.016113
0.043854
0.10848
0.21885
0.14828
0.010251
0
0
0
0
0
0
0
0
0
0.024583
0.11894
0.16119
0.16404
0.15704
0.16646
0.15758
0
0.051387
0.11985
0.24997
0.29096
0.34432
0.29697
0.33662
0.33262
0.31586
0.17422
0
0
0
0
0
0
0
0
0
0
0
0
0
0
0
0
0
0
0
0
0
0
0
0
0
0
0
0
0
0
0
0
0
0
0.028359
0.049795
0.038109
0.071501
0.083288
0.0675
0.089606
0.069834
0.1857
0.15757
0.11517
0.15703
0.12264
0.13057
0.14025
0.17006
0.21631
0.23918
0.18391
0.10031
0.010605
0.029401
0.088431
0.10632
0.11259
0.075046
0.051449
0
0
0
0
0.042116
0.10184
0.098213
0.11383
0.096777
0.10805
0.16089
0.14902
0.17368
0.19891
0.20036
0.21753
0.22825
0.13052
0.12155
0.12905
0.10628
0
0
0
0
0
0
0
0
0
0
0
0
0.045101
0.19604
0.10937
0.088366
0.10097
0.096234
0.042477
0
0
0
0
0
0
0
0
0
0
0
0
0
0
0
0
0
0
0
0
0
0
0
0
0
0
0
0
0
0
0
0
0
0
0
0
0
0
0
0
0
0
0
0
0
0
0
0
0
0
0
0
0
0
0
0
0
0
0
0
0
0
0
0
0
0
0
