0
0
0
0
0
0
0
0
0
0
0
0
0
0
0
0
0
0
0
0
0
0
0
0
0
0
0
0
0
0
0
0
0
0
0
0
0
0
0
0
0
0
0
0
0
0
0
0
0
0
0
0
0
0
0
0
0
0
0
0
0
0
0
0
0
0
0
0
0
0
0
0
0
0
0
0
0
0
0
0
0
0
0
0
0
0
0
0
0
0
0
0
0
0
0
0
0
0
0
0
0.039281
0.15453
0.16007
0.18834
0
0
0
0
0
0
0
0.15602
0.24479
0.31673
0.3301
0.35908
0.45692
0.79635
-1
0.9572
0.95464
0.94641
0.70665
0.79688
0.82215
0.88119
0.94539
0.83436
0.62801
0.53229
0.18174
0
0
0
0
0
0.015472
0
0
0
0
0
0
0
0
0
0
0
0
0
0
0
0
0
0
0
0
0
0
0
0
0
0
0
0
0
0
0
0
0
0
0
0
0
0
0
0
0
0
0
0
0
0.015586
0.086104
0.09265
0.09068
0.056006
0.055947
0.050205
0.097396
0.047783
0.065273
0.093298
0.092708
0.089342
0
0.02041
0.027467
0.030277
0.020615
0.020999
0.012441
0
0
0
0
0
0
0
0
0
0
0
0
0
0
0
0
0
0
0
0.013122
0.04931
0.081055
0.047428
0
0
0
0
0
0
0
0
0
0
0
0
0
0
0
0
0
0
0
0
0
0
0
0
0
0
0
0
0
0
0
0
0
0
0
0
0
0
0
0
0
0
0
0
0
0
0
0
0
0
0
0
0
0
0
0
0
0
0
0
0
0
0
0
0
0
0
0
0
0
0
0
0
0
0
0
0
0
0
0
0
0
0
0
0
0
0
0
0
0
0
0
0
0
0
0
0
0
0
0
0
0
0
0
0
0
0
0
0
0
0
0
0
0
0
0
0
0
0
0
0
0
0
0
0
0
0
0
0
0
0
0
0
0
0
0
0
0
0
0
0
0
0
0
0
0
0
0
0
0
0
0
0
0
0
0
0
0
0
0
0
0
0
0
0
0
0
0
0
0
0
0
0
0
0
0
0
0
0
0
0
0
0
0
0
0
0
0
0
0
0
0
0
0
0
0
0
0
0
0
0
0
0
0
0
0
0
0.0070443
0.019499
0.029561
0.032148
0.042233
0.042083
0.040381
0.055459
0.068893
0.072946
0.066992
0.059382
0.078161
0.068216
0.055693
0.050231
0.042985
0.03291
0.019665
0.015807
0.008903
0
0
0
0
0
0
0
0
0
0
0
0
0
0
0
0
0
0
0
0
0
0
0
0
0
0
0
0
0
0
0
0
0
0
0
0
0
0
0
0
0
0
0
0
0
0
0
0
0
0
