0
0
0
0
0
0
0
0
0
0
0
0
0
0
0
0
0
0
0
0
0
0
0
0
0
0
0
0
0
0
0
0
0
0
0
0
0
0
0
0
0
0.0066081
0.011921
0.01346
0.022526
0.012959
0.016442
0.016608
0.016569
0.023805
0.0088216
0
0
0
0
0
0
0
0
0
0
0
0
0
0
0
0
0
0
0
0
0
0
0
0
0
0
0
0
0
0
0
0.016781
0.035573
0.039072
0.036087
0.033913
0.036009
0.036204
0.038711
0.0407
0.036605
0.033551
0.036735
0.036159
0.041211
0.044411
0.045062
0.04957
0.050062
0.052809
0
0
0
0
0
0
0
0
0
0
0
0
0
0
0
0
0
0
0
0
0
0
0
0
0
0
0
0
0
0
0
0
0
0
0
0
0
0
0
0
0
0
0
0
0
0
0
0
0
0
0
0
0
0
0
0
0
0
0
0
0
0
0
0
0
0
0
0
0
0
0
0
0
0
0
0
0
0
0
0
0
0
0
0
0
0
0
0
0
0
0
0
0
0
0
0
0
0
0
0
0
0
0
0
0
0
0
0
0
0
0
0
0
0
0.16306
0.25928
0.36411
0.63264
0.3261
0
0
0
0
0
0
0
0.16899
0.2791
0.30758
0.39156
0.28568
0.77755
-1
0.93368
0.67518
0.33957
0.21522
0.056849
0
0
0
0
0
0
0
0.34001
0.39612
0.46936
0.71872
0.85358
0.89939
0.75476
0.5696
0.46428
0.32951
0.23326
0.040361
0
0
0
0
0
0
0
0
0
0
0
0
0
0
0
0
0
0
0
0
0
0
0
0
0
0.058952
0.65214
0.87299
0.70341
0.6642
0.62284
0.61633
0.64281
0.66787
0.67162
0.68648
0.56597
0.41388
0.36491
0.28159
0.12796
0.031937
0.0058333
0
0.026631
0.066481
0.11021
0.27612
0.14029
0.012035
0.013079
0.022201
0
0
0
0
0
0
0
0.050612
0.15681
0.1472
0.15241
0.15685
0.12303
0.069375
0.024281
0.045176
0.013363
0
0.036986
0.077305
0.050241
0.05597
0.056533
0.049756
0
0
0
0
0
0
0
0
0
0
0
0
0
0
0
0
0
0
0
0
0
0
0
0
0
0
0
0
0
0
0
0
0
0
0
0
0
0
0
0.0125
0
0.029124
0.012887
0.042025
0.036077
0.037129
0.037432
0.0068359
0.03263
0.035143
0.047399
0.031546
0.039512
0.025843
0.017422
0.01279
0.023366
0.10354
0.2022
0.17926
0.11997
0.051738
0
0
0
0
0
0
0
0
0
0.023311
0.084069
0.17459
0.16499
0.17747
0.16957
0.17325
0.14843
0.1871
0.20081
0.15083
0.08207
0
0
0
0
0
0
0
0
0
0
0
0
0.076982
0.21973
0.23183
0.17907
0.18652
0.18051
0.21672
0.057702
0.044801
0
0
0
0
0
0
0
0
0
0
0
0
0
0
0
0
0
0
0
0
0
0
0
0
0
0
0
0
0
0
0
0
0
0
0
0
0
0
0
0
0
0
0
0
0
0
0
0
0
0
0
0
0
0
0
0
0
0
0
0
0
0
0
0
0
