0
0
0
0
0
0
0
0
0
0
0
0
0
0
0
0
0
0
0
0
0
0
0
0
0
0
0
0
0
0
0
0
0
0
0
0
0
0
0
0
0
0
0.0068848
0.010492
0.017529
0.010892
0.013483
0.014102
0.013962
0.020202
0
0
0
0
0
0
0
0
0
0
0
0
0
0
0
0
0
0
0
0
0
0
0
0
0
0
0
0
0
0
0
0
0.016781
0.033249
0.037262
0.034417
0.032533
0.034378
0.033893
0.036868
0.039111
0.031794
0.030495
0.034176
0.034297
0.034603
0.037653
0.039378
0.042738
0.042897
0.044476
0
0
0
0
0
0
0
0
0
0
0
0
0
0
0
0
0
0
0
0
0
0
0
0
0
0
0
0
0
0
0
0
0
0
0
0
0
0
0
0
0
0
0
0
0
0
0
0
0
0
0
0
0
0
0
0
0
0
0
0
0
0
0
0
0
0
0
0
0
0
0
0
0
0
0
0
0
0
0
0
0
0
0
0
0
0
0
0
0
0
0
0
0
0
0
0
0
0
0
0
0
0
0
0
0
0
0
0
0
0
0
0
0
0
0.15881
0.25052
0.34079
0.53563
0.24648
0
0
0
0
0
0
0
0.10905
0.19657
0.21079
0.29224
0.21937
0.64488
0.81577
-1
0.74275
0.42538
0.29029
0.13811
0.022686
0.024827
0.02736
0
0
0.0037858
0.038014
0.41104
0.45781
0.53451
0.78862
0.90634
0.89436
0.74571
0.59188
0.46731
0.33108
0.23114
0.010322
0
0
0
0
0
0
0
0
0
0
0
0
0
0
0
0
0
0
0
0
0
0
0
0
0
0.092575
0.66164
0.88579
0.72076
0.68805
0.62882
0.63182
0.67091
0.67901
0.6902
0.68532
0.52633
0.38026
0.40993
0.2529
0.08237
0
0
0
0.0077572
0.029118
0.076849
0.23194
0.11506
0
0.0077734
0.0070866
0
0
0
0
0
0
0
0.049896
0.15306
0.16073
0.15806
0.18043
0.14065
0.07069
0.025257
0.051517
0.019382
0.021689
0.056452
0.087409
0.055658
0.064564
0.066263
0.053525
0
0
0
0
0
0
0
0
0
0
0
0
0
0
0
0
0
0
0
0
0
0
0
0
0
0
0
0
0
0
0
0
0
0
0
0
0
0
0
0.021045
0.0083171
0.023242
0.014378
0.049193
0.045716
0.038857
0.033236
0.0085547
0.02057
0.06402
0.085983
0.095837
0.086963
0.086273
0.070625
0.063158
0.079473
0.083398
0.12063
0.12576
0.10237
0.043773
0
0
0
0
0
0
0
0
0
0
0.069144
0.1643
0.18249
0.18891
0.19622
0.19508
0.2071
0.24612
0.24894
0.20449
0.13847
0
0
0
0
0
0
0
0
0
0
0
0
0.10571
0.33638
0.28236
0.1561
0.18273
0.18383
0.21818
0.068688
0.039645
0
0
0
0
0
0
0
0
0
0
0
0
0
0
0
0
0
0
0
0
0
0
0
0
0
0
0
0
0
0
0
0
0
0
0
0
0
0
0
0
0
0
0
0
0
0
0
0
0
0
0
0
0
0
0
0
0
0
0
0
0
0
0
0
0
