0
0
0
0
0
0
0
0
0
0
0
0
0
0
0
0
0
0
0
0
0
0
0
0
0
0
0
0
0
0
0
0
0.039183
0.11209
0.12976
0.14999
0.15796
0.17323
0.19272
0.20913
0.33798
0.34497
0.37703
0.35477
0.40327
0.58361
0.94277
-1
0.96958
0.93106
0.95271
0.81595
0.63528
0.52188
0.42327
0.33713
0
0
0
0
0
0
0
0
0
0
0
0
0
0
0
0
0
0
0
0
0
0
0
0.0736
0.069108
0.089362
0.1478
0.16216
0.21013
0.21929
0.22747
0.22758
0.21941
0.26629
0.22849
0.12457
0.082956
0.074834
0.083262
0.084232
0.09542
0.11489
0.11686
0.12708
0.10935
0.080947
0.0082194
0
0
0
0
0
0
0
0
0
0
0
0
0
0
0
0
0
0
0
0
0
0
0
0
0
0
0
0
0
0
0
0
0
0
0
0
0
0
0
0
0
0
0
0
0
0
0
0
0
0
0
0
0
0
0
0
0
0
0
0
0
0
0
0
0
0
0
0
0
0
0
0
0
0
0
0
0
0
0
0
0
0
0
0
0
0
0
0
0
0
0
0
0.074424
0.039359
0.051868
0.066823
0.083841
0.098135
0.1125
0.11945
0.1203
0.12154
0.13751
0.15386
0.17829
0.17181
0.1907
0.080316
0.16308
0.17729
0.13524
0.084274
0.058636
0.063187
0.094437
0.14254
0.089463
0.0070866
0.0077409
0
0
0
0
0
0
0.031188
0.027438
0.067389
0.025934
0.11319
0.10157
0.081556
0
0
0
0
0
0
0
0
0
0
0
0
0
0
0
0
0
0
0
0
0
0
0
0
0
0
0
0.0079297
0
0.012445
0
0
0.015007
0.019971
0.021888
0
0
0
0
0
0
0
0
0
0
0
0
0
0
0
0
0
0
0
0
0
0
0
0
0
0
0
0
0
0
0
0
0
0
0
0
0
0
0
0
0
0
0
0
0
0
0
0
0
0
0
0
0
0
0
0
0
0
0
0
0
0
0
0
0
0
0
0
0
0
0
0
0
0
0
0
0
0
0
0
0
0
0
0
0
0
0
0
0
0
0
0
0
0
0
0
0
0
0
0
0
0
0
0
0
0
0
0
0
0
0
0
0
0
0
0
0
0
0
0
0
0
0
0
0
0
0
0
0
0
0
0
0
0
0
0
0.0080534
0.0098242
0.0099316
0.010677
0.010547
0.011084
0.010309
0.010342
0.0099414
0.0072298
0
0
0
0
0
0
0
0
0
0
0
0
0
0
0.010293
0.011735
0.012054
0.011901
0.011901
0.0118
0.01346
0
0
0
0
0
0
0
0
0
0
0
0
0
0
0
0
0
0
0
0
0
0
0
0
0
0
0
0
0
0
0
0
0
0
0
0
0
0
0
0
0
0
0
0
0
0
0
0
0
0
0
0
0
0
0
0
0
0
0
0
0
0
0
0
0
0
