0
0
0
0
0
0
0
0
0
0
0
0
0
0
0
0
0
0
0
0
0
0
0
0
0
0
0
0
0
0
0
0
0
0
0
0
0
0
0
0
0
0
0
0
0
0
0
0
0
0
0
0
0
0
0
0
0
0
0
0
0
0
0
0
0
0
0
0
0
0
0
0
0
0
0
0
0
0
0
0
0
0
0
0
0
0
0
0
0
0
0
0
0
0
0
0
0
0
0
0
0
0
0
0
0
0
0
0
0
0
0
0
0
0
0
0
0
0
0
0
0
0
0
0
0
0
0
0
0
0
0
0
0
0
0
0
0
0
0
0
0
0
0
0
0
0
0
0
0
0
0
0
0
0
0
0
0
0
0
0
0
0
0
0
0
0
0
0
0
0
0
0
0
0
0
0
0
0
0
0
0
0
0
0
0
0
0
0
0
0
0
0
0
0
0
0
0
0
0
0
0
0
0
0
0
0
0
0
0
0
0
0
0
0
0
0.01166
0.084277
0.082041
0.10754
0
0
0
0
0
0
0
0
0.033997
0.031934
0
0
0
0.098994
0.14434
0.1727
0.2594
0.10446
0
0
0
0
0
0
0
0
0
0
0.0057031
0.082041
0.2641
0.30148
0.30649
0.19435
0
0
0
0
0
0
0
0
0
0
0
0
0
0
0
0
0
0
0
0
0
0
0
0
0
0
0
0
0
0
0
0.14124
0.44387
0.68974
0.79266
-1
0.94687
0.87766
0.92986
0.9381
0.89497
0.77275
0.71822
0.58186
0.39573
0.27123
0.027021
0
0
0.020378
0.04167
0.089274
0.16863
0.12505
0.012262
0
0
0
0
0
0
0
0
0
0
0.062982
0.1077
0.11255
0.11009
0.11104
0.10911
0.063369
0.218
0.2892
0.42407
0.4606
0.42425
0.25841
0.28432
0.27815
0.25607
0.094206
0
0
0
0
0
0
0
0
0
0
0
0
0
0
0
0
0
0
0
0
0
0
0
0
0
0
0
0
0
0
0
0
0
0
0.012959
0.031898
0.022201
0.074212
0.087526
0.06335
0.076803
0.061621
0.17988
0.1855
0.099831
0.094655
0.067529
0.090872
0.091296
0.13079
0.14868
0.15006
0.11519
0.077562
0.014785
0.038532
0.14446
0.11306
0.1202
0.078063
0.072666
0
0
0
0
0.028298
0.082184
0.095677
0.095465
0.11325
0.12607
0.20438
0.17195
0.20671
0.21578
0.21882
0.24786
0.27424
0.20394
0.20733
0.219
0.22775
0
0
0
0
0
0
0
0
0
0
0
0
0.16828
0.32901
0.19945
0.095072
0.10303
0.094385
0.014707
0
0
0
0
0
0
0
0
0
0
0
0
0
0
0
0
0
0
0
0
0
0
0
0
0
0
0
0
0
0
0
0
0
0
0
0
0
0
0
0
0
0
0
0
0
0
0
0
0
0
0
0
0
0
0
0
0
0
0
0
0
0
0
0
0
0
0
