0
0
0
0
0
0
0
0
0
0
0
0
0
0
0
0
0
0
0
0
0
0
0
0
0
0
0
0
0
0
0
0
0
0
0
0
0
0
0
0
0
0
0
0
0
0
0
0
0
0
0
0
0
0
0
0
0
0
0
0
0
0
0
0
0
0
0
0
0
0
0
0
0
0
0
0
0
0
0
0
0
0
0.0081022
0
0
0
0.007041
0.0081738
0.011589
0.017917
0.012152
0.023496
0.027734
0.02679
0.03124
0.051725
0.05112
0.055524
0.068112
0.069574
0.092308
0.053063
0.014255
0
0
0
0
0
0
0
0
0
0
0
0
0
0
0
0
0
0
0
0
0
0
0
0
0
0
0
0
0
0
0
0
0
0
0
0
0
0
0
0
0
0
0
0
0
0
0
0
0
0
0
0
0
0
0
0
0
0
0
0
0
0
0
0
0
0
0
0
0
0
0
0
0
0
0
0
0
0
0
0
0
0
0
0
0
0
0
0
0
0
0
0
0
0
0
0
0
0
0
0
0
0
0
0
0
0
0
0
0
0
0
0
0
0
0
0.02776
0.05543
0.025505
0
0
0
0
0
0
0
0
0
0
0
0.01751
0
0
0
0
0
0
0
0
0
0
0
0
0
0
0
0
0
0
0
0
0.038255
0.025895
0
0
0
0
0
0
0
0
0
0
0
0
0.018128
0.079355
0
0
0
0
0
0
0
0
0
0
0
0
0
0
0
0.029538
0
0
0
0
0
0
0
0
0
0
0.061068
0.2001
0.36468
0.49857
0.77863
-1
0.66777
0.4989
0.39451
0.32285
0.17456
0.26488
0.54764
0.54764
0.5019
0.81312
0.81992
0.83949
0.94713
0.89995
0.92323
0.44815
0.30715
0.19778
0.1767
0.17125
0
0
0
0
0
0
0
0
0
0
0
0
0
0
0
0
0
0
0
0
0
0
0
0
0
0
0
0
0
0
0
0
0
0
0
0
0
0
0
0
0
0
0
0
0
0
0
0
0
0
0
0
0
0
0
0
0
0
0
0
0
0
0
0
0
0
0
0
0
0
0
0
0
0
0
0
0
0
0
0
0
0
0
0
0
0
0.007666
0.0067676
0.02388
0.025645
0.028955
0.028538
0.028337
0.030173
0.027191
0.010628
0
0
0
0
0
0
0
0
0
0
0
0
0
0.027253
0.033324
0.039811
0.037734
0.034346
0.043132
0.025384
0.029502
0.029948
0.018112
0
0
0
0
0
0
0
0
0
0
0
0
0
0
0
0
0
0
0
0
0
0
0
0
0
0
0
0
0
0
0
0
0
0
0
0
0
0
0
0
0
0
0
0
0
0
0
0
0
0
0
0
0
0
0
0
0
0
0
0
0
0
0
