0
0
0
0
0
0
0
0
0
0
0
0
0
0
0
0
0
0
0
0
0
0
0
0
0
0
0
0
0
0
0
0
0
0
0
0
0
0
0
0
0
0
0
0
0
0
0.007513
0.013011
0.021104
0.030703
0.021266
0
0
0
0
0
0
0
0
0
0
0
0
0
0
0
0
0
0
0
0
0
0
0
0
0
0
0
0
0
0
0
0
0
0.018669
0.013197
0.018695
0.022178
0.011901
0.01332
0.013649
0.01401
0.013981
0.013086
0.014069
0.034447
0.045635
0.043122
0.044635
0.046543
0.033359
0.060817
0.023044
0
0
0
0
0
0
0
0
0
0
0
0
0
0
0
0
0
0
0
0
0
0
0
0
0
0
0
0
0
0
0
0
0
0
0
0
0
0
0
0
0
0
0
0
0
0
0
0
0
0
0
0
0
0
0
0
0
0
0
0
0
0
0
0
0
0
0
0
0
0
0
0
0
0
0
0
0
0
0
0
0
0
0
0
0
0
0
0
0
0
0
0
0
0
0
0
0
0
0
0
0
0
0
0
0
0
0
0
0
0
0
0
0
0
0
0
0.048916
0.054336
0
0
0.0084049
0
0
0
0
0
0.03266
0.024229
0
0
0
0
0
0
0
0
0
0
0
0
0
0
0
0
0
0
0
0
0
0
0
0.077578
0.12417
0.17242
0.3198
0.41665
0.49141
0.58924
0.84589
0.83255
0.67695
0.68463
0.60427
0.55192
-1
0.83122
0.85546
0.73823
0.64336
0.58011
0.6778
0.6764
0.74853
0.65783
0.59409
0.95345
0.48251
0.39662
0.29177
0.26166
0.10727
0
0
0
0
0
0
0
0
0
0
0
0
0
0
0
0.0054134
0.018594
0
0
0
0
0
0
0
0
0
0
0
0
0
0
0
0
0
0
0
0
0
0
0
0
0
0
0
0
0
0
0
0
0
0
0
0
0
0
0
0
0
0
0
0
0
0
0
0
0
0
0
0
0
0
0
0
0
0
0
0
0
0
0
0
0
0
0
0
0
0
0
0
0
0
0
0
0
0
0
0
0
0
0
0
0
0
0
0
0
0
0
0
0
0
0
0
0
0
0
0
0
0
0
0
0
0.045449
0.05071
0.048226
0.054469
0.057562
0.052751
0.052715
0.055163
0.054365
0.057741
0
0
0
0
0
0
0
0
0
0
0
0
0
0
0.060977
0.069134
0.072705
0.079401
0.079993
0.087705
0.084473
0.045081
0.053031
0.054163
0.023438
0
0
0
0
0
0
0
0
0
0
0
0
0
0
0
0
0
0
0
0
0
0
0
0
0
0
0
0
0
0
0
0
0
0
0
0
0
0
0
0
0
0
0
0
0
0
0
0
0
0
0
0
0
0
0
0
0
0
0
0
0
0
