0
0
0
0
0
0
0
0
0
0
0
0
0
0
0
0
0
0
0
0
0
0
0
0
0
0
0
0
0
0
0
0
0
0.0064486
0.0064486
0.0066081
0
0.013057
0.0085189
0.015651
0.021191
0.021852
0.024199
0.025449
0.025449
0.026546
0.042334
0.047611
0.048021
0.053145
0.036237
0
0
0
0
0
0
0
0
0
0
0
0
0
0
0
0
0
0
0
0
0
0
0
0
0
0
0
0
0
0
0
0.1219
0.14817
0.21608
0.23472
0.22219
0.23328
0.26215
0.25852
0.29359
0.31687
0.34315
0.4043
0.44787
0.62046
-1
0.94153
0.93477
0.93523
0.72967
0.53034
0.41128
0.071497
0
0.054886
0.082093
0.16442
0.1807
0.13136
0.074326
0
0
0.34164
0.34609
0.30816
0.18116
0
0
0
0
0
0
0
0
0
0
0
0
0
0
0
0
0.018835
0.039814
0.042223
0
0
0
0.017214
0
0
0
0
0
0.021686
0.029089
0.035732
0.013398
0
0
0
0.021318
0.025384
0.020283
0
0
0
0
0
0.015898
0.034222
0.029469
0
0
0
0
0
0
0
0
0
0
0
0
0
0
0
0
0
0
0
0
0
0
0
0
0
0
0
0
0
0
0
0
0.035785
0.036123
0.036719
0.039886
0.048864
0.060156
0.069297
0.081003
0.10345
0.12142
0.12762
0.12615
0.060677
0.023232
0.032249
0
0.033366
0.028672
0.02043
0
0
0.021152
0.094469
0.12708
0.13881
0.044287
0.054827
0.032174
0.022604
0.0085449
0.053874
0.11916
0.12408
0.13347
0.071855
0.19155
0.29237
0.15535
0.12482
0.12993
0.016504
0
0
0
0
0
0
0
0
0
0
0
0
0
0
0.028652
0.056351
0.067236
0.082002
0.099665
0.11867
0.1442
0.15094
0.1295
0.11632
0.13398
0.15096
0.13764
0.17389
0.17661
0.18377
0.1884
0.17729
0.22652
0.18288
0.18301
0.17394
0.15601
0.25315
0.25135
0.21542
0.16655
0.17777
0.14567
0.08432
0.077868
0.068311
0.074424
0.073184
0.045778
0.042699
0
0
0
0
0
0
0
0.01861
0.10742
0.12684
0.1338
0.16338
0.19891
0.18973
0.18725
0.069984
0.01637
0.016341
0.016107
0.014609
0.016006
0.0056803
0.083597
0.058187
0.043232
0.0071322
0
0
0
0
0
0
0
0
0
0
0
0
0
0
0
0
0
0
0
0
0
0
0
0
0
0
0
0
0
0
0
0
0
0
0
0
0
0
0
0
0
0
0
0
0
0
0
0
0
0
0
0
0
0
0
0
0
0
0
0
0
0
0
0
0
0.011429
0.0093717
0
0
0
0
0
0.0091895
0.018219
0.012982
0.020313
0.024111
0.014753
0
0
0
0
0
0
0
0
0
0
0
0
0
0
0
0
0.083151
0.089528
0.090944
0.097845
0.099674
0.10135
0.10294
0.11732
0.13311
0.12738
0.010687
0
0
0
0
0
0
0
0
0
0
0
0
0
0.098258
0.097982
0.11506
0.14055
0.15483
0.15581
0.15847
0.17112
0.16463
0.15281
0.11452
0.095602
0
0
0
0
0
0
0
0
0
0
0
0
0
0
0
0
0
0
0
0
0
0
0
0
0
0
0
0
0
0
0
0
0
0
0
0
0
0
0
0
0
0
0
0
0
0
0
0
0
0
0
0
0
0
0
0
0
0
0
0
0
