0
0
0
0
0
0
0
0
0
0
0
0
0
0
0
0
0
0
0
0
0
0
0
0
0
0
0
0
0
0
0
0
0
0
0
0.013379
0.0077116
0.015605
0.016611
0.0175
0.021637
0.028701
0.026771
0.026755
0.033408
0.034827
0.053815
0.054671
0.058809
0.059186
0.040508
0
0
0
0
0
0
0
0
0
0
0
0
0
0
0
0
0
0
0
0
0
0
0
0
0
0
0
0
0
0
0
0.14982
0.18502
0.24832
0.28737
0.28484
0.29819
0.32879
0.3477
0.37782
0.41657
0.45424
0.55239
0.64289
-1
0.93661
0.91777
0.90382
0.91745
0.70346
0.49925
0.37045
0
0
0.011787
0.034521
0.15888
0.2003
0.1538
0.05832
0
0
0.31673
0.30944
0.2647
0.09484
0
0
0
0
0
0
0
0
0
0
0
0
0
0
0
0
0
0.022367
0.021074
0
0
0
0.012679
0
0
0
0
0
0
0.01125
0.019215
0.0089388
0
0
0
0.011139
0.012754
0.010472
0
0
0
0
0
0.010941
0.011963
0.01099
0
0
0
0
0
0
0
0
0
0
0
0
0
0
0
0
0
0
0
0
0
0
0
0
0
0
0
0
0
0
0
0
0.038434
0.038066
0.038301
0.038737
0.045771
0.048187
0.073675
0.087887
0.10534
0.13386
0.13335
0.12652
0.087728
0.042093
0.055586
0
0.052018
0.048844
0.027581
0
0
0.017311
0.097471
0.12121
0.15422
0.042969
0.082409
0.02986
0.0078939
0.0047656
0.0446
0.10587
0.15801
0.15668
0.10134
0.1982
0.2855
0.16657
0.13672
0.14067
0.011504
0
0
0
0
0
0
0
0
0
0
0
0
0
0
0.011104
0.040456
0.055553
0.10141
0.089316
0.10582
0.13541
0.13294
0.12548
0.13417
0.13926
0.14116
0.12359
0.15784
0.15928
0.17366
0.17383
0.13789
0.2104
0.15665
0.16224
0.17931
0.15906
0.25438
0.25628
0.21236
0.15919
0.17299
0.12812
0.098584
0.090853
0.071654
0.077803
0.077122
0.040394
0.032119
0
0
0
0
0
0
0
0
0.026426
0.031549
0.022666
0.042852
0.065596
0.12184
0.16218
0.058376
0
0
0
0
0
0.0040299
0.048245
0.009222
0.02738
0
0
0
0
0
0
0.019115
0.021989
0.027122
0.035433
0
0
0
0
0
0
0
0
0
0
0
0
0
0
0
0
0
0
0
0
0
0
0
0
0
0
0
0
0
0
0
0
0
0
0
0
0
0
0
0
0
0
0
0
0
0
0
0
0
0
0
0
0
0
0
0
0
0
0
0
0
0
0
0
0
0
0
0
0
0
0
0
0
0
0
0
0
0
0
0
0
0
0
0
0
0.079066
0.085993
0.096553
0.095456
0.097184
0.10372
0.10864
0.12554
0.13985
0.12993
0.0095378
0
0
0
0
0
0
0
0
0
0
0
0
0.0052604
0.095814
0.092959
0.11592
0.13464
0.15109
0.16103
0.17573
0.18401
0.15585
0.14012
0.12458
0.08916
0
0
0
0
0
0
0
0
0
0
0
0
0
0
0
0
0
0
0
0
0
0
0
0
0
0
0
0
0
0
0
0
0
0
0
0
0
0
0
0
0
0
0
0
0
0
0
0
0
0
0
0
0
0
0
0
0
0
0
0
0
