0
0
0
0
0
0
0
0
0
0
0
0
0
0
0
0
0
0
0
0
0
0
0
0
0
0
0
0
0
0
0
0
0
0
0
0
0
0
0
0
0
0
0
0
0
0
0
0
0
0
0
0
0
0
0
0
0
0
0
0
0
0
0
0
0
0
0
0
0
0
0
0
0
0
0
0
0
0
0
0
0
0
0
0
0
0
0
0
0
0
0
0
0
0
0
0
0
0.0096745
0.015124
0.025563
0.035488
0.016725
0
0
0
0
0
0
0
0
0
0
0
0
0
0
0
0
0
0
0
0
0
0
0
0
0
0
0
0
0
0
0
0.010859
0.0074349
0
0
0
0
0
0
0
0
0
0.015853
0.029609
0.029111
0.021618
0
0
0
0
0
0
0
0
0
0
0
0
0
0.020771
0.012493
0
0
0
0
0
0
0
0
0
0
0
0
0
0
0
0
0
0
0
0
0
0
0
0
0
0
0
0
0
0
0
0
0
0
0
0
0
0
0
0
0
0
0
0
0
0
0
0
0
0
0
0
0
0.016488
0.01986
0.013216
0
0
0
0
0
0
0
0
0
0
0
0
0
0.0098275
0.0066081
0.015941
0.021634
0.02001
0
0
0
0
0
0
0
0
0
0
0
0.021855
0.01819
0
0
0
0
0
0
0
0
0
0
0
0
0
0
0
0
0
0
0
0
0
0
0
0
0
0
0
0
0
0
0
0
0
0
0
0.019365
0.033213
0.033382
0.033581
0.0368
0.039717
0.033704
0.031911
0.019089
0
0
0
0
0
0
0
0
0
0
0
0
0
0
0
0.012786
0
0
0
0
0
0
0
0
0
0
0
0
0
0
0
0
0
0.060345
0.067858
0.062777
0.042673
0.038682
0.04403
0.033411
0.012314
0
0
0
0
0
0
0
0
0
0
0
0
0
0
0
0
0
0
0
0
0
0
0
0
0
0
0
0
0
0
0
0
0
0
0
0
0
0
0.047324
0.053519
0.11303
0.11564
0.14927
0.15693
0.18305
0.17971
0.13485
0.264
0.49054
0.59966
0.85931
-1
0.8834
0.77719
0.65896
0.56905
0.41382
0
0
0
0
0
0
0
0
0
0
0
0
0
0
0.0051074
0.0071549
0.16194
0.20505
0.22663
0.24327
0.20153
0.06502
0.10005
0.22404
0.35092
0.43437
0.14964
0.13563
0.084261
0.15696
0.15654
0.17672
0.15637
0.23382
0.20702
0.23301
0.451
0.34606
0
0.026882
0.10735
0
0
0
0
0
0
0
0
0
0
0
0
0
0
0
0
0
0
0
0
0
0
0
0
0
0
0
0
0
0
0
0
0
0
0
0
0
0
0
0
0
0
0
0
0
0
0
0
0
0
0
0
0
0
0
0
0
0
0
0
0
0
0
0
0
0
0
0
0
0
