0.066227
0.064922
0.067129
0.064046
0.0679
0.06848
0.067536
0.067568
0.069131
0.06944
0.066058
0.068021
0.064671
0.062064
0.061367
0.059385
0.063809
0.070739
0.073574
0.080788
0.042601
0
0
0
0
0
0
0
0
0
0
0
0.099456
0.23028
0.24447
0.2705
0.29496
0.32301
0.39478
0.45182
-1
0.95345
0.95158
0.94516
0.94852
0.95447
0.80801
0.83261
0.85444
0.82189
0.81489
0.665
0.49397
0.39803
0.28748
0.16332
0
0
0
0
0
0
0
0
0
0
0
0
0
0
0
0
0
0
0.04722
0.26395
0.2409
0.34017
0.36951
0.26642
0.2469
0.23579
0.13956
0.15599
0.16128
0.15651
0.15056
0.16053
0.16417
0.19217
0.20988
0.15177
0.084118
0.069508
0.069085
0.058219
0.060732
0.064639
0.061354
0.06512
0.033727
0
0
0
0
0
0
0
0
0
0
0
0
0
0
0
0
0
0
0
0
0
0
0
0
0
0
0
0
0
0
0
0
0
0
0
0
0
0
0
0
0
0
0
0
0
0
0
0
0
0
0
0
0
0
0
0
0
0
0
0
0
0
0
0
0
0
0
0
0
0
0
0
0
0
0
0
0
0
0
0
0
0
0
0
0
0
0
0
0
0
0
0
0
0
0.072327
0.059925
0.055954
0.071325
0.084049
0.085938
0.08776
0.089056
0.078584
0.10901
0.13783
0.14637
0.15182
0.18994
0.16309
0.079463
0.16868
0.19368
0.13235
0.054336
0.013496
0.015254
0.01598
0.10394
0.072132
0.016982
0
0
0
0
0
0
0
0
0.16299
0.080068
0.044391
0.012126
0
0
0
0
0
0
0
0
0
0
0
0
0
0
0
0
0
0
0
0
0
0
0
0
0
0
0
0
0
0
0
0
0
0
0
0
0
0
0
0
0
0
0
0
0
0
0
0
0
0
0
0
0
0
0
0
0
0
0
0
0
0
0
0
0
0
0
0
0
0
0
0
0
0
0
0
0
0
0
0
0
0
0
0
0
0
0
0
0
0
0
0
0
0
0
0
0
0
0
0
0
0
0
0
0
0
0
0
0
0
0
0
0
0
0
0
0
0
0
0
0
0
0
0
0
0
0
0
0
0
0
0
0
0
0
0
0
0
0
0
0
0
0
0
0
0
0
0
0
0
0
0
0
0
0
0
0
0
0
0
0
0
0
0
0
0
0
0
0
0
0
0
0
0
0
0
0
0
0
0
0
0
0
0
0
0
0
0
0
0
0
0
0
0
0
0
0
0
0
0
0
0
0
0
0
0
0
0
0
0
0
0
0
0
0
0
0
0
0
0
0
0
0
0
0
0
0
0
0
0
0
0
0
0
0
0
0
0
0
0
0
0
0
0
0
0
0
0
0
0
0
0
0
0
0
0
0
0
0
0
0
0
0
0
0
0
0
0
0
0
