0.17676
0.17756
0.1764
0.17334
0.1787
0.18023
0.17899
0.18009
0.18433
0.20225
0.22245
0.2519
0.27375
0.27823
0.28174
0.26988
0.26146
0.27142
0.29653
0.25081
0.19981
0.12783
0
0
0
0
0
0
0
0
0
0.11626
0.23466
0.51602
0.57545
0.71229
0.85939
-1
0.95519
0.95414
0.93798
0.93512
0.93252
0.91134
0.92341
0.90603
0.68621
0.69464
0.69344
0.58686
0.58283
0.42814
0.2268
0.070638
0
0
0
0
0
0
0
0
0
0
0
0
0
0
0
0
0
0
0
0
0.047913
0.28178
0.31234
0.37688
0.40221
0.30875
0.2889
0.25545
0.14299
0.15123
0.16616
0.15803
0.14946
0.17092
0.17123
0.20841
0.2038
0.13876
0.076742
0.063145
0.060771
0.051911
0.045641
0.035599
0.015029
0
0
0
0
0
0
0
0
0
0
0
0
0
0
0
0
0
0
0
0
0
0
0
0
0
0
0
0
0
0
0
0
0
0
0
0
0
0
0
0
0
0
0
0
0
0
0
0
0
0
0
0
0
0
0
0
0
0
0
0
0
0
0
0
0
0
0
0
0
0
0
0
0
0
0
0
0
0
0
0
0
0
0
0
0
0
0
0
0
0
0
0
0
0
0
0
0.085469
0.065254
0.060739
0.076432
0.096335
0.092015
0.10555
0.066061
0.063626
0.055589
0.067223
0.077249
0.09196
0.14339
0.16073
0.095098
0.18171
0.16508
0.071995
0.0069661
0
0
0
0
0
0
0
0
0
0
0
0
0
0
0
0
0
0
0
0
0
0
0
0
0
0
0
0
0
0
0
0
0
0
0
0
0
0
0
0
0
0
0
0
0
0
0
0
0
0
0
0
0
0
0
0
0
0
0
0
0
0
0
0
0
0
0
0
0
0
0
0
0
0
0
0
0
0
0
0
0
0
0
0
0
0
0
0
0
0
0
0
0
0
0
0
0
0
0
0
0
0
0
0
0
0
0
0
0
0
0
0
0
0
0
0
0
0
0
0
0
0
0
0
0
0
0
0
0
0
0
0
0
0
0
0
0
0
0
0
0
0
0
0
0
0
0
0
0
0
0
0
0
0
0
0
0
0
0
0
0
0
0
0
0
0
0
0
0
0
0
0
0
0
0
0
0
0
0
0
0
0
0
0
0
0
0
0
0
0
0
0
0
0
0
0
0
0
0
0
0
0
0
0
0
0
0
0
0
0
0
0
0
0
0
0
0
0
0
0
0
0
0
0
0
0
0
0
0
0
0
0
0
0
0
0
0
0
0
0
0
0
0
0
0
0
0
0
0
0
0
0
0
0
0
0
0
0
0
0
0
0
0
0
0
0
0
0
0
0
0
0
0
0
0
0
0
0
0
0
0
0
0
0
0
0
0
0
