0.19418
0.19528
0.19333
0.19046
0.19567
0.19775
0.19596
0.19829
0.20207
0.22138
0.24629
0.28203
0.31153
0.31853
0.31422
0.30185
0.27713
0.29747
0.34251
0.27692
0.22409
0.15035
0
0
0
0
0
0
0
0
0.011836
0.1416
0.25502
0.57823
0.65655
0.83776
-1
0.95744
0.95437
0.95134
0.93427
0.93419
0.93178
0.91709
0.92144
0.88361
0.63677
0.65086
0.65466
0.56303
0.55599
0.39063
0.17895
0
0
0
0
0
0
0
0
0
0
0
0
0
0
0
0
0
0
0
0
0
0.046172
0.26298
0.26267
0.33432
0.38175
0.25261
0.24197
0.20548
0.10449
0.11261
0.10865
0.093747
0.09125
0.10133
0.098604
0.11829
0.1436
0.095524
0.064554
0.048561
0.047337
0.029167
0.022861
0.012451
0
0
0
0
0
0
0
0
0
0
0
0
0
0
0
0
0
0
0
0
0
0
0
0
0
0
0
0
0
0
0
0
0
0
0
0
0
0
0
0
0
0
0
0
0
0
0
0
0
0
0
0
0
0
0
0
0
0
0
0
0
0
0
0
0
0
0
0
0
0
0
0
0
0
0
0
0
0
0
0
0
0
0
0
0
0
0
0
0
0
0
0
0
0
0
0
0
0.082311
0.063369
0.057842
0.070771
0.08873
0.087155
0.097451
0.036484
0.045596
0.058444
0.06124
0.083747
0.084554
0.14903
0.16626
0.093516
0.19011
0.17339
0.062301
0.013919
0
0
0
0
0
0
0
0
0
0
0
0
0
0
0
0
0
0
0
0
0
0
0
0
0
0
0
0
0
0
0
0
0
0
0
0
0
0
0
0
0
0
0
0
0
0
0
0
0
0
0
0
0
0
0
0
0
0
0
0
0
0
0
0
0
0
0
0
0
0
0
0
0
0
0
0
0
0
0
0
0
0
0
0
0
0
0
0
0
0
0
0
0
0
0
0
0
0
0
0
0
0
0
0
0
0
0
0
0
0
0
0
0
0
0
0
0
0
0
0
0
0
0
0
0
0
0
0
0
0
0
0
0
0
0
0
0
0
0
0
0
0
0
0
0
0
0
0
0
0
0
0
0
0
0
0
0
0
0
0
0
0
0
0
0
0
0
0
0
0
0
0
0
0
0
0
0
0
0
0
0
0
0
0
0
0
0
0
0
0
0
0
0
0
0
0
0
0
0
0
0
0
0
0
0
0
0
0
0
0
0
0
0
0
0
0
0
0
0
0
0
0
0
0
0
0
0
0
0
0
0
0
0
0
0
0
0
0
0
0
0
0
0
0
0
0
0
0
0
0
0
0
0
0
0
0
0
0
0
0
0
0
0
0
0
0
0
0
0
0
0
0
0
0
0
0
0
0
0
0
0
0
0
0
0
0
0
0
