0.30359
0.30098
0.30427
0.31398
0.32662
0.30523
0.31015
0.3175
0.33449
0.3391
0.3789
0.43229
0.37957
0.39471
0.3676
0.35134
0.32283
0.32278
0.41549
0.42116
0.36672
0.28892
0
0
0
0
0
0
0.043275
0.12625
0.22249
0.37465
0.4972
-1
0.95618
0.95011
0.94745
0.9511
0.94488
0.94262
0.90533
0.90972
0.91487
0.90975
0.90825
0.77191
0.44242
0.44374
0.45306
0.38179
0.37371
0.19244
0
0
0
0
0
0
0
0
0
0
0
0
0
0.004847
0.023063
0
0
0
0
0.0045638
0
0
0.037233
0.20752
0.10739
0.18015
0.22765
0.11256
0.090479
0.050407
0.074782
0.08307
0.082454
0.050911
0.049365
0.054583
0.066449
0.090339
0.076872
0.055449
0.026507
0.014922
0.013743
0
0
0
0
0
0
0
0
0
0
0
0
0
0
0
0
0
0
0
0
0
0
0
0
0
0
0
0
0
0
0
0
0
0
0
0
0
0
0
0
0
0
0
0
0
0
0
0
0
0
0
0
0
0
0
0
0
0
0
0
0
0
0
0
0
0
0
0
0
0
0
0
0
0
0
0
0
0
0
0
0
0
0
0
0
0
0
0
0
0
0
0
0
0
0
0
0
0
0
0
0.083281
0.08068
0.078206
0.07929
0.082949
0.077679
0.077646
0.041481
0.049486
0.052871
0.061471
0.0843
0.094147
0.13214
0.13434
0.0829
0.13441
0.11971
0.015433
0
0
0
0
0
0
0
0
0
0
0
0
0
0
0
0
0
0
0
0
0
0
0
0
0
0
0
0
0
0
0
0
0
0
0
0
0
0
0
0
0
0
0
0
0
0
0
0
0
0
0
0
0
0
0
0
0
0
0
0
0
0
0
0
0
0
0
0
0
0
0
0
0
0
0
0
0
0
0
0
0
0
0
0
0
0
0
0
0
0
0
0
0
0
0
0
0
0
0
0
0
0
0
0
0
0
0
0
0
0
0
0
0
0
0
0
0
0
0
0
0
0
0
0
0
0
0
0
0
0
0
0
0
0
0
0
0
0
0
0
0
0
0
0
0
0
0
0
0
0
0
0
0
0
0
0
0
0
0
0
0
0
0
0
0
0
0
0
0
0
0
0
0
0
0
0
0
0
0
0
0
0
0
0
0
0
0
0
0
0
0
0
0
0
0
0
0
0
0
0
0
0
0
0
0
0
0
0
0
0
0
0
0
0
0
0
0
0
0
0
0
0
0
0
0
0
0
0
0
0
0
0
0
0
0
0
0
0
0
0
0
0
0
0
0
0
0
0
0
0
0
0
0
0
0
0
0
0
0
0
0
0
0
0
0
0
0
0
0
0
0
0
0
0
0
0
0
0
0
0
0
0
0
0
0
0
0
0
0
