0
0
0
0
0
0
0
0
0
0
0
0
0
0
0
0
0
0
0
0
0
0
0
0
0
0
0
0
0
0
0
0
0
0
0
0
0
0
0
0
0
0
0
0
0
0
0
0
0
0
0
0
0
0
0
0
0
0
0
0
0
0
0
0
0
0
0
0
0
0
0
0
0
0
0
0
0
0
0
0
0
0
0
0
0
0
0
0
0
0
0
0
0
0
0
0.0069271
0.012367
0.013138
0.025404
0.016979
0.055729
0.039727
0.033219
0.017747
0
0
0
0
0
0
0
0
0
0
0
0
0
0
0
0
0
0
0
0
0
0
0
0
0
0
0
0.013086
0.1324
0.26121
0.83777
-1
0.48886
0.43126
0.48359
0.86971
0.0070475
0
0
0
0
0.028538
0.081087
0.16625
0.16937
0.18374
0.13058
0.054023
0.065859
0.082106
0.037386
0
0
0
0.017686
0.13178
0.17516
0.17275
0.079056
0.049469
0
0
0
0
0
0
0
0
0
0
0
0
0
0
0
0
0
0
0
0.020029
0.072464
0.093102
0.10005
0.093132
0.087982
0.045482
0.02584
0
0
0
0
0
0
0
0
0
0
0
0
0
0
0
0
0
0
0
0
0
0
0
0
0
0
0
0
0
0
0
0
0
0
0
0
0
0
0
0
0
0
0
0
0
0
0
0
0
0
0
0
0
0
0
0
0
0
0
0
0
0
0
0
0
0
0
0
0
0
0
0
0
0
0
0
0
0
0
0
0
0
0
0
0
0
0
0
0
0
0
0
0
0
0
0
0
0
0
0
0
0
0
0
0
0
0
0
0
0
0
0
0
0
0
0
0
0
0
0
0
0
0
0
0
0
0
0
0
0
0
0
0
0
0
0
0
0
0
0
0
0
0
0
0
0
0
0
0
0
0
0
0
0
0
0
0
0
0
0
0
0
0
0
0
0
0
0
0
0
0
0
0
0
0
0
0
0
0
0
0
0
0
0
0
0
0
0
0
0
0
0
0
0
0.018949
0.0060905
0.021152
0.024909
0.019287
0
0
0
0
0
0
0
0
0
0
0
0
0
0
0
0
0
0
0
0
0
0
0
0
0.011924
0.013633
0
0
0
0
0
0
0
0
0
0
0
0
0
0
0.027064
0.025726
0.027054
0.02401
0.031208
0.036302
0.018105
0.032474
0.038024
0.030488
0.066419
0.019245
0
0.012607
0.015326
0.024919
0.029007
0.034092
0.031494
0.012731
0
0
0
0
0
0
0
0
0
0
0
0
0
0
0
0
0
0
0
0
0
0
0
0
0
0
0
0
0
0
0
0
0
0
0
0
0
0
0
0
0
0
0
0
0
0
0
0
0
0
0
0
0
