0
0
0
0
0
0
0
0
0
0
0
0
0
0
0
0
0
0
0
0
0
0
0
0
0
0
0
0
0
0
0
0
0
0
0
0
0
0
0
0
0
0
0
0
0
0
0
0.0073633
0.013053
0.023841
0.019925
0
0
0
0
0
0
0
0
0
0
0
0
0
0
0
0
0
0
0
0
0
0
0
0
0
0
0
0
0
0
0
0
0
0.018734
0.015485
0.016094
0.018542
0.016374
0.016107
0.017044
0.016289
0.016322
0.016657
0.016761
0.01874
0.019798
0.021374
0.026523
0.02432
0.026341
0.054349
0
0
0
0
0
0
0
0
0
0
0
0
0
0
0
0
0
0
0
0
0
0
0
0
0
0
0
0
0
0
0
0
0
0
0
0
0
0
0
0
0
0
0
0
0
0
0
0
0
0
0
0
0
0
0
0
0
0
0
0
0
0
0
0
0
0
0
0
0
0
0
0
0
0
0
0
0
0
0
0
0
0
0
0
0
0
0
0
0
0
0
0
0
0
0
0
0
0
0
0
0
0
0
0
0
0
0
0
0
0
0
0
0
0
0
0
0
0
0
0
0
0
0
0
0
0
0
0
0
0
0
0
0
0
0
0
0
0
0
0
0
0
0
0
0
0
0
0
0
0
0
0
0
0.087666
0.14545
0.24511
0.20427
0.28988
0.42786
-1
0.82295
0.67337
0.59985
0.50044
0.43369
0.40347
0.30726
0.45229
0.50898
0.47736
0.46669
0.64558
0.64925
0.69405
0.82938
0.82839
0.78898
0.21917
0.15452
0.075778
0.070094
0
0
0
0
0
0
0
0
0
0
0
0
0
0
0
0
0
0
0
0
0
0
0
0
0
0
0
0
0
0
0
0
0
0
0
0
0
0
0
0
0
0
0
0
0
0
0
0
0
0
0
0
0
0
0
0
0
0
0
0
0
0
0
0
0
0
0
0
0
0
0
0
0
0
0
0
0
0
0
0
0
0
0
0
0
0
0
0
0
0
0
0
0
0
0
0
0
0
0
0
0
0
0
0
0
0
0
0
0
0
0
0
0
0
0
0
0
0
0
0
0
0
0
0.021543
0.028604
0.022503
0.021921
0.02277
0.023265
0.023717
0.024974
0.032803
0.026921
0
0
0
0
0
0
0
0
0
0
0
0
0
0
0.029313
0.031003
0.031449
0.03124
0.034206
0.043115
0.056566
0.057829
0.067611
0.07416
0.027624
0.0066732
0
0
0
0
0
0
0
0
0
0
0
0
0
0
0
0
0
0
0
0
0
0
0
0
0
0
0
0
0
0
0
0
0
0
0
0
0
0
0
0
0
0
0
0
0
0
0
0
0
0
0
0
0
0
0
0
0
0
0
0
0
