0
0
0
0
0
0
0
0
0
0
0
0
0
0
0
0
0
0
0
0
0
0
0
0
0
0
0
0
0
0
0
0
0
0
0
0
0
0
0
0
0
0
0
0
0
0
0
0
0
0
0
0
0
0
0
0
0
0
0
0
0
0
0
0
0
0
0
0
0
0
0
0
0
0
0
0
0
0
0
0
0
0
0
0
0
0
0
0
0
0
0
0
0
0
0
0
0
0
0
0
0.064089
0.18094
0.19667
0.24136
0
0
0
0
0
0
0
0.17077
0.27127
0.36029
0.37722
0.41413
0.54459
-1
0.95947
0.95717
0.94476
0.88594
0.65582
0.76302
0.77484
0.79952
0.87087
0.75461
0.62125
0.52742
0.17622
0.0060091
0
0
0
0
0.024284
0
0
0
0
0
0
0
0
0
0
0
0
0
0
0
0
0
0
0
0
0
0
0
0
0
0
0
0
0
0
0
0
0
0
0
0
0
0
0
0
0
0
0
0
0
0.018864
0.08263
0.09028
0.080843
0.05141
0.051038
0.051572
0.072025
0.048008
0.061846
0.087624
0.081794
0.078099
0
0.02222
0.029157
0.035387
0.02653
0.026914
0.019307
0
0
0
0
0
0
0
0
0
0
0
0
0
0
0
0
0
0
0
0.015566
0.035081
0.08416
0.03971
0
0
0
0
0
0
0
0
0
0
0
0
0
0
0
0
0
0
0
0
0
0
0
0
0
0
0
0
0
0
0
0
0
0
0
0
0
0
0
0
0
0
0
0
0
0
0
0
0
0
0
0
0
0
0
0
0
0
0
0
0
0
0
0
0
0
0
0
0
0
0
0
0
0
0
0
0
0
0
0
0
0
0
0
0
0
0
0
0
0
0
0
0
0
0
0
0
0
0
0
0
0
0
0
0
0
0
0
0
0
0
0
0
0
0
0
0
0
0
0
0
0
0
0
0
0
0
0
0
0
0
0
0
0
0
0
0
0
0
0
0
0
0
0
0
0
0
0
0
0
0
0
0
0
0
0
0
0
0
0
0
0
0
0
0
0
0
0
0
0
0
0
0
0
0
0
0
0
0
0
0
0
0
0
0
0
0
0
0
0
0.0083529
0
0
0
0
0
0
0
0
0
0
0
0
0
0
0.0094727
0.01026
0.0096029
0.023141
0.034274
0.03626
0.048893
0.049635
0.052113
0.059814
0.069746
0.072214
0.063828
0.042458
0.058825
0.047744
0.042409
0.043099
0.042035
0.032308
0.020618
0.016449
0.00889
0
0
0
0
0
0
0
0
0
0
0
0
0
0
0
0
0
0
0
0
0
0
0
0
0
0
0
0
0
0
0
0
0
0
0
0
0
0
0
0
0
0
0
0
0
0
0
0
0
0
