0
0
0
0
0
0
0
0
0
0
0
0
0
0
0
0
0
0
0
0
0
0
0
0
0
0
0
0
0
0
0
0
0
0
0
0
0
0
0
0
0
0
0
0
0
0
0
0
0
0
0
0
0
0
0
0
0
0
0
0
0
0
0
0
0
0
0
0
0
0
0
0
0
0
0
0
0
0
0
0
0
0
0
0
0
0
0
0
0
0
0
0
0
0
0
0
0
0
0
0.0094531
0.012262
0.020234
0
0
0
0
0
0
0
0
0
0
0
0
0
0
0
0
0
0
0
0
0
0
0
0
0
0
0
0
0
0
0
0
0
0
0
0
0
0
0
0
0
0
0
0
0
0
0
0
0
0
0
0
0
0
0
0
0
0
0
0
0
0
0
0
0
0
0
0
0
0
0
0
0
0
0
0
0
0
0
0
0
0
0
0
0
0
0
0
0
0
0
0
0
0
0
0
0
0
0
0
0
0
0
0
0
0
0
0
0
0
0
0
0
0
0.024834
0.020612
0.020247
0
0
0
0
0
0
0
0
0
0.007487
0
0
0
0.012201
0.019303
0.022438
0.02443
0.024434
0
0
0
0
0
0
0
0
0
0
0
0.02766
0.02736
0.013219
0.018988
0
0
0
0
0
0
0
0
0
0
0
0
0
0
0
0
0
0
0
0
0
0
0
0
0
0
0
0
0
0
0
0
0
0.02805
0.049554
0.055859
0.041634
0.04599
0.049144
0.045755
0.049102
0.044808
0
0
0
0
0
0
0
0
0
0
0
0
0
0
0
0.010729
0
0
0
0
0
0
0
0
0
0
0
0
0
0
0
0
0
0.074411
0.088271
0.097747
0.061686
0.05889
0.065378
0.059333
0.030488
0
0
0
0
0
0
0
0
0
0
0
0
0
0
0
0
0
0
0
0
0
0
0
0
0
0
0
0
0
0
0
0.07821
0.10244
0.15057
0.20487
0.23152
0.23659
0.4216
0.54593
0.71089
-1
0.97062
0.6459
0.43956
0.29204
0.17637
0.12331
0.17762
0.29659
0.37394
0.45921
0.5273
0.49742
0.36925
0.26659
0.27127
0.079167
0
0
0
0
0.076113
0.11381
0.072282
0
0
0
0
0
0
0
0
0
0.11349
0.12869
0.16876
0.18896
0.16561
0.031012
0.055368
0.11265
0.10368
0.1194
0
0
0
0
0.022949
0.020524
0.020488
0.041709
0.018255
0
0.12202
0.10323
0
0
0
0
0
0
0
0
0
0
0
0
0
0
0
0
0
0
0
0
0
0
0
0
0
0
0
0
0
0
0
0
0
0
0
0
0
0
0
0
0
0
0
0
0
0
0
0
0
0
0
0
0
0
0
0
0
0
0
0
0
0
0
0
0
0
0
0
0
0
0
0
0
