0
0
0
0
0
0
0
0
0
0
0
0
0
0
0
0
0
0
0
0
0
0
0
0
0
0
0
0
0
0
0
0
0
0
0
0
0
0
0
0
0
0
0
0
0
0
0
0
0
0.019147
0.0079622
0
0
0
0
0
0
0
0
0
0
0
0
0
0
0
0
0
0
0
0
0
0
0
0
0
0
0
0
0
0
0
0
0.006543
0.031426
0.0087663
0.0081087
0.0077214
0.018444
0.015785
0.019743
0.026742
0.022217
0.02262
0.031348
0.02972
0.026608
0.032826
0.035443
0.037275
0.10418
0.18059
0.12234
0.13451
0
0
0
0
0
0
0
0.050863
0.097077
0.11084
0.11075
0.12111
0.15064
0.1745
0.16374
0.15002
0.12931
0.11816
0.11992
0.05487
0.063268
0.054694
0.017288
0
0
0
0
0
0
0
0.042956
0.062168
0.14303
0.1509
0.15141
0.045645
0
0
0
0
0
0
0
0
0
0
0
0
0
0
0
0
0
0
0
0
0
0
0
0
0
0
0
0
0
0
0
0
0
0
0
0
0
0
0
0
0
0
0
0.10364
0.095924
0.093988
0.096719
0.10801
0.11075
0.11875
0.13431
0.21509
0.25452
0.25198
0.26673
0.30225
0.29956
0.30565
0.32231
0.33166
0.32437
0.31827
0.36076
0.28295
0.1702
0
0
0
0
0
0
0
0
0
0
0
0
0
0
0.27683
0.58526
0.4402
0.39295
0.31459
0.6098
0.7496
0.45479
0.091605
0.10958
0.24084
0.22837
0.13965
0
0
0
0
0
0
0
0
0
0
0
0
0
0
0
0
0
0
0
0
0
0.035117
0.046699
0.087041
0.080804
0.06416
0.035381
0.043581
0.04389
0.03486
0.037777
0.04666
0.05042
0.04874
0.050732
0.033333
0.013298
0.029837
0.063848
0.074121
0.047757
0.061523
0.063623
0.048919
0.25853
0.23305
0
0
0.0070117
0.018522
0.031589
0.04125
0
0
0
0
0
0
0
0
0
0
0
0
0
0
0
0.023874
0.02918
0.052952
0.051833
0.051452
0.049668
0.025521
0.026234
0.050931
0.084189
0.072275
0.086296
0.087878
0.08792
0.087809
0
0
0.018913
0
0
0
0
0
0
0
0
0
0
0
0
0
0
0
0
0
0
0
0
0
0
0
0
0
0
0
0
0
0
0
0
0
0
0
0
0
0
0
0
0
0
0
0
0
0
0
0
0
0
0
0
0
0
0
0
0
0
0
0
0
0
0
0
0
0
0
0
0
0
0
0
0
0
0
0
0
0
0
0
0
0
0
0
0
0
0
0
0
0.063649
0.062454
0.059271
0.046533
0.055179
0.065547
0.066934
0.064134
0.068818
0.069365
0
0
0
0
0
0
0
0
0
0
0
0
0
0.0060872
0.1046
0.11647
0.12911
0.18916
0.23608
0.26063
0.51223
0.62308
0.80269
-1
0.87497
0.82161
0.77353
0.75885
0.75412
0.64183
0.60944
0.55127
0.49434
0.52151
0.42981
0.41193
0.40264
0.28351
0.11087
0.09707
0.038105
0
0.0081445
0
0
0
0
0
0
0
0
0
0
0
0
0
0
0
0
0
0
0
0
0
0
0
0
0
0
0
0
0
0
0.02681
0.016699
0.016771
0.015557
0.025693
0.027246
0.026878
0.02807
0.02776
0.026615
0.0264
0.026488
0.027132
0.027406
