0
0
0
0
0
0
0
0
0
0
0
0
0
0
0
0
0
0
0
0
0
0
0
0
0
0
0
0
0
0
0
0
0
0
0
0
0
0
0
0
0.013464
0.016937
0.030052
0.02569
0.033363
0.033454
0.036481
0.033538
0.031611
0.043239
0.017331
0
0
0
0
0
0
0
0
0
0
0
0
0
0
0
0
0
0
0
0
0
0
0
0
0
0
0
0
0
0
0
0.019648
0.049307
0.058411
0.053415
0.039883
0.048408
0.054486
0.052432
0.054951
0.053011
0.058356
0.062438
0.058984
0.063802
0.071475
0.074912
0.086165
0.090137
0.092399
0.0085254
0
0
0
0
0
0
0
0
0
0
0
0
0
0
0
0
0
0
0
0
0
0
0
0
0
0
0
0
0
0
0
0
0
0
0
0
0
0
0
0
0
0
0
0
0
0
0
0
0
0
0
0
0
0
0
0
0
0
0
0
0
0
0
0
0
0
0
0
0
0
0
0
0
0
0
0
0
0
0
0
0
0
0
0
0
0
0
0
0
0
0
0
0
0
0
0
0
0
0
0
0
0
0
0
0
0
0
0
0
0
0
0
0
0.2208
0.33709
0.47045
-1
0.58496
0.14978
0
0
0
0
0
0.15967
0.35231
0.47114
0.70925
0.7181
0.52072
0.9104
0.9211
0.92775
0.76075
0.46982
0.38636
0.26462
0.085299
0.032204
0
0
0
0
0.13593
0.51123
0.55743
0.62237
0.88532
0.86622
0.77173
0.59553
0.42862
0.39285
0.22098
0.093669
0
0
0
0
0
0
0
0
0
0
0
0
0
0
0
0
0
0
0
0
0
0
0
0
0
0
0
0.52757
0.88195
0.74575
0.66758
0.56831
0.58471
0.62352
0.62311
0.6098
0.60707
0.42274
0.27037
0.24241
0.25156
0.15121
0.16726
0.083499
0
0.0051693
0.021755
0.051807
0.18462
0.064645
0
0.01223
0
0
0
0
0
0
0
0
0.075889
0.17057
0.17877
0.18571
0.20314
0.18691
0.11732
0.039587
0.060586
0.011312
0.0072819
0.046592
0.031387
0.020094
0.017744
0.021533
0.0081055
0
0
0
0
0
0
0
0
0
0
0
0
0
0
0
0
0
0
0
0
0
0
0
0
0
0
0
0
0
0
0
0
0
0
0
0
0
0
0
0.022135
0.015016
0.028776
0.013102
0.064137
0.057021
0.046794
0.047878
0.020293
0.048519
0.054557
0.066146
0.097829
0.087093
0.08376
0.050013
0.027855
0.03998
0.043747
0
0
0
0
0
0
0
0
0
0
0
0
0
0
0.071888
0.14049
0.17445
0.17085
0.19416
0.21681
0.2199
0.23373
0.22098
0.1641
0.12856
0.0088053
0
0
0
0
0
0
0
0
0
0
0
0.097259
0.24313
0.1946
0.13011
0.15055
0.13785
0.16079
0
0
0
0
0
0
0
0
0
0
0
0
0
0
0
0
0
0
0
0
0
0
0
0
0
0
0
0
0
0
0
0
0
0
0
0
0
0
0
0
0
0
0
0
0
0
0
0
0
0
0
0
0
0
0
0
0
0
0
0
0
0
0
0
0
0
0
