0
0
0
0
0
0
0
0
0
0
0
0
0
0
0
0
0
0
0
0
0
0
0
0
0
0
0
0
0
0
0
0
0
0
0
0
0
0
0
0
0
0
0
0
0
0
0
0
0
0.0076367
0.0066081
0
0
0
0
0
0
0
0
0
0
0
0
0
0
0
0
0
0
0
0
0
0
0
0
0
0
0
0
0
0
0
0.0068359
0.0067676
0.018584
0.0066081
0.0092643
0.0089551
0.015599
0.031761
0.034857
0.03208
0.026299
0.020586
0.026338
0.02777
0.028262
0.014401
0.023083
0.014424
0.023236
0.015156
0
0
0
0
0
0
0
0
0
0
0
0
0
0
0
0
0
0
0
0
0
0
0
0
0
0
0
0
0
0
0
0
0
0
0
0
0
0
0
0
0
0
0
0
0
0
0
0
0
0
0
0
0
0
0
0
0
0
0
0
0
0
0
0
0
0
0
0
0
0
0
0
0
0
0
0
0
0
0
0
0
0
0
0
0
0
0
0
0
0
0
0
0
0
0
0
0
0
0
0
0
0
0
0
0
0
0
0
0
0
0
0
0
0
0.0069727
0.064906
0.080488
0
0
0
0
0
0
0
0
0
0
0
0.011436
0.0066081
0.11577
0.11989
0.12454
0.18185
0
0
0
0
0
0
0
0
0
0
0
0
0
0.13046
0.22304
0.55214
0.85271
0.81897
0.6679
0.45935
0.41462
0.4057
0.28315
0.14304
0.013522
0
0
0
0
0
0.024398
0
0
0
0
0.02446
0.038877
0
0
0
0
0
0
0
0.18506
0.3208
0.37938
0.57944
-1
0.39583
0.18391
0.16811
0.19805
0.21757
0.18092
0.22235
0.25572
0.29927
0.33208
0.24956
0.091706
0.058916
0.081982
0.037907
0.040713
0.0091895
0.014795
0.035527
0.062236
0.15435
0.082526
0.0095247
0.025833
0
0.0091309
0
0
0
0
0
0
0
0.012715
0
0
0
0
0
0
0
0
0
0
0
0
0
0
0
0
0
0
0
0
0
0
0
0
0
0
0
0
0
0
0
0
0
0
0
0
0
0
0
0
0
0
0
0
0
0
0
0
0
0
0
0
0
0
0
0
0
0
0
0
0
0
0
0
0
0
0
0
0
0
0
0
0
0
0
0
0
0
0
0
0
0
0
0
0
0
0
0.014242
0.043076
0.039378
0.043757
0.044665
0.030752
0.0329
0.047813
0.042402
0.039046
0
0
0
0
0
0
0
0
0
0
0
0
0
0
0.060635
0.055791
0.059014
0.090534
0.12481
0.16091
0.10095
0.092777
0.06137
0.012673
0
0
0
0
0
0
0
0
0
0
0
0
0
0
0
0
0
0
0
0
0
0
0
0
0
0
0
0
0
0
0
0
0
0
0
0
0
0
0
0
0
0
0
0
0
0
0
0
0
0
0
0
0
0
0
0
0
0
0
0
0
0
0
