0
0
0
0
0
0
0
0
0
0
0
0
0
0
0
0
0
0
0
0
0
0
0
0
0
0
0
0
0
0
0
0
0
0
0
0
0
0
0
0
0
0
0
0
0
0
0
0
0
0
0
0
0
0
0
0
0
0
0
0
0
0
0
0
0
0
0
0
0
0
0
0
0
0
0
0
0
0
0
0
0
0
0.01403
0
0
0
0
0
0.0087988
0
0.0070443
0.0087044
0.0098405
0.0093848
0.0080273
0.0095833
0.0079232
0.007347
0.0081478
0.0093913
0.012826
0
0
0
0
0
0
0
0
0
0
0
0
0
0
0
0
0
0
0
0
0
0
0
0
0
0
0
0
0
0
0
0
0
0
0
0
0
0
0
0
0
0
0
0
0
0
0
0
0
0
0
0
0
0
0
0
0
0
0
0
0
0
0
0
0
0
0
0
0
0
0
0
0
0
0
0
0
0
0
0
0
0
0
0
0
0
0
0
0
0
0
0
0
0
0
0
0
0
0
0
0
0
0
0
0
0
0
0
0
0
0
0
0
0
0.030029
0.045882
0.044193
0.049264
0
0
0
0
0
0
0
0
0.017891
0
0
0
0
0.064124
0.065387
0.065544
0.086592
0.075755
0.045501
0
0
0
0
0
0
0
0
0.10354
0.094655
0.085042
0.12915
0.14086
0.027096
0.015508
0.015918
0.01652
0
0
0.014997
0
0
0
0
0
0
0
0
0
0
0
0
0
0
0
0
0
0
0
0
0
0
0
0
0
0
0.015189
0.1032
0.08389
0.048216
0
0
0
0
0
0
0
0
0
0
0
0.021553
0.086878
0.1049
0.095742
0.092581
0.080518
0.039688
0.041442
0.09002
0
0
0
0
0
0
0
0
0
0.57463
-1
0.85885
0.71294
0.44148
0.47741
0.40289
0
0
0
0
0
0
0
0
0
0
0
0
0
0
0
0
0
0
0
0
0
0
0
0
0
0
0
0
0
0
0
0
0
0
0
0
0
0
0
0
0
0
0
0
0
0
0
0
0
0
0
0
0
0
0
0
0
0
0
0
0
0
0
0
0
0
0
0
0
0
0
0
0
0
0
0
0
0
0
0
0
0
0.0066081
0.0089648
0.0098372
0.0097689
0.0098568
0.0097201
0.010176
0.010365
0.010651
0.014512
0
0
0
0
0
0
0
0
0
0
0
0
0
0
0.011491
0.010768
0.010511
0.011338
0.012383
0.012588
0
0
0
0
0
0
0
0
0
0
0
0
0
0
0
0
0
0
0
0
0
0
0
0
0
0
0
0
0
0
0
0
0
0
0
0
0
0
0
0
0
0
0
0
0
0
0
0
0
0
0
0
0
0
0
0
0
0
0
0
0
0
0
0
0
0
0
