0
0
0
0
0
0
0
0
0
0
0
0
0
0
0
0
0
0
0
0
0
0
0
0
0
0
0
0
0
0
0
0
0
0
0
0
0
0
0
0
0
0
0
0
0
0
0.0087207
0.0096875
0.01109
0.025908
0.014023
0
0
0
0
0
0
0
0
0
0
0
0
0
0
0
0
0
0
0
0
0
0
0
0
0
0
0
0
0
0
0
0.0081738
0.0093001
0.031527
0.020817
0.012721
0.019062
0.02902
0.027035
0.028424
0.021032
0.028324
0.036367
0.042311
0.054089
0.055781
0.066986
0.069476
0.072783
0.10991
0.15322
0.11118
0.12538
0
0
0
0
0
0
0
0.031068
0.078291
0.092236
0.1006
0.1017
0.11378
0.09001
0.069935
0.048005
0.048223
0.049378
0.062165
0
0
0
0
0
0
0
0
0
0
0
0.089085
0.15982
0.16944
0.18896
0.19605
0.17002
0
0
0
0
0
0
0
0
0
0
0
0
0
0
0
0
0
0
0
0
0
0
0
0
0
0
0
0
0
0
0
0
0
0
0
0
0
0
0
0
0
0
0
0.010146
0.011536
0.013607
0.015462
0.016436
0.018418
0.020085
0.025957
0.014811
0.015218
0
0
0.031302
0.084512
0.1153
0.19892
0.2102
0.17481
0.17386
0.19573
0.098109
0.07016
0
0
0
0
0
0
0
0
0
0
0
0.010729
0.05304
0.054124
0.2851
0.48397
0.30979
0.27469
0.24936
0.47471
0.50359
0.28456
0.070091
0.11879
0.24049
0.26269
0.16654
0.089466
0.1011
0.10687
0.13948
0
0
0
0
0
0
0
0
0
0
0
0
0
0.067197
0.067259
0.25847
0.28491
0.23023
0.2213
0.36425
0.34841
0.15715
0.12387
0.12792
0.098024
0.13972
0.15661
0.1982
0.16641
0.17046
0.17349
0.17966
0.13196
0.20535
0.21305
0.21995
0.12756
0.16828
0.15135
0.11034
0.33962
0.32419
0.068763
0.10141
0.082546
0.048822
0
0.28687
0.34354
0.14956
0.080765
0.077383
0.079053
0.079993
0.071351
0.069268
0.067158
0.078148
0.043281
0.044359
0
0.0075781
0.031335
0.08513
0.084668
0.12251
0.11417
0.11286
0.10572
0.084193
0.093167
0.11266
0.15493
0.17637
0.15074
0.142
0.12141
0.14848
0.034684
0.010286
0.015208
0
0.012715
0
0
0
0
0
0
0
0
0
0
0
0
0
0
0
0
0
0
0
0
0
0
0
0
0
0
0
0
0
0
0
0
0
0
0
0
0
0
0
0
0
0
0
0
0
0
0
0
0
0
0
0
0
0
0
0
0
0
0
0
0.0083984
0.028656
0
0
0
0
0
0
0
0
0
0
0
0
0
0
0
0
0
0
0
0
0
0
0
0
0
0.12017
0.1563
0.17204
0.17767
0.20181
0.22142
0.23011
0.29098
0.33234
0.28901
0.079033
0
0
0
0
0
0
0
0
0
0
0
0
0.092428
0.43461
0.4855
0.57006
-1
0.9498
0.91715
0.85985
0.83504
0.83455
0.81575
0.46898
0.39873
0.40463
0.39121
0.34359
0.19602
0.18119
0.15507
0.13221
0.10771
0.011009
0
0
0
0
0
0
0
0
0
0
0
0
0
0
0
0
0
0
0
0
0
0
0
0
0
0
0
0
0
0
0
0
0
0
0
0
0
0
0.012188
0.014404
0.014186
0.0084961
0
0.0072786
0.0066081
0.0069271
0.0068848
0
0
0.0064486
0
0
