120
109
101
92
91
127
116
113
131
118
88
120
80
81
92
77
90
100
91
81
43
102
91
87
66
96
51
58
86
79
79
88
65
92
73
91
86
56
48
53
56
53
72
63
53
59
37
20
38
48
22
23
43
52
48
37
41
78
42
80
101
30
26
114
136
35
87
97
113
112
94
108
88
86
94
84
85
111
70
107
113
52
85
81
89
86
98
92
101
96
77
96
111
46
27
66
101
114
59
10
94
113
86
148
81
204
77
166
193
181
198
136
161
195
150
180
167
167
130
113
248
182
168
211
134
196
206
105
57
102
110
234
240
228
226
232
246
154
233
228
202
107
179
250
198
238
125
184
161
173
172
179
137
157
157
190
132
94
193
158
151
206
199
146
224
109
215
120
238
239
234
211
229
152
185
213
177
213
234
244
167
239
206
154
159
156
153
87
105
75
83
81
70
55
101
97
106
116
146
102
22
158
154
199
206
121
180
190
205
207
122
216
139
239
214
218
131
110
108
112
158
157
124
74
149
107
123
144
236
144
224
110
136
113
230
125
227
144
124
123
134
223
263
90
232
217
190
216
231
223
194
182
119
132
165
142
141
97
244
239
238
221
230
200
134
70
72
85
72
55
57
65
64
81
83
62
90
91
72
72
130
57
117
72
126
130
98
76
176
230
120
69
89
115
97
64
136
143
147
113
197
124
132
110
232
66
177
88
221
223
219
56
231
180
122
54
119
223
156
98
66
232
83
75
103
119
193
201
92
106
192
149
46
61
200
87
76
113
108
79
100
145
208
181
139
166
184
120
30
23
4
88
116
115
106
121
120
220
177
208
214
134
204
198
150
144
123
136
232
120
125
141
63
42
162
141
207
274
204
126
65
122
106
114
10
86
73
130
83
220
206
143
145
144
108
99
135
108
169
122
133
178
169
173
186
213
134
191
134
127
111
133
135
71
149
121
107
192
228
182
109
179
159
202
134
223
90
97
132
131
109
78
97
129
146
107
108
163
147
91
187
236
97
187
44
122
142
241
137
129
223
185
264
101
104
135
159
157
128
126
104
71
205
82
195
45
169
149
117
166
157
126
129
115
143
204
214
158
183
159
204
123
144
172
177
154
96
99
146
152
157
47
215
205
177
98
13
78
148
68
68
80
84
68
86
59
53
9
55
28
80
52
55
59
70
95
112
124
122
120
117
188
196
192
189
149
191
166
70
158
161
178
154
135
176
74
195
131
97
131
126
130
82
75
117
99
108
169
163
132
138
150
154
134
4
52
186
83
126
167
146
158
178
179
141
15
122
56
198
180
173
184
117
120
121
103
135
146
149
122
90
134
165
125
115
98
154
128
138
134
181
63
7
5
37
115
6
50
93
119
120
200
126
135
114
169
113
110
140
127
87
101
149
157
138
89
227
88
212
121
18
74
55
44
189
112
108
120
115
154
161
162
107
97
95
178
31
177
178
136
140
132
110
60
91
89
152
120
106
77
127
178
119
124
179
100
152
137
133
77
195
161
137
158
137
162
178
175
171
104
151
144
122
98
116
92
183
111
125
174
202
115
121
106
127
131
135
136
168
149
160
146
183
106
192
133
123
133
133
83
120
67
144
92
165
126
155
198
56
94
111
62
163
104
114
86
165
87
184
166
193
130
114
169
132
120
146
116
93
77
44
131
133
50
141
117
166
155
162
187
108
105
128
130
162
86
161
189
70
157
110
55
99
103
178
93
94
201
133
139
103
170
190
184
181
135
133
191
97
100
53
105
81
152
84
86
157
152
177
83
41
48
106
95
145
156
176
165
175
162
144
132
119
140
136
113
87
101
180
181
83
101
104
108
162
165
163
171
128
115
156
77
162
144
128
191
155
53
179
159
110
118
104
117
89
34
129
140
154
72
77
92
33
121
171
149
129
173
173
128
131
119
89
111
120
131
166
109
109
128
149
89
142
74
78
119
131
125
136
113
205
162
178
105
198
119
116
113
149
178
135
141
156
112
123
126
138
152
171
150
166
82
120
153
143
158
204
139
175
99
144
129
96
95
160
131
152
161
150
160
162
91
141
137
45
119
99
112
131
107
106
117
113
92
149
55
16
36
124
181
147
73
72
74
125
134
134
210
106
107
110
127
3
122
117
109
116
137
120
102
144
111
115
110
197
57
60
171
109
174
78
141
35
102
149
131
146
138
137
177
171
108
102
143
91
134
116
125
170
142
139
116
116
142
125
163
156
138
129
122
97
72
105
94
107
117
114
108
178
100
94
10
144
120
115
98
157
128
99
126
154
125
63
173
98
156
191
95
13
77
146
162
127
115
142
131
150
148
134
136
167
148
122
95
155
61
66
167
96
93
85
127
145
3
159
131
152
73
130
92
43
145
88
110
140
125
118
163
149
126
115
125
146
86
67
128
90
50
77
160
118
97
70
120
131
112
123
120
124
108
127
132
118
81
92
100
138
109
84
76
108
160
51
132
133
124
129
110
125
145
24
157
107
110
111
105
133
96
100
119
96
126
89
156
122
20
144
163
80
133
121
125
163
88
99
97
142
108
61
119
17
96
172
95
124
147
106
100
82
154
117
156
118
202
97
127
129
108
116
84
90
165
132
127
122
103
75
84
98
58
48
74
74
84
89
118
118
125
91
149
20
122
126
137
142
82
128
116
116
84
98
77
95
157
136
52
131
83
6
45
0
118
122
112
72
101
68
-1
47
94
67
68
91
84
2
116
139
30
92
47
147
111
95
52
119
155
76
62
114
78
65
120
41
131
76
44
81
107
37
107
77
62
81
130
97
77
131
21
65
58
44
2
137
52
85
82
80
72
110
108
69
48
59
100
93
85
82
60
110
102
138
75
130
58
131
118
91
15
64
134
102
64
131
13
93
96
94
111
92
93
113
104
88
87
86
51
68
36
115
91
72
44
128
130
131
93
83
112
77
89
102
89
45
84
84
95
107
94
99
114
110
99
97
73
89
61
110
81
79
83
70
39
97
68
80
80
32
93
73
71
85
88
60
62
88
83
66
33
45
61
69
82
48
76
40
55
32
51
97
112
