97
76
65
67
86
112
98
88
116
115
68
90
64
72
56
52
64
91
99
72
40
71
81
66
31
54
42
43
60
54
50
89
63
121
62
63
66
52
22
28
28
21
37
44
39
42
22
17
27
26
9
7
22
34
28
27
33
62
22
78
106
25
18
124
145
24
84
155
177
203
156
215
163
153
193
137
166
172
97
225
197
108
125
169
145
155
124
103
173
186
92
75
235
19
13
56
74
81
32
1
67
72
62
122
44
187
42
140
208
143
156
89
115
181
126
162
150
180
78
70
268
202
175
220
149
219
234
85
69
60
91
242
250
235
230
235
250
137
275
266
262
69
192
291
283
287
187
209
130
93
92
128
109
134
155
161
151
122
180
114
153
217
217
108
211
134
163
151
236
205
250
231
284
167
234
286
207
252
232
262
183
233
274
156
136
122
172
90
53
59
72
56
35
56
95
87
145
80
145
85
11
248
199
204
238
165
175
188
182
208
73
282
172
270
253
248
151
138
152
188
116
124
109
76
166
143
114
185
274
137
190
76
137
88
264
199
169
134
80
94
128
262
271
22
304
249
236
178
252
242
168
243
199
206
258
160
110
72
248
258
254
243
260
166
66
49
48
51
48
30
38
29
30
45
73
28
111
59
49
46
195
17
89
47
148
95
90
33
221
247
116
95
82
114
131
42
143
206
108
143
251
114
122
158
240
22
174
85
257
180
247
133
233
265
230
137
166
234
217
70
39
246
83
57
135
131
337
302
65
115
183
218
99
56
211
155
152
185
154
48
35
88
211
182
227
259
208
147
48
58
13
126
213
316
180
71
128
281
214
171
244
97
259
252
87
104
240
284
287
106
224
217
61
28
192
121
219
233
311
145
27
128
107
99
9
112
91
252
139
282
218
107
105
107
104
160
136
146
136
185
201
169
144
272
184
210
173
213
171
148
136
164
248
60
145
215
199
306
246
242
156
147
147
242
141
221
129
139
229
226
138
87
109
190
258
171
139
191
94
45
184
228
147
252
39
137
119
266
215
233
224
129
225
153
148
124
154
244
137
88
116
13
227
71
241
21
271
241
220
242
185
220
120
264
161
250
272
329
277
289
211
198
223
138
336
322
214
158
252
131
141
41
217
354
210
239
12
107
289
55
49
69
68
58
74
37
29
0
37
19
59
31
47
54
51
86
224
99
106
240
125
243
284
368
358
221
367
271
73
236
368
350
316
253
164
60
159
114
87
255
233
227
171
176
243
220
202
257
228
255
259
123
196
273
5
77
347
57
106
297
334
337
338
371
321
10
97
43
331
296
301
317
245
234
240
213
159
219
206
173
103
225
353
212
201
196
153
116
287
216
119
45
8
4
33
235
31
41
49
223
76
225
103
339
99
315
85
132
237
142
103
95
314
211
220
171
178
127
210
127
35
55
32
11
388
112
179
223
141
148
138
136
79
70
65
222
13
255
265
193
212
225
161
63
115
157
146
232
229
94
65
242
120
120
247
81
156
239
213
200
335
251
147
142
129
141
168
157
149
106
131
141
96
185
209
141
244
159
155
325
234
112
108
100
129
181
140
297
308
336
354
341
196
108
228
201
108
114
109
65
133
52
294
97
333
93
136
181
81
181
236
76
282
261
114
54
167
112
329
301
315
259
246
310
118
141
143
135
115
119
9
111
215
47
244
91
159
136
151
184
111
114
233
230
324
115
328
364
45
202
131
37
80
50
139
161
87
276
189
189
109
287
326
296
255
113
252
237
52
135
51
249
129
274
97
76
139
129
351
76
33
26
81
118
367
345
297
283
299
267
183
226
101
248
241
166
194
70
365
244
61
142
80
90
304
175
214
200
231
241
288
101
238
260
229
345
306
13
297
279
157
149
69
109
56
26
173
277
278
143
64
60
34
198
362
247
85
241
243
121
137
144
172
127
151
186
249
202
245
81
254
102
270
46
124
77
162
212
203
122
236
275
320
180
342
263
75
72
151
363
118
117
100
121
118
128
126
162
143
253
261
138
109
289
154
280
234
148
236
83
103
207
117
152
268
237
214
274
129
172
169
149
119
250
33
136
159
232
120
74
76
202
119
110
284
65
13
28
128
171
283
99
94
110
-1
252
304
237
201
165
291
222
3
235
209
209
189
175
101
61
234
108
112
81
300
133
45
154
200
330
71
178
19
205
119
222
223
296
140
202
266
99
144
247
63
105
104
155
239
321
316
221
169
121
258
228
303
199
224
221
159
94
92
154
142
221
204
214
180
171
161
25
296
98
105
183
310
209
98
125
147
86
36
268
141
242
273
155
11
51
129
213
236
229
226
248
147
190
195
186
270
127
245
148
281
42
47
157
98
117
45
95
199
6
139
110
342
177
104
132
22
172
110
116
224
208
160
193
204
138
221
167
204
37
68
169
77
125
56
230
87
148
113
83
271
86
148
151
121
130
117
183
118
136
97
81
243
197
78
93
112
160
27
259
123
140
244
146
97
207
37
257
157
86
180
120
230
77
175
208
66
256
70
214
250
22
106
259
49
226
219
232
185
42
190
148
169
176
44
219
2
63
197
62
294
279
106
169
144
167
206
99
118
214
86
234
230
200
133
188
154
203
110
88
85
164
58
88
100
27
86
129
131
67
172
78
90
59
77
179
31
116
118
198
165
94
122
109
189
70
82
40
78
213
176
23
76
71
4
82
2
77
213
103
164
117
68
125
79
62
48
49
125
64
4
106
263
29
184
18
266
130
151
28
168
172
48
45
80
89
101
223
59
123
66
57
131
139
21
140
150
136
98
188
90
154
198
59
47
62
96
0
162
150
116
103
77
113
104
153
113
39
44
184
92
132
186
29
115
161
111
57
212
100
189
74
185
25
94
177
163
121
119
38
131
99
122
134
97
127
159
114
131
129
108
51
71
15
202
56
60
31
167
106
173
135
165
117
71
117
69
140
34
88
58
137
151
150
141
92
148
122
96
75
144
47
135
92
145
135
98
82
125
89
106
90
55
118
100
100
132
115
58
94
112
126
68
32
53
99
87
91
47
90
60
52
35
111
150
171
