97
76
92
87
99
118
108
94
117
109
75
95
73
69
79
57
83
94
88
71
26
77
85
67
47
53
41
44
66
57
73
83
61
110
50
62
57
51
33
37
40
32
39
43
32
35
23
14
32
27
16
16
16
37
33
31
35
64
33
79
90
20
12
116
134
9
90
100
120
136
122
140
100
101
105
102
98
125
62
142
146
65
100
122
94
104
91
73
106
121
75
75
162
18
15
55
91
75
33
0
87
112
91
148
69
181
72
146
185
164
179
123
139
194
151
178
162
177
113
114
249
198
168
198
137
235
215
83
61
86
110
195
236
211
223
217
230
175
247
248
234
97
165
250
246
272
153
226
140
115
108
131
116
145
173
178
163
91
201
143
169
209
175
130
182
124
171
129
223
211
248
224
266
165
208
246
152
226
246
268
197
216
191
166
136
141
160
106
100
72
67
63
60
62
110
121
155
110
144
94
12
207
189
182
241
129
179
167
176
209
96
249
185
278
262
269
125
120
111
149
138
109
111
65
168
131
129
178
235
156
194
95
129
117
282
119
184
159
89
109
132
226
219
58
289
235
242
193
275
246
176
225
171
164
206
169
137
94
261
262
250
236
247
184
97
72
65
59
65
41
56
53
49
67
91
52
115
75
77
51
170
39
99
77
120
104
107
66
193
245
118
63
78
130
113
57
142
150
111
110
237
144
144
127
263
66
169
84
218
175
242
75
250
224
135
80
150
232
203
90
53
254
96
81
132
113
242
248
81
77
155
174
75
64
226
96
92
134
134
58
62
101
203
177
206
189
212
121
32
34
7
86
152
197
121
99
119
302
216
182
207
139
223
223
107
115
139
160
300
124
153
148
73
37
186
117
245
244
221
161
66
132
120
119
7
76
80
165
102
280
216
135
137
136
105
104
122
108
150
124
168
192
123
214
150
239
166
231
180
154
150
165
163
58
157
147
130
289
248
228
136
137
172
209
160
224
117
109
154
153
98
74
127
182
170
149
106
201
107
73
190
245
115
222
40
109
147
277
192
161
239
182
273
119
115
102
141
200
150
92
129
44
260
84
223
59
237
194
137
174
155
151
127
122
172
243
280
195
279
202
209
130
163
175
242
173
115
125
145
157
155
38
225
263
192
140
11
85
193
66
66
81
85
76
86
46
39
7
48
16
75
48
46
64
57
73
130
116
123
142
157
403
413
229
228
208
265
179
55
235
203
210
186
158
151
70
173
145
109
163
151
153
108
105
148
139
140
181
168
188
181
130
163
163
4
63
233
61
135
241
206
204
219
239
180
7
123
68
201
205
204
230
161
149
150
117
334
328
477
275
208
155
188
143
154
131
164
139
168
150
127
56
17
14
28
138
7
33
62
137
95
189
103
180
100
235
117
143
144
389
85
90
169
409
397
340
202
117
204
108
18
68
40
24
203
123
123
138
241
277
294
178
136
138
243
342
29
457
446
302
416
396
449
275
304
270
294
304
327
317
164
193
133
144
194
101
289
197
560
104
261
387
232
214
252
275
263
257
266
136
127
220
140
130
155
143
225
127
300
192
245
124
133
111
157
183
156
180
194
210
216
215
205
129
440
126
201
256
279
137
126
75
184
119
194
138
147
176
48
123
142
75
196
130
112
73
190
139
257
231
286
177
159
233
231
242
188
235
80
92
26
152
305
64
185
117
142
141
158
191
115
121
171
164
230
90
232
242
56
163
233
49
92
83
148
315
196
344
139
136
131
233
408
416
326
250
145
240
75
118
54
159
95
156
207
108
143
139
238
89
31
43
114
109
197
193
436
326
314
331
-1
140
212
150
146
103
121
101
197
216
88
126
84
96
205
427
211
385
157
152
218
63
193
166
180
244
197
45
373
176
122
315
90
255
72
46
271
286
192
98
62
100
20
264
245
172
175
335
458
182
233
207
395
103
263
154
209
130
141
102
321
101
180
61
101
79
323
328
135
121
260
189
226
116
231
156
224
248
225
256
142
136
130
215
196
141
223
236
177
196
366
94
128
235
210
303
228
140
368
107
209
323
245
114
224
176
170
234
153
192
191
186
178
191
39
114
111
131
211
107
103
307
113
104
212
71
0
46
204
180
184
84
73
81
183
162
183
254
144
382
180
137
6
155
146
138
250
160
100
66
186
234
211
98
274
91
57
169
352
230
91
314
21
444
137
290
194
191
129
271
214
138
106
286
170
176
188
361
314
203
194
155
334
161
226
169
226
262
231
248
114
78
170
354
463
138
139
137
176
113
110
14
194
146
153
110
202
130
120
144
164
105
51
328
185
307
295
201
6
39
131
207
249
141
190
186
239
246
151
150
198
353
215
230
326
72
135
179
95
94
126
174
151
15
164
121
181
113
140
112
38
263
157
235
218
224
162
295
306
215
152
346
346
69
51
161
105
77
59
217
106
114
85
102
182
380
101
365
135
229
169
185
123
76
80
105
240
117
101
103
117
175
37
190
189
243
179
104
188
278
29
226
334
220
135
116
167
68
121
138
153
175
83
290
157
36
156
228
133
169
164
157
179
213
146
405
338
283
66
199
5
113
227
124
160
195
122
114
105
215
205
139
245
239
97
164
196
140
206
110
94
177
104
116
97
128
74
121
114
46
58
89
88
69
128
89
141
119
97
308
17
117
176
211
140
81
145
150
143
99
109
133
258
184
175
42
102
151
0
52
2
100
179
215
107
134
99
144
174
80
75
52
208
70
10
113
189
53
115
39
182
155
116
66
194
294
70
57
80
57
124
166
47
128
80
44
106
158
27
143
101
73
75
158
82
98
149
130
93
72
182
0
177
79
91
66
82
116
124
190
86
61
56
118
136
114
120
52
113
117
139
107
168
69
159
117
122
16
129
167
165
85
132
27
114
88
102
108
100
140
131
150
130
97
90
61
61
25
143
74
70
51
144
102
134
109
107
107
89
145
104
125
32
78
76
107
126
108
116
100
146
133
104
95
109
44
142
74
96
97
85
64
101
91
87
80
42
123
81
79
98
90
62
89
108
92
72
33
45
69
71
78
50
68
56
52
28
97
133
161
