113
97
91
84
97
133
111
109
123
125
85
101
68
64
81
64
87
116
85
75
53
105
84
73
50
73
40
44
69
70
73
67
47
90
66
65
52
41
32
35
31
35
50
61
49
49
29
9
45
52
18
17
23
48
51
32
32
61
43
81
93
38
29
109
138
29
91
108
121
120
98
125
104
110
103
106
103
122
68
114
114
63
71
88
90
104
83
92
126
96
81
106
106
54
26
56
100
101
54
8
76
129
96
163
94
203
84
214
153
225
217
176
190
221
207
229
197
202
119
108
178
209
213
232
162
240
231
137
93
92
125
233
193
221
240
218
193
195
208
225
192
127
168
213
224
233
107
158
152
202
214
171
150
181
224
233
127
105
206
150
185
210
224
174
217
158
181
147
223
219
254
207
216
217
224
184
194
196
226
215
197
229
208
176
144
174
159
106
107
74
89
76
64
59
106
103
127
126
163
120
30
176
174
205
212
152
214
214
259
197
173
211
167
233
227
227
137
121
120
148
133
136
105
76
186
133
139
167
202
176
229
95
162
122
210
132
202
214
142
86
142
173
205
82
231
221
205
209
221
210
135
170
142
157
119
182
139
158
279
276
277
265
242
135
104
78
75
72
84
50
59
66
64
87
79
59
97
79
69
74
156
66
105
78
103
117
92
77
139
220
127
77
115
131
119
56
118
121
148
73
141
140
174
132
237
61
142
128
212
218
227
75
226
148
87
41
98
223
164
118
67
223
107
96
135
126
185
164
85
99
174
119
62
60
151
127
91
136
121
74
95
163
240
203
184
138
146
142
25
22
5
93
106
107
141
125
122
263
170
154
230
137
176
140
155
102
152
159
219
108
169
152
71
41
137
171
198
196
179
154
60
126
106
115
10
89
64
137
105
222
232
156
157
157
109
146
113
141
145
148
156
183
112
176
215
231
160
195
149
139
140
138
145
71
132
126
119
145
279
238
139
134
100
224
120
278
100
102
150
148
124
94
120
147
145
127
115
134
150
116
187
262
50
202
35
136
123
191
156
142
221
180
230
126
127
119
138
175
133
124
127
58
206
73
181
40
151
150
132
174
184
125
129
99
196
172
206
154
151
162
226
161
155
118
172
146
94
75
170
114
133
44
224
212
176
87
23
106
131
67
55
73
81
59
72
47
38
6
51
20
70
46
38
54
64
91
100
106
99
110
134
158
139
179
186
185
199
161
86
199
156
193
151
139
193
70
181
107
86
110
101
113
70
83
122
85
101
182
172
145
158
131
155
141
10
45
192
74
107
159
114
131
181
173
145
15
138
79
188
170
159
147
104
107
111
99
128
106
123
136
85
125
178
99
94
98
127
109
149
141
163
53
7
10
25
106
11
59
96
109
137
191
108
128
113
176
102
110
126
144
131
97
153
151
120
113
208
133
173
113
8
78
56
44
183
111
100
109
125
122
120
142
97
94
103
151
25
140
131
112
137
112
102
77
108
103
109
94
102
103
112
197
109
128
212
85
122
112
118
99
173
133
103
132
114
143
175
161
133
110
112
150
96
90
97
121
162
116
120
157
167
116
116
103
115
116
127
133
145
132
152
145
126
104
164
163
96
92
92
80
140
85
142
110
164
94
127
131
70
109
105
66
156
114
115
78
148
63
178
160
165
132
132
172
152
140
119
150
106
98
50
120
128
53
135
100
171
167
189
204
105
117
112
117
154
108
157
163
66
153
86
50
118
138
242
88
88
178
146
139
103
138
188
174
186
150
164
185
83
141
42
97
90
175
70
82
125
130
160
65
45
32
101
78
161
148
172
163
174
163
139
120
132
162
151
118
98
87
171
169
103
94
151
151
133
129
209
161
137
142
155
91
141
143
132
163
156
35
181
154
129
108
94
72
84
44
121
156
149
71
92
100
23
121
163
153
130
147
146
160
155
124
101
103
112
153
164
87
105
95
159
84
158
73
87
122
135
115
134
128
224
176
172
99
155
127
132
120
131
181
150
152
131
108
106
94
110
158
169
145
184
87
113
144
160
155
204
203
166
112
128
100
71
109
141
150
153
131
128
128
126
107
118
142
37
124
110
147
140
124
97
127
110
116
151
79
16
32
148
162
159
74
81
83
111
124
139
219
119
86
83
153
2
157
155
148
143
114
126
81
151
119
120
122
198
57
57
213
124
159
86
105
24
113
125
160
139
149
169
162
153
111
101
172
99
133
102
100
162
150
143
114
108
140
174
172
161
129
127
137
107
109
102
84
114
112
113
114
175
85
87
6
135
139
111
99
162
120
122
137
112
85
55
155
125
176
192
140
7
50
133
176
137
120
170
137
112
173
132
107
164
140
127
125
172
60
76
128
114
101
101
135
152
8
240
103
152
57
99
109
49
112
103
74
147
124
171
135
122
123
113
139
156
109
66
157
89
52
92
176
136
94
46
98
146
112
144
100
153
114
132
99
97
81
100
114
137
115
90
134
117
140
40
135
136
117
141
119
123
125
20
145
69
74
96
128
153
118
93
106
79
128
101
149
116
26
131
138
77
133
129
139
162
91
87
102
141
92
59
115
6
91
196
128
131
143
95
115
84
133
132
171
100
162
123
135
124
102
145
80
90
161
137
111
98
106
83
101
93
52
36
74
80
72
77
105
114
114
104
106
15
160
112
133
151
107
115
120
154
95
112
82
108
171
140
51
129
58
8
28
3
109
110
127
60
122
87
138
43
64
55
77
76
79
5
121
143
47
99
43
129
102
95
80
102
123
85
69
98
90
92
119
31
101
110
52
70
96
35
91
113
75
136
120
118
86
151
16
68
52
37
0
121
40
90
80
98
99
115
96
99
62
60
93
96
74
99
52
165
106
-1
73
131
63
144
98
99
14
101
115
111
84
145
24
129
115
134
133
135
120
106
80
75
114
104
63
59
32
144
98
86
54
127
91
122
89
108
119
75
99
106
118
46
97
94
87
91
84
88
112
132
124
118
80
89
54
90
66
79
90
73
74
69
72
72
78
23
115
70
59
119
95
55
85
93
80
40
37
56
63
72
73
36
78
35
54
23
72
106
149
