65
55
48
45
55
69
68
59
65
74
40
60
37
40
35
30
37
59
53
47
38
79
46
45
32
40
24
30
40
38
39
45
35
50
32
42
35
28
20
24
23
22
35
39
32
31
16
12
32
31
12
11
17
27
30
24
20
44
25
41
66
31
25
74
89
8
50
88
113
123
76
144
93
115
119
104
117
108
69
122
84
38
81
61
131
117
59
69
109
151
55
60
134
34
24
46
55
76
45
4
48
58
49
67
34
111
34
89
99
90
111
70
71
114
81
100
89
105
59
51
140
127
94
128
74
127
131
52
31
49
55
120
131
139
143
156
153
103
177
157
148
71
96
168
168
179
102
132
77
70
73
80
64
84
112
107
78
74
120
72
95
133
133
67
129
82
102
90
146
134
160
148
154
107
133
140
112
151
140
152
107
142
142
106
89
80
103
40
45
30
44
32
34
31
59
58
59
60
98
58
9
121
113
137
144
87
112
105
125
133
69
149
102
177
167
167
77
98
104
94
72
96
76
56
108
80
71
99
150
101
102
52
73
57
152
106
123
99
56
51
86
129
166
33
175
146
155
115
167
152
94
152
89
96
124
96
84
51
172
177
168
159
165
91
54
37
43
42
40
24
32
28
33
40
49
28
74
50
38
29
111
28
64
32
93
72
51
30
115
140
88
79
70
79
55
34
89
104
84
72
126
85
75
95
177
48
98
52
151
122
138
95
169
121
171
102
86
141
139
44
28
147
45
50
72
72
152
129
55
68
107
103
36
26
106
125
96
94
90
44
45
52
145
131
140
111
110
83
38
40
7
132
172
148
124
67
68
184
133
119
124
85
136
133
74
76
156
150
178
68
115
99
37
23
102
87
139
148
146
95
33
83
71
85
1
114
77
157
106
175
159
89
88
90
72
127
86
59
101
93
116
119
91
146
111
128
75
124
92
86
85
82
104
40
101
186
148
143
171
154
88
101
85
143
97
153
74
76
115
114
83
47
55
107
134
77
74
104
60
36
102
161
68
150
27
87
83
167
117
139
152
113
153
77
78
85
112
124
90
53
78
26
148
59
144
33
152
117
115
118
108
140
84
167
101
142
164
210
146
184
146
131
119
107
258
276
132
62
152
92
109
29
130
198
134
209
2
95
150
49
41
66
63
55
51
27
25
3
37
12
43
34
29
45
45
62
232
74
81
212
85
130
133
213
220
134
185
145
55
125
183
177
169
200
131
33
112
96
70
274
287
273
194
144
274
196
207
156
149
123
162
82
143
201
1
44
189
47
72
147
184
224
212
216
265
2
54
29
177
151
146
128
283
280
280
236
81
110
104
117
51
218
246
237
240
233
97
72
215
189
94
42
6
5
17
191
26
36
51
258
59
136
69
151
67
168
78
89
178
80
86
71
193
120
101
81
122
65
149
86
26
38
31
30
207
81
226
238
65
96
99
96
58
58
58
129
22
152
162
118
104
116
78
56
69
76
89
117
119
58
61
141
90
78
138
64
125
115
99
83
189
150
73
87
95
115
112
137
135
79
99
98
78
215
247
93
159
108
88
183
141
92
90
73
98
96
101
178
187
205
225
231
95
80
155
134
84
76
80
35
71
35
285
81
152
77
101
114
103
237
218
38
227
196
63
42
119
67
185
157
188
225
238
172
88
104
83
95
141
106
24
93
117
50
142
67
106
102
115
144
87
74
119
120
235
84
167
161
47
133
92
42
57
61
98
75
56
165
136
125
76
148
165
175
139
90
173
140
45
117
34
123
126
141
59
62
97
100
193
42
19
21
79
60
191
190
166
173
163
146
107
200
84
226
237
168
119
55
168
123
70
77
55
58
159
111
134
115
201
234
174
113
139
216
228
173
225
26
175
159
106
97
54
71
43
30
129
176
192
189
72
65
15
143
203
193
63
153
148
90
104
87
83
69
85
110
145
178
217
62
166
49
121
48
75
71
112
123
142
90
166
134
169
190
178
277
85
86
109
192
101
101
88
88
92
85
109
120
127
243
148
187
75
177
135
146
162
107
168
74
101
138
75
107
141
225
127
157
98
130
128
107
103
226
27
98
179
124
97
67
75
119
75
78
138
37
4
32
93
121
221
91
94
97
137
171
180
174
219
101
102
152
1
186
175
170
103
95
77
51
237
71
57
71
175
105
46
104
94
160
66
121
23
121
102
134
180
185
79
116
170
82
176
181
57
109
70
86
147
224
227
161
115
109
158
136
160
158
159
164
148
42
67
93
92
240
244
281
117
183
191
30
209
85
91
176
189
116
98
93
88
68
40
151
108
169
183
97
5
32
75
146
197
211
141
180
104
134
102
111
172
90
176
110
195
48
52
108
71
69
59
85
130
4
129
75
162
175
78
108
30
129
81
89
176
175
119
154
152
116
264
102
134
54
48
134
51
94
61
170
83
209
52
65
195
75
104
105
79
82
100
122
65
116
66
59
192
119
76
67
90
121
28
200
86
117
125
88
87
160
37
116
103
90
215
79
170
55
171
280
48
245
71
145
182
33
107
132
59
240
230
264
122
51
251
88
118
110
45
177
3
78
143
58
168
207
95
195
184
114
161
89
85
151
71
177
145
258
91
183
152
127
92
73
58
140
69
83
91
32
88
134
131
71
89
63
99
67
75
134
26
71
77
149
88
46
108
92
144
68
79
53
68
142
113
27
62
39
10
81
0
59
183
74
125
95
72
95
61
56
43
49
86
45
2
91
202
39
183
20
231
76
211
48
178
134
52
41
82
126
71
177
26
90
67
60
102
82
29
68
180
151
68
128
71
206
108
30
62
41
60
0
168
102
188
69
42
116
92
128
147
47
55
142
72
234
101
29
78
135
87
62
146
71
143
75
107
16
75
134
112
116
83
22
98
101
82
96
71
113
116
110
117
109
85
42
36
22
119
66
40
55
142
92
166
248
126
80
83
75
93
92
36
77
56
-1
328
331
216
92
131
110
91
69
359
43
128
73
169
246
244
44
118
205
236
121
55
68
83
82
99
138
80
80
113
149
86
61
111
177
108
109
69
108
70
140
49
37
96
74
