74
70
69
67
66
74
75
71
77
76
55
76
58
54
57
50
65
58
41
63
27
68
72
47
35
42
32
35
57
52
56
47
41
65
38
50
49
31
27
37
31
30
35
38
33
32
23
11
25
21
16
15
14
32
25
26
30
45
28
61
70
4
7
68
100
7
58
56
71
85
71
101
73
51
57
43
40
80
50
79
105
34
63
50
44
64
62
50
56
56
55
49
74
15
16
48
60
58
28
1
63
101
84
118
56
154
88
98
116
120
120
70
107
132
106
127
115
144
86
71
158
135
136
166
118
138
147
66
53
63
112
149
149
147
145
135
160
112
133
157
153
73
175
160
150
157
58
157
141
87
99
88
96
104
142
121
101
65
126
113
75
149
136
71
126
98
91
78
132
144
147
110
143
167
146
140
127
140
128
168
110
142
160
99
124
108
130
73
71
51
56
54
51
33
83
64
107
67
104
78
21
138
114
131
116
97
102
133
109
96
71
158
104
148
146
142
103
88
68
83
92
100
93
38
118
67
90
99
153
105
119
66
95
85
142
71
125
89
80
65
93
135
161
63
151
129
133
105
140
136
94
133
88
103
97
99
74
73
137
141
131
131
138
100
69
52
54
50
58
47
49
54
43
67
82
41
90
60
58
41
95
40
71
56
92
79
67
59
143
132
75
43
46
88
92
35
86
106
101
73
101
66
90
81
140
29
94
98
147
118
107
30
133
109
55
27
75
121
111
75
50
130
65
51
54
83
140
126
49
66
150
88
39
36
108
43
37
89
79
66
60
88
111
100
107
117
109
78
23
17
3
42
78
86
74
67
78
166
99
93
139
68
118
107
90
51
84
102
131
65
94
110
29
38
160
94
137
145
131
99
75
73
69
71
6
41
54
75
58
159
105
109
109
110
83
53
79
89
76
96
94
90
103
119
114
119
109
109
93
84
82
91
85
27
103
85
78
118
120
137
67
90
79
147
80
119
74
69
97
97
82
60
104
99
106
75
71
102
77
52
117
121
45
125
25
94
84
146
117
102
119
85
125
88
89
90
78
128
100
68
67
43
138
41
103
27
123
106
53
120
99
89
79
57
122
113
126
111
106
81
107
74
101
88
111
69
46
38
97
71
106
31
135
131
102
54
22
52
79
41
30
38
39
32
43
32
29
5
35
15
43
35
33
35
37
51
52
60
57
64
73
117
120
109
115
116
128
106
39
115
111
120
107
72
91
59
112
69
53
66
63
57
46
44
67
53
58
99
95
90
102
78
79
70
8
29
124
36
70
114
89
96
104
106
87
8
80
43
122
134
114
124
67
73
70
52
102
79
87
74
38
66
95
65
54
48
84
70
93
75
70
31
6
5
18
70
3
30
57
62
58
133
65
90
66
126
47
62
70
94
59
66
101
125
87
71
129
61
119
70
5
45
38
24
100
61
48
64
68
103
111
88
91
91
79
118
21
118
134
78
86
57
60
56
55
54
112
47
48
55
69
111
78
75
109
55
89
92
83
49
119
122
64
65
80
84
137
87
90
60
67
65
55
49
64
97
112
55
84
117
87
52
64
52
66
59
73
85
85
88
99
92
104
60
98
80
54
105
108
23
61
47
62
62
104
58
70
97
41
64
54
42
92
72
69
74
87
73
126
99
110
98
69
120
53
76
85
71
52
48
36
61
56
38
105
45
81
81
81
83
50
70
90
84
95
40
102
122
37
75
61
39
61
66
102
76
72
101
79
83
64
113
130
127
111
73
74
126
60
63
25
50
61
85
41
55
85
76
121
52
29
28
57
53
93
91
126
126
118
116
82
76
57
68
77
59
51
43
107
125
66
68
85
99
96
85
117
104
75
67
91
35
102
87
76
112
92
22
115
98
66
51
70
78
49
5
83
120
95
42
69
47
12
78
108
79
65
119
112
68
71
66
57
79
50
92
125
64
80
47
107
74
117
35
55
66
96
58
74
58
143
97
125
53
113
64
71
67
82
121
68
65
63
99
72
87
74
102
82
92
119
42
74
91
100
114
112
106
106
60
57
51
62
82
102
78
96
88
90
89
90
42
97
77
28
98
62
64
76
59
38
52
83
87
99
43
10
21
55
84
75
44
42
41
77
71
82
128
75
61
58
61
2
62
67
54
94
76
58
36
76
63
65
40
125
38
26
100
64
107
58
118
14
56
65
113
83
101
118
106
115
76
52
97
66
71
54
43
93
96
88
78
79
65
105
105
110
93
106
92
72
64
48
49
101
77
71
58
101
44
47
3
93
67
63
46
87
64
54
72
78
51
27
87
85
118
120
78
3
26
190
114
78
79
96
88
97
90
74
83
84
100
73
107
112
32
40
85
81
70
71
64
73
4
93
79
94
45
63
51
29
94
78
66
75
84
96
90
112
83
56
83
95
64
64
62
61
36
43
85
51
48
52
61
74
68
68
58
70
61
84
79
89
44
60
45
88
76
47
72
58
81
24
87
68
96
99
78
82
88
14
123
63
44
51
160
77
66
51
59
56
82
39
95
71
0
57
106
35
86
71
64
82
59
53
49
72
38
30
58
9
44
76
75
65
96
51
55
42
75
69
74
61
144
57
71
82
57
60
51
47
99
62
67
66
81
45
50
50
31
30
44
39
50
55
48
54
68
48
67
11
95
67
82
124
41
66
62
65
60
64
38
46
109
135
38
79
39
0
15
3
45
70
85
36
62
47
80
3
42
39
34
42
44
2
50
75
23
51
28
90
55
43
62
74
80
37
23
151
41
63
76
12
78
62
24
53
67
20
78
60
27
91
99
75
35
92
6
35
40
22
1
85
34
47
47
-1
54
57
77
40
54
45
59
62
37
69
47
82
50
98
43
72
35
94
70
67
8
53
69
69
56
70
6
60
58
54
60
73
68
67
66
62
42
48
53
42
26
76
50
42
42
82
57
67
46
67
84
37
72
53
56
35
58
66
42
52
35
46
62
69
76
68
38
41
32
64
44
36
30
31
58
64
33
35
31
20
65
44
35
57
37
28
29
44
46
26
26
28
20
37
38
17
43
34
16
16
36
72
164
