148
113
112
109
121
169
133
132
163
144
95
134
98
92
93
86
106
132
102
99
68
143
105
94
66
90
61
70
91
91
91
108
68
115
78
92
82
67
54
60
54
52
67
70
62
61
34
26
47
55
23
27
35
55
49
46
49
76
54
105
161
39
23
185
178
18
128
189
177
189
165
204
172
169
177
146
145
217
116
212
201
130
116
129
152
155
173
155
180
154
147
120
209
43
26
63
133
113
60
3
96
124
84
162
89
211
78
183
197
190
228
143
171
208
176
196
184
195
107
99
266
219
192
220
172
259
227
125
66
97
118
234
256
241
240
236
251
185
263
254
235
130
186
264
253
322
164
214
156
165
166
201
163
181
195
227
155
116
214
154
188
233
231
174
243
147
204
154
247
229
282
247
267
211
223
256
207
225
269
246
229
263
240
201
156
176
183
99
113
62
85
60
66
65
116
114
154
114
162
106
15
255
210
219
253
147
237
230
229
247
145
277
177
280
296
287
193
218
192
210
155
154
136
89
185
149
157
193
262
189
253
107
162
142
285
235
250
237
133
117
156
256
258
89
294
264
249
256
246
242
177
228
190
218
210
197
145
118
290
303
300
285
260
158
124
72
69
70
80
40
55
59
55
82
86
55
111
93
84
57
187
67
110
77
135
127
134
82
196
288
157
116
96
155
159
67
172
219
151
118
226
164
160
227
294
81
216
106
255
242
280
98
285
234
196
87
157
255
216
109
74
266
133
98
157
179
371
337
92
179
199
207
79
71
227
168
134
191
179
89
105
146
270
225
251
257
204
198
44
39
14
149
211
262
195
124
158
302
233
180
230
151
244
237
134
116
229
275
308
126
255
236
88
47
190
177
236
249
351
216
78
140
128
133
10
138
125
254
149
275
303
161
161
162
151
195
148
133
177
262
235
216
167
304
228
259
195
255
230
209
192
204
291
96
168
269
225
281
304
283
179
190
165
221
156
296
144
159
246
243
187
97
117
191
244
182
204
183
183
119
213
310
107
254
49
174
148
258
237
259
272
197
281
195
206
139
170
257
166
127
178
64
243
86
255
52
263
227
220
264
282
203
123
229
194
230
316
301
270
382
291
233
295
165
350
285
189
131
314
173
173
49
245
397
219
201
14
148
314
75
73
93
102
74
88
70
53
9
69
27
88
63
55
67
69
107
203
134
130
231
165
233
267
393
407
327
409
323
138
352
316
382
300
266
202
79
215
150
116
215
210
208
148
130
235
193
184
295
285
273
301
167
275
320
10
64
389
80
131
339
263
279
418
371
268
18
155
76
349
325
319
338
205
222
222
212
188
203
226
164
115
250
360
188
184
178
166
136
270
250
177
67
11
7
37
227
23
52
101
179
118
204
130
302
125
373
112
130
259
182
181
103
327
248
199
139
253
146
216
137
23
80
51
51
385
131
182
227
142
176
218
193
135
124
114
256
34
233
226
203
188
198
154
85
113
121
181
179
172
113
128
342
144
153
320
123
181
195
174
176
378
235
147
177
150
183
204
221
181
129
135
177
133
155
179
141
221
196
201
344
267
136
140
134
145
168
172
288
335
298
313
315
184
132
256
265
151
139
138
98
177
107
283
127
312
133
172
169
124
203
248
77
293
210
147
95
210
117
325
297
319
229
225
306
165
159
153
152
154
129
50
160
237
62
312
126
201
197
194
229
126
164
201
189
309
144
312
347
71
319
137
69
115
120
207
139
125
314
222
254
120
288
269
266
296
150
293
224
99
191
48
231
160
401
96
91
158
161
345
95
48
48
132
111
313
313
275
312
260
236
189
254
138
315
277
211
192
104
437
345
146
196
124
138
226
210
248
237
252
239
313
129
243
277
226
327
296
57
264
301
246
181
121
135
93
44
210
247
278
134
139
113
27
203
379
308
129
253
257
174
146
152
133
164
173
231
274
175
237
115
258
116
259
89
122
105
191
192
251
164
240
-1
323
204
319
254
143
129
171
369
156
160
169
128
134
144
176
201
178
265
251
151
139
288
178
240
275
192
242
128
173
191
115
167
329
310
336
282
161
178
175
150
154
243
47
121
173
238
213
143
114
188
127
105
331
72
12
41
157
190
332
111
109
112
275
236
280
252
179
132
188
265
6
283
256
242
170
159
131
99
264
150
146
122
335
94
70
211
128
339
100
172
31
160
158
267
245
258
172
259
262
118
177
279
95
146
130
172
262
287
275
216
152
164
238
261
290
190
195
213
209
117
141
140
163
219
205
196
228
186
172
17
263
133
123
193
330
278
121
157
188
116
67
246
207
256
301
186
11
66
163
232
223
190
301
238
170
237
239
215
353
192
204
167
288
74
78
156
196
167
100
146
309
10
221
143
376
134
131
171
52
163
163
140
230
234
237
204
193
196
181
180
223
90
134
275
115
89
88
262
132
173
144
131
287
138
211
156
178
145
161
207
144
163
161
123
249
218
112
143
125
182
48
282
143
148
245
174
155
185
40
232
119
125
185
122
244
109
192
203
107
229
101
197
210
25
133
285
100
216
223
205
206
104
153
143
201
165
61
194
12
95
237
130
238
281
113
204
154
227
226
189
139
218
128
278
223
181
166
161
165
274
152
133
127
196
85
104
117
57
75
132
114
110
138
114
135
127
117
200
22
153
122
236
194
109
153
131
241
106
124
102
119
245
175
55
139
92
7
64
4
122
188
162
108
183
88
162
78
80
73
75
141
88
11
139
262
42
192
50
243
155
162
66
178
205
86
75
99
145
122
241
46
133
135
62
140
136
33
137
148
141
110
197
123
157
250
44
67
61
83
2
175
91
152
138
97
116
137
145
124
68
53
163
110
130
156
54
147
180
176
87
199
109
211
138
158
18
109
169
162
129
139
34
187
201
183
211
123
150
145
135
131
172
171
62
79
33
235
84
82
68
181
119
220
146
137
126
113
108
101
136
49
97
132
134
148
149
153
111
210
163
133
120
137
59
124
130
121
151
108
98
128
110
109
107
43
153
90
90
162
167
82
114
116
118
75
63
86
87
110
109
72
110
43
71
38
87
145
178
