47
44
34
37
40
47
57
48
49
59
37
42
31
33
31
29
33
48
39
35
27
66
35
44
34
53
35
31
40
34
35
45
27
37
43
49
41
37
34
31
31
30
50
45
42
45
34
18
52
47
27
22
38
41
57
30
30
42
49
34
35
48
37
43
58
17
38
39
45
46
31
58
35
51
43
39
35
42
38
54
38
13
33
28
41
46
35
39
54
46
31
38
40
49
68
80
44
76
65
8
49
38
35
54
35
73
27
59
61
71
66
56
55
63
55
65
50
62
55
54
66
64
53
79
52
84
74
34
14
48
38
75
63
81
84
95
84
102
95
102
104
88
65
90
109
114
75
90
63
71
61
73
52
80
80
88
48
46
71
55
87
85
81
57
81
45
90
44
85
80
107
95
119
62
91
76
81
99
108
115
97
95
81
102
52
55
55
31
46
23
33
32
30
19
44
39
45
39
67
50
4
73
84
83
108
39
106
69
91
115
51
101
72
113
116
107
53
78
61
54
83
85
75
61
60
79
49
55
66
97
67
64
44
45
97
59
95
87
40
53
50
65
94
41
106
102
110
92
97
103
67
101
81
79
58
64
95
45
114
111
98
102
107
62
41
41
45
32
44
29
30
35
36
46
39
32
64
47
50
28
62
30
43
32
70
52
37
29
65
98
65
27
67
79
34
47
53
60
63
42
57
87
57
87
115
136
59
44
78
70
100
29
97
58
43
29
30
89
101
29
21
110
35
39
63
52
68
86
74
34
78
47
9
25
64
58
35
45
43
33
41
41
95
83
90
57
53
52
17
13
2
60
53
40
62
51
58
101
88
71
86
98
79
60
58
64
60
66
105
44
48
59
32
21
79
59
104
115
69
84
30
136
140
136
12
54
33
67
57
110
99
88
91
91
83
56
81
26
201
52
97
90
61
94
71
91
47
96
77
75
75
46
52
34
143
70
71
58
96
87
69
118
166
81
181
97
61
60
79
79
68
42
36
87
67
49
40
70
51
55
66
108
21
86
104
53
142
115
68
67
96
105
109
46
45
82
85
88
83
63
46
28
96
258
101
51
91
75
47
56
61
73
61
54
83
91
103
77
52
63
96
51
64
137
87
77
52
25
65
100
138
70
87
105
82
57
2
41
61
175
285
252
235
232
190
59
54
30
76
44
52
47
82
136
124
104
67
161
158
66
86
70
64
90
84
69
87
74
35
68
70
69
64
61
77
29
103
161
218
58
57
66
48
50
63
50
51
69
63
58
70
87
76
65
0
22
79
72
165
87
50
70
78
81
68
17
51
21
78
71
71
53
65
63
62
56
96
42
75
54
40
69
71
52
60
62
163
149
69
65
95
204
76
42
73
58
9
52
50
57
70
73
142
50
104
77
167
123
73
76
57
58
72
84
74
70
102
45
103
125
4
39
33
38
71
209
53
67
48
99
54
57
37
35
62
76
24
73
77
86
48
69
75
44
58
40
51
67
57
65
48
61
150
150
54
198
92
44
63
34
89
82
52
67
102
120
109
124
121
158
63
117
116
63
64
65
90
46
50
72
93
173
126
165
157
29
135
74
74
72
69
67
72
159
64
61
79
43
49
41
50
43
79
199
63
140
168
69
44
52
49
35
69
55
40
40
139
66
85
87
82
66
62
69
105
110
59
116
45
45
21
177
78
197
59
137
78
62
81
87
104
42
61
53
85
43
77
86
50
79
70
22
38
77
64
48
45
66
58
57
193
60
77
68
70
104
62
89
46
62
29
30
43
61
55
81
142
138
74
44
26
26
167
50
84
69
74
75
79
76
66
60
104
70
63
47
49
145
63
60
55
47
45
55
80
73
85
62
62
63
81
40
83
64
63
82
83
101
62
65
59
60
48
39
104
68
64
80
86
36
40
69
14
56
86
76
103
71
79
105
93
87
57
40
56
56
76
57
56
53
79
33
70
173
47
49
58
79
66
79
87
61
87
44
84
69
90
77
126
83
120
123
101
61
67
48
77
114
119
70
67
39
176
75
103
67
87
70
66
188
100
70
28
41
70
64
57
85
145
136
137
53
107
72
54
56
59
54
56
91
172
79
86
101
68
27
7
136
94
68
73
41
49
46
44
59
59
89
61
60
33
48
45
67
62
60
48
77
92
72
64
55
41
76
89
31
119
84
70
78
139
74
71
61
73
77
74
72
53
65
87
130
43
74
62
97
69
33
64
72
74
55
67
108
63
70
78
67
67
76
52
23
47
51
55
57
60
50
89
50
43
3
75
105
104
57
72
62
126
129
54
111
140
60
80
80
79
67
24
41
45
96
66
57
71
58
50
57
59
50
73
53
69
56
72
207
49
90
57
54
69
97
58
65
85
51
65
39
82
50
43
57
66
63
69
65
61
64
69
55
58
53
62
64
33
60
37
26
64
67
106
47
32
46
66
53
50
60
62
55
91
61
34
33
56
104
65
51
142
37
107
113
36
57
61
49
72
50
101
66
12
64
51
52
58
51
64
39
43
52
44
64
100
58
54
54
91
68
58
58
63
58
69
47
53
49
62
61
-1
58
6
105
90
81
48
63
108
45
34
57
66
82
43
93
105
51
63
53
54
41
34
66
50
63
40
56
123
99
104
82
23
39
36
44
50
38
81
87
150
62
12
43
53
59
64
27
99
115
77
94
67
70
45
68
47
31
57
31
10
23
12
44
55
44
21
56
128
61
33
52
45
99
47
36
22
101
57
54
52
20
66
33
54
56
53
62
90
86
47
47
37
59
18
49
49
27
38
48
93
55
40
38
37
42
54
48
51
28
53
52
31
0
52
20
44
44
30
35
82
68
32
40
44
34
78
37
39
28
43
43
59
43
57
30
47
43
42
13
55
61
51
43
44
5
42
39
42
52
34
40
49
40
49
33
42
25
33
30
47
47
25
35
47
58
41
49
48
44
38
49
73
50
78
47
39
45
46
40
51
48
47
45
40
31
40
22
42
30
42
41
38
19
34
29
38
32
14
38
22
24
40
36
26
33
43
39
26
26
27
33
35
38
27
36
28
30
15
15
40
48
