151
132
112
109
135
160
159
151
179
168
92
144
91
100
85
82
96
144
126
108
98
153
116
103
61
87
55
66
95
85
89
101
76
130
84
93
82
58
37
51
41
43
72
74
63
62
38
21
52
51
19
18
34
64
64
43
47
81
48
104
169
64
49
210
201
25
134
205
253
250
183
282
225
210
214
193
201
229
152
285
218
155
142
144
228
215
174
153
254
229
146
112
249
66
40
83
132
158
84
8
107
124
96
172
71
242
80
189
231
175
207
130
177
228
191
201
202
231
127
127
285
243
215
277
198
276
265
116
88
110
139
275
302
301
281
294
322
233
337
337
345
150
238
361
370
387
254
287
170
151
141
169
132
204
242
218
207
198
236
165
208
282
279
144
261
175
195
194
274
268
317
282
328
236
296
323
282
330
296
330
257
284
327
278
163
156
217
110
98
71
97
82
66
78
130
139
173
113
209
121
15
308
277
276
331
186
242
236
253
264
129
348
241
357
340
352
231
269
252
289
158
200
170
130
195
203
182
221
320
234
233
145
168
136
337
311
252
209
95
138
169
297
324
77
369
305
321
226
331
309
181
319
266
279
271
206
178
104
330
346
322
298
342
177
113
80
81
84
90
55
63
62
60
84
91
59
149
95
88
70
247
66
104
73
186
116
141
73
236
284
175
142
158
189
162
73
196
268
156
177
283
206
158
272
334
98
245
122
313
218
295
147
289
297
276
158
176
285
283
121
63
320
124
97
202
210
390
348
114
171
238
221
87
88
235
233
182
243
246
98
89
128
278
268
294
266
240
199
52
71
15
204
327
388
281
119
186
376
273
215
270
187
304
292
167
130
325
353
383
125
292
271
74
47
244
181
291
299
339
241
82
205
186
176
7
170
152
324
225
355
293
208
207
209
199
236
187
156
216
235
274
247
186
349
231
249
180
254
233
214
200
189
290
96
232
308
273
322
312
286
231
196
210
297
212
275
167
188
310
308
231
143
128
253
328
213
189
250
121
98
217
280
153
296
58
194
191
337
285
323
290
202
286
248
232
189
232
347
195
128
177
52
304
122
307
66
327
317
265
253
246
291
159
313
283
293
347
495
303
382
285
252
318
217
558
496
254
143
300
213
215
54
271
423
285
320
13
163
342
82
82
107
115
103
108
58
50
7
62
27
96
61
54
82
90
129
302
153
159
318
213
304
307
591
596
304
432
332
125
310
429
422
396
323
238
84
223
164
140
357
339
320
242
213
331
278
269
309
281
402
390
183
252
362
7
103
404
94
162
395
417
485
510
517
481
8
154
70
357
367
355
346
354
382
383
309
229
242
234
242
166
344
484
291
259
273
221
182
418
331
185
69
18
14
38
326
45
84
101
302
123
264
152
328
144
449
163
208
331
219
191
141
506
275
247
231
241
160
257
185
39
78
45
39
425
169
243
284
190
209
194
183
112
105
135
282
32
319
325
264
220
242
185
112
151
171
174
275
272
138
126
268
190
157
285
138
226
232
249
160
415
312
183
193
206
218
237
232
245
171
173
223
162
248
302
201
303
231
186
410
300
187
177
136
200
211
212
482
432
546
505
501
240
164
291
256
150
135
135
104
157
96
429
149
373
149
196
200
165
273
314
97
428
373
155
94
238
146
427
379
409
417
405
395
179
220
198
226
168
192
49
192
246
88
386
127
218
188
203
245
149
192
263
256
462
204
452
387
75
246
168
74
100
132
179
193
126
335
271
297
160
372
403
384
298
198
351
300
94
208
74
316
175
303
119
113
201
206
453
118
51
41
166
148
-1
685
355
382
393
333
197
352
185
362
336
217
302
113
387
281
145
185
112
117
337
237
275
261
347
351
454
132
316
390
368
380
514
54
346
276
241
180
124
120
94
71
239
378
383
174
148
123
26
260
469
384
148
292
279
173
227
216
209
133
185
267
338
272
327
120
335
125
298
91
172
143
219
251
281
182
302
313
400
233
399
381
156
145
209
461
198
198
181
153
166
156
213
228
214
376
326
177
153
384
256
350
296
224
296
138
165
257
136
220
360
355
283
410
224
248
247
189
174
420
51
177
226
260
164
151
148
243
158
162
376
98
13
61
191
210
429
134
133
147
367
350
496
286
306
199
275
258
10
341
304
305
212
209
139
111
360
162
148
147
398
157
82
207
214
385
114
242
38
220
175
335
346
452
178
252
345
179
192
328
125
183
151
175
299
484
510
347
217
182
344
269
392
257
300
304
247
125
123
171
190
328
318
325
240
222
204
35
475
151
184
257
375
268
168
185
183
121
69
318
299
346
356
266
10
64
161
275
326
312
291
365
181
215
240
239
335
190
361
226
393
103
107
202
205
171
129
173
244
22
209
155
370
227
133
195
61
225
213
151
309
294
221
226
242
202
352
228
229
101
144
221
123
130
107
288
149
238
138
127
428
167
186
178
146
158
176
253
120
189
147
124
358
261
139
130
168
216
54
367
180
182
377
150
148
240
40
289
174
132
242
162
329
95
232
292
108
393
119
261
378
56
161
329
107
349
326
317
250
107
257
183
216
182
84
305
5
124
273
140
393
469
168
239
198
197
277
155
166
280
163
335
333
300
152
229
195
244
141
123
121
228
109
159
165
52
104
160
159
112
201
101
152
145
138
214
44
163
140
265
223
94
188
180
309
140
139
104
124
287
223
52
142
107
17
98
6
102
318
161
188
165
128
145
96
87
94
85
149
96
13
158
368
75
243
39
374
158
210
87
272
220
96
86
134
152
161
343
62
158
113
83
164
174
44
197
226
162
123
216
121
217
276
76
111
94
102
1
236
169
180
134
93
161
150
193
154
75
65
230
144
190
185
59
155
202
161
94
235
130
228
123
233
32
148
225
220
175
154
45
197
165
171
189
133
179
206
154
148
188
169
63
83
36
268
128
83
80
206
151
232
197
225
137
90
159
128
181
68
128
119
191
215
201
195
139
198
167
144
138
194
55
160
143
189
200
146
120
169
130
163
109
62
184
92
88
159
144
90
134
149
179
103
90
86
148
112
139
68
121
79
85
63
112
196
195
