147
136
114
117
121
160
147
153
153
157
101
138
93
94
104
89
101
137
113
98
50
116
96
123
91
107
70
83
126
119
90
116
86
115
112
128
119
82
82
88
93
77
117
111
90
99
64
42
80
93
52
44
66
84
91
74
87
109
86
97
112
36
49
142
166
57
113
128
137
130
104
131
108
112
100
107
91
115
87
137
118
78
75
88
109
109
121
117
140
100
93
109
132
70
36
102
130
189
82
13
148
123
102
160
79
213
93
182
187
179
186
131
153
175
155
176
172
177
157
129
215
195
171
221
160
243
192
125
71
114
144
208
229
214
216
218
232
187
203
213
207
114
175
239
213
246
144
169
169
169
155
164
126
173
183
187
162
132
221
154
158
212
202
153
221
137
196
151
206
222
236
191
202
197
197
222
189
198
229
229
169
213
207
198
153
163
156
96
128
76
99
89
94
73
106
115
133
95
145
112
31
197
184
193
210
115
203
182
222
204
134
231
154
235
210
211
154
146
131
154
260
257
219
103
158
125
150
152
218
171
207
169
145
143
220
146
211
162
101
150
121
205
247
102
253
200
195
190
222
219
154
198
153
160
172
183
147
98
252
258
254
237
224
157
140
84
82
100
88
68
69
83
70
87
90
74
107
87
91
89
164
76
119
83
125
99
108
91
177
225
145
88
120
122
105
113
196
162
222
144
217
159
146
168
220
109
208
103
201
204
209
77
223
200
119
58
115
205
168
124
67
193
108
91
157
154
217
213
147
113
177
143
47
82
200
121
108
118
121
112
122
134
214
192
182
174
183
123
33
33
13
90
147
141
127
145
146
243
169
189
212
185
227
195
171
129
154
160
223
151
152
150
72
60
188
145
196
228
189
149
79
242
217
214
56
97
80
140
107
211
225
157
156
156
126
134
247
101
288
144
171
197
182
192
169
193
139
218
140
135
128
138
150
79
239
161
133
185
238
211
149
238
239
200
246
217
84
95
166
163
138
153
94
145
153
121
136
159
143
105
172
238
85
197
74
167
235
218
161
157
230
166
222
147
144
197
201
179
199
194
124
73
209
131
218
57
182
173
150
169
169
150
116
138
202
187
217
177
200
180
212
136
160
200
204
172
110
96
159
194
251
69
199
203
194
114
23
90
163
110
102
125
125
99
134
94
77
27
110
59
125
76
100
100
115
161
113
213
181
119
140
197
186
207
211
166
193
174
74
188
169
199
155
151
167
70
191
213
158
116
114
112
95
82
128
99
123
184
167
158
176
-1
146
158
12
66
198
116
198
180
159
176
211
193
154
49
162
59
207
203
183
179
118
123
126
112
136
139
138
146
116
138
184
111
96
101
229
170
146
155
189
93
18
5
62
126
14
57
146
118
124
184
192
156
204
191
184
196
140
155
115
141
187
167
150
120
213
118
204
221
18
127
82
62
204
187
98
111
159
143
152
173
135
132
108
159
46
160
151
146
127
114
84
76
100
99
139
117
124
94
145
178
181
235
188
159
146
130
134
95
204
144
183
194
154
182
207
184
181
184
188
164
171
88
104
114
180
122
128
161
183
191
214
180
226
132
209
161
161
176
174
169
243
191
188
151
129
117
124
111
130
74
160
163
176
148
243
174
75
109
117
90
167
123
138
119
235
94
171
157
175
146
133
194
140
157
175
164
106
105
51
206
141
80
148
164
173
157
158
171
173
122
142
130
163
114
180
186
106
153
122
60
108
117
173
89
100
191
151
150
167
161
183
177
180
143
179
180
136
126
61
112
87
155
75
88
232
217
174
79
58
61
171
172
183
189
165
166
164
157
130
137
134
164
148
114
129
148
167
182
89
117
106
118
178
143
176
139
131
128
165
76
150
157
125
180
168
89
186
160
131
96
152
97
148
47
122
157
174
70
97
115
57
125
186
173
144
162
154
163
161
142
93
103
124
132
168
104
107
133
150
102
165
119
93
116
125
113
130
137
178
167
166
100
192
138
139
138
175
193
204
205
175
94
105
170
147
189
197
154
170
88
192
162
196
141
199
154
148
183
129
117
81
114
148
145
168
168
207
202
202
94
173
139
80
137
106
146
107
164
150
133
231
203
152
72
37
55
146
156
174
84
82
90
123
128
150
177
120
105
112
149
9
170
153
143
107
150
186
153
136
137
140
146
196
69
93
170
109
171
138
116
47
103
124
147
134
133
149
167
154
168
96
162
120
150
111
111
165
148
158
131
94
172
140
145
158
127
122
125
98
90
85
77
112
118
108
105
200
81
82
11
144
152
134
105
170
114
167
201
131
157
103
157
122
154
172
118
46
103
152
150
125
116
155
132
132
128
108
129
161
154
124
87
166
100
76
184
109
112
94
164
149
12
161
181
157
75
121
110
71
111
110
104
125
117
122
136
127
104
112
132
144
89
73
123
98
49
120
152
177
87
64
127
139
138
126
101
130
87
130
122
102
82
95
185
138
95
132
102
174
195
80
142
164
117
141
109
135
124
29
155
86
104
89
118
144
80
110
113
120
120
151
134
126
25
147
155
89
133
129
128
173
102
94
101
138
77
87
107
15
123
175
103
136
135
136
101
80
134
129
144
96
172
169
139
112
116
109
89
86
168
118
118
103
95
124
136
131
98
52
79
76
88
108
122
122
127
135
117
24
109
123
112
142
68
149
201
141
154
113
77
105
162
138
58
163
111
13
44
7
106
105
130
75
81
104
150
42
101
75
98
74
129
7
139
135
40
89
53
145
96
99
77
107
120
120
100
98
94
81
114
63
134
79
55
81
117
52
108
87
64
81
102
98
78
127
34
66
62
55
11
106
44
74
75
78
79
139
99
77
62
74
86
104
59
91
67
109
90
131
68
108
64
130
118
99
25
72
124
97
74
116
17
104
97
110
110
91
75
92
83
77
98
88
63
72
46
116
99
62
50
109
129
108
86
82
101
62
101
123
95
59
130
91
82
92
80
106
84
100
81
78
75
83
52
73
64
64
64
65
53
65
64
72
64
28
101
49
50
72
72
64
62
85
69
47
37
50
63
70
62
44
56
41
49
29
50
95
143
