131
116
101
103
103
121
137
131
137
117
84
123
84
95
102
81
88
111
102
90
40
93
89
110
94
119
73
85
121
119
87
90
68
68
122
138
121
81
103
121
102
108
109
111
116
87
84
76
100
78
72
72
77
97
90
98
104
113
93
78
87
26
53
114
106
61
86
97
96
78
80
94
70
82
61
73
59
72
73
79
82
58
43
37
73
71
94
78
117
52
78
94
78
64
44
99
109
153
81
16
141
96
91
126
74
93
77
108
114
102
90
86
121
95
84
89
105
96
110
95
101
103
96
122
91
118
90
82
45
106
115
93
104
101
93
90
91
101
84
80
80
71
98
95
84
104
40
67
116
75
73
66
74
77
101
107
123
91
126
80
98
95
83
84
107
92
84
44
94
96
83
66
77
87
86
102
91
70
73
87
91
81
86
109
83
97
80
57
97
70
64
59
70
64
72
89
95
56
77
73
22
106
94
90
81
58
80
74
84
87
82
96
77
89
83
87
110
92
82
123
154
126
119
99
85
81
125
86
87
93
79
145
90
111
89
99
89
93
62
94
68
100
98
93
94
71
74
70
91
89
73
63
95
106
88
102
87
60
95
97
88
88
81
67
122
63
58
67
62
64
61
59
56
76
66
61
62
65
73
51
86
51
66
66
56
52
102
68
89
85
105
66
67
65
67
-1
108
72
107
80
86
81
84
110
87
59
86
40
86
97
88
48
87
92
51
32
58
80
71
91
62
76
82
59
104
98
93
95
138
89
79
57
21
53
107
74
66
73
98
105
106
63
81
69
85
97
90
93
21
16
12
67
77
64
85
95
106
92
75
72
95
95
99
100
96
58
83
87
95
80
90
94
54
36
62
81
76
96
83
86
68
114
121
110
37
74
74
83
79
93
85
73
74
74
85
85
105
51
111
77
103
61
77
100
66
70
88
73
83
74
77
67
83
54
95
68
69
93
82
82
94
98
85
78
88
86
44
48
96
96
70
68
60
71
84
84
94
74
56
59
81
80
19
76
52
107
88
81
95
92
77
71
90
128
116
98
89
87
71
104
114
72
86
70
95
39
74
84
86
76
82
79
54
65
101
78
82
85
95
72
88
84
74
90
78
75
48
23
80
83
92
63
76
85
81
53
11
80
64
70
52
56
61
55
65
96
85
29
83
54
128
84
74
50
62
88
48
89
77
54
82
100
94
88
76
85
79
80
48
75
73
84
66
60
78
57
69
79
78
46
44
44
36
36
45
35
55
92
78
61
87
113
69
75
8
59
81
85
70
65
77
72
89
79
60
35
84
43
83
90
80
82
43
43
44
52
108
61
50
65
88
51
74
40
35
44
85
68
64
65
85
50
13
4
37
51
9
37
87
43
55
63
103
72
96
76
93
86
55
102
69
131
70
78
63
78
78
73
70
99
10
86
57
58
83
75
36
40
81
52
66
56
65
68
77
68
68
65
70
45
47
42
45
47
59
29
65
30
34
53
102
70
94
88
71
80
54
72
59
55
77
58
117
120
72
82
78
68
80
63
78
84
82
34
38
64
69
39
49
62
65
87
78
73
83
65
95
62
67
68
67
67
95
82
78
86
44
53
56
80
67
46
60
82
88
57
91
64
44
51
45
87
67
48
88
107
88
31
79
65
76
55
54
68
70
79
92
70
61
68
30
76
37
44
60
73
60
58
65
73
77
100
60
47
67
70
73
76
83
74
37
63
59
51
75
49
32
81
86
81
71
74
76
73
68
65
75
75
110
85
69
38
44
64
39
51
79
82
78
28
26
36
67
114
73
74
59
71
69
66
57
56
66
77
58
58
59
62
68
76
45
44
45
62
78
65
76
55
55
63
78
49
69
48
50
76
59
47
65
53
43
35
81
37
73
16
49
65
64
24
62
46
42
50
80
70
68
74
56
75
73
76
38
51
37
87
65
41
45
76
59
80
90
69
48
57
52
54
63
66
63
67
69
44
75
60
68
61
66
86
75
71
82
29
30
80
49
78
83
59
67
32
84
63
77
58
68
68
58
66
51
46
9
73
65
65
66
73
75
72
72
23
64
55
73
45
51
58
54
84
70
52
71
69
72
21
27
24
64
64
64
62
64
64
42
59
62
68
45
38
34
63
4
64
60
53
40
54
73
118
57
80
89
71
70
30
61
73
37
63
70
50
29
46
46
67
44
53
71
73
62
69
45
63
67
63
49
44
68
61
59
56
41
68
57
59
56
51
46
50
33
57
37
33
62
37
36
38
76
39
26
4
54
54
58
53
65
58
58
68
53
47
51
74
60
66
68
62
54
67
51
65
51
47
65
57
49
51
40
53
63
63
50
47
64
57
36
66
69
61
51
84
60
3
64
72
60
28
54
64
70
44
57
22
58
47
55
54
50
40
41
73
69
44
50
62
87
25
57
62
69
31
35
53
56
72
73
44
61
36
52
49
53
39
57
68
51
46
64
54
69
70
81
64
81
46
74
57
54
48
13
80
31
32
39
45
53
39
37
41
72
48
64
57
49
1
59
65
33
52
50
56
72
57
29
50
68
31
47
46
30
48
67
53
55
54
44
45
29
47
53
55
48
71
93
50
46
48
40
29
31
57
52
48
42
38
62
52
44
46
23
32
30
68
47
55
51
71
67
51
26
53
60
45
68
44
61
71
64
70
41
42
53
67
55
67
80
66
13
18
6
41
47
79
23
29
52
64
2
38
30
50
19
88
10
47
45
27
40
37
52
32
34
35
43
47
44
47
33
41
59
45
60
67
45
26
31
59
33
67
39
35
36
49
43
33
72
0
32
32
3
13
41
4
31
34
35
49
56
43
26
33
35
36
57
27
52
42
55
39
56
30
40
45
48
36
51
17
48
45
47
36
67
13
64
57
62
65
37
37
42
35
34
55
52
31
35
28
65
48
39
34
41
51
50
28
40
46
29
60
54
54
30
41
51
34
31
26
40
28
51
39
36
47
30
28
26
37
29
28
33
28
28
16
31
28
14
67
20
19
35
26
21
38
34
29
12
22
25
21
32
26
9
27
22
16
12
28
51
62
