126
95
80
75
102
132
119
118
141
134
74
113
68
68
71
59
68
118
104
73
47
90
87
83
49
77
38
51
71
60
62
79
62
98
70
71
63
43
26
32
34
37
62
61
60
63
26
13
40
49
17
17
23
44
55
26
31
59
38
71
88
34
38
118
156
33
82
105
133
134
106
145
116
99
110
96
106
123
76
141
127
82
63
87
99
109
81
92
125
104
75
88
117
51
28
57
107
105
54
9
69
103
85
156
64
194
71
180
153
196
210
153
173
212
203
205
218
241
95
89
193
220
219
248
187
202
223
145
110
87
121
215
211
212
216
213
220
197
252
241
197
117
184
243
255
256
96
158
157
151
144
131
121
156
204
174
141
127
178
147
146
222
228
131
207
176
167
147
221
197
213
193
213
191
233
168
217
226
207
213
181
186
201
181
143
155
165
102
72
67
85
62
60
73
118
95
113
113
161
114
21
170
167
199
194
182
158
198
204
163
133
220
146
226
232
226
150
97
99
147
130
149
127
85
197
129
161
163
225
205
185
96
147
94
205
130
156
160
117
81
144
192
205
71
244
194
194
162
227
210
111
188
144
150
121
164
117
109
245
237
235
230
247
105
78
56
67
67
66
39
47
50
43
68
80
46
79
74
64
42
141
52
76
60
104
88
79
55
124
188
135
71
100
131
100
55
125
140
133
67
143
140
150
115
238
65
109
107
213
167
198
87
229
139
99
42
111
212
156
112
56
209
74
80
110
132
166
155
90
85
166
131
74
59
131
113
96
148
136
86
83
129
193
174
179
137
163
117
23
17
7
84
104
101
145
95
116
248
183
130
203
133
157
152
136
88
155
154
218
79
171
153
59
35
125
190
216
173
177
140
63
130
128
130
10
82
71
129
92
235
172
160
161
158
96
128
115
164
131
122
153
173
93
167
167
189
126
174
145
131
120
126
134
81
129
119
117
141
233
198
123
111
100
223
114
197
87
92
147
148
90
124
114
148
161
116
92
144
111
95
169
204
70
202
37
140
125
192
154
152
208
162
222
137
129
112
138
184
112
90
103
55
204
64
173
33
163
158
108
139
137
121
116
94
187
178
177
158
128
134
191
125
146
122
161
136
83
87
147
103
140
39
181
190
191
79
21
76
131
50
46
68
68
54
74
48
30
8
49
24
71
40
30
50
60
87
96
89
96
105
138
147
147
154
154
161
167
141
58
150
158
172
147
119
160
70
143
106
82
94
109
95
65
74
113
71
103
161
157
120
145
109
109
121
9
51
157
67
87
134
119
151
162
160
148
8
100
54
165
171
154
158
112
117
120
96
145
98
101
150
108
107
143
97
86
72
129
91
132
122
107
41
5
7
24
105
17
48
90
110
85
189
96
130
103
142
95
116
107
127
96
109
146
157
104
111
162
121
156
104
9
58
45
40
171
94
81
93
128
99
112
92
72
64
80
135
24
136
138
121
108
105
72
61
92
100
85
123
116
85
83
142
111
95
156
83
121
118
105
75
186
131
108
122
113
119
153
113
117
81
118
135
84
71
94
130
198
87
89
135
162
116
106
78
119
115
127
136
145
141
153
142
130
110
161
145
75
86
86
74
104
58
135
104
175
73
128
125
60
88
85
62
138
113
127
67
154
57
160
142
166
138
126
168
116
141
149
137
82
92
37
109
116
46
127
74
132
134
169
176
90
125
129
118
153
101
150
147
68
105
73
36
115
95
159
83
82
169
144
104
104
165
198
159
184
126
137
206
79
115
54
76
80
126
64
71
123
118
163
58
33
25
97
78
155
151
170
159
174
145
113
121
121
127
123
92
91
74
142
143
78
67
100
110
155
132
195
148
115
123
134
65
143
135
111
155
151
42
186
132
84
81
91
52
63
41
91
165
145
62
88
106
18
119
167
139
104
122
131
131
146
162
64
78
89
141
156
95
118
95
144
84
157
60
96
115
139
111
110
124
214
147
154
88
180
110
99
97
121
166
111
111
108
74
80
102
104
147
145
136
164
65
98
132
142
136
175
192
153
100
88
94
41
116
131
130
140
146
127
133
132
96
100
123
36
94
101
121
90
85
94
104
86
81
131
63
21
35
120
155
136
68
74
83
115
135
151
198
109
66
94
134
2
136
118
109
141
110
97
91
128
102
94
92
166
58
49
163
99
147
81
104
24
83
135
152
130
144
194
152
167
102
75
158
81
106
63
76
161
149
149
109
97
114
153
133
172
124
123
122
88
82
69
54
93
102
105
119
141
69
73
3
145
102
115
88
149
91
102
120
93
58
45
165
105
161
176
124
8
54
124
173
135
119
128
144
101
135
96
99
132
133
96
121
175
61
59
121
91
83
95
135
99
10
185
98
147
58
72
106
45
97
94
59
146
108
132
125
104
99
113
149
135
87
62
107
77
49
94
160
90
77
48
74
129
109
109
98
112
64
106
94
86
60
67
84
126
90
84
109
100
126
34
137
130
94
148
84
103
119
17
143
65
69
83
115
138
86
86
108
61
117
74
128
116
20
100
129
51
126
119
116
157
100
81
81
129
65
43
114
12
72
175
104
125
135
93
87
74
96
116
96
79
165
109
129
122
94
100
73
86
129
116
74
84
90
65
101
105
37
24
69
74
79
85
60
76
99
87
106
14
171
106
108
156
85
91
105
136
93
96
63
87
148
135
36
112
59
13
26
3
87
100
107
55
83
70
110
23
43
47
57
72
63
5
89
133
38
89
28
138
87
76
63
103
105
66
51
91
58
85
103
36
109
69
31
57
89
23
104
115
71
113
103
73
76
142
8
67
51
28
0
120
39
63
70
82
97
93
68
69
52
39
83
97
62
94
56
-1
94
165
52
112
61
125
68
108
15
86
116
124
80
153
28
122
98
107
109
170
128
114
65
63
102
81
53
56
22
151
96
107
42
108
100
122
80
108
132
54
122
96
124
24
100
78
78
88
72
78
108
124
119
106
86
75
46
84
74
63
71
56
78
64
46
60
48
17
108
51
37
109
67
43
74
80
63
45
39
43
62
54
63
22
70
28
36
18
84
118
129
