186
135
168
166
155
222
191
187
200
206
124
160
126
149
132
113
153
148
152
155
47
119
182
125
84
101
91
75
122
106
129
167
114
208
94
104
99
103
64
70
83
76
76
73
69
61
46
41
50
66
40
31
48
55
50
59
68
103
54
159
172
0
17
225
207
29
160
216
235
237
213
236
198
205
175
175
152
209
135
234
286
135
153
200
163
179
215
141
236
168
143
126
287
21
23
92
133
125
42
0
123
181
147
216
132
268
128
202
329
230
269
151
235
236
194
207
219
235
172
146
357
248
222
291
205
307
240
179
107
152
165
311
353
281
287
281
343
194
319
313
321
123
277
361
318
356
212
277
205
187
159
223
194
238
257
223
274
163
272
206
219
256
281
180
292
200
227
159
294
301
327
299
307
241
284
407
245
308
308
317
239
299
298
204
180
230
226
154
149
112
127
108
122
127
164
183
307
122
196
156
36
371
237
296
296
200
248
260
253
262
159
306
197
313
307
299
266
192
170
249
187
192
168
94
247
190
215
252
324
168
305
134
217
196
312
210
248
179
140
162
212
316
329
63
332
298
273
263
317
288
235
284
275
296
430
256
157
117
315
329
289
291
298
219
142
106
106
112
108
88
98
85
77
143
133
91
139
122
115
83
247
49
158
123
220
144
210
110
338
342
177
125
85
177
208
97
225
261
155
216
337
164
176
197
352
20
305
134
329
274
288
108
312
371
241
118
278
297
237
128
65
286
192
106
231
218
376
357
113
158
214
337
134
111
360
197
157
206
194
102
99
164
301
264
320
-1
345
216
45
68
17
114
236
287
223
111
263
348
256
211
283
123
356
364
147
162
230
261
343
186
243
313
104
75
277
158
271
265
344
221
102
141
114
139
18
117
139
226
177
303
331
142
145
143
188
183
151
149
188
245
268
273
238
295
211
237
264
307
237
196
193
236
230
81
185
202
174
385
290
297
252
194
195
269
163
273
157
191
280
281
168
119
178
237
270
223
246
223
153
78
302
298
228
293
59
197
164
292
278
219
306
176
278
274
287
162
211
298
150
144
233
65
266
83
316
50
360
287
260
279
268
260
153
201
246
284
320
257
355
258
290
190
230
170
308
252
186
239
250
178
191
71
240
335
255
199
31
148
249
76
61
81
73
63
87
74
64
8
70
39
96
67
78
63
72
97
157
116
98
204
195
316
338
303
307
246
338
343
85
258
315
325
263
227
206
131
203
122
113
197
188
180
134
142
191
161
176
266
249
241
214
174
233
236
15
133
319
75
125
279
315
274
304
287
229
13
170
99
327
365
329
378
191
188
191
167
196
292
209
163
129
193
268
174
154
160
181
132
214
201
160
58
11
4
46
175
14
42
80
162
98
285
115
298
116
273
104
131
199
216
145
136
256
265
244
201
219
234
237
144
28
98
53
36
308
117
146
164
170
171
214
182
140
135
136
259
50
278
276
206
206
219
162
107
131
108
195
171
165
113
149
301
130
127
285
102
164
368
239
188
343
280
228
239
170
188
173
198
186
130
178
183
133
154
175
181
270
147
171
243
297
110
133
97
148
195
145
235
234
257
264
255
223
109
287
211
116
188
196
105
175
93
243
95
321
103
164
257
52
175
198
113
226
193
161
102
189
136
292
239
305
204
189
337
128
137
174
155
129
144
44
129
188
45
209
97
200
169
170
232
111
189
266
258
251
145
281
341
71
216
149
107
148
62
205
175
90
280
255
212
105
318
332
327
307
145
242
256
130
202
74
224
105
241
112
93
158
155
323
98
42
55
112
161
266
287
290
263
293
252
189
194
124
230
204
159
153
88
282
344
109
140
98
115
367
196
240
218
195
214
269
91
259
199
187
344
246
16
302
286
159
163
129
148
61
0
200
256
253
114
110
88
38
199
320
261
134
236
270
121
144
136
161
189
144
227
302
163
187
142
238
217
273
64
171
111
187
206
203
158
255
257
278
153
335
194
109
96
152
310
133
130
131
105
103
203
157
166
150
217
264
132
117
242
160
239
270
176
226
91
124
206
99
219
238
215
208
273
161
177
174
111
131
193
56
145
118
193
153
86
91
201
134
125
246
68
18
32
141
213
266
131
128
147
259
197
238
254
159
172
311
202
2
224
207
179
193
178
122
95
202
152
191
116
313
115
69
210
165
284
78
165
29
180
168
205
191
206
177
269
255
114
123
260
96
122
119
203
239
248
241
161
171
139
227
274
309
191
194
197
119
137
124
132
168
172
160
165
214
151
137
21
223
93
121
149
262
176
103
124
212
93
51
259
174
247
314
174
28
56
187
206
205
164
218
204
183
209
194
180
252
188
185
136
261
62
62
166
118
136
53
130
212
5
184
170
264
146
99
171
43
178
146
110
214
165
158
238
212
143
166
182
225
61
82
185
146
112
55
235
89
135
106
126
232
143
174
190
161
124
103
169
183
123
97
103
227
156
74
141
108
166
59
209
141
140
213
215
117
218
47
293
144
92
156
140
195
110
167
172
119
184
74
197
202
0
104
264
53
194
177
179
238
78
155
164
199
173
57
183
9
80
233
109
235
208
100
122
121
197
171
130
146
213
102
182
209
160
153
156
120
273
118
115
101
134
66
81
96
31
84
113
108
126
185
117
97
87
75
184
34
152
128
188
219
140
121
111
170
72
79
51
97
252
194
62
119
108
0
71
3
106
160
169
129
126
65
166
59
83
58
63
90
86
0
95
206
22
135
49
196
124
128
34
155
198
54
64
98
82
129
184
69
142
110
64
128
173
36
168
123
99
88
192
107
118
218
33
47
75
73
17
175
115
97
92
117
139
113
147
87
46
47
137
118
104
174
66
137
135
138
72
219
103
224
118
167
32
106
192
162
98
124
44
161
131
166
165
117
129
154
116
105
150
132
48
76
33
190
74
91
44
187
110
181
110
137
124
79
141
72
170
41
83
102
111
127
127
132
90
174
128
118
109
110
49
138
112
106
112
92
112
110
86
95
100
47
155
116
102
121
105
65
91
106
100
52
36
47
81
91
82
48
94
48
57
29
126
164
241
