119
135
104
99
95
130
145
146
141
148
87
124
90
103
93
79
102
124
105
100
77
125
102
153
108
145
76
113
116
120
86
83
69
68
200
217
189
101
122
126
122
122
225
237
-1
216
156
131
172
184
108
116
126
179
172
147
157
136
128
76
92
77
106
122
128
128
86
99
103
100
71
102
78
77
71
70
61
85
85
80
77
69
46
17
86
78
92
99
96
56
82
102
74
126
80
114
102
135
128
35
93
70
68
90
49
108
67
117
70
84
84
77
92
99
90
100
97
102
87
74
73
96
100
141
103
108
99
88
85
80
83
99
94
104
91
93
106
102
85
84
106
89
110
104
96
97
48
55
91
79
77
55
55
78
85
91
82
103
102
81
75
109
92
68
99
95
88
55
90
97
77
62
89
93
111
87
94
101
66
93
85
78
96
111
97
77
90
59
58
48
70
59
45
45
68
65
61
51
78
82
25
79
96
107
84
74
60
85
73
88
92
96
80
85
87
73
105
117
87
95
145
145
162
126
80
80
96
72
97
110
66
151
81
74
100
102
75
78
68
62
71
101
104
77
90
69
72
56
91
94
50
82
74
88
59
75
89
51
78
80
84
84
100
55
90
54
48
62
55
51
56
55
56
60
60
50
63
55
55
50
60
56
53
51
50
53
79
57
62
72
121
66
78
59
53
116
87
92
118
65
60
79
65
102
87
104
62
58
80
72
69
51
75
59
49
35
40
75
74
65
47
82
55
40
66
97
88
82
125
84
78
34
9
42
64
75
73
73
100
106
87
65
71
60
57
69
76
80
27
20
17
69
75
62
88
87
98
86
62
88
86
97
96
69
98
59
81
87
84
55
81
88
36
39
52
85
85
106
79
81
62
137
141
123
39
70
59
77
66
92
61
104
104
105
83
78
113
62
93
72
89
55
73
81
72
72
67
63
68
68
66
57
72
80
126
64
74
63
77
85
76
112
82
90
91
75
49
57
91
90
76
81
44
56
75
61
74
62
57
48
51
71
9
68
61
122
90
80
88
95
72
66
82
97
93
105
78
88
74
108
80
71
81
72
76
44
65
75
64
63
70
79
61
64
96
69
66
79
65
65
62
70
76
97
75
72
51
11
66
67
89
80
72
76
84
51
28
61
63
79
53
58
70
62
81
95
74
22
78
74
104
87
83
56
70
95
55
63
64
65
61
63
57
76
71
79
72
58
57
70
78
63
60
59
70
52
62
79
79
55
51
48
34
33
51
42
48
66
67
63
77
90
53
67
14
35
65
120
63
61
64
77
73
69
63
36
77
34
78
76
72
61
49
50
46
50
72
39
49
72
79
54
68
45
40
43
90
76
63
59
67
59
25
16
41
54
27
55
123
51
45
58
91
58
82
68
81
81
66
75
79
110
74
53
37
48
72
52
75
111
12
62
44
73
69
73
35
41
76
75
59
64
58
52
56
41
64
49
47
50
42
32
28
40
57
39
56
52
38
51
76
64
79
71
55
69
71
48
32
37
66
45
69
88
67
71
100
58
69
57
88
75
60
37
41
50
76
26
42
63
53
89
62
60
77
51
76
63
62
68
63
68
98
75
64
74
55
43
48
56
43
33
58
78
73
65
80
50
59
54
47
59
62
51
95
84
94
32
66
56
63
55
58
53
64
77
102
57
57
69
27
68
38
47
59
58
63
62
64
66
67
80
48
44
68
64
51
54
113
53
36
45
58
63
59
33
45
66
71
72
67
51
70
61
63
50
63
78
83
71
57
30
55
55
38
43
78
72
72
29
39
40
61
96
63
67
54
67
66
51
32
52
51
69
60
55
47
53
68
54
56
33
46
51
60
53
72
49
52
58
60
52
65
53
48
53
55
56
55
50
48
26
62
24
56
46
47
56
65
30
82
36
39
46
58
57
38
50
38
65
64
82
17
56
43
79
55
48
49
50
54
55
60
45
40
68
55
34
55
66
59
62
63
49
61
58
65
59
55
66
70
72
67
43
42
53
56
77
63
55
63
34
70
56
67
55
65
72
52
58
55
34
32
62
56
59
44
60
82
73
73
33
61
59
73
53
50
55
38
67
59
48
66
61
63
30
49
36
49
47
55
59
60
53
39
58
59
59
41
17
18
49
7
57
51
44
36
57
49
99
43
51
62
48
66
20
55
63
44
56
58
41
39
21
42
61
41
60
74
52
50
66
39
55
65
59
51
20
50
57
57
45
28
60
58
46
46
37
47
45
46
36
31
20
39
44
45
42
56
42
35
8
55
57
64
50
56
48
55
71
32
47
45
52
55
58
52
52
59
157
33
62
44
47
42
51
38
40
40
57
46
62
49
51
51
51
30
74
64
59
52
59
51
15
59
45
60
27
51
64
92
41
61
29
46
45
52
48
33
35
43
57
37
47
51
46
73
22
83
51
53
31
30
45
43
58
71
28
48
30
58
40
39
51
66
63
50
49
69
54
56
66
90
45
65
51
65
45
47
37
11
48
21
44
39
58
45
44
39
46
47
49
42
45
53
16
49
52
36
49
42
42
62
55
34
26
35
15
42
39
56
43
55
41
41
50
52
44
25
35
44
50
44
74
81
45
41
42
27
32
36
39
41
32
43
32
68
63
65
46
16
27
22
47
34
38
38
56
56
33
27
65
53
41
67
26
51
79
52
60
42
41
43
44
38
56
82
44
46
14
18
32
33
50
13
32
44
53
20
36
23
53
28
86
21
48
42
28
34
23
43
31
34
49
40
33
35
47
52
43
29
36
47
51
36
26
24
34
35
46
39
37
38
30
30
31
58
3
37
32
9
41
38
10
31
35
33
35
40
29
25
26
28
32
40
21
43
23
60
33
49
28
31
44
37
26
39
17
27
39
42
46
52
9
51
44
50
55
53
33
37
19
23
36
41
22
31
25
57
59
29
27
35
39
35
31
42
49
16
45
46
41
27
70
45
32
27
24
30
31
33
41
30
33
28
19
16
32
23
28
31
16
29
14
27
19
10
55
13
8
31
21
20
29
24
26
22
22
21
20
22
21
4
21
13
13
7
15
32
33
