170
108
137
137
141
189
152
141
180
180
106
155
114
118
97
100
116
134
134
108
151
179
145
98
67
102
65
69
99
87
89
117
88
137
85
103
84
61
49
58
52
58
64
72
56
60
33
18
60
55
18
24
31
61
77
48
44
84
55
129
116
128
83
151
243
33
125
158
188
225
171
251
189
206
172
142
162
192
109
223
225
101
125
166
175
160
137
107
200
197
87
87
193
82
67
81
112
154
150
31
100
205
150
242
140
326
132
216
270
268
309
161
251
308
301
261
269
329
188
189
331
334
288
362
289
430
357
198
140
195
176
341
304
396
384
389
351
416
428
420
420
249
293
404
394
407
289
325
241
226
203
246
239
333
340
339
285
243
311
234
339
358
357
217
295
270
271
255
365
324
367
383
433
282
375
398
320
381
381
380
436
383
375
356
260
285
333
224
162
116
172
142
170
183
254
187
188
156
300
234
101
441
390
319
343
282
298
324
291
394
178
401
339
431
400
415
215
233
209
201
172
211
180
151
322
350
183
381
276
311
254
120
263
216
371
197
250
268
156
169
269
326
298
87
425
363
377
296
334
312
192
384
380
337
287
312
317
162
342
359
336
334
355
190
135
154
136
135
159
97
119
131
117
138
170
106
257
139
149
118
340
136
183
169
257
204
120
133
261
377
186
99
203
420
177
71
192
247
165
162
266
282
255
233
354
138
208
213
334
224
394
121
359
309
178
104
173
275
393
162
81
378
108
170
272
176
318
347
99
114
331
258
118
115
262
211
140
221
204
98
118
169
330
332
357
237
277
147
49
54
15
175
167
221
226
146
207
387
340
244
313
279
274
264
244
151
242
292
401
162
217
249
120
90
339
238
307
313
275
326
112
201
185
218
32
142
119
286
210
382
328
224
224
225
272
188
180
238
211
217
339
260
162
329
252
304
250
285
280
265
234
185
210
99
217
237
227
288
337
329
243
179
206
308
202
306
229
252
281
277
192
184
237
-1
286
198
171
214
140
120
222
301
125
326
62
175
219
353
325
289
307
225
266
195
185
220
249
374
253
133
168
74
344
135
388
177
369
309
188
243
212
277
182
176
308
294
320
277
252
225
297
202
230
231
268
231
158
137
229
236
257
54
251
375
286
151
37
129
201
91
94
122
116
110
131
49
44
20
66
30
82
57
52
96
87
111
185
158
149
190
313
303
246
291
288
284
321
248
63
230
296
266
263
203
228
139
264
171
163
194
188
184
129
165
184
162
153
278
268
191
256
145
279
220
26
88
315
86
166
284
234
255
264
286
227
17
207
157
298
311
288
269
184
170
177
140
242
211
227
224
116
156
238
174
172
156
203
168
220
204
234
85
44
32
28
193
37
120
93
163
150
320
160
215
136
267
156
186
177
206
152
119
249
300
232
326
245
180
288
166
21
89
54
39
263
169
139
163
154
215
177
148
117
112
130
190
37
216
225
242
180
241
240
153
204
174
153
193
197
183
135
209
183
150
224
133
243
239
234
112
275
256
143
161
207
210
270
206
225
155
175
191
160
142
175
349
347
137
158
216
306
172
156
135
201
163
169
243
233
224
235
213
182
163
227
213
138
151
153
96
172
109
199
163
294
144
181
207
116
148
160
99
220
212
139
98
259
154
289
259
316
213
152
291
158
203
188
211
124
147
96
178
212
102
179
120
156
141
192
239
160
160
257
236
257
150
273
284
62
238
170
62
188
224
196
197
110
210
232
204
157
271
280
280
208
202
191
325
93
213
62
136
147
199
116
179
181
172
311
105
75
60
153
135
253
222
234
241
285
249
182
181
154
180
177
136
167
139
233
221
172
147
114
119
337
207
315
182
178
189
241
113
328
215
200
302
238
69
223
231
153
166
122
98
111
131
168
261
275
126
145
147
28
178
259
218
166
206
231
168
192
192
181
144
162
231
231
176
182
148
223
149
292
100
199
164
203
194
149
237
297
191
294
130
306
168
158
141
189
286
158
170
173
144
147
162
162
205
207
191
224
112
154
241
213
204
278
249
212
144
157
190
100
165
221
181
189
234
189
210
213
133
146
193
45
181
171
160
135
153
143
190
107
140
218
131
34
75
179
211
219
131
115
141
190
195
217
300
156
163
184
171
16
183
164
148
198
231
145
100
187
156
136
127
312
108
67
245
192
279
121
164
35
205
218
235
216
256
183
185
249
152
121
268
122
155
127
119
182
235
230
158
199
156
260
169
258
215
224
206
119
97
90
143
186
179
167
179
210
130
120
11
217
133
148
169
242
161
141
151
151
106
80
192
191
222
250
201
12
46
137
259
198
164
188
183
146
142
167
158
225
167
193
151
279
113
89
152
159
165
147
173
191
39
208
151
235
131
91
170
59
147
194
126
203
192
173
181
197
130
158
177
183
143
114
168
110
80
85
203
113
125
85
114
204
132
169
161
221
132
157
173
193
83
145
107
206
127
141
106
134
174
39
181
124
121
228
171
151
202
33
227
167
98
146
118
197
112
133
157
80
176
94
179
155
125
143
252
82
169
177
172
290
79
146
146
139
146
87
190
9
117
269
256
177
209
146
102
108
134
186
146
89
252
124
151
183
150
182
133
113
158
161
118
100
114
104
145
131
56
50
118
118
101
151
111
126
168
124
182
30
144
100
158
165
105
130
168
180
113
120
119
87
236
184
64
129
81
28
43
14
100
154
136
103
116
107
129
65
60
64
62
120
75
32
118
195
75
141
37
211
105
125
95
162
190
83
71
78
108
100
175
58
120
92
81
100
118
41
174
141
89
121
130
120
106
213
72
88
82
93
1
160
102
90
86
99
122
175
165
94
75
53
115
170
114
151
99
148
135
147
63
188
94
174
80
156
25
140
183
217
107
154
42
144
122
131
143
118
162
185
106
110
157
114
45
68
21
173
94
76
75
145
123
133
122
144
133
65
135
129
174
45
94
78
107
109
119
124
114
153
138
117
103
103
32
93
101
98
98
86
80
96
76
91
83
39
166
68
59
116
98
51
95
98
99
77
48
59
72
74
71
60
76
58
52
35
123
144
155
