141
113
103
97
112
138
152
124
162
147
85
122
83
84
78
73
87
133
120
103
90
142
92
88
56
81
51
64
83
73
72
94
76
123
74
88
75
54
36
46
41
37
69
74
68
58
36
17
44
51
18
18
25
58
59
41
44
69
40
90
151
66
47
184
183
26
115
198
216
238
174
259
190
211
204
186
183
221
130
248
186
130
137
131
210
201
144
153
239
217
126
104
242
52
36
84
117
129
71
6
96
123
89
153
68
220
73
177
214
169
208
137
165
216
184
205
189
218
119
120
273
231
202
274
186
264
270
113
89
93
125
265
283
291
274
288
294
212
326
312
306
130
219
340
343
335
201
252
167
144
129
162
133
184
230
207
178
170
230
152
199
277
265
134
252
160
206
182
277
259
292
276
315
215
271
302
253
307
276
291
225
264
313
244
159
152
206
100
98
70
96
69
61
63
122
125
141
108
192
113
15
268
255
245
300
185
228
235
226
249
123
337
234
326
321
323
186
247
236
254
160
174
155
107
194
174
174
202
296
216
220
115
151
131
322
318
232
192
105
141
151
284
299
78
379
290
307
226
313
311
173
313
230
250
242
187
155
104
310
312
316
291
321
182
111
77
73
75
83
46
55
56
62
79
98
48
152
82
76
56
215
56
104
73
159
117
130
70
220
284
170
143
133
158
136
67
188
234
160
147
275
200
160
240
323
85
215
110
301
213
275
147
293
268
251
157
171
272
268
102
65
308
106
88
166
178
349
327
106
157
205
217
78
73
231
218
163
220
210
88
88
129
266
226
262
255
212
195
56
74
20
189
310
424
237
120
167
360
245
213
251
167
292
287
161
126
313
348
346
133
264
246
71
43
223
166
270
281
318
221
84
178
167
161
7
173
130
316
206
343
270
185
183
186
185
227
186
143
186
221
238
216
181
335
239
247
186
256
207
210
186
180
282
85
207
313
282
307
297
285
199
200
198
280
200
267
148
164
287
286
213
123
121
213
310
210
185
212
117
85
203
293
137
290
48
184
164
307
260
330
281
212
276
212
204
177
218
306
183
114
166
48
297
101
289
63
321
283
225
257
215
276
155
313
241
287
333
484
292
342
274
269
289
203
581
511
259
132
301
183
204
50
268
408
238
371
11
162
342
77
73
104
97
89
113
50
39
5
59
24
81
52
51
74
75
111
327
144
143
314
195
251
298
530
540
289
439
299
123
284
371
381
362
309
208
73
209
159
134
387
374
352
273
212
344
274
322
266
244
399
343
169
226
341
7
83
366
93
152
392
489
590
459
550
540
9
135
72
351
347
337
308
409
386
383
354
195
207
229
223
140
369
563
316
305
305
205
158
487
377
179
68
16
8
29
308
45
72
94
337
117
245
140
348
135
455
145
178
353
179
181
131
455
249
238
189
239
143
242
177
37
77
44
37
388
158
271
317
169
205
180
178
120
121
117
231
27
295
302
230
203
228
161
109
156
159
171
253
249
127
119
278
160
167
269
114
203
209
219
151
425
281
169
199
177
212
219
229
210
150
179
226
156
276
334
181
305
232
174
388
285
156
158
137
195
184
196
474
448
615
727
-1
230
148
280
238
140
129
147
98
153
88
472
141
346
138
194
195
172
286
352
88
535
365
136
84
228
144
368
343
397
475
447
366
177
200
197
196
171
180
44
174
237
68
348
125
173
165
200
238
144
176
237
230
510
175
448
373
81
222
177
66
109
135
180
154
116
326
250
287
148
333
374
379
292
185
331
269
94
206
66
314
175
283
113
116
183
185
456
94
37
39
144
138
501
492
330
381
357
312
215
447
170
363
385
224
284
103
368
282
117
158
90
93
308
213
253
239
347
369
433
132
274
482
429
383
557
45
334
284
220
181
118
126
87
63
259
369
389
218
148
108
27
273
486
387
127
247
270
156
210
178
184
126
182
240
302
273
345
126
327
119
276
75
148
115
203
213
271
166
295
315
379
277
397
415
137
138
207
407
170
174
161
166
164
162
200
205
190
441
322
202
143
397
242
323
294
208
276
132
178
226
134
194
350
385
257
390
202
232
230
180
184
439
50
170
232
257
147
130
124
230
139
142
316
78
14
42
177
216
469
121
118
138
341
363
490
296
345
181
241
258
8
317
281
301
208
205
127
93
407
142
126
130
370
151
77
198
203
366
107
205
30
205
157
311
344
426
179
258
323
151
218
350
106
178
131
162
278
516
506
441
207
180
329
255
356
265
291
302
286
102
113
159
188
361
353
372
210
244
233
40
446
143
168
263
374
271
156
173
173
113
61
299
263
313
345
232
11
57
162
260
326
391
273
417
176
237
215
215
356
184
342
195
403
82
94
216
194
163
119
166
245
15
192
151
364
238
125
202
50
225
202
155
328
291
222
228
224
196
385
213
223
93
139
241
120
153
101
285
135
247
126
118
433
151
174
152
147
144
180
249
112
193
132
119
330
257
123
130
161
216
48
427
173
177
343
143
142
270
43
252
170
130
272
162
320
86
250
360
104
400
108
254
372
47
153
308
99
410
389
390
246
101
296
176
211
167
67
291
9
108
259
118
370
416
161
263
217
196
280
155
144
269
136
382
327
374
143
233
214
239
137
116
108
220
106
142
157
46
112
157
157
103
199
97
150
133
117
204
35
149
146
257
203
92
182
184
292
127
121
96
127
277
211
49
138
94
13
122
5
99
314
160
188
160
114
146
101
81
82
74
141
87
9
147
430
64
255
40
414
144
229
79
271
209
83
67
121
160
147
339
55
160
109
70
168
160
40
153
225
164
112
212
115
236
248
62
91
86
103
1
227
146
195
115
92
159
141
187
164
68
68
257
127
237
180
52
142
199
145
96
233
134
224
127
210
31
139
219
214
171
145
41
204
175
183
195
127
175
203
155
157
183
160
67
73
34
250
112
85
71
212
152
235
203
210
146
88
156
129
167
61
136
112
231
252
248
207
141
202
181
142
127
235
61
160
136
194
221
168
111
166
144
180
118
64
173
104
99
151
160
93
134
139
205
93
85
92
157
122
140
74
129
77
87
66
94
183
172
