50
40
27
29
37
54
49
42
48
59
28
41
28
34
24
28
28
54
39
35
35
58
38
44
22
37
27
27
34
27
23
45
39
53
38
49
41
34
19
20
23
21
32
37
34
29
17
15
32
26
13
16
17
27
31
22
24
41
32
23
32
29
24
51
79
12
29
72
90
106
59
130
83
105
124
91
117
91
63
131
71
26
63
83
107
104
44
56
93
160
39
40
135
32
24
52
44
58
43
5
37
36
27
61
26
118
28
75
116
82
100
51
55
102
76
96
70
96
51
43
129
121
92
129
81
132
118
40
27
36
41
139
143
136
140
139
142
83
164
156
146
50
102
163
146
182
101
132
69
75
71
82
74
100
98
102
65
60
108
93
84
131
139
70
143
69
115
98
133
130
158
152
150
110
142
142
124
136
145
157
105
136
136
87
91
84
97
42
38
26
40
23
25
34
54
43
69
43
90
60
8
123
117
153
162
88
109
113
147
126
58
170
90
164
160
167
75
66
62
82
82
88
79
49
95
73
52
94
145
84
117
46
65
39
148
94
137
109
49
52
102
133
167
32
168
152
150
127
158
138
106
142
87
83
136
105
80
50
191
183
180
179
159
98
42
34
34
34
31
20
23
27
22
36
50
27
76
42
35
32
106
19
64
29
97
63
40
29
129
146
76
39
65
85
44
32
89
97
83
73
126
71
85
58
161
43
125
54
161
135
158
74
157
135
181
119
95
131
139
42
16
146
39
47
65
68
157
135
47
56
117
113
48
22
105
124
90
88
76
26
31
49
160
143
167
132
109
69
52
80
13
159
153
156
96
59
54
180
130
120
136
72
141
136
61
79
136
134
164
71
107
102
28
22
106
76
124
154
157
80
29
85
66
74
2
105
59
156
91
158
162
70
69
69
58
147
88
68
107
78
105
127
123
136
120
116
66
135
79
70
67
90
94
41
100
168
130
151
171
162
97
107
92
144
93
161
69
62
101
99
69
60
53
112
128
56
55
106
85
46
107
158
86
155
33
71
81
170
105
115
152
107
149
60
57
73
117
119
88
58
53
24
140
56
156
26
161
138
144
126
144
142
89
164
93
130
162
224
145
192
161
149
98
95
244
291
156
78
128
101
104
32
139
184
126
224
2
85
121
45
46
56
55
51
59
34
27
4
38
14
36
27
38
42
41
62
238
69
71
280
90
136
142
203
211
134
160
146
52
156
161
189
156
208
142
29
128
86
66
352
351
360
300
204
342
269
197
160
163
135
175
88
145
223
0
38
199
48
72
147
183
206
225
200
255
3
44
25
189
140
138
138
304
334
339
246
76
120
124
110
46
231
244
346
281
318
93
77
227
228
83
41
7
5
24
188
34
32
41
287
67
131
62
166
76
171
69
86
169
72
96
49
187
115
129
82
122
60
139
83
34
36
26
19
202
79
305
337
66
113
115
103
66
64
45
130
15
139
139
126
99
118
80
41
68
70
107
98
106
62
54
167
76
80
157
60
125
111
110
94
171
128
74
83
84
88
116
123
102
84
92
102
83
275
341
88
144
106
107
164
151
79
86
65
90
124
100
169
165
181
204
202
100
80
141
123
88
100
82
36
98
33
291
84
139
62
94
106
88
433
283
35
216
225
46
39
127
69
167
136
166
202
241
160
77
85
78
92
162
107
18
88
138
47
133
61
134
112
120
142
77
55
126
117
211
91
154
146
45
136
98
27
47
48
106
82
67
165
129
113
78
148
164
165
142
82
210
132
29
81
33
146
169
169
57
49
98
100
175
50
25
19
77
59
177
182
166
166
167
139
94
192
68
245
308
211
152
45
161
142
50
101
53
56
157
105
128
102
226
237
156
124
146
198
214
156
190
19
170
174
121
103
57
86
47
31
110
150
169
272
67
55
9
118
175
202
71
157
127
85
92
92
91
84
86
97
150
207
213
58
134
39
127
45
57
59
108
118
158
86
142
151
150
305
165
265
66
61
104
191
88
97
89
87
94
87
111
114
109
222
139
-1
75
148
110
118
158
101
140
75
96
118
85
105
137
225
148
131
87
110
106
89
88
184
33
92
201
145
110
65
70
117
73
76
128
45
3
28
87
115
197
87
83
99
138
139
151
152
173
96
115
178
3
211
202
190
108
116
87
47
201
61
59
84
166
178
43
104
107
161
53
107
23
115
82
106
158
173
68
128
146
67
239
146
55
96
59
93
136
182
172
128
115
103
148
144
153
123
129
143
135
36
77
79
74
299
279
242
129
327
323
57
175
80
81
158
163
100
87
83
93
66
31
135
85
136
169
79
6
29
93
131
137
192
139
153
100
121
106
113
171
77
140
67
157
49
39
97
52
47
53
76
139
4
127
74
152
257
65
95
31
98
60
80
148
134
104
136
113
100
195
92
128
41
38
136
29
183
50
154
71
267
57
57
159
54
107
93
86
83
91
105
60
101
48
57
147
95
57
73
84
121
29
151
71
101
102
72
84
133
63
124
88
73
240
67
173
48
340
254
38
179
56
122
157
34
74
120
55
191
188
198
127
38
268
77
113
97
39
111
3
70
129
58
126
158
77
184
326
111
115
81
79
138
59
181
122
223
107
259
198
139
85
71
66
94
57
70
81
28
199
254
241
48
76
56
77
59
72
114
23
63
58
112
70
42
86
79
110
56
89
54
45
139
86
21
59
31
10
142
2
61
118
55
196
86
64
82
61
52
36
47
73
30
5
89
159
34
191
17
171
77
284
34
115
117
49
51
65
147
55
137
22
65
51
123
82
67
29
46
142
159
56
104
64
185
82
38
47
39
64
0
119
156
212
62
42
81
76
102
160
36
37
111
63
171
99
24
65
124
87
51
118
47
122
86
91
31
59
100
94
89
47
33
82
69
83
74
59
68
93
96
89
85
57
31
37
22
89
47
34
40
96
73
109
185
103
59
60
66
66
59
33
58
39
187
184
186
154
63
89
65
55
38
194
28
92
37
115
128
146
33
89
191
130
77
66
48
62
62
66
91
61
56
84
89
52
37
98
105
75
71
59
80
54
99
34
47
75
72
