55
60
48
52
54
55
64
61
60
61
50
56
44
42
42
40
49
49
42
38
15
46
52
61
50
67
43
43
62
58
38
44
40
32
59
74
70
38
51
59
66
52
67
68
73
62
65
49
72
60
58
48
66
65
73
59
60
64
67
40
42
12
27
48
54
18
46
44
58
52
40
52
35
47
37
41
34
42
41
46
48
17
31
22
44
43
44
47
58
30
43
41
43
32
32
71
50
70
47
4
57
48
46
52
37
55
46
55
68
56
54
42
54
52
43
49
53
49
61
56
60
55
44
67
45
72
51
39
15
54
49
62
64
57
61
57
62
51
56
50
52
40
61
60
52
65
30
53
56
51
52
46
53
55
41
48
62
28
65
47
54
55
48
42
63
45
55
25
57
59
54
51
49
43
63
78
50
49
56
64
53
51
56
56
51
55
47
33
53
32
27
31
37
28
35
41
40
40
51
54
14
49
58
61
59
26
53
54
68
55
42
56
51
59
54
54
59
52
45
60
81
75
76
45
49
46
56
54
59
49
53
71
41
55
52
45
58
56
41
45
50
67
65
47
58
52
50
53
58
56
54
48
41
47
58
56
49
34
61
66
55
55
54
56
51
39
42
44
34
39
43
39
41
48
44
39
44
48
42
29
50
27
42
40
47
50
43
39
59
55
57
37
35
33
34
73
60
53
67
44
57
45
42
50
58
34
66
31
56
64
56
25
57
59
38
20
26
54
52
42
31
48
43
31
45
48
53
59
85
45
49
46
13
28
65
47
33
45
53
50
60
44
61
53
55
56
55
48
14
12
5
39
45
39
46
49
55
56
42
57
55
56
71
69
52
46
45
53
57
56
49
61
30
31
43
50
47
66
57
40
37
72
71
75
23
48
35
55
49
53
62
52
51
51
45
45
69
15
78
47
51
49
60
56
41
46
49
56
42
39
39
43
48
36
71
46
46
51
57
52
53
68
67
58
61
53
28
36
58
57
43
39
36
45
58
42
49
50
47
39
59
54
18
49
53
55
57
63
57
46
52
52
55
59
57
64
59
50
40
59
50
46
51
63
62
28
50
52
61
47
46
52
39
46
47
54
58
48
54
45
50
42
49
61
57
50
34
19
48
60
64
61
51
53
54
43
4
44
44
56
62
61
63
55
64
108
109
68
136
51
67
64
78
53
63
70
44
55
53
45
42
58
54
59
57
52
59
53
32
48
50
55
46
55
58
40
49
66
63
37
38
38
29
24
44
32
41
53
53
43
63
80
44
49
2
29
56
72
59
47
50
48
57
51
39
29
54
30
53
53
50
50
36
37
35
44
57
35
38
27
35
41
51
35
40
35
66
54
47
48
53
55
13
1
64
41
2
24
59
39
39
45
79
48
84
57
60
54
41
49
43
72
45
49
38
35
58
41
55
66
5
55
38
33
55
52
33
33
39
47
47
47
45
43
49
43
39
48
49
38
33
34
36
28
25
14
43
20
14
29
48
40
63
59
47
67
34
39
31
33
59
43
60
65
49
52
54
48
48
55
55
45
56
34
38
38
45
30
31
43
55
67
50
57
60
28
67
46
40
53
45
50
62
70
54
51
34
40
42
32
34
28
44
63
54
49
62
53
35
37
36
43
42
31
39
64
70
32
48
42
46
38
38
41
44
44
55
47
36
41
20
53
21
44
40
49
48
45
50
53
52
51
42
36
46
46
50
48
59
49
29
35
32
35
51
31
31
56
54
48
64
44
48
49
43
36
49
46
66
51
39
31
38
56
30
31
57
58
51
24
19
28
65
56
51
51
36
48
48
46
39
42
39
52
41
49
38
48
46
45
26
31
34
37
50
43
51
41
42
41
46
37
43
43
37
50
43
46
49
46
43
31
56
36
63
14
45
44
46
19
42
32
26
33
52
55
50
58
49
46
40
45
25
32
29
46
44
39
44
44
43
42
49
59
32
41
36
34
54
46
39
47
52
37
52
40
39
32
47
55
55
46
54
21
25
48
42
51
58
45
43
33
67
52
45
44
52
43
40
64
48
34
18
45
45
42
47
51
49
52
52
16
46
42
-1
32
43
42
35
52
54
25
61
53
53
10
10
28
37
47
51
39
41
39
33
37
50
49
37
25
23
44
4
45
47
41
25
39
58
73
39
44
49
45
46
22
64
50
27
45
57
40
36
28
46
46
36
39
48
44
42
45
35
45
46
47
32
29
48
42
47
31
33
55
36
40
41
35
38
38
34
22
38
27
35
30
33
31
49
36
32
3
43
50
47
35
46
42
40
53
45
40
46
51
37
45
50
35
52
47
44
41
36
35
44
36
45
39
39
39
44
47
40
35
45
53
27
54
37
37
32
47
48
4
48
54
48
30
38
48
63
35
36
26
38
42
46
43
40
31
31
43
47
30
31
35
44
19
42
40
46
34
22
40
37
41
57
34
39
30
45
43
38
27
34
55
43
35
46
35
51
55
76
37
50
38
48
36
36
36
12
52
30
28
33
34
42
32
34
33
46
40
42
40
36
4
38
47
27
34
36
34
45
40
34
30
39
24
54
27
8
41
49
38
33
37
38
36
26
41
36
40
35
51
57
34
43
35
30
30
30
48
37
39
34
26
54
37
37
43
21
31
27
40
25
40
34
43
60
40
13
36
40
40
48
30
41
48
40
36
35
31
32
41
41
41
51
40
7
16
3
34
32
40
14
32
41
45
7
28
29
49
17
41
5
42
34
19
32
21
35
26
35
26
31
38
37
49
28
34
28
35
30
46
34
26
30
41
28
46
30
27
24
32
39
29
43
4
23
27
6
0
36
11
34
28
28
28
36
36
22
20
34
30
40
26
36
27
36
33
37
24
29
29
35
36
35
13
26
36
30
32
37
6
38
33
35
34
24
23
27
29
34
27
36
19
27
27
45
29
18
23
36
40
35
31
35
30
23
38
36
31
35
30
35
27
25
25
35
24
32
28
27
26
25
18
25
28
26
25
26
11
25
21
29
24
13
39
19
16
23
22
22
21
27
26
9
16
24
18
24
25
13
24
18
20
10
7
38
29
