101
75
67
64
84
109
100
103
102
111
67
97
50
57
65
52
60
91
82
57
44
65
61
77
44
61
35
41
54
48
49
60
48
75
44
44
44
25
18
24
26
25
35
35
29
33
18
8
17
23
11
11
12
24
19
23
27
39
14
60
73
20
17
94
107
16
88
74
73
72
53
70
60
62
56
55
52
72
47
67
82
56
37
44
54
60
71
60
88
50
58
61
61
19
10
32
89
64
28
1
57
96
67
102
57
117
51
102
96
124
131
95
141
129
113
117
150
146
69
55
119
139
110
125
112
113
133
125
83
58
99
131
134
115
138
132
137
136
149
141
118
100
102
135
142
136
63
105
109
110
90
89
82
99
121
111
99
89
111
98
90
125
133
87
132
95
99
65
134
134
142
151
142
99
131
103
111
135
138
105
106
117
99
111
94
87
83
56
61
63
57
45
43
59
62
68
61
79
80
46
17
96
87
114
106
111
119
118
115
111
73
118
84
134
134
141
99
72
68
103
77
76
65
54
130
76
116
82
129
120
106
71
77
80
120
81
100
82
88
56
82
114
117
44
141
121
125
107
134
117
55
114
97
76
72
89
72
67
131
125
129
112
140
61
62
43
41
58
40
26
30
31
29
44
43
32
44
48
45
28
80
35
48
48
57
53
64
42
83
124
95
50
55
62
61
39
69
89
66
45
91
89
79
79
157
30
74
62
121
118
117
46
138
81
61
25
76
123
87
78
50
129
67
58
79
80
100
89
51
60
103
84
21
42
81
74
55
85
87
69
59
81
122
102
113
91
92
75
11
8
1
48
65
62
84
58
86
137
116
76
119
90
98
100
89
50
93
95
117
64
97
91
47
17
69
112
124
98
105
94
45
65
67
73
0
54
57
84
62
131
105
104
103
104
70
76
76
83
80
77
94
114
51
96
80
98
73
105
96
89
82
67
82
56
76
79
73
93
131
117
90
59
63
131
71
118
56
59
95
93
71
68
59
76
100
78
87
78
53
49
117
115
31
145
14
98
72
104
89
84
123
94
126
103
97
73
96
105
69
63
97
41
111
39
102
25
112
85
70
82
87
78
82
55
113
105
92
98
99
85
118
81
88
66
99
83
50
41
87
86
70
21
95
103
114
52
12
63
79
30
26
34
31
28
39
33
20
3
28
18
51
25
18
27
39
44
53
56
57
56
80
97
88
93
82
109
104
89
44
84
101
99
83
77
85
27
76
61
44
48
60
53
31
43
71
43
66
89
85
79
90
62
77
79
5
40
100
47
59
78
74
89
98
93
84
2
63
46
102
110
95
93
57
50
54
55
82
61
54
81
72
61
93
53
49
43
66
49
78
71
63
25
3
1
12
70
6
26
36
62
38
107
57
78
57
80
60
57
70
78
69
73
69
95
55
71
95
81
77
77
5
31
26
19
92
55
39
43
68
60
57
55
45
36
62
71
14
91
84
57
61
52
52
32
62
46
40
65
62
52
72
85
72
49
93
42
59
71
68
47
111
77
78
87
73
76
78
78
85
56
82
83
55
44
44
56
120
43
48
67
98
59
72
53
69
79
69
89
87
83
85
85
73
62
110
78
42
50
41
57
70
43
80
51
105
47
73
65
37
52
59
47
84
61
90
53
88
33
85
76
101
75
55
95
72
69
81
73
51
59
30
62
67
21
70
41
77
67
104
108
60
93
78
72
93
69
83
82
38
71
37
38
74
61
94
53
37
85
97
72
55
88
108
106
109
74
85
117
63
88
42
53
38
63
39
31
68
70
97
43
16
17
51
60
83
87
82
76
97
75
70
80
73
78
66
59
56
42
75
101
60
53
48
49
99
86
90
74
67
76
86
43
96
81
71
101
90
15
95
71
61
45
66
20
41
18
69
91
85
37
58
54
17
57
95
89
59
72
79
59
75
69
39
51
41
92
90
43
63
80
71
77
96
33
57
69
81
58
58
80
137
82
88
56
105
71
67
60
74
88
59
60
63
35
47
75
58
91
86
78
95
34
46
65
75
70
88
116
83
59
61
58
18
65
89
81
76
74
64
71
71
38
49
74
18
51
62
72
62
58
53
58
51
47
84
37
14
16
74
81
78
45
44
56
60
86
88
126
47
50
48
65
1
80
72
66
69
54
63
54
75
77
85
45
90
34
32
116
51
96
46
48
10
50
92
72
75
73
119
97
85
50
46
95
58
59
39
54
80
82
88
60
57
56
77
64
96
68
63
61
51
50
38
23
61
55
59
51
74
38
36
3
75
51
65
61
85
64
48
60
72
37
30
90
64
70
102
89
4
31
62
81
75
61
77
73
63
80
57
72
94
82
59
50
92
32
37
65
58
54
46
93
61
2
104
55
86
32
44
63
16
51
70
28
75
52
70
86
68
63
59
87
78
56
35
70
61
35
42
79
44
39
31
46
81
73
63
53
70
34
56
55
50
39
38
48
79
45
47
59
48
71
22
72
80
37
73
49
51
68
7
79
39
39
42
51
66
68
39
66
47
63
39
73
61
3
53
79
31
69
65
69
99
60
34
42
66
48
25
61
8
43
101
66
71
68
44
51
32
60
60
57
51
89
53
63
67
48
49
40
42
80
67
30
57
37
40
53
43
20
17
26
34
55
46
44
40
59
43
68
5
99
53
54
85
49
57
63
82
41
41
25
58
91
73
24
81
53
3
18
1
65
50
72
34
44
36
72
11
23
25
30
28
42
1
51
77
14
52
17
76
44
42
28
55
64
33
29
37
42
50
63
36
81
42
18
26
73
9
71
52
34
55
49
40
43
83
5
36
33
14
0
59
18
33
35
42
51
76
48
35
23
15
47
60
31
55
41
107
55
86
25
60
37
66
41
64
7
37
63
59
41
102
11
84
76
72
78
106
58
60
37
33
70
69
28
45
13
93
50
-1
18
58
51
63
39
63
86
27
74
47
76
13
43
62
40
45
37
47
72
73
58
57
62
41
19
50
62
32
37
30
38
35
25
31
32
11
82
32
23
61
34
21
47
39
38
15
16
17
32
28
32
12
26
11
19
6
30
71
59
