218
170
215
213
166
192
199
179
180
162
162
174
207
170
192
161
232
192
137
181
85
170
143
100
100
89
79
85
105
109
298
100
69
124
71
84
70
65
61
72
97
77
61
63
55
51
43
29
49
45
32
32
33
52
56
47
71
75
47
187
251
13
21
269
144
43
186
207
159
131
155
123
101
131
110
152
105
139
109
118
199
143
80
62
120
110
204
229
199
64
225
152
113
34
23
63
155
118
52
4
146
219
226
177
177
134
174
196
158
155
140
149
162
135
119
139
144
135
183
143
144
135
136
163
131
161
142
119
95
165
152
144
136
143
123
117
128
149
128
122
136
125
142
138
124
146
77
125
138
126
116
110
137
123
143
140
215
142
167
115
161
123
137
165
132
142
107
67
138
123
131
105
111
123
150
171
135
116
121
137
137
112
151
166
122
148
115
114
249
148
108
91
159
110
123
190
172
110
110
102
40
150
131
139
127
88
111
127
136
136
169
140
130
132
121
122
219
268
206
245
138
126
110
69
115
126
222
142
126
142
143
129
147
196
121
172
116
166
93
107
108
136
132
120
136
108
110
117
109
108
104
107
178
213
152
158
91
115
156
153
146
141
112
109
158
86
93
110
101
111
101
94
98
117
87
96
84
97
87
77
120
104
94
129
70
77
273
170
120
133
138
127
106
99
128
82
111
145
127
113
140
131
134
212
124
42
192
83
125
158
132
72
116
130
75
25
117
114
110
160
83
114
-1
106
157
232
197
195
86
213
106
96
66
122
154
204
92
123
185
101
141
103
142
118
176
192
140
248
17
8
12
105
132
149
149
94
274
133
111
84
144
105
146
131
126
70
125
147
142
98
205
185
87
58
108
126
94
125
142
154
171
98
88
102
14
119
110
118
127
118
148
132
135
135
205
181
86
57
102
157
185
100
89
188
124
120
150
109
183
164
161
125
164
71
100
125
108
187
144
131
234
105
94
119
87
127
96
128
200
199
164
68
103
108
145
191
208
72
79
82
137
138
1
100
27
159
96
124
174
168
116
77
112
246
260
104
94
173
67
121
257
97
113
50
133
60
151
189
166
169
199
140
76
85
155
103
145
124
168
137
140
140
172
88
137
111
72
18
174
87
96
40
113
154
97
74
89
134
122
59
38
47
61
31
54
48
50
9
50
51
82
57
51
41
47
60
65
73
70
67
126
181
164
136
139
174
159
161
129
156
128
183
102
116
128
75
97
71
62
73
64
62
40
46
74
59
70
199
188
119
148
108
140
129
52
122
194
61
67
139
134
121
149
135
97
22
159
91
161
157
151
174
62
67
59
56
114
90
76
71
80
88
124
43
56
57
100
78
99
88
110
42
7
2
24
85
23
39
85
62
99
102
84
114
78
141
72
76
109
165
181
127
114
149
90
112
117
267
101
86
2
103
68
49
146
67
47
69
96
82
86
89
126
122
144
129
61
132
115
30
80
83
70
102
89
32
76
42
32
91
151
160
79
67
158
68
59
129
98
109
160
110
135
137
114
115
111
114
121
64
83
106
66
51
52
91
88
64
67
115
120
70
74
74
81
95
74
107
117
121
118
106
96
63
115
163
51
73
74
94
144
125
110
52
158
60
81
95
67
65
80
88
101
71
145
99
86
54
135
113
124
84
80
134
90
100
96
102
106
103
61
75
44
28
109
68
110
103
118
113
66
227
98
95
115
120
129
145
54
174
59
113
108
72
122
80
25
133
164
165
65
137
133
141
145
86
149
92
139
182
54
70
67
137
60
41
90
81
134
48
38
33
62
82
124
137
121
120
118
100
96
96
85
119
103
106
81
53
139
161
142
73
77
79
146
91
121
119
107
100
123
85
145
109
87
139
102
20
118
110
111
62
98
40
71
7
96
120
126
41
151
51
31
79
144
125
88
128
135
95
86
86
48
98
40
160
109
74
79
75
107
190
158
60
84
73
86
71
97
93
90
133
133
62
144
102
95
94
76
146
89
86
93
40
48
100
70
101
103
93
123
39
62
117
78
109
121
135
95
63
75
78
10
105
130
108
116
124
99
90
91
20
60
93
43
66
84
129
111
102
58
71
90
77
116
29
20
21
93
89
116
79
85
91
83
104
121
94
63
74
63
97
2
119
113
108
90
39
85
80
90
164
204
94
139
27
44
120
50
131
54
71
19
60
72
141
86
95
116
123
106
68
68
113
112
52
72
84
109
107
104
82
62
75
125
129
130
91
83
90
64
96
81
47
133
64
52
48
118
48
44
4
84
68
68
80
135
102
59
89
91
62
31
110
127
105
128
125
20
39
97
88
94
71
137
86
69
99
101
90
128
122
85
87
131
44
39
82
126
146
62
115
137
2
102
85
122
32
50
110
37
67
120
19
91
88
125
83
87
79
68
102
122
67
77
114
194
34
45
115
88
43
50
66
93
112
142
83
112
52
68
82
78
61
120
78
107
81
54
133
51
86
52
96
96
68
124
108
74
81
9
129
46
29
55
71
93
64
42
84
115
73
62
94
69
1
63
119
33
77
79
77
113
92
50
66
112
66
35
83
15
43
103
79
96
88
41
72
47
99
87
93
72
95
80
82
93
53
82
35
44
139
97
52
63
65
52
60
38
38
41
38
43
119
77
86
68
85
55
91
18
89
78
80
152
61
49
69
122
74
44
43
87
136
98
74
109
86
3
23
3
69
77
119
31
71
36
83
0
29
26
39
10
64
2
64
90
14
62
101
88
36
50
38
75
93
48
57
63
59
80
90
46
80
99
39
54
85
20
115
64
40
55
72
74
54
138
0
38
28
3
29
65
4
44
62
65
70
68
61
59
46
33
75
89
42
87
51
74
71
107
55
62
78
71
61
79
17
74
74
79
61
93
14
123
127
130
133
56
68
65
63
46
114
125
41
49
22
120
63
67
41
74
66
80
48
66
70
40
71
56
104
26
52
123
45
53
44
60
44
92
60
64
77
40
27
60
96
43
49
40
49
46
35
40
46
14
128
53
37
64
49
28
72
50
42
4
28
27
36
48
51
7
46
17
28
13
42
107
102
