118
95
84
82
96
130
111
101
127
115
74
106
83
88
67
63
79
105
86
94
91
145
80
81
61
74
48
65
78
75
73
84
56
85
83
95
79
64
43
57
48
42
73
71
64
59
41
27
51
46
25
25
37
57
58
46
52
74
51
74
117
60
39
134
142
24
93
190
204
208
152
255
178
228
219
181
189
170
140
217
125
85
110
83
233
212
115
116
205
221
105
104
212
60
39
77
104
130
74
7
84
87
67
115
60
181
62
122
152
109
128
93
118
145
124
130
135
135
100
94
193
174
142
178
114
184
176
76
57
92
95
192
178
208
204
203
200
161
239
217
225
118
147
232
230
252
162
192
114
110
110
122
101
129
150
157
123
125
158
100
149
187
192
99
186
114
148
114
190
178
202
200
221
146
192
217
169
200
198
214
168
202
226
183
114
109
149
74
84
62
73
54
50
58
92
104
96
64
120
81
15
196
179
200
197
125
150
175
172
172
93
224
145
239
221
222
132
181
163
183
127
139
121
102
125
125
127
146
189
154
152
105
105
98
225
267
176
144
64
116
111
203
218
53
239
204
210
160
199
190
120
204
178
190
190
129
121
78
201
211
218
226
221
102
96
66
68
66
73
43
47
54
55
64
67
55
109
74
76
55
154
52
84
66
127
103
91
63
171
201
146
124
99
128
91
65
144
187
124
108
190
140
114
186
212
83
164
76
206
153
200
148
195
193
261
120
118
197
200
78
46
197
85
72
139
135
306
262
88
143
161
159
39
48
152
234
185
167
149
84
79
95
199
172
200
201
164
138
45
56
15
260
253
352
196
83
124
236
179
150
182
146
201
179
125
86
354
344
241
90
187
189
71
48
180
132
181
218
237
174
59
152
123
129
11
361
312
467
221
233
206
136
138
137
156
211
136
84
147
162
196
160
127
229
162
172
121
179
162
160
139
128
231
62
132
387
433
218
221
207
184
156
153
182
135
181
109
126
206
204
173
108
76
176
242
157
146
134
83
66
136
193
81
206
51
148
141
224
203
246
202
139
198
168
169
158
180
218
140
93
134
51
196
87
213
62
235
211
339
181
177
245
99
-1
162
194
214
351
214
305
204
210
196
162
347
404
467
95
222
164
153
55
171
307
187
279
10
176
295
64
66
94
96
77
86
53
47
9
63
29
86
57
53
65
72
99
354
108
112
290
137
180
193
329
324
203
301
237
157
197
298
288
258
390
160
62
165
125
110
294
282
276
239
205
303
273
284
211
185
214
266
138
204
332
6
83
301
84
104
246
307
327
305
335
315
14
96
50
268
246
252
230
289
282
287
326
143
166
165
133
92
279
337
248
237
233
145
119
278
236
149
62
19
10
30
402
60
70
97
267
81
170
111
255
111
270
116
145
261
156
165
103
307
157
162
136
171
114
172
138
31
61
43
34
334
118
219
258
115
148
120
127
83
84
94
169
31
192
199
164
134
158
123
83
115
105
112
157
161
108
109
187
120
129
191
91
145
158
157
205
277
195
141
154
150
167
155
167
177
124
135
154
99
208
250
133
196
153
132
270
209
126
124
103
148
119
131
282
290
298
332
313
162
112
201
189
109
95
85
60
110
68
321
108
283
110
135
137
200
239
289
77
292
308
109
77
180
109
258
229
258
260
259
250
122
145
118
136
185
185
34
126
166
63
213
103
137
119
134
175
113
132
193
175
286
155
255
281
68
195
136
75
81
105
133
102
86
225
187
220
122
236
221
226
192
129
260
187
81
168
53
183
264
243
77
80
131
133
286
70
34
34
116
110
313
267
201
233
214
191
122
255
111
272
265
268
187
84
262
175
125
125
73
84
242
142
185
162
250
261
254
301
198
280
263
275
305
41
211
240
181
114
95
86
77
56
151
224
238
169
131
86
30
162
295
276
99
185
183
127
147
142
113
120
122
183
195
237
341
89
195
86
204
69
111
78
137
153
168
132
196
229
263
221
274
272
106
110
142
281
134
147
127
97
105
123
138
151
139
264
191
164
104
231
144
187
213
152
173
106
130
142
84
177
240
247
171
226
147
171
170
116
111
243
46
120
243
206
108
115
108
177
98
100
232
58
15
47
129
142
275
154
130
145
264
253
263
202
206
118
164
216
9
262
218
233
128
153
101
102
240
109
105
111
262
116
66
136
128
261
86
128
34
154
123
191
208
251
113
168
226
114
207
222
85
109
111
112
183
281
291
200
117
129
223
177
230
163
189
180
160
76
80
114
117
239
228
237
164
202
175
25
254
98
109
322
256
200
123
136
124
86
53
176
179
189
184
164
18
64
103
185
205
223
194
234
119
159
163
160
237
97
209
126
231
79
78
146
150
139
92
133
175
16
159
91
277
200
91
177
51
137
144
99
185
178
142
152
142
119
251
138
146
72
87
173
87
108
81
177
109
201
117
95
235
92
166
116
109
97
109
162
89
178
130
101
194
178
97
86
120
156
47
227
105
107
210
123
102
165
40
164
114
90
224
105
199
64
190
237
88
220
80
159
238
42
116
211
80
242
224
236
176
79
209
113
133
116
54
194
7
77
186
102
245
228
98
158
153
124
174
120
120
183
109
208
187
244
99
208
173
164
115
91
91
142
86
106
105
46
88
150
149
105
145
68
104
115
89
140
44
103
116
166
114
56
123
134
197
110
87
78
74
166
104
48
109
60
14
88
6
72
174
109
112
102
85
115
65
61
60
69
108
79
7
114
238
43
293
31
249
95
175
61
171
143
61
54
88
174
84
196
58
105
93
84
112
109
39
101
163
194
75
142
88
227
170
56
67
59
78
7
150
132
146
109
57
112
105
125
113
64
47
151
122
147
147
45
94
147
99
71
163
107
155
76
164
38
106
138
142
169
104
34
153
121
144
161
79
109
129
104
106
148
121
41
66
35
149
87
55
61
129
104
145
167
158
86
68
94
110
124
50
96
94
167
177
183
186
86
124
109
80
94
172
47
102
102
168
187
137
75
117
112
150
87
42
131
68
64
109
109
67
97
100
128
67
66
84
136
94
87
59
100
47
69
36
60
87
91
