122
116
88
83
97
121
129
114
138
121
80
107
73
64
74
62
69
113
98
71
113
153
86
106
68
91
51
65
94
89
73
94
62
99
94
107
94
65
54
54
51
54
95
94
74
91
53
29
66
73
29
30
40
71
87
46
49
73
61
73
87
132
97
109
179
45
76
108
104
112
73
143
97
98
106
66
79
124
65
125
98
67
67
75
117
115
95
94
127
114
75
102
112
113
81
57
110
188
167
31
103
113
106
146
83
249
90
149
191
174
197
106
155
201
190
213
167
184
142
130
207
223
223
268
180
256
262
126
110
110
153
247
225
294
316
319
273
307
323
372
347
213
212
374
368
370
319
333
151
175
174
203
154
224
316
279
139
199
199
178
216
265
284
129
265
149
263
207
276
256
388
297
362
266
300
228
283
297
338
417
270
352
363
336
160
164
189
115
94
78
105
92
80
83
118
107
96
86
180
120
48
246
259
262
341
206
246
233
300
280
124
354
209
329
327
334
119
187
161
135
165
237
189
197
170
186
138
170
244
320
208
140
146
112
341
144
272
221
97
179
156
194
295
96
378
280
318
267
338
320
144
336
222
207
161
191
241
118
320
360
331
334
355
142
124
89
85
102
93
65
79
77
66
91
115
67
175
93
91
85
192
89
133
86
165
149
80
97
198
313
159
73
202
241
100
71
246
172
196
139
205
248
159
190
341
197
192
159
266
178
297
67
334
206
125
56
109
318
315
107
61
332
67
110
183
115
192
232
82
78
237
164
55
86
172
120
85
120
118
128
118
145
286
270
261
150
183
95
25
33
6
115
138
119
138
136
108
396
278
270
233
330
208
170
186
150
171
170
364
160
118
139
77
70
359
190
325
354
192
253
68
215
224
182
40
100
85
172
126
387
273
249
251
250
175
125
214
162
245
142
182
272
185
224
232
290
123
298
201
199
183
139
136
90
293
154
145
176
334
306
161
245
254
259
275
325
156
132
189
190
158
252
105
253
167
119
111
210
121
115
176
303
95
287
61
162
233
369
183
162
293
231
284
123
114
270
335
276
-1
137
86
75
319
153
310
136
275
224
99
150
153
160
143
140
256
284
314
204
176
167
271
123
147
289
236
201
114
109
181
342
331
50
282
281
275
135
36
82
162
84
102
126
127
117
169
53
40
19
62
45
74
43
44
95
83
106
136
198
173
156
221
183
172
247
237
170
247
192
72
212
194
188
173
143
217
66
294
205
170
156
148
129
100
100
154
119
120
170
151
156
190
199
149
152
22
49
216
89
217
228
129
185
215
205
180
36
135
66
227
203
186
162
148
153
152
143
182
129
252
171
93
147
195
132
124
115
259
209
177
142
274
97
49
35
25
140
27
125
128
139
152
240
161
151
141
220
176
232
154
167
118
109
196
254
209
212
290
99
356
179
18
87
65
67
190
196
104
138
138
255
143
181
97
95
139
188
32
195
196
273
142
206
207
159
214
198
139
200
205
198
99
187
208
219
182
142
222
116
178
69
215
182
131
158
242
268
279
280
295
163
230
261
170
104
134
216
283
108
147
218
237
185
181
168
217
116
204
182
167
183
186
183
195
203
191
137
173
124
115
65
110
82
178
180
181
200
228
182
116
125
145
75
172
149
120
110
296
213
230
230
233
166
153
218
217
246
160
227
96
101
80
185
284
127
172
157
177
158
190
254
159
106
161
146
204
95
220
242
85
156
228
40
107
246
154
150
128
183
131
180
166
186
200
196
148
208
159
295
91
124
57
82
86
141
97
173
216
207
224
132
68
64
163
134
195
167
197
216
228
196
150
145
167
156
148
101
108
157
172
154
158
133
145
129
225
160
286
190
141
130
178
75
213
159
144
226
181
110
164
191
142
181
156
99
122
197
138
210
223
86
112
143
39
152
205
155
127
168
193
206
224
184
185
95
177
128
207
131
139
141
196
80
188
112
101
133
156
206
136
169
291
166
215
113
222
173
186
169
227
224
223
205
211
211
190
220
255
256
216
160
154
88
173
193
240
193
286
221
183
170
204
165
157
104
172
149
146
189
217
256
258
171
207
158
40
206
123
113
133
189
154
203
133
168
181
125
51
81
185
203
191
72
70
76
137
134
146
268
146
176
107
127
21
139
125
130
123
270
160
103
165
139
89
128
250
58
82
191
173
166
146
166
33
202
155
210
172
204
144
160
210
215
106
192
109
187
169
97
171
167
186
152
176
175
185
147
224
156
163
162
120
83
89
187
135
145
139
146
235
116
103
5
161
155
195
118
178
134
170
187
95
124
92
165
174
203
190
176
12
89
193
246
174
124
155
162
127
127
146
136
176
128
179
140
212
116
118
161
159
141
210
194
154
42
197
171
163
90
150
108
58
131
155
188
166
181
133
159
171
125
133
126
149
163
122
140
71
47
125
170
151
95
75
180
156
115
110
147
135
138
204
146
104
74
112
151
179
131
183
105
163
225
45
154
128
123
148
126
201
169
20
179
139
161
107
148
148
99
125
122
83
145
117
146
142
170
160
187
118
139
130
134
200
85
110
132
124
132
83
141
24
146
243
202
130
160
190
116
90
115
165
191
96
271
113
135
150
127
157
107
84
126
159
152
109
124
120
201
170
91
32
80
73
89
128
108
164
238
133
154
22
114
142
144
118
63
171
206
137
170
150
150
83
179
111
52
145
69
35
40
21
82
119
108
60
111
141
128
93
90
92
68
156
81
50
141
155
105
110
27
149
118
102
145
140
164
92
78
138
81
77
135
41
148
76
49
100
93
56
102
95
73
133
106
114
95
129
97
117
90
112
6
146
65
88
81
100
71
174
164
73
120
51
95
152
82
76
67
112
101
133
97
129
54
138
89
94
21
123
121
133
92
106
17
100
88
79
100
96
111
125
90
102
101
77
64
69
38
108
115
69
72
118
123
85
100
104
106
72
92
170
99
58
114
69
90
94
92
105
112
95
124
90
61
87
42
76
78
78
68
79
58
68
61
79
61
27
99
44
42
87
81
48
57
84
70
85
54
44
66
57
61
78
59
42
43
24
46
82
99
