158
140
140
134
130
153
163
149
169
146
118
163
126
105
124
108
123
143
127
107
98
177
116
100
81
96
65
76
118
120
98
95
68
108
78
100
82
63
56
69
67
62
85
93
71
87
37
24
70
68
21
15
40
70
92
46
63
85
64
109
124
101
81
149
186
66
113
125
120
112
97
148
98
127
116
94
93
112
83
121
117
65
57
48
142
118
121
114
161
99
97
114
110
128
77
72
131
220
150
40
146
144
130
173
92
228
108
182
179
181
171
139
183
203
199
191
184
202
165
155
225
216
193
241
176
243
248
139
108
116
160
253
235
267
263
292
286
333
315
338
353
225
183
344
365
370
301
315
166
183
169
192
132
230
284
263
167
209
215
159
242
248
259
151
263
143
271
151
290
246
357
300
355
215
276
229
247
313
342
381
242
303
304
339
140
147
157
92
136
96
102
92
88
68
118
135
125
111
187
111
26
217
264
278
327
166
275
213
265
270
142
377
207
368
365
368
152
214
177
178
170
234
176
187
138
202
175
160
245
339
220
137
150
144
370
175
288
230
106
149
130
236
312
149
402
298
335
270
357
350
173
304
217
216
178
184
232
124
365
378
366
357
357
171
142
79
75
100
88
62
70
77
79
88
93
73
136
91
93
83
154
81
100
86
144
119
126
93
176
300
189
79
196
201
96
82
186
175
169
137
222
263
162
234
373
243
203
136
268
193
307
84
362
191
136
67
98
296
256
126
90
350
115
99
190
147
223
242
117
110
224
136
22
79
197
157
91
130
128
102
121
171
274
257
232
188
188
125
19
20
6
133
160
142
143
124
170
360
301
245
248
305
232
203
208
173
163
174
394
140
139
156
67
54
270
213
312
394
201
260
95
238
267
256
21
129
95
178
158
383
309
279
281
282
209
147
208
137
309
159
216
256
157
231
219
313
145
302
220
220
204
126
156
101
315
175
149
226
341
278
189
238
295
260
313
321
129
146
220
216
198
158
97
210
167
151
156
209
122
131
200
333
67
292
77
180
274
395
205
189
326
283
370
153
163
247
279
250
268
148
136
81
325
175
298
127
258
222
128
155
147
167
143
167
285
291
349
230
241
207
291
134
194
302
276
235
132
61
164
275
315
64
330
323
271
145
23
97
193
100
130
171
164
144
174
63
55
26
85
55
104
64
63
116
115
133
151
218
218
144
250
329
316
258
268
184
264
200
83
226
208
207
182
188
226
66
296
254
215
155
149
142
110
101
160
132
123
198
175
168
197
182
159
190
7
72
248
114
244
250
168
212
240
241
184
19
158
72
242
214
206
194
143
158
151
143
246
233
396
296
251
178
233
140
138
137
307
260
196
171
240
105
51
33
40
153
25
125
131
144
161
236
198
170
156
247
243
255
167
298
144
129
204
360
317
293
322
134
324
191
15
77
53
58
218
247
113
147
271
473
388
357
227
217
220
271
44
325
319
455
272
334
271
282
347
313
367
391
370
344
293
187
269
243
200
183
421
152
317
88
283
269
440
432
718
-1
459
623
669
191
186
564
223
120
142
184
305
104
212
216
289
246
238
204
270
136
281
194
221
209
210
212
301
230
264
163
377
363
361
170
112
111
211
222
201
232
261
200
114
129
151
94
189
151
149
123
353
210
269
250
261
165
159
247
528
491
404
497
93
119
50
255
383
151
192
181
189
169
221
262
176
146
168
146
236
122
236
264
98
192
411
63
99
238
166
192
241
274
156
220
206
223
334
331
273
502
178
292
133
159
62
113
94
154
193
163
257
272
253
130
58
48
215
116
218
189
321
279
280
277
275
160
500
184
158
118
110
206
213
192
165
123
118
111
220
278
277
289
169
157
211
85
220
187
165
262
202
107
267
192
165
275
130
323
144
189
210
256
241
89
133
174
35
203
254
182
406
272
315
409
508
470
267
100
290
150
229
119
151
134
254
132
194
145
122
144
198
316
151
186
310
183
232
124
269
168
488
485
374
263
271
261
265
360
355
159
428
426
301
179
252
88
198
221
341
269
296
261
239
209
394
299
292
111
211
171
158
228
296
326
328
252
332
198
52
159
125
131
174
249
185
325
148
186
200
76
18
118
432
191
217
89
85
91
141
177
189
307
138
332
115
141
28
152
147
149
184
245
174
134
178
221
196
197
276
49
103
224
287
210
173
220
57
288
180
260
201
212
160
214
257
286
119
238
379
298
431
195
251
186
188
143
272
229
198
180
247
203
197
195
135
96
143
234
241
152
140
147
257
124
104
11
182
260
314
130
220
161
217
252
136
182
122
237
223
251
270
202
20
79
135
258
221
135
189
168
325
181
155
137
209
211
213
172
263
150
355
265
173
143
320
376
176
48
235
158
200
87
224
127
64
183
200
273
206
209
162
213
245
163
147
198
214
170
104
190
130
58
126
211
213
106
65
115
183
223
127
218
140
227
272
172
97
93
132
168
245
141
204
113
204
247
48
166
339
163
180
125
340
218
11
201
226
301
122
129
154
94
114
160
249
155
156
205
142
139
262
217
278
150
151
153
224
176
122
252
241
209
120
190
19
200
311
208
147
178
219
127
102
176
201
219
163
288
182
158
171
132
222
111
97
181
146
169
114
133
154
245
229
88
51
86
80
112
148
104
267
267
190
265
27
131
385
177
152
75
199
267
170
214
171
303
175
203
135
59
180
182
39
49
13
111
142
177
61
141
172
162
239
128
129
89
232
100
37
212
171
142
123
56
181
151
117
154
186
238
147
108
145
90
101
167
54
146
102
57
111
122
66
155
97
99
110
129
120
113
165
129
189
86
186
1
176
45
99
89
84
79
194
180
78
117
55
105
210
98
77
67
119
114
143
185
133
67
148
106
83
24
154
148
132
91
136
13
128
134
127
131
103
120
119
124
126
122
115
69
67
37
137
156
76
99
137
144
120
104
99
108
87
114
189
127
64
128
112
115
111
115
113
123
130
134
93
101
107
44
111
105
89
111
92
67
87
69
97
85
29
132
58
52
93
89
64
79
108
89
93
60
46
89
71
75
81
63
35
56
30
33
111
113
