124
106
95
97
94
128
114
124
140
120
79
120
97
76
100
80
98
106
96
90
55
111
96
89
69
91
50
68
72
77
80
84
64
108
75
99
82
61
53
61
52
61
64
70
59
58
42
29
47
55
31
39
36
62
49
49
41
73
51
77
101
34
37
112
162
24
82
83
110
125
94
119
101
88
95
75
65
114
57
123
133
55
95
97
58
86
80
82
97
118
78
85
136
48
31
66
101
92
63
6
100
139
114
203
102
253
114
193
232
208
231
130
182
218
193
216
195
193
121
101
280
228
203
283
201
261
252
118
79
124
132
272
321
286
277
274
281
176
253
264
285
121
283
294
249
296
135
264
193
192
192
203
172
219
204
198
166
103
249
204
156
271
241
151
272
155
215
195
294
276
259
246
262
212
252
288
203
239
257
254
189
291
240
164
219
202
216
126
143
83
107
79
91
68
138
101
133
115
183
133
41
242
185
250
248
160
208
287
229
253
129
266
178
293
278
274
171
117
117
136
155
191
163
71
186
121
164
165
287
146
268
123
168
134
280
128
246
175
124
141
170
290
281
162
278
259
214
241
263
234
208
216
128
151
219
187
153
115
282
283
276
258
246
205
132
85
75
71
80
49
74
70
62
88
112
62
124
91
89
72
175
71
137
91
159
147
104
93
227
240
132
65
83
142
124
66
195
164
173
127
254
133
186
112
251
80
261
113
257
240
248
37
263
229
143
70
152
231
187
121
78
244
86
84
93
125
251
246
109
102
219
183
62
41
249
76
63
121
136
102
127
156
242
231
188
214
218
120
44
45
10
79
158
166
117
170
121
277
206
222
255
132
233
242
147
129
137
163
277
138
155
146
41
53
232
163
216
285
307
153
98
120
104
121
15
76
84
145
67
241
238
140
140
140
113
99
134
143
148
154
143
187
220
198
216
237
179
219
137
115
114
189
144
74
152
159
110
288
244
224
108
186
164
256
151
219
87
87
125
124
88
108
147
177
181
98
86
175
174
109
205
290
145
204
48
126
160
264
165
148
235
167
252
113
119
117
171
181
143
111
107
93
224
69
237
71
222
194
151
203
211
145
130
120
153
235
245
195
290
205
222
136
144
164
215
166
113
112
155
156
155
48
229
266
204
129
7
85
179
79
62
74
73
60
66
60
54
12
63
29
80
67
58
49
52
94
127
111
109
162
105
422
436
245
259
199
245
186
82
226
216
237
211
142
160
109
185
140
115
154
146
159
117
95
142
150
127
181
176
198
192
152
182
172
4
37
283
68
107
219
182
177
208
221
165
15
114
83
239
218
229
232
145
146
143
119
262
409
409
379
321
142
191
138
132
130
159
113
189
173
177
48
5
6
36
136
9
42
92
137
122
219
122
195
103
221
94
101
158
345
102
107
209
316
389
290
224
87
213
125
20
69
45
58
236
113
120
142
365
502
-1
415
353
332
208
314
39
351
338
442
365
305
333
321
295
463
712
338
373
267
322
267
102
127
258
99
522
197
372
83
227
321
412
377
347
388
371
405
338
113
162
287
118
119
140
138
205
120
291
187
217
109
122
104
118
243
151
173
186
167
179
180
269
96
309
137
346
712
683
188
145
75
152
99
222
120
144
196
79
131
137
66
185
135
112
99
182
148
229
196
230
162
133
217
279
276
309
281
105
70
56
120
333
47
203
103
180
160
151
166
101
110
175
169
193
94
195
218
80
161
390
57
107
117
180
228
410
304
121
143
89
219
341
341
290
248
162
207
107
106
51
127
107
173
180
83
142
151
212
92
47
54
103
103
194
192
338
262
250
259
294
149
243
177
174
128
117
82
232
267
108
167
99
108
196
285
193
303
134
126
189
70
180
175
131
210
182
48
287
209
129
282
141
610
72
31
193
217
180
99
103
97
12
195
210
174
233
307
341
193
229
247
268
143
265
152
220
131
142
121
219
89
142
70
76
109
261
238
145
112
231
218
213
125
219
127
344
328
218
225
128
132
155
347
293
153
353
265
190
167
256
115
119
177
242
221
210
138
253
104
286
223
479
100
182
158
199
193
133
163
161
210
217
142
47
149
98
130
196
102
92
254
99
95
188
78
14
31
199
183
171
78
73
81
138
158
168
237
112
295
168
133
2
149
151
128
190
166
104
94
151
174
197
96
238
84
46
181
263
230
75
238
27
285
140
185
178
183
158
269
207
102
110
210
342
178
272
256
259
168
152
130
223
137
166
198
192
167
171
192
130
62
156
226
261
149
140
127
175
131
126
14
177
154
158
100
184
139
90
119
161
96
60
257
129
211
249
108
9
54
185
176
170
132
177
147
486
222
159
156
190
264
152
143
219
62
267
211
98
86
187
205
157
4
172
155
181
114
151
103
46
191
124
369
177
182
136
222
210
163
122
210
261
105
91
159
86
69
78
165
98
118
93
120
160
187
118
246
115
190
181
130
170
98
78
77
192
113
79
110
117
169
57
160
242
186
137
113
202
200
38
202
223
375
133
120
153
84
137
127
228
150
76
210
146
8
163
201
192
142
153
133
201
178
117
261
223
185
54
146
27
95
183
140
152
172
125
104
104
202
138
135
195
191
91
132
151
119
188
105
119
205
118
115
125
123
66
79
99
46
63
88
86
75
75
123
118
125
83
209
12
111
280
142
138
91
124
105
97
86
133
232
149
181
168
59
136
174
12
43
2
104
130
150
93
120
71
161
211
97
62
66
252
62
4
110
149
35
112
60
168
214
116
62
157
197
66
65
87
97
75
152
29
130
77
52
84
111
35
107
79
79
86
154
85
91
121
155
85
54
241
0
146
92
99
69
111
71
115
126
74
41
58
108
81
86
83
56
112
103
120
135
151
47
170
150
116
17
56
134
102
72
120
15
87
89
76
79
105
96
118
131
103
66
69
48
50
34
109
82
57
35
143
120
133
98
88
132
76
99
92
81
39
84
82
99
108
98
96
98
99
99
86
65
92
40
116
52
73
83
69
41
121
82
72
78
34
93
65
59
73
81
64
48
79
75
69
32
46
47
77
68
67
67
41
49
26
94
106
122
