215
171
163
157
181
261
222
204
230
243
136
186
138
133
143
118
167
183
181
137
106
200
181
148
99
150
84
91
123
110
127
134
107
179
121
133
116
68
65
64
60
75
107
108
84
88
59
33
75
71
44
44
51
79
75
61
64
103
76
140
153
70
60
194
255
54
169
190
209
224
173
207
193
196
164
157
153
231
104
208
236
117
140
198
141
159
160
157
212
172
125
154
200
84
40
94
159
168
100
22
144
349
288
403
266
458
260
439
413
557
-1
392
464
520
457
466
444
482
293
279
482
506
451
495
384
506
462
359
283
282
312
480
454
431
460
440
442
385
409
388
358
280
413
395
363
435
212
276
351
434
388
396
419
415
394
452
345
263
445
404
416
433
433
364
434
363
351
322
451
463
395
376
368
368
418
398
371
381
417
340
394
396
330
314
381
446
382
288
261
199
267
232
221
243
304
225
258
302
281
323
165
375
343
377
366
333
332
417
374
387
307
339
345
379
366
368
288
203
216
220
249
245
239
130
457
290
253
384
348
315
414
198
343
262
350
209
352
322
320
232
344
398
366
168
383
344
309
363
340
336
271
302
276
280
252
405
258
279
388
367
381
356
358
278
209
214
199
226
211
163
183
191
169
208
224
174
230
227
192
200
339
184
290
203
251
286
179
210
308
377
198
115
217
333
240
90
249
230
246
183
317
254
359
234
364
105
281
246
358
367
416
115
405
305
168
80
244
322
315
256
186
348
140
222
287
224
344
335
152
152
343
295
147
162
371
173
137
220
212
165
194
322
406
369
317
269
343
201
57
41
20
146
173
193
216
255
239
379
332
254
409
256
332
308
316
229
208
251
329
248
243
242
179
132
275
317
315
305
320
236
164
178
151
193
42
126
124
206
151
340
354
253
255
254
207
188
196
325
204
257
276
304
229
297
322
333
335
330
264
234
217
248
228
134
183
212
179
293
359
329
195
189
182
346
171
353
175
187
251
248
170
185
270
309
247
203
199
241
276
187
364
354
150
306
62
217
210
289
267
248
328
249
344
213
224
174
215
273
197
186
204
118
317
93
304
122
281
258
178
270
271
215
244
128
285
300
302
208
281
235
333
214
231
196
219
187
127
176
247
207
204
68
271
302
273
123
87
149
219
106
68
82
87
78
95
81
61
13
83
39
113
74
55
76
83
133
136
143
117
163
228
297
260
257
256
292
275
247
120
255
247
288
222
186
256
153
248
174
121
151
146
156
106
122
159
128
144
267
266
191
227
186
257
214
48
85
279
104
147
237
194
201
247
260
184
27
263
177
289
289
263
255
140
142
146
123
251
234
173
229
159
147
231
140
132
131
174
132
201
189
236
63
16
12
38
150
27
131
124
141
183
324
161
213
143
236
135
143
190
209
159
156
208
239
182
191
269
189
258
164
19
120
88
68
255
135
119
137
198
165
231
185
163
148
155
195
47
206
204
190
163
152
137
113
149
146
191
150
150
128
204
272
143
133
277
127
196
226
165
122
270
194
208
229
153
171
244
190
169
142
218
186
142
115
133
236
275
144
157
197
276
138
146
123
160
208
181
202
223
191
207
208
200
132
237
218
139
181
192
148
205
134
181
131
278
114
175
239
88
142
136
98
208
150
199
135
227
105
227
199
261
168
142
241
144
165
203
181
139
142
145
152
168
48
185
117
206
189
223
275
158
190
202
179
227
159
225
228
93
233
110
91
285
213
310
126
128
232
229
184
123
236
267
260
271
162
197
308
154
200
78
150
123
206
104
147
165
169
258
109
99
83
130
152
207
207
237
215
235
216
179
173
146
199
180
148
138
109
233
279
136
151
195
211
254
219
276
194
162
165
234
108
262
207
174
249
208
60
243
224
143
127
157
105
111
60
163
207
214
109
156
166
38
143
226
205
174
208
216
177
164
157
111
166
142
254
228
136
159
211
203
160
252
83
146
229
201
140
160
205
280
228
250
129
277
146
130
141
174
246
147
161
170
109
121
190
151
209
209
189
239
100
132
191
175
186
260
239
204
126
131
125
79
166
203
184
215
211
145
180
177
107
149
147
54
192
143
176
153
144
122
143
127
122
215
150
47
44
156
253
211
116
111
119
156
204
191
296
135
96
166
164
9
180
162
146
190
178
144
129
175
161
178
129
266
90
66
319
144
243
105
140
31
124
205
196
177
191
275
229
199
128
114
213
133
153
96
135
228
193
188
144
146
157
207
207
220
178
175
164
117
129
113
91
146
154
152
139
223
127
108
9
183
137
142
135
213
161
122
148
209
121
69
231
131
199
267
161
16
79
221
213
165
153
197
178
175
197
152
177
213
225
143
136
225
72
90
170
129
143
109
181
182
13
248
194
210
99
105
167
64
149
152
105
175
139
182
183
156
162
145
178
198
162
107
167
154
73
92
208
137
123
92
175
179
163
183
136
248
107
143
144
260
105
125
113
184
132
112
148
132
172
54
187
170
123
188
186
151
170
44
214
105
102
128
151
186
155
125
139
100
155
89
173
147
31
144
226
79
157
149
161
263
114
111
111
153
121
66
134
25
100
247
176
166
186
113
116
93
160
149
159
94
213
137
153
171
127
136
102
111
208
188
132
144
113
86
116
102
58
49
86
99
122
101
157
102
147
107
152
27
201
125
165
203
147
133
139
163
100
127
95
123
226
188
87
182
106
27
37
13
179
138
155
90
126
78
198
42
80
65
71
89
88
14
125
181
46
114
65
184
124
124
72
137
146
85
76
99
102
112
139
60
151
112
58
75
148
33
156
131
87
148
138
127
93
206
23
82
69
59
2
141
75
91
99
120
125
153
115
90
70
59
102
127
93
146
143
210
123
217
71
170
94
172
125
150
27
96
176
167
104
222
36
162
157
151
167
174
148
153
87
93
144
127
69
75
31
192
106
131
47
154
133
166
112
131
182
69
145
118
157
42
93
99
111
110
101
110
140
174
153
147
105
96
44
110
98
86
94
76
90
91
77
82
79
30
156
69
63
129
101
52
88
94
87
51
38
63
69
80
74
46
76
42
52
31
156
140
191
