46
37
34
33
44
44
48
40
50
45
34
40
34
37
29
26
36
40
35
32
16
45
33
32
29
27
18
22
36
33
31
36
23
39
26
34
31
28
21
19
22
21
28
28
16
20
10
12
22
20
12
11
12
20
18
20
18
34
21
28
35
8
11
43
58
4
28
39
49
46
45
56
33
45
53
38
45
55
28
52
42
24
45
45
44
46
37
32
45
64
32
41
68
20
13
30
46
44
26
1
38
36
37
45
22
65
32
50
76
67
69
55
50
66
53
66
51
53
43
40
93
78
67
81
45
77
72
23
22
35
44
80
98
80
88
92
94
60
106
104
99
42
56
102
107
120
67
94
47
59
56
58
48
70
76
79
54
33
73
50
70
81
81
47
94
49
77
52
100
84
114
96
101
64
82
86
78
91
104
104
69
94
89
71
42
53
67
33
40
21
20
14
32
25
44
54
57
41
67
34
4
73
70
87
105
48
96
71
105
81
42
107
64
105
96
100
50
46
45
46
63
52
43
40
61
52
56
53
100
70
89
42
55
48
103
51
108
92
41
40
63
77
105
29
115
101
88
95
112
118
78
84
54
69
82
75
41
39
121
127
126
124
127
72
36
22
27
19
27
17
19
21
20
28
39
20
46
33
27
18
59
15
49
29
53
50
32
25
78
106
65
27
32
44
32
29
71
62
59
40
91
56
59
60
128
29
91
31
106
90
108
33
109
76
74
37
58
115
66
34
25
98
40
40
49
54
90
85
33
41
65
67
14
17
82
57
35
40
46
23
30
38
104
86
92
79
89
50
17
17
1
38
68
71
44
45
40
114
88
79
89
65
87
92
43
47
51
63
110
56
59
56
29
20
76
52
103
106
105
65
30
51
45
53
2
38
36
63
43
113
114
58
59
58
45
51
50
39
80
57
72
94
62
87
84
102
57
107
68
63
59
67
48
27
71
67
53
117
122
124
51
76
74
83
74
131
43
36
61
60
51
29
38
65
55
54
46
86
73
44
82
115
46
98
24
53
59
103
61
59
113
103
109
41
40
54
80
77
72
39
42
24
107
45
89
27
88
88
69
82
99
66
51
68
63
109
123
84
95
89
103
74
59
78
95
84
50
50
80
83
70
20
110
117
88
78
4
41
69
34
38
46
48
42
44
22
19
6
26
8
31
25
30
42
33
47
73
57
68
75
58
99
111
102
104
99
99
101
32
119
87
109
75
79
93
20
81
69
56
68
72
69
44
49
84
64
67
101
91
58
93
62
87
80
0
21
104
39
58
85
74
83
116
96
82
0
47
27
106
74
88
96
80
74
70
72
71
75
103
46
22
82
101
69
72
66
78
57
78
68
75
32
7
5
15
65
5
22
32
74
56
78
51
87
49
90
54
55
72
57
55
38
85
109
72
54
106
38
87
53
5
29
24
15
97
53
66
71
37
70
76
75
59
55
56
127
17
109
102
87
89
76
69
36
51
39
69
63
72
47
48
111
75
72
105
53
69
74
68
53
117
87
55
59
75
87
68
100
105
59
62
85
65
58
69
53
92
61
79
93
91
56
72
48
69
55
68
74
90
81
88
88
67
60
97
72
65
60
60
27
66
39
91
58
72
61
83
74
31
72
83
27
90
55
52
37
84
61
102
104
108
75
74
90
75
55
42
62
52
45
14
70
93
38
107
59
88
95
99
119
56
47
71
61
90
41
96
98
33
94
73
22
34
47
83
52
49
115
56
62
61
90
102
105
106
51
81
99
34
57
19
64
46
98
50
53
66
64
93
40
17
25
64
52
90
92
108
95
100
95
89
71
74
96
80
62
51
47
104
98
41
70
52
56
78
87
86
99
79
75
83
44
89
85
70
97
85
23
101
98
70
84
48
73
33
13
77
86
86
57
33
50
7
91
108
100
65
117
122
77
70
69
75
57
70
56
105
63
67
43
109
33
76
46
37
21
65
107
80
47
107
113
88
70
109
83
65
64
72
103
92
86
87
68
74
71
89
82
94
102
99
60
57
98
83
96
124
71
120
51
83
110
51
43
82
102
109
92
66
85
86
85
79
95
23
60
62
70
94
55
50
75
64
62
94
33
1
26
69
84
103
34
36
32
71
74
73
115
67
77
61
84
1
92
85
81
62
73
67
31
101
73
54
59
101
31
41
95
55
94
51
105
18
92
72
85
94
89
55
107
101
58
78
97
40
76
79
73
107
90
99
75
94
94
79
102
94
81
80
90
62
27
71
82
71
82
77
68
98
68
76
5
88
68
67
57
100
70
66
83
73
62
38
95
52
118
119
67
4
32
73
104
111
66
119
80
80
103
80
91
103
59
97
71
108
41
41
85
46
45
50
73
95
6
119
65
80
57
62
39
16
96
43
63
111
111
94
109
115
95
61
79
110
41
25
120
37
32
41
124
78
69
43
52
84
46
51
87
58
92
82
76
59
45
42
63
116
76
48
68
65
95
20
101
59
89
58
64
71
104
18
89
61
61
64
63
92
49
77
76
44
100
64
95
68
16
84
86
60
82
83
85
78
37
70
68
106
94
38
94
3
60
101
43
78
96
68
80
64
88
104
84
70
113
45
100
91
77
81
64
61
95
77
70
57
101
42
62
68
29
31
46
44
31
54
56
91
58
61
125
11
51
59
115
59
38
95
63
67
45
79
38
45
86
64
22
38
26
2
26
0
57
91
55
46
88
57
77
42
38
35
34
64
37
4
72
86
29
60
15
91
57
69
30
98
121
50
43
55
45
42
89
23
70
47
26
74
66
23
42
53
49
61
87
62
64
65
25
43
33
41
0
102
42
60
49
37
48
63
111
53
43
43
60
60
63
52
25
54
78
75
63
90
31
88
98
51
8
78
80
70
34
53
9
42
42
45
49
43
68
62
105
119
45
42
23
39
17
65
34
27
49
85
63
90
68
54
46
-1
49
57
49
27
50
38
83
77
78
72
61
69
85
60
44
72
49
82
37
57
67
56
32
70
56
65
78
23
44
69
61
52
83
70
50
96
62
52
27
35
43
77
61
62
55
37
44
21
25
54
65
