38
33
31
31
31
45
33
30
35
39
26
34
23
22
25
17
27
37
27
25
19
50
27
26
14
24
13
19
21
22
25
28
21
33
22
25
17
16
13
14
13
12
18
23
14
19
11
8
18
18
7
6
7
17
17
13
13
21
16
28
43
17
7
42
58
3
38
58
64
83
44
90
59
88
81
70
81
62
38
75
59
16
52
46
75
73
36
47
67
117
35
39
94
15
15
32
33
34
20
3
24
41
27
43
26
80
15
57
74
65
77
42
41
78
50
75
52
68
35
31
91
80
56
77
54
89
83
25
10
29
31
92
90
89
102
96
101
59
115
104
95
42
69
114
100
120
67
83
49
54
50
63
50
66
64
72
47
30
83
61
65
82
93
50
97
53
69
70
93
92
101
105
109
75
95
99
77
94
99
103
69
89
89
60
66
48
76
25
31
14
33
21
16
13
33
33
43
38
66
40
3
78
74
103
104
57
96
80
91
93
41
110
71
122
116
120
48
59
60
55
59
60
56
29
70
43
38
69
99
51
81
29
45
38
104
66
81
64
34
37
59
102
110
23
113
112
105
92
112
102
79
99
57
61
86
63
54
37
116
128
119
121
103
69
33
22
24
29
24
11
18
15
20
22
33
16
49
28
24
25
75
18
48
18
62
48
31
24
80
102
55
48
40
50
29
16
54
70
62
52
98
46
61
56
121
29
87
38
110
98
108
54
110
87
121
74
64
93
84
30
15
106
35
34
45
39
109
86
31
47
80
71
24
15
79
89
61
65
62
18
25
40
110
89
99
86
79
62
34
42
4
106
106
103
73
54
45
111
90
85
92
41
92
96
42
52
98
106
121
56
83
65
18
17
65
52
88
103
109
50
19
52
36
50
2
70
48
112
68
107
122
51
50
50
42
90
50
40
72
64
75
84
77
99
84
91
50
92
56
50
47
68
70
29
69
116
95
100
122
109
62
81
65
86
59
105
56
51
70
68
51
31
39
76
93
47
47
69
64
28
80
126
55
102
21
54
54
102
72
82
112
79
105
47
48
47
72
83
61
35
49
18
111
41
98
19
104
85
90
94
95
92
58
112
55
93
126
138
102
135
118
99
76
68
155
186
96
46
103
62
69
19
98
132
85
132
2
64
94
31
25
49
40
38
34
18
15
2
24
6
24
21
19
24
24
43
149
50
55
154
57
85
91
151
156
89
122
99
41
98
118
128
101
145
90
24
78
60
40
200
205
216
146
121
200
161
124
110
96
95
108
64
115
165
0
27
137
30
53
98
117
138
140
149
154
1
38
25
125
98
101
91
182
194
192
150
46
88
82
73
27
152
175
176
187
191
63
51
139
137
61
31
6
4
13
135
12
19
28
173
53
93
44
109
47
129
47
56
117
46
70
32
143
81
69
48
78
50
102
54
22
24
16
19
154
53
183
200
38
79
82
87
49
48
34
94
10
118
104
77
78
90
55
28
39
50
66
79
76
36
38
113
52
51
109
38
91
78
73
73
133
103
42
67
59
69
81
86
88
48
62
83
57
180
198
56
106
81
76
116
111
52
63
48
65
73
72
118
128
122
144
144
76
53
111
97
72
58
57
31
63
24
192
50
108
53
70
77
61
196
136
25
155
124
37
30
87
46
129
110
127
147
154
118
57
60
50
62
109
70
14
64
82
27
93
54
85
88
84
106
58
45
81
86
149
52
109
109
28
101
56
25
31
37
72
50
40
126
95
89
51
102
119
120
107
71
130
90
24
71
14
89
85
132
39
37
69
70
124
32
16
16
50
40
130
131
121
116
111
107
91
144
49
171
187
138
85
40
123
97
38
64
42
37
107
86
94
87
154
152
117
81
92
142
136
114
140
13
128
122
95
76
48
58
29
19
102
127
130
172
48
34
8
97
141
161
51
116
107
63
76
58
75
54
71
73
112
124
133
44
110
30
93
33
45
47
77
86
112
58
106
110
113
135
116
197
58
55
74
134
73
84
71
61
65
55
79
91
90
160
111
191
51
119
91
98
115
62
131
55
78
90
74
67
101
143
103
95
65
86
86
80
60
136
21
61
148
98
79
42
43
81
47
55
95
41
1
18
69
83
159
60
59
63
89
102
113
121
130
77
76
117
0
151
141
139
78
69
58
28
149
42
38
50
126
96
25
80
73
124
38
85
17
76
73
80
134
121
51
89
119
52
137
117
33
80
47
73
104
144
153
99
86
73
106
110
108
108
117
115
90
25
53
66
61
176
180
193
90
167
179
26
136
63
58
112
151
90
70
65
75
60
28
112
63
120
140
53
4
18
61
104
127
128
97
107
77
96
87
88
143
66
108
67
126
34
32
79
36
42
37
51
103
2
98
57
122
134
53
69
20
97
46
60
131
119
73
102
110
83
161
61
98
33
27
110
31
80
37
125
50
214
39
48
128
41
87
70
70
70
77
81
50
84
43
35
120
78
38
45
61
88
21
134
62
93
71
54
58
102
44
75
67
59
172
55
135
38
151
173
32
155
42
115
127
17
74
91
46
147
149
160
104
26
191
57
85
84
29
107
2
62
97
47
104
130
74
130
185
90
113
67
68
108
42
131
97
169
77
141
119
112
69
49
50
93
42
51
63
23
97
128
125
42
61
53
71
38
50
95
18
44
41
106
61
30
75
63
86
36
60
38
45
104
75
20
43
26
4
71
1
43
112
44
114
71
49
68
39
42
35
37
66
23
1
74
143
21
131
14
142
58
228
18
104
89
43
34
57
108
42
128
10
60
48
54
82
55
14
36
113
107
45
94
48
140
65
29
31
26
43
0
108
104
187
55
33
67
51
94
126
27
39
99
43
171
65
13
46
96
72
40
102
36
104
70
64
14
45
84
73
75
48
14
65
60
73
59
43
62
78
87
90
80
58
30
30
11
73
40
25
41
96
63
111
165
81
53
56
43
57
52
20
56
36
205
190
195
130
70
79
67
60
39
213
27
90
42
129
150
160
26
91
-1
137
85
68
52
63
67
62
100
63
56
86
93
54
44
92
104
88
81
53
91
52
132
39
25
54
49
