175
139
144
139
148
212
171
166
190
204
115
157
111
118
119
102
125
160
138
119
142
202
145
130
83
111
72
78
100
95
104
132
91
161
101
119
109
81
53
70
62
58
91
96
72
76
44
28
71
73
28
30
48
64
91
53
60
103
67
130
139
148
90
167
241
47
148
175
186
211
158
241
177
199
187
137
150
204
105
202
220
108
129
173
183
184
151
149
205
187
113
134
207
100
71
83
132
199
164
40
115
221
160
242
162
379
128
275
298
349
377
217
302
359
331
337
311
342
192
177
447
386
333
391
279
429
425
231
157
162
201
451
449
458
474
481
465
449
535
550
483
329
288
539
536
620
400
477
250
313
287
379
295
397
421
428
254
258
338
276
364
407
458
247
404
260
409
279
481
432
603
586
588
357
446
404
374
477
564
533
490
495
470
457
237
275
280
188
179
102
143
132
135
134
208
175
220
183
294
194
61
390
376
416
493
310
476
384
415
466
200
534
354
570
535
571
238
238
217
218
203
248
187
168
330
293
216
289
449
411
439
145
255
226
535
207
397
346
188
169
249
399
451
111
587
535
483
499
491
465
255
498
335
319
313
302
346
194
535
544
522
490
521
263
153
124
123
137
138
83
99
111
83
128
158
95
222
145
123
114
279
105
190
125
234
208
156
129
327
-1
218
116
197
339
191
85
227
265
211
180
365
305
244
263
591
167
328
222
516
347
616
120
586
339
227
114
223
522
450
161
93
541
133
162
304
200
350
363
113
135
362
296
118
124
351
208
147
203
185
113
129
265
468
390
384
342
327
180
44
60
19
188
189
229
225
154
205
584
506
327
422
308
392
356
243
217
261
273
590
188
236
272
128
79
388
314
451
447
345
340
114
219
221
213
27
149
118
271
207
515
496
315
317
318
257
190
226
278
274
245
321
486
234
329
335
489
294
519
299
282
263
217
239
110
272
246
218
346
520
490
258
244
279
417
266
523
212
243
311
310
228
179
181
377
263
192
197
302
230
156
352
518
187
518
66
216
267
498
299
256
578
334
443
197
193
242
308
370
313
166
186
87
476
156
493
134
412
316
195
265
269
270
240
201
370
423
529
314
323
280
489
218
264
296
351
300
177
175
284
317
298
67
392
448
401
182
33
144
265
103
120
142
144
131
150
73
56
23
72
39
105
72
64
105
104
127
205
200
179
221
336
321
351
376
377
299
400
318
96
324
314
328
285
262
322
109
433
235
175
240
231
206
154
177
237
180
179
305
275
235
274
225
278
270
21
86
382
103
217
349
254
296
344
346
273
30
219
120
368
342
349
315
221
226
234
197
244
255
324
234
129
221
313
196
199
182
259
211
257
251
300
104
61
34
40
212
41
124
123
194
183
385
192
276
179
346
186
207
238
259
173
123
289
356
328
287
450
187
414
201
26
98
67
57
331
217
184
201
176
287
240
250
150
141
188
329
41
326
305
311
249
325
261
187
242
182
219
250
246
242
163
338
226
213
339
174
289
275
263
135
363
311
188
239
286
300
319
336
326
221
218
292
205
172
195
302
442
170
213
315
473
199
205
179
242
196
242
263
309
268
306
284
234
202
322
234
213
200
195
125
194
122
278
180
329
186
245
308
134
194
206
94
292
231
182
111
332
206
355
339
372
236
197
377
242
271
202
260
145
154
76
210
307
118
259
169
267
240
311
422
195
170
277
262
323
166
333
374
90
276
254
81
191
322
281
206
119
316
237
249
183
307
383
343
340
265
239
452
118
215
70
186
150
274
151
186
237
232
371
169
75
65
211
149
284
262
344
346
345
303
245
241
208
240
246
183
179
164
314
334
196
191
176
159
359
259
431
285
234
230
288
118
335
261
238
399
269
75
309
330
207
273
151
169
131
132
236
303
338
150
145
213
39
233
367
287
216
291
318
240
241
229
224
193
230
235
344
186
211
159
278
159
326
112
195
166
238
255
224
280
479
288
360
172
390
233
224
211
260
354
223
219
235
204
197
201
264
279
268
247
305
146
195
307
269
278
440
345
291
186
254
254
168
174
282
243
237
291
232
287
284
183
222
241
55
219
200
192
224
213
168
278
159
170
270
144
32
93
252
347
303
117
117
121
247
243
247
450
190
235
214
218
26
231
213
196
239
295
206
120
253
203
176
199
406
107
83
361
230
339
148
206
44
270
307
276
263
316
233
323
331
211
155
317
149
193
187
199
282
264
266
190
262
200
276
295
349
253
259
236
171
136
146
211
217
232
217
214
343
172
149
20
257
182
198
186
325
248
181
221
251
173
110
275
221
308
360
239
16
78
233
363
260
208
252
237
217
255
257
218
302
235
245
174
326
125
141
206
184
181
187
237
276
50
328
187
316
152
174
169
59
209
207
193
276
236
223
264
254
190
185
186
249
227
119
236
138
96
112
277
188
166
109
157
248
174
189
222
257
198
210
218
202
123
176
164
263
199
155
162
171
237
56
241
171
166
236
230
216
266
43
313
194
170
181
179
228
186
172
211
122
207
129
231
207
167
194
287
153
217
223
203
349
108
164
191
204
226
98
222
15
147
427
288
216
248
189
171
130
234
233
263
147
342
156
198
215
179
231
167
144
264
246
231
160
170
132
178
164
77
68
144
136
125
190
143
171
224
154
257
41
192
168
230
219
177
178
217
220
153
150
158
133
310
211
73
189
114
31
67
18
158
178
182
117
179
134
230
132
97
90
80
163
82
32
174
246
91
183
56
259
156
160
120
205
261
120
90
163
126
121
216
56
170
145
89
120
157
57
184
153
113
168
198
196
152
247
93
122
108
128
1
212
112
134
123
132
133
226
203
114
120
63
163
215
127
155
95
188
168
220
121
233
105
252
170
143
25
156
201
204
120
204
33
165
156
156
167
168
188
198
149
155
167
140
74
95
31
193
127
124
84
201
147
189
157
142
158
106
143
166
172
57
114
107
140
152
144
147
168
182
186
153
110
135
56
140
110
125
126
118
95
123
102
117
107
54
153
96
93
146
144
86
106
125
110
83
47
71
86
105
100
94
95
56
70
32
96
169
216
