62
58
47
49
50
68
68
57
67
74
45
59
38
39
36
32
43
63
58
47
49
86
46
46
36
46
28
34
35
38
40
48
37
55
51
50
45
38
25
25
29
27
40
45
34
40
22
13
37
36
16
17
26
29
37
26
26
42
34
42
64
37
29
65
99
20
46
93
100
115
66
141
96
130
140
112
125
119
62
125
81
28
83
68
129
110
49
71
102
174
48
56
142
37
22
47
58
72
53
8
46
51
40
57
35
125
30
86
111
104
124
67
66
125
86
111
80
102
52
57
134
129
96
137
78
146
132
46
30
48
46
137
136
149
157
158
154
105
170
167
166
70
103
172
162
190
113
149
81
91
87
95
79
113
113
120
72
59
126
92
107
136
142
89
136
66
115
90
161
136
174
167
171
106
138
154
134
156
154
172
127
168
150
117
97
78
108
45
53
27
50
34
28
28
50
51
55
54
89
70
5
131
122
158
167
85
134
120
147
146
67
193
115
201
189
191
81
97
99
97
91
104
98
65
107
82
64
114
148
112
130
57
73
54
168
111
144
118
57
62
91
135
164
33
181
171
167
146
168
158
114
161
99
107
131
114
90
67
198
204
208
182
179
109
51
42
43
38
39
25
30
39
35
41
59
31
76
41
40
35
109
27
71
32
96
68
45
36
116
160
94
73
69
90
51
34
91
118
83
79
133
88
83
101
188
60
133
61
163
145
175
83
175
130
185
124
85
156
140
42
23
166
50
44
79
68
171
158
57
76
127
111
31
27
117
138
97
104
94
42
51
61
166
134
163
128
111
89
53
71
8
200
157
176
118
75
75
186
146
126
140
89
150
146
76
86
151
164
184
79
123
115
42
24
108
87
144
172
166
99
32
95
76
90
3
123
63
170
107
177
173
89
87
89
73
136
85
74
129
103
121
147
105
158
131
145
81
153
96
99
88
95
112
45
113
189
156
144
178
176
117
115
113
149
113
179
89
92
109
109
86
64
52
125
136
78
72
104
90
58
107
193
84
157
34
82
90
180
118
127
161
123
168
72
74
90
126
138
102
71
70
29
158
70
166
39
169
150
139
126
149
156
94
175
95
147
180
237
142
185
157
144
126
114
278
325
150
73
153
104
118
35
154
214
138
226
4
98
167
55
55
79
71
61
64
39
30
5
48
10
45
35
42
54
54
70
267
89
89
246
96
135
142
240
236
140
196
160
60
157
183
190
167
213
143
34
122
99
81
389
377
408
259
204
373
255
228
177
152
159
177
99
166
243
1
36
214
63
87
165
186
233
224
255
282
4
59
38
186
155
164
138
350
350
349
264
86
124
131
115
54
257
281
336
347
337
119
107
269
219
113
50
14
8
25
200
41
42
56
309
82
142
77
171
77
191
80
99
190
74
106
64
209
128
121
89
135
69
158
95
30
39
30
25
229
85
310
311
70
124
116
117
66
65
55
140
17
152
140
121
115
133
98
48
67
77
108
109
121
62
61
161
81
90
154
73
133
113
114
81
196
149
68
94
100
117
132
145
131
77
97
125
89
325
379
93
164
119
101
166
176
96
103
84
113
114
120
193
214
197
217
229
117
94
151
148
106
92
88
49
103
40
325
88
162
93
110
119
116
338
237
37
255
212
58
42
129
78
207
169
195
229
257
175
98
106
87
99
156
108
20
110
139
52
159
80
134
124
128
160
82
73
135
127
231
93
168
173
52
154
100
37
52
82
122
77
62
177
136
132
91
150
168
166
155
100
206
148
42
110
31
142
137
187
66
54
109
114
205
47
28
28
89
57
210
205
168
176
179
156
116
212
82
230
270
211
154
72
180
163
77
97
71
63
164
121
147
125
258
246
192
139
143
239
246
179
234
31
168
174
160
120
70
89
53
45
134
179
195
290
79
61
12
137
210
228
89
172
166
95
105
100
109
80
107
114
166
227
224
74
159
41
148
65
77
72
127
127
165
100
155
162
187
231
190
266
87
80
115
207
125
125
106
100
121
82
126
129
125
259
161
284
85
200
133
137
172
119
172
92
102
137
98
99
167
211
147
171
104
142
139
105
112
229
35
101
261
159
118
75
75
126
81
92
146
46
6
35
112
114
229
99
99
103
151
164
185
185
204
109
115
173
6
232
208
202
111
120
90
59
244
75
67
86
202
152
52
119
100
194
73
122
31
133
113
133
185
197
83
137
167
93
216
185
50
113
73
92
157
216
214
152
114
122
177
140
175
148
162
155
163
37
92
103
92
286
263
277
137
250
265
51
203
94
103
181
210
135
103
117
108
83
41
143
117
162
198
105
6
36
93
157
173
217
164
191
113
137
113
112
203
96
166
100
185
61
51
122
80
69
68
95
141
12
145
80
168
241
89
108
34
112
91
105
191
170
123
143
143
110
254
92
141
60
51
161
51
141
72
183
89
336
76
71
202
66
120
113
96
103
111
119
55
110
80
71
189
105
77
73
90
136
31
201
88
119
140
79
95
149
53
113
89
86
259
84
197
54
243
288
50
230
66
143
184
35
112
143
60
240
233
235
142
42
292
88
127
126
54
155
4
84
161
74
163
199
105
173
275
123
154
90
97
151
78
193
147
251
108
214
176
157
106
76
71
119
72
84
93
37
147
198
180
63
96
71
105
82
95
125
26
78
68
135
95
40
104
100
140
74
96
58
69
144
101
26
71
35
12
121
2
70
157
65
186
94
63
95
74
55
46
57
88
40
5
110
222
40
232
22
198
74
-1
51
153
130
67
56
75
175
57
179
24
83
65
103
98
76
25
57
143
146
66
119
69
221
104
38
56
45
61
0
136
172
314
75
43
89
85
130
150
47
53
138
72
234
107
24
76
148
95
57
143
66
141
92
97
29
78
123
119
120
71
21
98
92
95
99
72
85
122
100
104
104
81
36
44
23
109
69
42
62
127
90
128
215
113
74
69
65
94
87
37
84
57
211
206
228
195
89
111
98
82
53
222
36
90
65
170
168
169
39
112
228
155
100
84
73
73
69
85
124
67
69
103
122
66
65
116
126
97
101
65
106
57
126
46
32
79
73
