107
105
83
81
94
127
122
120
115
121
80
100
75
77
76
71
79
110
96
84
74
126
83
89
72
98
55
75
101
80
69
94
56
84
90
95
77
67
54
50
54
56
93
93
67
75
48
27
63
57
30
25
45
64
93
50
60
76
72
75
94
82
72
104
147
45
80
99
96
103
81
118
79
112
86
73
84
98
72
107
100
55
61
71
102
87
84
85
122
100
65
84
103
97
63
82
94
165
126
32
92
89
71
116
62
176
61
123
134
145
158
119
110
158
147
161
119
144
107
106
157
168
139
161
124
191
175
87
53
92
87
171
167
180
193
188
181
199
219
209
197
154
143
196
226
231
171
186
126
151
135
139
110
162
147
165
101
121
157
132
165
186
172
124
176
96
163
128
217
191
219
193
217
139
185
162
166
200
213
201
187
201
173
185
135
114
124
61
88
59
73
65
66
57
82
71
81
90
148
113
15
161
154
175
189
113
193
167
189
208
115
193
153
218
220
216
111
155
124
102
162
222
176
124
135
126
91
133
151
174
149
130
108
90
206
122
184
161
93
101
129
169
190
73
217
183
202
195
213
189
136
185
157
142
126
144
185
88
205
201
202
191
210
125
87
74
71
71
67
45
52
57
57
65
91
52
114
68
71
66
138
59
103
63
135
114
76
59
137
195
124
62
123
156
61
77
138
148
168
94
131
143
118
146
214
186
133
72
177
145
211
72
208
135
100
53
88
187
190
80
52
207
66
79
125
115
165
172
121
81
181
96
33
53
133
107
84
96
86
80
84
98
209
184
179
111
137
95
30
30
9
100
109
98
104
113
112
208
177
151
154
201
149
141
154
124
135
153
210
114
110
123
61
43
143
133
187
232
139
156
51
245
233
244
32
87
52
139
104
207
198
150
152
155
140
111
224
94
248
114
174
172
108
172
158
189
91
177
146
137
132
118
111
94
226
136
129
137
206
175
116
214
256
173
239
171
104
120
166
162
135
108
76
160
134
106
101
129
108
91
120
215
58
182
65
114
232
212
130
143
183
164
208
102
91
178
195
174
159
126
92
52
190
161
188
79
172
141
97
126
125
130
125
113
157
183
190
166
136
149
189
128
139
245
181
153
91
59
150
199
242
60
159
204
171
106
20
76
126
116
114
155
140
127
151
59
53
31
80
53
96
55
75
113
100
145
114
197
190
113
156
152
130
174
175
150
167
145
63
140
144
145
126
124
151
44
177
262
176
112
101
113
89
76
116
105
112
146
136
124
155
173
143
152
9
39
159
100
203
158
128
150
166
178
137
24
104
45
181
157
153
131
104
97
102
101
143
91
135
133
81
111
150
105
107
97
233
175
136
127
173
104
41
28
51
100
23
79
92
111
111
171
177
119
162
159
184
210
129
118
94
103
151
154
121
124
176
81
205
213
15
82
51
47
159
183
104
105
90
166
101
116
76
74
86
112
31
130
136
154
87
122
107
74
106
87
100
128
123
108
106
128
190
186
134
161
151
92
114
67
169
133
108
130
184
176
216
173
174
189
150
164
142
89
109
114
178
97
93
129
178
209
175
195
237
95
182
156
158
142
150
144
152
199
134
126
158
86
79
73
104
59
136
174
150
172
221
132
78
90
112
70
147
114
94
89
234
118
174
151
170
120
102
169
158
175
123
181
80
80
38
215
128
107
119
152
133
120
137
151
-1
82
126
108
159
82
158
145
74
148
135
42
76
128
130
84
60
131
121
140
166
140
154
153
130
170
130
187
88
112
51
76
73
123
79
103
204
203
164
61
40
41
174
133
149
132
143
159
149
155
115
123
152
142
116
96
104
161
137
121
112
98
79
74
165
135
153
111
112
122
153
73
169
141
118
164
152
94
142
115
108
98
83
52
159
90
122
155
161
66
85
99
37
107
158
155
149
134
133
156
149
152
89
82
116
101
148
92
103
112
140
61
132
117
83
107
114
126
110
131
174
126
152
95
172
128
139
129
204
166
179
178
159
99
118
111
146
179
176
137
127
77
155
137
194
121
158
137
125
165
163
120
67
78
147
129
125
142
196
205
205
92
163
129
52
122
107
109
95
146
178
148
126
139
134
61
28
78
160
144
161
63
71
72
111
140
131
184
109
119
86
120
14
113
116
114
117
134
148
114
125
102
89
127
168
61
83
155
122
154
170
100
48
95
139
131
127
135
105
107
166
170
84
164
120
153
112
70
128
143
142
103
118
146
127
122
145
137
124
135
81
51
60
81
94
103
104
107
159
89
73
9
134
135
146
97
147
109
153
175
105
147
113
133
117
135
155
127
20
84
96
158
136
106
122
118
104
113
96
126
140
114
125
87
158
126
89
158
112
111
120
153
117
33
144
102
133
65
120
84
55
101
125
97
138
117
116
117
119
97
106
102
108
94
64
105
76
48
88
129
156
85
53
98
139
92
105
98
114
80
130
102
99
70
97
154
139
82
167
68
151
161
46
112
109
93
126
84
141
133
20
136
96
101
85
75
128
58
87
112
82
117
118
119
102
73
149
137
82
120
115
127
166
73
89
81
87
87
104
121
14
138
176
126
107
130
139
79
68
83
116
128
62
166
137
106
110
111
96
88
81
112
111
104
79
75
109
138
133
102
37
71
69
67
93
86
120
147
142
129
22
89
84
117
102
49
146
208
122
155
96
113
83
143
105
50
118
68
34
35
10
77
104
99
59
75
116
108
70
84
64
79
95
79
14
142
126
72
96
32
146
70
82
84
110
121
111
80
87
93
57
115
50
108
78
46
64
87
50
105
83
62
64
93
69
79
115
50
93
58
67
9
98
48
68
62
50
65
167
109
61
69
53
80
128
74
84
50
90
94
105
67
105
55
97
71
80
17
86
100
106
64
94
8
88
87
94
95
84
83
101
78
76
96
87
51
65
27
104
84
60
51
89
110
94
83
89
97
56
73
149
100
49
102
70
87
82
84
85
93
95
87
72
60
76
34
70
72
70
76
72
33
65
58
79
53
28
89
43
43
75
63
55
60
76
82
54
48
51
66
66
70
52
63
35
50
26
43
77
79
