42
35
28
32
34
40
42
35
33
35
21
32
23
27
20
24
26
35
25
31
25
50
30
25
17
22
11
25
22
19
22
19
11
18
22
26
19
10
13
17
15
13
22
24
22
24
14
7
17
22
7
6
10
21
26
13
16
20
17
31
50
21
19
60
42
4
35
47
53
48
30
66
47
60
61
43
48
47
48
62
31
29
23
5
67
59
46
49
66
48
47
36
33
26
17
33
34
43
27
1
29
36
28
36
23
48
22
45
24
33
38
32
33
44
35
41
34
40
33
28
30
43
36
54
38
40
49
28
11
27
35
48
43
54
58
64
53
61
60
60
60
53
43
70
74
70
33
52
44
30
28
30
28
46
53
51
35
42
49
33
46
58
55
32
44
37
43
35
49
42
67
49
61
45
60
39
52
59
48
70
54
47
64
84
35
26
34
13
31
14
26
15
17
7
22
31
34
28
36
28
1
55
51
58
59
20
39
43
52
57
33
75
50
68
65
67
46
96
77
58
29
48
45
40
34
42
40
36
44
78
26
39
32
33
62
75
48
46
20
19
29
49
64
28
68
53
69
40
65
59
28
61
54
53
30
35
49
25
58
59
65
69
69
24
33
25
27
23
21
14
18
18
19
27
27
17
45
26
25
14
39
20
31
18
38
25
36
17
28
47
51
39
49
36
26
22
31
55
43
25
40
59
30
74
69
41
35
29
48
37
49
38
59
30
58
14
18
60
59
29
18
71
28
22
48
57
58
59
30
51
47
17
0
15
24
71
42
57
50
28
33
30
45
42
61
36
23
53
10
8
2
72
60
37
65
35
41
75
59
41
41
59
44
42
44
30
80
79
73
24
59
56
17
10
38
51
59
67
42
66
32
53
54
46
1
60
34
68
59
69
56
73
71
71
62
68
49
12
49
65
67
41
34
73
49
59
31
42
62
63
56
34
60
26
61
80
75
29
72
66
55
51
39
54
56
53
51
52
77
76
68
22
20
48
75
46
54
38
24
26
28
50
0
49
16
48
46
66
63
77
57
52
66
55
55
51
41
81
54
29
44
18
57
43
61
27
61
61
36
46
40
57
40
66
60
53
60
84
33
61
55
57
79
65
101
95
66
0
76
39
58
14
63
79
51
52
3
45
63
23
26
40
35
30
36
18
16
4
22
7
24
20
18
25
24
35
67
44
49
51
59
37
35
88
98
72
81
66
45
54
84
81
79
76
60
13
53
42
41
70
70
62
50
40
76
58
53
66
62
57
71
37
55
75
0
18
72
27
46
74
45
82
83
89
95
0
37
20
73
74
75
46
72
74
73
72
45
14
39
41
24
87
89
64
62
59
55
48
75
58
40
26
7
5
9
61
11
30
37
59
40
34
35
36
33
86
50
57
71
46
59
35
100
55
33
36
57
27
59
52
3
21
18
19
81
44
48
69
30
57
32
35
22
20
49
42
16
47
53
44
26
35
38
29
40
33
30
39
42
49
39
47
46
49
46
36
46
22
28
26
83
54
30
39
54
60
51
66
66
46
35
60
27
63
72
45
60
48
33
73
52
49
40
38
54
17
47
93
84
90
83
85
43
44
46
82
37
20
19
22
24
25
96
47
67
48
47
30
58
57
51
18
85
57
31
29
58
39
85
86
76
99
106
77
52
65
51
56
48
46
17
54
46
30
65
39
47
49
53
64
48
42
47
43
108
42
85
72
29
67
36
20
17
47
39
30
23
59
56
85
49
65
47
51
50
48
72
59
29
57
15
12
48
63
29
39
52
48
75
26
16
15
48
22
90
79
52
88
69
63
33
87
49
70
72
51
45
39
73
37
47
29
32
29
54
43
61
46
75
82
66
42
65
89
74
68
99
29
46
55
62
33
27
15
30
30
58
81
92
41
55
35
7
59
90
89
38
43
48
53
58
53
33
36
37
60
69
59
78
29
77
24
64
32
48
41
42
36
61
56
58
63
81
44
70
91
54
56
50
82
59
60
59
49
49
24
53
68
54
92
48
37
43
57
53
71
70
71
51
52
46
41
19
45
72
69
50
77
70
53
53
48
53
90
16
37
69
56
30
48
43
38
29
37
81
12
1
22
55
41
81
39
44
41
32
70
87
64
104
36
7
67
1
87
77
81
47
32
32
35
93
35
34
38
80
23
27
53
29
78
45
67
18
33
42
94
82
80
36
35
78
55
46
76
40
51
42
20
50
96
102
93
36
38
74
59
68
64
81
83
55
21
33
32
43
61
69
77
45
51
45
4
102
39
49
76
97
69
56
49
26
25
23
54
113
90
65
80
4
19
31
68
80
94
62
70
31
51
49
47
78
50
88
80
94
35
36
46
85
56
57
58
61
4
49
24
84
33
34
48
20
57
76
29
81
81
54
39
60
46
96
47
37
43
54
53
30
14
39
72
42
58
22
31
84
45
53
31
44
33
56
60
11
50
52
38
91
68
54
29
45
48
20
82
43
58
94
35
43
62
7
46
34
30
59
45
92
29
37
77
29
104
39
52
74
22
46
61
38
85
77
80
53
35
59
32
35
36
26
95
3
47
63
36
76
87
46
61
51
37
76
47
43
69
48
71
81
84
33
39
35
44
42
29
32
85
41
50
44
20
19
45
41
47
52
23
62
59
48
47
17
40
42
66
48
16
54
55
97
56
42
43
37
69
48
13
47
19
4
19
1
20
77
44
11
51
49
33
17
25
25
33
37
31
1
48
83
32
67
10
87
22
65
38
83
45
32
23
64
56
38
81
9
27
54
27
78
31
17
41
63
43
47
46
37
66
70
13
54
18
15
0
60
16
57
47
26
44
38
51
55
52
38
52
47
56
31
22
39
51
37
44
53
38
44
25
47
11
52
39
54
67
32
0
60
64
55
60
31
55
49
42
43
56
57
19
16
18
68
50
16
69
47
38
56
61
63
34
27
38
53
49
21
40
41
61
61
58
49
40
65
58
50
32
60
29
32
52
61
67
69
33
52
44
52
49
11
46
24
18
54
58
41
55
63
67
48
-1
31
53
62
61
29
57
33
34
43
3
42
34
