197
157
140
137
157
205
196
179
217
197
118
179
119
111
123
103
136
171
168
125
140
216
142
124
82
120
76
84
116
107
119
124
87
179
102
122
111
79
48
62
60
58
96
107
96
93
51
32
81
82
30
33
42
73
99
51
57
99
69
118
153
147
93
197
279
60
139
173
197
228
163
248
181
203
201
148
170
218
121
242
204
119
136
156
202
187
150
153
211
211
122
148
217
112
87
95
166
203
162
40
128
229
202
275
146
416
174
330
307
336
339
219
288
385
380
362
343
376
202
199
441
395
384
503
361
445
490
231
225
157
236
496
502
577
550
552
572
541
589
637
601
317
382
643
646
651
474
554
280
304
290
351
267
362
477
395
264
300
342
304
349
454
478
241
423
273
473
353
553
452
608
530
647
388
534
437
477
553
540
636
461
510
574
518
286
265
320
178
172
123
165
131
120
115
208
174
202
217
297
195
54
400
439
456
558
349
434
392
443
456
201
-1
360
642
590
623
249
259
259
238
215
271
214
207
306
319
255
296
528
517
407
156
245
192
664
254
418
351
167
200
241
467
525
133
678
558
614
483
599
543
284
603
346
349
328
292
341
182
643
652
647
608
619
267
164
126
126
133
140
90
102
114
103
124
152
96
220
125
128
118
318
110
169
131
238
189
149
144
336
534
242
125
279
317
178
96
252
309
238
230
399
339
280
291
607
198
334
253
509
334
523
136
622
357
232
131
191
527
430
200
110
624
140
143
253
225
370
388
130
146
407
289
101
115
327
222
158
239
224
133
135
258
417
377
415
306
312
200
48
66
17
180
233
255
227
196
206
657
479
344
460
318
369
349
287
218
250
307
613
201
264
257
113
81
421
332
507
537
374
376
112
272
260
267
34
157
112
264
208
642
437
363
359
362
256
218
222
336
301
235
351
449
276
378
434
493
258
481
319
304
295
234
255
115
350
255
229
369
562
490
263
279
299
528
321
529
211
230
294
294
226
211
193
401
302
214
190
365
222
182
314
510
183
510
82
239
285
607
315
309
474
364
485
230
212
283
345
398
354
153
181
88
520
175
477
163
425
387
207
283
270
267
311
224
388
469
527
370
349
295
433
241
274
329
392
335
214
168
262
340
344
82
511
464
448
220
38
143
293
109
114
152
152
139
177
66
59
18
81
52
112
60
73
118
108
155
238
237
218
258
305
374
365
392
395
324
402
306
116
351
356
367
327
261
360
124
435
234
218
266
261
242
177
184
261
210
207
320
299
258
340
231
265
269
23
85
409
114
248
390
258
335
372
383
308
20
216
125
380
341
319
312
250
273
281
221
291
273
363
289
175
246
344
244
220
210
335
275
301
240
287
106
54
43
40
244
44
154
139
231
203
398
216
288
178
394
218
261
259
275
189
164
318
380
330
320
422
189
463
245
27
94
67
68
363
249
199
228
215
353
266
304
191
163
185
308
40
344
349
365
276
310
266
202
265
225
263
343
322
260
183
320
258
252
319
177
322
273
311
138
378
341
228
237
347
377
379
377
386
205
235
349
218
197
224
301
537
160
216
355
412
241
237
210
282
208
282
308
331
326
326
337
300
241
320
228
245
211
211
128
185
159
315
231
313
237
282
313
153
241
221
110
312
263
201
128
364
249
416
377
408
284
260
359
267
320
249
296
149
161
86
266
368
135
302
189
284
262
333
393
193
210
297
286
352
181
365
380
94
261
295
76
165
291
266
229
154
327
225
282
228
350
412
394
329
288
275
488
133
201
79
195
164
249
173
196
275
271
389
201
87
56
213
160
348
330
378
394
404
344
249
248
252
264
259
172
182
168
335
306
214
248
174
169
376
278
436
320
258
255
304
125
353
277
265
385
323
94
334
309
217
245
180
169
130
194
250
378
369
153
166
205
44
276
359
280
206
339
361
263
298
299
278
186
258
258
357
218
242
172
347
158
308
126
192
214
248
302
209
267
496
277
384
189
396
274
241
223
302
407
286
289
264
264
272
230
310
316
277
279
354
170
224
349
289
360
436
416
311
209
260
276
211
163
304
260
253
327
316
339
336
222
266
287
56
250
208
212
198
231
186
296
181
224
308
172
35
102
287
350
301
117
116
125
282
260
302
522
222
261
232
223
30
252
233
218
252
334
190
133
270
233
184
173
419
122
101
376
274
343
169
252
54
285
277
318
299
357
282
295
377
254
185
332
171
237
217
187
289
321
315
256
272
226
328
287
373
273
303
291
197
128
136
225
249
276
245
224
311
202
189
17
314
207
257
198
333
218
219
259
220
148
106
306
252
326
381
264
20
84
263
420
297
241
292
259
230
232
252
247
301
221
309
217
371
133
155
262
211
186
215
250
250
52
337
209
302
170
187
172
63
221
220
220
291
281
243
255
295
215
239
243
256
228
135
248
141
92
149
309
179
183
115
161
272
184
185
223
235
203
239
252
195
122
171
162
324
204
205
170
208
299
61
263
207
219
279
183
225
263
47
337
204
195
207
235
271
189
194
232
141
270
145
273
245
180
224
332
142
252
232
220
377
131
218
227
239
216
101
267
17
175
393
305
247
295
212
175
174
211
284
248
177
461
171
253
253
213
248
203
160
246
237
208
197
191
141
219
219
73
78
145
141
125
234
141
216
260
177
264
35
258
205
245
230
158
203
258
234
183
191
166
130
291
252
75
201
125
34
74
21
155
230
184
137
190
173
216
142
118
132
88
182
105
42
187
262
105
185
68
296
196
193
137
245
280
117
95
206
142
147
254
61
201
126
90
151
184
63
189
162
149
189
218
172
169
241
107
144
122
131
0
245
139
140
116
158
134
217
254
129
128
72
194
228
160
155
87
220
197
211
134
219
118
221
148
182
25
172
222
220
148
224
37
172
159
154
180
163
198
212
172
180
160
137
78
96
39
219
172
118
107
202
173
173
170
168
186
107
175
180
181
69
182
113
149
174
162
167
174
180
198
147
112
160
65
159
115
150
147
137
114
139
110
137
112
54
192
100
92
156
131
88
114
162
130
121
75
68
118
106
110
93
104
68
78
43
118
172
201
