239
196
194
178
195
231
219
210
245
236
150
203
161
151
136
133
159
190
202
154
197
257
175
148
92
147
83
107
132
129
129
123
79
147
122
136
113
68
72
93
75
79
119
122
111
114
61
32
97
97
36
34
53
89
140
61
83
94
83
165
182
192
152
244
290
95
173
214
206
182
139
233
171
220
185
153
170
200
149
200
189
140
89
71
243
176
186
188
284
134
145
162
123
173
102
93
169
261
253
64
156
260
221
268
165
352
190
303
218
309
314
227
336
327
354
327
334
347
253
237
289
366
340
413
371
463
407
282
262
200
277
383
345
456
438
457
408
598
483
515
552
402
299
525
558
569
410
422
281
276
273
305
265
391
484
434
362
475
412
249
423
382
416
287
374
298
364
311
415
361
505
436
502
385
451
341
437
477
432
508
484
402
557
-1
242
265
290
202
229
151
194
156
164
163
219
238
212
207
300
200
69
404
446
369
445
329
361
343
376
510
221
518
377
485
486
485
243
353
291
278
185
275
233
269
291
398
265
271
335
598
255
194
267
291
480
278
352
388
170
181
216
345
388
164
545
401
449
381
441
393
164
482
394
402
207
304
367
208
442
466
457
463
470
166
187
156
148
165
168
115
125
128
116
171
154
118
222
152
158
125
275
134
168
155
188
172
198
163
198
457
264
144
296
357
214
109
217
249
215
147
317
476
254
357
463
239
247
258
402
239
421
132
443
240
136
61
110
408
455
214
128
483
166
178
348
252
292
329
130
174
328
200
69
146
268
262
152
218
238
158
162
243
354
332
373
204
242
191
33
35
27
210
173
156
265
182
268
529
423
275
350
383
314
248
331
172
271
289
554
154
255
282
143
81
352
365
402
388
258
414
154
266
297
277
37
205
149
251
231
479
369
467
465
466
335
239
221
267
305
237
354
342
161
362
319
422
280
370
336
325
317
199
243
159
314
237
225
262
447
394
304
228
259
390
300
385
219
249
364
363
297
258
158
356
256
242
242
219
158
189
225
384
46
343
67
267
295
435
300
317
412
294
374
288
275
279
293
418
336
169
204
103
412
179
449
175
350
298
158
241
197
231
226
183
514
371
390
324
256
243
356
219
270
301
332
262
156
63
274
297
326
70
324
374
361
150
53
160
219
104
118
157
162
150
169
62
60
24
76
57
125
75
62
112
103
127
167
202
189
179
407
311
253
301
310
274
336
257
130
250
274
284
229
208
340
112
375
214
184
167
171
153
108
118
177
130
143
270
244
206
296
198
240
218
37
100
291
123
218
280
185
250
286
285
229
27
275
152
312
290
259
215
168
171
164
165
298
160
280
287
196
178
254
136
136
130
267
230
230
184
292
94
68
43
32
190
61
195
168
153
206
311
194
183
171
273
222
243
214
315
198
169
260
335
253
331
353
190
350
232
13
99
68
71
243
218
123
152
235
260
164
206
117
116
235
220
51
222
213
266
178
247
233
256
320
199
143
261
225
300
189
231
252
203
238
162
254
163
212
89
279
216
218
245
325
339
297
300
333
184
205
325
175
132
141
302
372
126
160
263
337
230
206
186
255
163
221
250
252
263
248
244
197
236
247
234
182
121
124
163
152
152
221
219
282
190
225
190
192
145
164
110
223
193
218
131
328
189
301
292
315
205
181
305
254
329
254
294
128
168
119
236
264
142
213
172
212
190
263
339
185
242
212
198
272
208
261
269
118
245
198
94
200
383
207
201
120
245
247
278
192
231
278
263
227
280
202
391
145
238
85
93
144
177
137
181
245
228
283
145
88
57
211
136
278
228
262
286
282
259
166
197
234
198
182
147
158
183
232
200
237
152
172
162
279
192
420
215
187
202
256
132
346
213
195
287
241
111
221
203
194
197
161
70
151
228
195
292
299
95
204
193
41
195
267
243
198
209
244
254
301
298
168
154
170
248
234
164
169
159
257
198
275
130
190
198
202
220
176
276
356
201
284
119
293
199
257
238
243
307
237
224
271
179
177
171
234
277
257
207
230
87
195
259
248
248
367
367
220
182
223
215
99
162
229
208
183
269
266
242
243
172
204
214
56
209
179
172
156
246
176
244
141
175
231
138
51
109
273
254
225
112
113
132
156
212
236
328
169
183
98
171
37
193
172
169
195
274
176
151
198
250
223
196
308
55
99
304
192
244
165
168
54
193
247
319
219
272
253
187
273
226
126
258
188
205
181
127
228
223
237
183
227
177
270
175
271
228
229
222
143
155
113
157
209
160
152
153
235
114
97
9
227
189
233
172
253
185
185
224
126
127
105
197
307
262
274
294
23
94
158
349
228
171
202
199
107
166
182
152
226
198
229
197
290
152
149
163
251
227
242
269
202
65
262
157
241
74
131
170
72
158
260
137
231
214
194
165
197
143
163
191
170
234
176
190
162
49
148
220
173
115
87
134
188
204
176
160
232
159
199
186
126
96
202
157
244
167
211
150
160
220
62
198
186
153
269
169
208
187
14
222
157
137
119
179
186
150
101
158
138
178
130
182
160
241
167
221
137
167
172
164
323
154
119
177
157
158
102
213
32
160
349
318
172
212
187
130
89
145
213
204
117
348
196
173
170
131
192
100
105
151
244
165
125
129
152
226
203
78
36
113
106
138
182
119
182
285
176
176
50
191
178
179
209
123
168
253
240
206
149
167
155
242
167
89
240
165
61
41
29
126
159
210
51
143
150
154
94
75
98
83
131
109
46
175
182
116
137
56
214
103
117
166
186
202
113
106
145
118
127
176
75
131
139
83
91
119
61
197
146
96
156
113
160
114
243
72
147
92
81
1
166
41
91
101
99
112
187
169
91
135
59
128
257
94
111
109
181
139
176
97
157
128
147
81
120
35
177
168
202
122
195
25
180
171
170
186
140
205
178
99
103
188
146
82
63
39
205
179
111
110
127
135
132
117
139
151
71
136
191
176
63
143
133
106
95
103
107
130
158
170
124
125
98
55
76
141
100
96
93
113
74
60
91
76
19
199
53
45
145
89
53
113
100
97
82
84
59
92
72
75
60
71
32
55
25
81
141
178
