117
103
90
87
111
112
122
122
124
121
91
114
75
76
84
69
89
89
91
76
32
74
73
93
70
76
54
61
89
83
79
89
60
98
63
81
70
46
40
50
47
43
65
60
51
52
32
17
34
38
24
19
29
47
40
40
47
65
40
73
89
9
22
110
135
21
77
93
112
110
86
116
92
78
85
79
73
93
70
108
117
51
80
75
90
86
91
77
103
102
67
92
119
31
21
68
104
109
47
3
95
104
103
120
68
165
84
129
174
134
151
92
142
158
121
135
133
138
108
95
197
172
137
187
126
160
168
81
63
89
127
177
191
186
194
185
191
145
187
197
190
80
160
216
210
205
127
180
123
122
109
117
98
127
135
128
139
95
146
124
115
185
180
99
173
119
143
98
185
184
191
166
183
124
186
185
176
174
174
182
136
166
180
131
109
111
134
73
98
67
56
64
67
61
95
105
94
83
116
80
13
136
132
192
189
128
151
146
157
154
90
201
128
193
194
198
105
95
102
129
125
146
121
67
147
101
142
131
201
143
157
115
114
114
195
107
147
104
79
114
107
184
197
67
217
164
167
142
204
203
143
164
119
116
147
128
95
80
194
191
184
184
207
139
106
69
65
68
61
51
62
56
56
69
73
55
86
68
71
43
125
39
85
68
125
86
90
58
165
170
129
66
73
80
71
67
147
134
129
105
183
118
113
113
207
39
160
74
196
160
177
59
183
157
107
49
108
175
146
92
50
179
80
69
82
95
169
177
79
84
141
143
48
51
170
85
80
96
107
92
92
92
162
143
146
142
173
85
28
22
4
70
131
138
107
91
108
207
151
166
182
122
185
167
104
100
112
134
201
111
115
106
62
43
143
124
192
188
165
107
66
121
105
119
12
76
76
125
85
208
164
117
115
115
86
91
138
92
140
100
118
139
126
148
142
171
122
165
114
109
104
117
113
57
157
123
103
188
192
166
103
146
146
195
149
163
72
73
127
125
84
102
95
120
142
110
91
157
78
65
152
170
77
158
45
118
122
198
124
123
183
135
179
118
112
146
180
142
148
90
101
56
189
71
158
33
168
161
118
140
130
126
99
105
140
186
164
149
179
135
160
100
106
162
163
133
83
88
118
164
146
38
164
183
162
100
15
77
125
60
56
72
68
60
73
51
38
8
52
18
80
50
48
59
64
93
93
108
109
113
100
180
176
159
167
136
174
132
58
144
169
170
161
114
128
49
117
130
90
110
115
103
74
77
121
84
108
137
130
121
136
134
117
131
6
59
153
78
104
149
150
150
172
160
124
9
98
55
153
164
151
164
118
106
115
99
114
131
119
109
83
98
153
98
91
83
152
113
136
118
120
47
8
3
27
129
11
30
79
112
73
173
97
141
94
155
111
115
106
97
88
110
141
168
118
109
141
97
152
127
8
78
50
37
151
116
82
88
86
119
130
120
105
98
86
136
31
168
146
111
113
112
100
66
81
69
112
112
101
83
103
138
125
126
138
79
123
139
137
70
160
136
143
125
147
146
163
137
155
100
165
129
100
83
99
90
157
88
100
143
147
117
132
96
137
96
159
128
134
159
146
160
179
119
170
105
88
113
123
56
91
53
129
96
145
110
141
153
53
91
98
73
140
110
111
97
182
106
167
148
172
134
97
167
112
114
125
107
81
80
25
122
108
51
120
91
110
107
139
155
108
108
137
122
156
67
153
150
71
113
107
49
79
63
123
99
72
151
107
102
108
162
181
179
144
101
134
181
92
100
56
95
57
120
68
67
141
139
160
67
33
34
110
120
158
154
146
156
168
150
128
115
104
116
112
95
97
81
139
149
64
76
64
76
161
136
140
124
107
98
146
50
139
129
108
168
142
29
167
125
79
90
113
99
65
9
114
159
142
75
65
71
28
114
157
135
96
136
151
104
121
122
107
91
85
116
140
92
114
99
132
88
127
60
87
69
121
124
94
86
179
133
154
96
175
127
98
93
143
155
118
128
119
96
108
163
121
165
163
138
162
65
104
145
172
138
151
121
154
99
116
114
69
101
141
121
126
161
133
168
169
72
135
138
46
100
91
111
90
87
82
104
110
102
145
64
18
31
107
139
129
72
69
76
123
116
138
173
102
109
100
100
1
124
111
109
94
113
105
81
127
107
100
77
155
70
58
135
99
145
72
122
30
116
110
129
127
137
135
141
150
111
85
145
90
126
94
108
145
147
152
108
109
129
122
123
160
120
126
127
80
60
62
89
112
108
106
100
128
77
71
6
150
97
128
81
131
95
98
125
121
104
48
148
92
143
158
107
6
54
138
149
126
101
128
133
133
123
102
117
134
116
138
76
136
59
67
164
84
68
80
123
98
6
134
124
124
74
113
89
39
112
89
75
126
121
107
134
141
108
100
142
137
66
53
101
89
51
72
123
88
78
59
100
126
110
88
105
70
72
124
119
99
62
58
99
139
93
94
75
110
161
41
136
129
94
124
84
109
128
27
175
93
97
82
95
125
66
85
102
90
122
85
140
120
6
133
158
49
120
117
113
144
95
86
107
109
76
49
107
9
75
140
77
125
147
109
79
64
106
123
88
87
174
97
113
124
102
95
76
87
124
81
79
89
93
72
103
104
40
40
63
60
70
82
77
86
104
93
126
20
115
109
134
111
63
133
121
100
90
85
56
76
123
143
48
102
74
4
38
2
86
129
100
65
64
78
131
28
72
66
61
70
79
2
100
128
33
78
40
127
90
83
50
122
133
63
61
77
70
84
112
44
-1
58
40
77
118
27
103
83
63
78
103
73
69
110
27
47
57
50
1
132
53
70
58
78
84
139
128
71
43
54
103
104
70
89
55
109
91
101
62
106
60
122
101
108
15
80
117
104
72
111
18
90
87
72
91
95
91
113
95
90
82
79
56
80
34
111
87
81
37
115
121
111
87
96
105
70
110
105
98
38
108
73
90
96
85
90
98
98
91
76
80
85
49
96
65
58
66
62
57
89
60
75
68
30
99
64
64
66
64
53
63
82
85
46
27
41
51
67
65
43
64
45
49
24
52
101
99
