98
84
73
73
90
98
105
100
115
110
63
83
65
68
58
55
61
95
84
74
53
96
73
70
42
66
40
56
68
58
58
80
60
88
67
75
68
51
34
42
40
35
55
59
51
44
28
21
41
41
22
19
32
43
44
31
38
56
39
60
100
40
26
119
134
17
67
129
190
199
137
221
143
176
157
141
149
168
121
213
136
75
111
94
180
147
99
97
167
198
93
79
205
42
36
67
90
95
55
6
73
64
67
101
48
162
59
110
167
118
123
81
107
143
97
121
122
132
88
93
203
152
136
173
127
173
155
65
50
87
91
179
197
185
166
176
216
127
230
219
215
82
166
234
237
243
164
190
113
94
95
98
80
136
135
133
130
100
147
114
117
168
166
93
171
108
148
115
186
178
216
177
215
131
186
224
172
206
185
222
136
190
204
150
118
94
155
65
72
53
67
54
39
40
89
97
95
69
133
81
11
179
168
178
216
108
152
141
170
177
78
220
134
217
210
202
129
146
147
190
115
127
123
95
115
115
118
133
200
129
140
104
93
81
217
201
163
108
57
98
123
196
221
44
240
190
209
151
226
215
136
214
145
156
203
122
96
66
200
214
202
199
223
133
83
62
61
51
63
39
50
54
53
70
79
40
107
68
76
52
146
31
71
50
121
81
82
51
177
182
131
101
85
110
66
53
156
165
101
125
201
112
97
153
224
52
184
72
206
144
176
133
186
196
220
202
127
177
166
74
43
204
74
55
101
122
247
235
83
90
142
157
45
44
180
170
133
135
159
69
62
82
188
164
177
199
163
121
50
77
13
208
374
348
145
89
110
218
180
162
161
117
200
200
109
105
229
262
241
97
168
161
53
42
164
98
208
211
233
123
48
117
107
110
8
176
153
261
157
227
194
113
112
113
121
168
117
78
138
135
151
161
126
220
132
152
109
179
141
128
129
117
185
69
143
303
264
240
205
185
128
143
161
177
146
180
104
101
166
165
124
80
89
151
200
131
100
166
91
55
149
194
114
182
51
120
126
223
162
210
202
152
191
130
134
118
163
180
135
79
117
36
209
84
182
51
222
204
189
157
148
212
107
279
153
204
216
406
228
311
171
188
163
157
476
524
227
102
164
160
152
48
166
267
181
-1
7
119
267
61
65
85
80
73
82
47
42
7
46
24
71
47
46
64
63
90
491
115
108
382
121
181
214
315
313
200
263
195
99
194
283
244
255
229
145
51
143
124
98
443
412
432
360
225
387
341
452
203
177
277
284
114
165
288
1
85
268
76
93
236
380
437
326
373
467
8
77
50
225
217
210
217
393
390
393
433
150
175
170
138
92
336
363
401
351
360
148
115
398
311
120
56
13
3
28
307
31
65
70
424
72
173
113
247
85
263
110
122
288
119
129
105
266
183
182
135
155
94
180
130
45
54
36
33
287
116
328
302
101
141
129
125
82
76
72
152
24
214
210
179
151
152
105
63
91
98
127
177
165
81
85
169
101
109
168
88
150
174
150
119
274
212
130
133
127
145
148
156
166
100
131
150
126
293
361
112
193
130
130
226
173
107
119
99
145
118
143
309
287
397
394
371
169
106
194
146
109
99
97
62
101
58
427
104
248
103
128
144
155
305
471
73
351
329
95
71
166
118
247
213
251
340
360
220
121
131
126
121
154
144
27
119
156
58
250
77
158
126
126
165
106
126
185
159
360
142
274
231
57
158
121
66
60
71
125
114
72
210
164
178
111
217
238
239
190
124
221
198
65
137
44
216
217
177
86
91
120
123
276
68
38
38
96
115
320
330
209
214
223
212
140
308
121
268
309
209
229
80
224
190
86
133
70
75
230
166
150
156
271
329
273
132
178
338
381
235
322
31
212
191
165
119
89
85
62
44
159
220
239
238
96
85
25
163
298
266
99
193
183
94
125
126
130
83
117
162
185
343
321
90
188
77
194
57
93
82
124
162
179
102
189
201
224
342
255
378
91
88
134
271
112
123
113
101
106
111
134
138
125
333
201
224
92
273
144
181
179
118
172
86
116
160
87
149
225
322
188
238
121
153
149
113
115
299
43
127
222
187
102
92
100
158
90
87
237
52
8
40
112
117
296
101
104
110
239
237
293
191
245
130
195
177
13
228
211
202
102
142
76
84
264
101
83
83
220
185
68
139
142
225
81
146
30
136
110
163
223
243
116
152
202
108
276
211
77
110
91
112
179
300
304
248
128
121
187
150
211
160
171
186
268
55
76
107
113
316
292
302
154
299
264
73
253
97
119
281
218
162
105
115
119
87
52
183
145
203
204
139
10
52
110
168
191
295
180
251
125
144
130
165
207
95
213
100
234
70
59
140
104
81
65
124
139
12
140
107
211
254
83
154
42
132
109
97
166
166
126
155
147
140
327
142
148
57
74
145
72
199
67
174
81
228
130
93
237
92
119
98
91
87
93
188
94
165
79
76
223
147
87
72
110
134
42
273
112
114
179
102
92
153
40
164
102
95
288
115
193
59
275
317
84
271
70
157
236
28
97
214
68
287
265
314
154
75
315
117
130
110
57
182
4
79
171
80
229
261
98
206
223
111
190
93
107
187
100
228
222
392
93
230
235
143
82
83
92
141
71
99
96
35
130
148
149
73
120
69
97
80
82
148
40
87
106
170
121
59
122
113
149
79
83
63
68
160
124
39
97
61
8
144
2
71
200
94
203
99
74
98
65
60
53
56
77
59
17
91
244
46
281
29
268
94
226
46
168
137
53
57
91
148
89
189
47
100
70
75
104
110
32
105
161
177
72
131
66
256
140
42
54
64
59
4
131
156
173
84
54
119
96
124
122
44
47
168
100
223
138
42
79
154
87
57
144
93
141
85
161
36
90
130
134
152
102
34
118
96
111
128
84
97
132
107
104
117
95
42
60
28
146
71
52
48
116
98
148
179
136
91
78
100
95
102
48
88
87
209
222
242
195
81
112
99
76
82
204
37
102
77
179
170
179
62
102
132
174
76
57
110
59
58
76
97
67
89
91
105
71
52
90
118
78
81
48
85
62
79
48
66
103
89
