99
74
63
57
78
100
102
94
115
112
51
83
53
62
47
51
51
96
86
72
96
126
75
67
33
59
42
47
52
51
50
70
62
95
58
68
66
47
22
37
28
22
51
54
51
48
24
15
47
42
16
8
19
42
50
20
26
63
38
56
95
73
46
122
153
27
74
165
198
236
142
282
208
202
221
171
193
210
133
267
142
76
118
113
223
194
98
122
210
246
86
82
243
52
34
67
76
124
65
16
65
69
60
125
42
211
47
147
176
137
150
83
108
175
151
161
143
180
83
85
193
194
184
243
148
225
215
85
77
71
99
233
215
249
241
242
254
176
264
269
280
118
183
292
281
292
191
203
128
111
115
125
105
166
193
176
130
156
184
130
163
219
235
108
217
126
171
157
225
214
246
218
239
193
250
218
227
262
232
258
178
239
269
193
149
134
171
82
59
59
79
55
35
42
92
84
115
74
179
99
17
255
228
249
259
167
189
191
214
213
105
263
186
265
253
242
156
183
172
194
134
162
143
104
164
152
122
160
233
185
161
86
130
88
251
249
196
152
78
96
138
191
261
42
282
227
247
167
269
243
132
265
204
202
197
176
137
83
265
269
259
246
265
133
70
60
53
72
60
33
46
42
39
50
75
34
138
67
54
62
202
39
94
41
184
109
89
47
192
231
144
117
136
154
127
48
135
205
123
127
195
156
136
175
256
67
157
96
247
161
219
143
234
209
262
187
153
203
246
67
32
232
71
62
128
125
263
276
71
115
198
176
82
47
152
240
183
181
167
59
57
101
232
209
263
193
155
150
61
101
25
249
288
312
200
86
120
286
205
179
222
134
235
199
118
103
313
321
271
90
205
207
42
33
196
133
231
240
233
164
33
147
136
143
7
204
152
310
206
271
230
151
149
150
149
231
138
123
157
163
222
189
147
249
168
169
124
192
175
169
145
139
196
67
175
335
298
221
261
238
174
155
153
244
151
216
125
135
222
224
160
111
93
212
250
144
134
185
91
65
154
209
129
239
54
153
147
263
196
264
225
166
211
153
152
138
180
251
149
86
119
29
244
88
262
49
269
245
209
194
193
275
137
308
202
230
260
424
208
306
217
251
217
177
435
503
237
124
231
157
168
46
209
312
207
329
8
149
264
62
72
91
77
80
86
41
28
4
43
20
65
39
41
62
68
87
316
120
113
402
167
232
219
354
353
217
287
236
95
241
317
302
277
321
184
57
188
127
98
408
391
383
282
258
395
333
276
250
240
250
296
123
194
314
1
86
291
68
112
260
303
379
350
388
419
8
89
37
269
277
260
214
407
414
408
333
159
165
175
210
106
332
394
362
316
305
152
132
371
286
141
54
18
10
32
314
64
68
76
341
97
221
107
256
109
299
116
136
302
147
161
111
316
208
187
173
183
122
212
139
53
50
28
24
299
122
267
343
133
155
135
147
94
90
84
170
15
207
209
188
154
172
131
95
140
139
122
184
182
115
78
205
132
119
210
87
164
177
201
142
286
195
121
132
141
151
186
169
159
107
137
152
122
283
325
159
245
164
132
270
213
122
120
98
153
181
159
310
290
352
385
365
172
126
185
203
121
117
108
78
127
62
383
113
279
97
139
156
192
305
309
77
335
-1
90
62
195
104
286
247
282
339
316
309
113
152
138
146
196
187
22
116
206
61
235
101
159
147
159
200
114
125
207
190
337
166
292
265
57
179
123
49
70
87
138
168
81
244
234
195
122
260
279
274
214
139
291
230
56
167
50
220
230
217
88
100
143
137
334
81
43
30
106
97
373
344
249
276
268
245
130
290
121
300
321
237
242
86
273
189
110
123
85
86
258
155
210
155
304
316
300
163
246
318
303
275
337
31
255
212
166
120
84
101
65
63
150
282
300
224
127
90
27
193
322
288
107
192
183
135
148
152
138
109
140
187
224
367
343
81
226
89
232
62
128
109
168
189
185
144
219
210
298
260
290
343
104
97
154
322
142
137
125
117
126
110
140
182
167
296
226
225
112
260
181
224
217
172
181
100
119
169
104
187
248
312
198
268
149
172
170
140
137
291
31
156
268
222
123
105
100
193
109
125
242
77
9
52
136
155
291
133
136
154
261
244
310
223
220
143
187
226
11
282
259
250
182
144
112
88
273
101
92
120
270
184
56
165
178
261
81
150
36
168
133
238
220
295
142
174
252
120
230
247
90
132
94
113
185
316
322
238
152
136
292
181
255
190
220
226
203
84
80
115
127
346
320
329
171
254
231
39
289
115
127
291
253
181
119
124
132
81
48
205
206
210
251
188
8
49
116
191
226
289
205
247
116
150
154
166
239
127
238
152
271
67
63
147
133
111
87
130
186
14
175
102
248
251
88
186
44
148
148
98
212
209
173
168
162
127
290
161
155
64
97
180
69
145
69
205
102
249
106
77
263
114
156
136
118
113
123
180
85
167
111
87
242
169
91
99
122
165
39
257
127
129
258
120
117
187
56
222
120
82
286
113
226
61
280
296
58
274
74
181
289
54
115
227
65
290
266
255
206
63
280
142
148
121
55
204
5
97
197
108
243
274
117
181
205
130
181
122
109
205
109
244
216
270
143
274
210
155
115
88
82
131
79
121
113
30
103
174
183
83
144
71
103
89
94
144
43
120
92
177
159
74
127
133
213
109
105
62
76
220
153
32
105
54
23
99
6
66
206
97
202
104
88
104
72
51
52
61
100
69
10
110
231
54
277
30
282
102
212
65
192
143
58
57
89
184
116
219
43
110
84
104
106
114
33
122
268
192
98
151
80
215
176
56
64
68
83
1
173
193
184
101
72
137
117
129
171
60
49
162
108
191
175
33
113
153
114
64
166
111
152
72
167
43
99
176
173
179
104
48
151
143
136
143
95
127
150
104
99
160
113
58
55
26
178
94
61
62
131
109
148
219
193
121
55
113
104
124
47
96
69
196
203
194
193
103
151
115
90
91
199
36
112
88
171
167
141
80
111
124
148
84
59
115
74
76
126
111
59
100
105
132
78
57
106
179
75
96
51
100
69
75
44
100
153
132
