156
124
138
123
124
143
133
124
149
117
93
127
123
114
98
83
98
99
101
120
56
109
105
94
67
80
46
70
87
88
90
70
53
80
67
84
72
41
52
71
58
52
60
57
59
49
38
21
40
38
25
28
31
57
45
40
52
57
43
120
153
18
18
181
117
12
113
242
314
288
253
270
241
219
180
217
201
193
166
228
187
129
184
76
212
159
170
123
277
146
137
92
193
44
32
61
112
101
51
3
112
126
120
149
93
122
104
116
127
117
124
101
143
126
102
110
128
130
126
109
129
137
117
152
120
152
122
88
58
139
129
116
131
137
130
119
133
133
117
119
122
84
133
125
119
130
56
100
130
87
89
83
88
96
127
127
178
112
151
94
110
124
121
107
116
116
86
74
118
113
99
98
112
119
130
141
95
108
104
103
128
105
124
149
100
125
140
88
127
74
98
84
98
88
118
154
115
72
90
99
22
157
132
108
110
73
88
122
98
114
95
112
104
131
122
119
143
169
195
267
111
104
98
63
116
105
178
118
119
110
99
118
116
146
123
295
92
101
61
105
100
141
124
83
124
103
118
87
113
108
73
110
142
153
133
122
90
78
120
115
108
106
122
78
122
77
90
83
93
79
76
75
72
97
81
71
81
81
90
57
122
69
79
90
69
65
123
89
107
118
98
172
74
95
99
74
112
119
88
80
150
131
110
169
111
45
112
75
123
110
119
130
105
118
121
65
85
106
106
112
69
106
110
88
112
132
181
150
85
152
86
83
18
78
124
177
167
173
217
105
111
73
99
93
117
139
141
142
44
34
21
244
222
262
172
88
151
130
100
96
124
110
128
132
117
68
303
277
130
76
171
174
71
54
96
107
94
115
153
124
104
74
78
88
11
609
-1
354
231
117
115
95
96
94
122
203
92
44
83
150
140
73
80
158
84
100
131
86
124
113
109
103
180
58
84
269
333
141
107
113
134
92
79
113
77
107
85
91
148
148
109
82
93
119
172
147
140
76
58
58
92
105
51
94
35
130
90
113
156
212
110
83
99
214
217
93
102
143
85
85
170
88
103
45
127
44
128
119
264
111
121
178
62
312
136
108
115
174
149
191
107
147
165
81
167
182
236
43
151
95
80
47
90
155
106
153
4
189
152
40
31
46
51
34
46
47
43
7
44
36
81
54
28
29
34
62
178
58
58
150
93
135
131
172
165
166
154
120
167
118
185
168
149
220
86
73
88
75
60
138
135
122
93
93
140
123
177
136
115
147
157
80
117
175
5
224
163
53
62
133
178
170
151
170
161
11
98
60
144
158
145
153
129
119
125
154
116
107
85
85
100
138
169
98
111
109
85
70
143
125
86
35
9
3
21
234
52
44
80
142
53
95
67
125
61
130
64
64
151
126
141
96
155
117
88
114
94
96
80
76
16
61
44
42
171
64
97
108
101
82
84
65
93
93
93
84
51
113
111
71
73
68
69
73
81
60
84
61
70
66
115
122
69
69
129
55
70
112
89
142
124
103
110
118
89
95
97
81
93
65
86
97
56
101
96
94
96
73
91
120
97
73
64
59
72
79
75
151
137
144
167
130
87
60
121
136
54
70
71
72
85
77
150
57
169
58
72
78
158
107
159
74
157
152
106
83
99
47
117
99
125
135
118
131
65
93
105
79
170
191
49
66
59
31
112
60
70
71
76
87
52
162
110
95
149
129
123
145
64
122
44
143
83
70
85
78
47
114
147
135
61
133
122
129
97
75
129
100
95
161
51
74
182
115
45
54
72
78
140
40
34
31
56
73
152
149
92
113
111
113
80
138
69
132
123
161
111
54
136
107
93
75
59
73
121
89
101
90
118
129
145
312
115
137
144
132
139
32
104
122
94
51
94
41
52
14
95
109
116
71
130
52
21
71
146
128
61
93
98
80
83
85
42
73
47
163
86
130
184
73
94
131
127
40
80
70
96
62
95
92
85
125
139
125
134
134
75
71
75
136
71
80
69
38
36
84
61
95
97
130
98
59
60
113
81
93
113
87
88
55
58
53
15
169
138
129
106
127
78
87
86
45
59
103
35
62
163
122
70
73
58
64
65
58
128
30
8
23
68
90
125
141
137
141
91
136
141
98
81
47
54
117
3
122
112
114
69
63
56
75
111
100
112
75
131
54
40
84
52
133
50
70
18
54
69
117
112
110
87
99
87
60
89
108
74
67
55
56
93
125
132
115
60
66
123
72
95
88
93
89
104
70
49
42
87
127
114
118
78
92
66
11
126
58
66
183
124
102
57
71
70
46
36
97
107
91
100
105
8
41
70
85
90
122
93
117
70
76
79
85
121
103
87
77
117
40
44
83
105
90
68
94
83
4
73
78
142
77
48
154
45
78
98
34
97
84
85
76
68
67
124
91
96
53
90
79
124
49
49
75
53
84
75
64
103
94
113
53
72
31
68
79
66
109
86
61
95
86
50
73
59
87
41
112
87
68
131
66
54
75
16
99
51
42
109
61
93
50
74
110
69
93
43
88
93
0
58
112
40
111
102
109
116
77
84
65
77
42
33
81
12
42
93
76
129
108
54
75
63
63
86
60
62
87
72
87
98
92
57
72
104
79
72
46
59
73
49
54
55
33
42
55
56
99
59
58
52
76
50
68
37
78
74
77
84
50
53
65
112
58
57
50
61
99
79
70
100
57
2
38
5
46
85
117
37
50
40
73
2
27
36
39
27
61
3
55
119
23
126
47
105
47
63
33
80
69
32
33
46
92
78
93
40
76
59
51
49
80
29
87
97
88
42
60
55
93
123
0
35
40
9
0
73
33
64
68
54
96
57
61
65
32
30
73
67
66
100
52
71
75
64
34
72
98
83
58
106
38
59
69
64
139
89
36
109
98
108
104
61
64
75
53
37
105
91
38
38
28
104
61
57
35
62
63
85
88
92
63
36
74
57
83
27
51
88
77
85
74
102
53
95
61
62
94
81
25
50
72
76
77
62
61
52
48
80
39
15
108
28
23
55
45
23
57
41
55
20
34
48
55
37
44
11
46
24
34
21
84
74
76
