211
163
162
161
176
263
224
205
223
218
131
195
134
165
142
129
168
191
167
181
151
238
182
136
96
136
82
102
122
124
142
131
102
159
111
126
113
87
76
82
88
89
100
98
89
86
66
41
66
74
43
44
52
90
88
65
85
107
74
174
243
153
76
268
225
49
217
247
256
228
241
299
207
276
230
223
241
257
163
246
247
164
135
148
239
209
208
211
261
189
189
161
214
76
56
87
158
191
145
23
131
206
157
253
151
267
129
304
225
260
276
234
265
252
271
248
291
280
195
192
287
246
239
284
236
369
295
181
138
183
193
268
269
311
309
318
281
387
348
342
309
274
230
300
334
371
218
254
230
219
201
230
209
279
307
322
273
255
307
192
351
282
285
255
292
264
250
189
314
258
317
315
360
245
343
313
290
298
327
331
410
319
302
354
209
249
231
178
184
149
156
133
146
139
208
203
243
184
242
176
59
385
323
257
315
220
269
274
282
337
237
351
297
365
366
349
300
347
288
266
188
200
154
177
243
306
226
256
235
338
219
162
233
208
342
273
256
349
172
140
179
280
278
106
378
307
306
273
282
283
174
313
489
473
251
269
274
156
342
355
334
333
304
164
157
131
128
141
143
99
96
109
106
142
122
102
172
131
128
120
271
120
130
142
172
159
233
150
193
321
226
158
227
322
204
103
154
265
199
135
227
276
229
313
322
145
197
163
261
225
339
173
321
251
159
84
178
256
330
176
92
330
185
147
289
287
373
341
151
222
253
198
85
132
248
264
202
267
224
119
132
171
328
300
419
268
238
258
47
40
25
233
167
217
258
138
304
350
292
172
262
280
258
221
224
141
272
319
357
150
331
311
147
68
234
233
249
282
292
391
142
215
215
233
40
171
140
282
253
315
342
261
266
264
415
282
177
176
233
292
-1
248
137
384
240
290
258
257
414
386
356
226
296
114
211
262
263
263
339
295
367
177
171
266
201
307
274
355
366
369
267
148
179
339
256
262
251
177
143
144
211
317
80
266
52
222
221
305
386
340
285
220
290
264
260
199
210
439
182
160
267
92
310
123
349
152
365
342
214
326
277
248
158
196
295
257
332
286
245
266
312
256
344
203
297
253
172
94
319
208
224
59
254
381
238
151
39
190
246
102
98
135
128
109
137
61
55
13
73
50
119
60
61
80
82
124
198
164
146
181
328
283
250
342
351
352
326
283
142
275
269
321
234
236
241
120
252
183
158
179
180
165
114
143
200
143
163
336
308
207
299
171
331
253
21
112
344
90
164
320
216
247
287
319
229
28
214
113
386
324
301
279
186
179
179
173
245
163
214
193
160
187
270
154
161
157
202
173
245
195
225
98
40
25
34
195
54
139
107
180
158
241
179
199
159
287
157
178
233
266
218
150
255
288
207
269
272
253
257
177
16
103
66
57
311
177
143
167
179
187
143
136
120
113
170
189
48
203
200
184
156
221
206
154
204
137
123
178
171
183
184
258
169
144
264
137
172
232
225
149
294
218
186
197
200
216
221
204
199
159
151
205
131
148
150
265
275
138
132
247
301
169
157
149
182
152
170
251
300
242
254
238
152
159
204
287
125
112
116
144
226
185
240
152
307
137
175
162
169
171
169
115
260
222
194
109
223
103
320
279
318
208
188
296
171
214
192
238
143
179
77
176
187
87
213
133
184
172
212
250
174
209
237
211
284
223
256
312
75
312
125
101
184
214
193
169
79
225
297
303
160
263
273
267
228
208
237
274
120
299
80
184
157
253
122
139
183
177
285
106
62
43
133
135
274
232
259
270
265
246
168
230
175
225
218
168
154
139
278
260
280
130
110
118
334
209
301
217
204
201
273
134
347
228
214
335
245
72
231
241
185
158
114
58
131
126
195
259
284
112
188
142
38
195
295
252
176
212
253
193
207
202
147
169
141
293
251
157
176
127
250
190
343
95
217
167
190
182
178
252
267
235
322
127
315
191
176
170
188
312
166
168
183
120
124
139
144
196
202
236
237
105
155
276
187
210
248
293
189
144
151
174
46
184
252
201
206
246
189
191
188
121
129
210
51
149
213
188
174
191
150
186
129
144
216
102
36
68
206
180
259
144
153
158
201
252
243
277
173
151
162
190
13
230
199
178
174
157
142
138
225
210
221
164
327
76
90
254
173
289
136
150
31
181
169
268
241
258
203
195
274
158
138
276
153
146
130
120
200
256
232
170
176
153
305
206
275
216
234
227
134
144
108
120
199
179
163
165
195
117
102
14
233
142
155
204
292
211
126
162
148
109
83
204
250
223
273
250
32
88
119
233
242
186
241
186
107
186
186
159
295
189
206
193
287
104
97
136
198
250
141
209
247
24
216
126
261
96
102
219
52
142
250
97
221
223
211
173
185
135
161
180
181
134
132
215
169
69
92
242
134
116
75
97
221
177
201
154
250
140
150
186
140
116
230
139
221
169
132
154
126
171
56
193
156
118
265
200
141
189
26
232
141
73
150
113
205
101
108
175
113
184
104
184
169
95
124
230
89
188
186
187
254
115
129
166
163
153
97
216
16
118
267
233
191
225
126
132
100
133
219
172
111
240
155
177
198
147
181
124
115
181
167
115
92
132
105
145
123
74
39
126
133
141
191
115
144
184
125
191
49
155
125
169
214
116
120
178
246
138
118
126
124
228
185
79
161
124
22
39
11
107
177
181
76
151
110
133
52
53
69
80
104
104
29
118
209
65
161
73
232
103
121
91
172
200
89
83
106
127
150
217
77
118
176
87
98
130
34
226
172
122
110
142
127
131
285
44
101
70
58
28
154
68
92
96
94
138
158
145
115
95
53
124
171
102
163
89
153
165
156
78
171
131
160
70
152
33
160
172
200
140
170
49
195
188
198
211
121
197
177
113
107
208
205
46
71
27
233
100
94
89
137
108
150
125
150
140
72
142
127
228
50
90
116
116
105
113
122
112
190
167
129
128
111
44
107
157
115
122
93
122
82
75
84
87
31
201
80
69
165
132
54
139
114
94
66
67
73
88
87
81
51
79
43
50
27
110
172
214
