123
139
106
109
104
146
157
162
149
164
100
125
98
110
122
92
116
155
112
103
55
121
114
155
119
149
88
110
129
127
111
123
102
103
187
191
179
137
118
115
132
132
165
161
136
133
112
88
107
113
98
93
117
134
100
112
125
-1
113
86
95
43
76
108
139
114
102
91
102
91
96
101
78
92
86
86
78
92
77
85
106
67
61
59
77
85
91
93
94
70
90
114
98
68
43
97
123
130
86
28
119
82
72
106
57
131
68
129
127
107
103
99
110
108
96
102
111
114
91
78
113
114
102
128
107
135
111
81
58
80
83
123
111
109
108
98
114
98
105
98
99
84
106
114
95
118
44
77
111
103
98
90
80
94
97
104
104
78
123
88
96
116
104
94
127
89
88
66
110
111
105
84
96
89
113
115
100
97
100
109
111
98
117
94
90
86
94
65
77
56
59
54
51
52
67
67
86
75
90
70
21
103
91
119
91
81
87
99
107
96
104
99
84
100
92
95
103
92
77
102
164
140
137
109
98
82
105
83
119
92
116
131
90
88
98
100
102
96
80
81
75
115
119
66
103
85
84
92
93
97
91
88
88
105
96
113
85
71
122
102
102
105
96
76
95
57
49
60
52
43
48
49
44
62
63
52
61
65
61
52
85
39
62
63
73
62
79
61
101
103
118
64
65
65
60
113
108
99
133
85
87
67
77
96
98
59
104
48
96
105
98
60
100
103
73
41
68
89
82
66
45
82
75
53
81
98
111
110
127
87
88
73
28
37
111
72
77
81
84
94
100
78
97
90
94
103
114
78
33
25
13
53
79
79
83
83
88
104
83
85
104
86
110
103
96
72
79
92
105
83
89
100
43
29
78
84
82
113
87
79
59
119
107
126
32
57
57
83
68
102
104
78
79
78
83
82
116
72
118
76
107
73
86
104
75
84
89
88
91
83
73
79
90
79
101
76
73
106
99
104
97
111
96
96
89
95
53
67
103
100
73
65
69
84
82
82
90
81
67
51
100
84
34
86
49
136
104
100
102
85
93
75
97
93
95
103
92
108
73
128
103
67
92
68
104
37
91
94
86
91
99
83
62
74
91
84
94
90
103
77
91
79
86
97
82
68
51
44
88
84
95
61
81
106
85
56
34
62
70
85
62
62
66
54
74
84
71
15
73
55
114
66
74
53
56
89
60
67
72
61
63
111
100
95
87
102
97
92
51
87
87
99
81
70
91
51
86
85
74
57
54
54
41
44
65
49
58
95
94
67
92
109
89
85
16
41
89
80
80
75
89
76
98
84
75
39
87
42
105
104
96
97
59
52
54
59
95
70
61
65
68
57
73
52
51
49
99
67
69
67
81
59
18
12
42
67
14
31
96
47
68
80
99
85
97
85
89
83
68
99
68
125
82
94
68
80
94
86
93
98
13
84
55
48
88
76
40
54
76
65
73
70
65
68
64
81
63
85
87
59
56
56
46
39
49
37
71
37
34
50
94
84
88
69
87
78
64
77
67
57
86
74
95
105
74
85
95
68
78
63
83
69
71
47
49
64
78
56
59
79
72
81
73
67
77
79
87
65
79
78
73
69
112
81
83
90
40
61
68
65
64
44
67
79
98
59
92
74
38
51
56
70
71
63
126
92
96
42
85
71
81
66
60
76
66
73
93
67
58
64
25
71
47
40
67
64
79
79
82
82
76
80
70
51
76
57
76
84
76
91
39
55
57
53
87
58
39
85
91
75
79
79
85
89
84
61
80
84
101
88
65
52
53
81
44
37
87
91
87
37
30
38
73
109
81
82
68
77
82
71
64
57
62
83
76
61
56
68
81
88
52
46
55
58
89
71
87
65
66
66
76
49
81
62
58
75
76
37
71
69
53
40
79
44
72
17
48
72
68
34
57
47
40
58
88
77
63
80
77
70
63
72
33
61
49
76
69
51
61
77
67
67
91
58
52
70
58
63
69
65
74
76
80
53
94
60
62
58
72
83
65
62
85
33
32
81
50
74
85
68
73
41
74
72
79
65
84
69
65
72
56
59
29
74
70
76
72
73
79
86
86
22
57
67
64
52
53
62
64
73
72
59
72
70
84
31
40
26
59
64
72
60
57
60
62
74
75
76
53
41
50
68
5
70
67
53
44
58
78
92
60
69
78
71
81
35
60
81
47
89
65
57
33
47
49
76
57
66
86
72
78
72
39
68
67
60
55
50
73
70
71
50
53
75
66
68
66
51
63
62
38
47
48
35
58
51
49
48
86
37
38
9
67
65
70
57
74
56
50
80
66
56
41
77
61
76
76
58
49
135
59
75
62
55
71
62
61
55
54
55
77
70
59
54
70
50
33
77
59
65
43
75
68
11
69
72
79
33
53
69
61
51
55
33
62
53
59
64
60
45
43
67
78
49
41
64
76
39
57
68
74
47
34
59
61
60
81
56
62
35
54
59
56
52
62
76
58
51
62
58
60
75
64
61
71
52
70
68
60
61
17
84
40
36
50
43
59
51
46
55
64
60
56
60
52
4
56
72
33
56
54
58
81
59
43
48
67
40
42
49
55
50
75
51
54
60
45
51
35
58
54
53
52
82
82
52
58
51
48
45
41
69
54
42
51
45
58
51
44
48
28
42
37
57
44
65
49
56
66
62
28
68
53
58
77
45
60
70
65
59
41
33
44
72
62
47
81
58
40
22
11
48
55
65
34
39
42
78
4
32
29
54
21
93
11
52
53
18
50
27
61
36
42
31
45
60
48
56
37
44
50
51
61
65
46
26
40
61
26
68
49
38
44
50
46
33
78
4
30
40
12
47
51
19
40
37
45
57
47
43
30
32
37
43
63
36
73
36
59
43
61
34
47
52
55
51
63
16
44
53
57
47
62
19
60
52
55
65
57
42
48
40
41
55
49
27
52
28
72
44
39
32
43
49
56
36
51
56
34
61
49
60
28
39
50
44
42
41
49
28
60
40
37
46
34
26
34
38
38
36
35
24
39
21
35
32
16
62
31
26
35
31
23
33
35
25
11
20
31
21
27
29
9
32
22
21
10
29
59
60
