85
72
68
63
74
79
84
86
85
102
60
83
64
49
65
45
71
79
63
56
36
78
73
66
50
72
39
47
51
53
59
61
53
85
51
60
53
51
31
38
37
44
50
50
38
40
20
17
33
36
15
19
24
39
33
30
27
61
38
57
76
19
24
73
130
13
59
53
89
108
69
96
76
59
72
51
52
87
44
107
116
34
79
92
43
72
62
66
74
99
66
64
135
38
18
60
76
78
46
4
71
100
85
123
68
188
80
134
206
143
175
97
114
171
139
153
145
153
84
76
232
180
145
229
142
199
184
75
40
91
89
219
240
200
215
210
244
108
245
248
258
80
215
274
252
275
139
243
122
131
125
134
119
152
144
151
120
60
173
143
103
198
203
115
229
98
154
137
215
208
249
220
239
159
228
236
186
238
216
239
142
219
197
107
164
139
172
76
100
38
69
58
65
44
90
80
94
80
163
101
15
183
159
218
247
132
192
199
196
196
106
230
138
262
247
260
126
85
73
104
127
132
137
58
165
93
111
134
260
104
202
81
111
93
243
77
190
122
85
111
166
241
269
107
268
227
219
186
229
221
169
215
87
93
192
143
112
87
257
267
255
251
255
172
90
62
61
60
63
41
62
56
51
72
105
47
107
72
72
62
155
43
108
64
161
120
77
73
192
217
112
48
69
108
85
49
170
136
142
119
218
91
156
76
265
48
224
72
237
213
223
29
243
210
150
69
130
200
186
85
57
219
69
68
59
99
198
197
71
67
169
175
70
41
193
56
46
96
110
67
91
109
227
201
174
183
184
92
36
31
5
53
134
144
95
115
85
268
177
197
197
104
240
238
89
106
99
136
249
110
117
121
31
49
198
116
228
250
223
101
74
108
86
92
5
54
70
111
48
242
218
107
107
106
74
84
119
99
140
109
107
195
197
168
162
192
133
221
95
85
80
126
99
69
146
133
88
221
249
215
95
152
160
223
138
219
63
66
106
106
83
86
106
146
156
71
72
166
125
86
185
238
132
235
38
95
123
255
131
112
222
156
217
84
78
107
169
153
127
93
76
72
195
66
208
43
196
182
142
153
170
130
117
119
116
229
213
169
216
172
203
118
100
149
195
153
102
114
132
179
150
45
196
228
207
125
2
52
144
62
54
69
70
62
69
54
44
7
57
22
57
52
53
58
57
87
111
95
88
149
86
295
325
193
211
150
199
174
58
189
217
218
206
144
167
82
169
114
87
140
144
133
104
90
127
127
114
183
169
156
163
132
127
137
0
27
220
65
94
171
180
174
211
189
161
7
88
46
180
180
178
190
132
143
143
106
195
282
284
299
201
115
188
130
124
118
141
96
147
152
140
45
10
4
28
129
4
29
73
116
91
218
108
192
100
186
91
99
127
210
65
82
163
247
301
210
205
69
188
102
10
54
37
42
208
112
116
127
219
389
486
327
239
249
166
274
32
310
298
420
255
232
218
204
180
264
479
335
291
199
223
201
105
110
205
79
404
166
258
73
218
271
264
267
284
325
297
331
287
98
153
267
109
113
129
116
209
106
211
161
215
102
102
88
124
194
155
166
174
166
185
176
239
98
259
114
256
437
431
119
107
57
150
98
181
100
127
185
54
111
122
52
175
116
76
76
190
140
196
172
208
161
120
204
224
217
243
228
82
49
44
122
283
47
183
98
174
167
179
193
104
84
154
162
177
69
165
200
70
126
335
43
77
75
166
172
262
259
111
111
99
198
293
303
243
216
145
210
74
77
42
108
81
133
130
82
126
120
201
92
41
40
99
100
181
187
268
249
259
212
239
137
204
159
158
110
126
77
171
205
75
121
83
79
193
226
179
236
130
141
162
48
158
146
118
200
178
41
251
211
125
211
113
401
66
30
165
208
178
86
71
87
11
166
186
179
198
263
293
180
195
211
211
108
220
118
226
127
137
100
209
57
139
65
70
84
206
216
139
102
216
170
188
117
221
135
252
247
207
206
120
121
124
277
250
160
372
262
188
155
228
100
103
151
215
197
189
124
239
100
246
217
293
85
150
158
185
182
141
162
160
197
201
140
45
127
84
140
153
81
83
239
107
97
182
62
9
30
184
175
168
71
68
67
147
142
156
230
120
247
164
121
1
134
144
122
168
161
109
61
146
143
150
92
205
86
49
154
223
196
68
204
33
232
128
160
174
176
136
248
213
102
104
184
229
159
204
198
238
165
167
124
195
147
151
197
199
158
163
163
117
49
121
184
197
148
136
134
183
123
123
6
172
138
138
83
186
102
90
125
152
103
51
244
116
210
266
96
5
41
180
172
146
121
149
148
-1
178
120
155
163
196
157
131
215
63
194
220
89
75
155
190
138
5
184
142
176
120
134
75
36
177
92
297
170
143
124
211
190
151
118
205
242
92
64
125
64
56
71
192
94
116
90
99
146
134
103
193
95
166
163
133
138
77
54
78
200
101
75
95
114
174
45
151
228
173
119
96
178
183
29
188
183
322
114
104
160
93
126
127
170
149
86
178
130
5
165
171
185
143
133
130
159
147
128
191
187
144
50
144
12
79
175
102
146
154
104
103
109
189
130
126
150
188
69
167
151
145
161
114
108
199
111
110
115
103
68
72
107
34
61
77
76
60
81
96
105
105
87
164
11
112
241
141
129
68
113
107
93
76
129
152
120
157
164
47
109
150
2
48
1
87
135
99
86
101
70
150
151
82
65
61
206
44
2
109
153
39
115
48
155
167
113
59
159
170
72
64
86
82
72
128
22
133
68
41
90
122
32
82
74
79
70
155
86
88
96
130
80
52
201
0
141
91
92
66
97
71
108
134
69
35
64
107
75
86
90
53
101
111
112
100
144
43
171
156
112
11
56
133
109
69
92
13
69
76
70
60
91
82
109
113
112
59
59
53
56
29
103
76
63
40
146
123
126
110
88
122
80
91
75
74
38
87
68
104
103
105
103
93
87
92
87
60
97
45
113
52
82
84
83
32
118
77
77
82
38
75
75
73
60
92
67
42
92
87
62
31
50
45
85
67
71
77
49
52
29
68
109
104
