213
163
166
154
172
219
206
183
218
201
125
184
137
156
124
114
139
164
164
176
146
208
164
128
79
115
68
99
112
106
106
117
94
131
108
118
112
77
65
75
76
67
94
101
95
79
55
34
64
71
32
30
39
80
81
57
72
85
70
156
262
101
80
272
247
49
185
267
317
322
268
350
282
268
248
237
263
309
200
282
288
196
176
139
248
223
223
194
330
223
181
130
237
88
55
100
144
168
130
18
140
177
147
237
119
273
111
239
211
236
248
173
234
262
234
236
240
271
170
181
263
277
256
295
237
330
305
168
120
152
173
268
259
329
319
315
292
319
306
293
289
213
236
295
300
300
164
206
233
176
165
191
175
225
277
271
260
224
293
202
285
309
269
215
255
229
221
195
298
271
264
256
297
228
299
290
278
293
263
286
320
257
317
317
204
209
227
142
161
106
129
97
112
114
184
177
205
141
229
182
36
344
323
271
281
219
208
249
235
294
190
309
277
320
310
304
290
356
361
344
198
219
176
154
250
263
216
260
226
271
197
165
231
193
295
449
216
236
135
135
173
277
269
110
323
256
265
216
264
257
169
281
373
348
223
234
242
139
282
281
275
269
284
161
146
107
107
106
111
68
89
81
85
105
113
73
173
109
114
87
234
101
116
107
160
130
178
103
191
256
207
204
164
230
171
92
150
266
172
131
220
233
207
354
270
119
171
144
262
201
268
183
274
221
191
105
154
227
282
146
91
287
168
122
222
243
403
350
142
223
226
176
81
107
250
273
221
329
295
129
123
148
251
218
274
219
229
250
59
50
25
220
290
367
322
143
256
294
239
190
256
227
255
242
220
130
382
418
300
143
337
303
97
53
220
199
248
273
309
292
126
193
182
197
25
208
212
340
283
301
268
232
232
232
258
308
189
170
201
287
340
183
147
395
207
244
238
201
277
270
257
178
369
114
221
331
335
263
258
237
256
184
168
271
192
241
185
242
336
335
247
148
166
289
310
271
249
176
124
110
194
251
87
229
57
227
194
275
374
-1
239
188
251
301
294
183
181
323
162
134
246
78
260
102
299
102
294
282
230
268
251
289
166
246
279
255
267
375
245
324
237
291
390
203
400
300
204
109
336
180
199
58
218
367
219
210
27
203
318
84
75
108
111
85
100
62
54
10
71
37
107
64
49
67
80
128
236
149
135
238
263
266
227
372
380
388
337
271
178
261
336
325
287
262
198
123
184
164
143
216
217
199
148
146
215
182
229
299
292
290
348
157
284
304
15
134
354
97
146
324
326
335
327
404
307
21
180
88
348
365
322
308
210
201
197
179
263
169
186
224
159
224
327
182
180
185
198
160
311
235
173
68
22
14
37
246
67
103
119
226
132
218
180
229
130
332
144
162
333
261
206
144
316
244
188
242
214
193
219
183
23
87
55
52
329
149
170
179
189
151
148
133
116
112
142
172
40
207
225
191
152
193
143
144
179
146
146
169
183
151
170
245
155
128
256
115
176
206
179
153
307
218
158
188
172
189
220
170
178
130
151
187
126
160
173
203
255
179
148
280
240
159
143
115
165
161
172
320
347
332
339
330
187
137
215
280
104
115
119
126
177
127
264
141
360
119
176
164
179
173
193
108
318
264
180
111
207
105
313
269
356
297
226
290
136
198
209
191
180
211
63
159
171
79
243
119
159
142
182
206
143
230
210
194
392
215
321
296
77
277
103
99
131
163
181
152
92
226
305
297
144
306
284
289
241
168
259
251
120
262
73
212
214
243
107
115
164
184
364
86
51
48
131
138
323
317
258
276
272
272
161
278
140
253
251
197
194
110
316
238
197
123
96
112
276
194
253
172
221
242
334
138
286
302
284
313
322
50
251
204
173
118
123
76
101
85
184
287
294
126
212
113
32
179
341
272
144
191
198
154
185
194
136
131
144
348
223
208
237
110
261
171
292
82
181
165
205
152
182
187
232
259
327
175
334
223
136
136
178
328
144
153
148
101
108
131
121
192
175
289
253
115
131
285
195
234
224
211
190
126
125
167
66
228
301
238
207
297
182
189
189
116
134
250
46
141
218
208
132
139
131
153
121
136
264
91
18
50
162
182
290
156
155
174
233
315
302
225
214
128
171
207
12
233
218
202
179
160
119
126
256
181
181
135
324
100
77
217
150
318
110
159
37
149
148
295
258
275
191
176
236
154
161
294
132
156
116
101
197
305
293
242
162
152
300
170
274
230
245
256
177
110
90
96
189
217
215
204
189
145
118
16
266
130
156
242
309
217
140
156
153
92
69
211
242
233
258
240
16
79
113
217
264
235
238
239
112
170
158
160
282
194
211
200
330
83
76
166
195
214
119
154
194
22
182
122
281
122
90
229
70
161
219
88
226
222
198
158
160
139
210
180
169
103
149
178
184
94
98
216
113
136
111
91
252
174
199
116
190
108
149
202
122
157
212
103
244
175
120
144
136
166
47
294
155
124
327
122
123
187
29
200
116
71
177
131
221
86
131
205
95
258
95
210
241
58
134
266
73
250
242
228
240
118
155
143
156
111
67
231
16
100
227
176
255
252
117
173
116
120
215
124
105
222
149
207
228
175
126
125
158
175
144
84
91
149
101
127
129
47
62
122
127
123
143
103
111
139
111
147
51
150
119
190
223
83
133
154
254
132
100
96
117
247
173
67
153
111
25
46
8
88
203
180
97
118
93
129
28
65
64
73
87
104
11
124
256
55
165
51
309
110
127
85
190
150
77
68
101
134
149
244
72
123
112
73
104
133
39
183
197
123
104
152
112
138
301
20
84
61
41
8
174
72
102
105
102
172
128
115
127
69
52
183
160
127
198
61
152
180
142
73
171
146
173
78
194
29
116
180
202
169
165
47
208
200
206
208
138
170
186
107
90
201
170
58
65
28
237
122
84
75
171
121
181
140
181
138
59
170
125
182
46
113
134
139
142
132
137
122
211
161
135
133
133
49
113
165
131
141
99
119
110
82
110
84
32
208
72
60
153
116
62
132
103
128
67
77
76
100
87
106
35
108
55
61
46
106
178
196
