187
148
154
156
164
208
216
197
219
234
122
167
115
122
116
100
136
168
183
117
83
146
160
141
85
126
78
86
120
106
112
149
100
171
118
120
112
82
62
76
71
64
97
99
96
85
52
37
72
73
42
27
53
79
82
67
68
110
66
138
139
48
52
195
260
60
138
181
221
246
171
232
179
157
174
153
146
213
117
247
254
126
145
214
151
186
174
146
233
187
121
123
272
75
38
103
157
179
90
9
146
197
183
251
134
384
155
267
400
315
332
192
285
345
304
310
319
362
222
202
455
412
356
416
308
446
384
213
183
180
199
446
446
435
399
417
494
291
459
437
472
169
417
501
418
456
315
325
261
241
247
269
243
291
292
310
328
266
381
292
306
398
404
233
379
278
295
274
401
422
444
366
402
329
436
486
326
453
391
416
309
390
389
314
277
251
351
182
176
121
168
144
133
129
217
215
264
165
297
230
41
384
425
402
435
305
289
342
335
380
184
369
328
395
370
377
309
235
185
259
239
254
264
120
335
274
231
332
460
267
334
195
269
224
383
207
331
241
164
192
301
408
436
146
422
350
371
305
407
375
297
364
245
253
387
321
225
174
391
394
382
374
427
280
161
134
133
146
136
111
126
116
109
139
183
104
201
152
140
118
329
121
202
132
268
191
181
133
375
392
215
93
162
210
195
99
275
302
201
220
453
271
242
223
415
94
390
172
437
322
382
105
391
418
265
120
265
353
454
163
109
365
146
153
246
250
385
400
134
132
310
347
144
137
383
183
141
218
243
123
136
248
368
335
336
356
366
185
53
59
20
122
251
262
255
168
212
428
358
316
369
207
-1
650
229
203
231
284
432
201
265
248
115
93
322
236
363
383
328
193
137
219
179
176
21
130
128
242
151
404
376
220
219
218
185
195
219
237
229
206
258
337
268
389
280
290
289
370
221
205
191
247
233
111
239
211
189
403
383
364
207
221
259
389
212
328
159
157
324
324
199
183
199
274
296
184
198
281
204
123
363
326
249
354
73
222
200
389
307
255
350
235
351
230
225
200
267
318
208
172
199
98
338
116
428
79
426
323
236
305
279
271
217
201
331
364
439
280
395
273
331
213
233
244
334
284
183
221
256
247
238
80
296
350
320
200
23
131
258
91
80
104
103
98
115
78
66
13
83
37
106
88
82
88
106
151
165
147
139
221
250
372
378
319
319
284
354
311
96
283
347
371
305
246
295
137
247
172
131
216
192
192
152
153
191
174
191
332
294
259
277
227
236
233
14
97
344
115
152
283
300
309
338
321
255
23
236
88
329
357
335
347
195
204
207
154
268
309
216
295
197
182
279
190
178
174
225
151
232
231
209
69
17
6
47
199
13
86
131
179
147
375
163
288
154
288
151
177
198
222
165
162
262
294
275
223
280
188
304
193
26
112
51
61
306
148
146
179
228
208
233
229
156
153
166
268
60
320
315
272
226
228
170
121
177
172
235
259
233
147
175
299
181
159
285
129
253
332
262
147
373
297
244
265
218
232
250
242
241
149
245
223
166
161
179
241
363
173
197
253
373
164
161
139
195
268
199
277
259
298
308
292
265
164
343
212
167
237
228
160
181
99
265
149
335
141
202
325
80
172
192
116
240
235
195
134
261
172
306
252
353
241
205
373
155
192
246
211
118
144
73
169
236
71
233
124
248
223
242
310
149
204
288
274
286
185
298
338
107
234
169
92
169
151
256
195
150
328
257
204
156
374
379
366
345
153
265
326
140
193
98
195
127
214
127
129
190
180
368
128
76
63
151
177
304
299
326
292
351
313
223
190
137
224
220
152
198
109
276
303
103
172
135
142
384
232
305
223
194
210
263
93
292
238
199
351
261
47
338
302
180
165
156
156
87
54
192
292
268
112
140
133
33
195
330
258
156
263
292
191
193
193
184
161
188
233
311
209
195
154
262
178
278
81
166
167
244
232
191
237
314
244
314
165
378
216
144
143
208
331
174
177
164
146
157
247
214
237
219
224
330
141
156
260
231
273
348
206
290
144
174
244
162
192
236
238
257
294
191
234
233
148
187
220
71
208
143
234
156
132
126
249
163
149
293
118
29
53
156
249
258
132
122
141
259
213
266
305
188
169
325
204
4
228
211
209
217
250
152
136
205
182
197
155
334
121
82
236
221
299
118
203
44
193
217
224
223
249
242
302
279
158
141
268
147
159
123
175
303
268
277
176
220
195
244
264
311
223
231
238
143
113
117
135
178
197
190
193
261
154
146
18
242
133
174
156
265
166
140
185
252
126
63
310
185
285
339
203
18
77
232
272
223
187
224
237
240
226
163
231
244
223
216
147
315
92
100
215
153
122
105
187
200
14
244
195
254
149
132
166
67
219
157
154
237
189
183
247
223
177
179
248
236
126
93
184
143
97
105
262
134
154
120
149
225
187
173
165
199
126
144
203
186
101
111
132
246
155
125
139
157
217
67
229
185
188
237
177
154
243
47
351
179
158
169
187
225
126
175
190
130
210
103
233
220
38
150
302
89
213
191
193
316
125
176
166
207
172
79
209
16
111
292
147
222
242
154
133
135
234
198
147
138
279
149
205
233
184
176
164
133
260
162
137
140
146
103
128
149
40
82
124
120
136
170
147
128
135
117
200
32
196
166
209
218
140
165
173
188
115
131
77
145
299
241
74
185
126
17
67
7
138
197
166
135
139
96
204
78
94
81
76
113
93
9
139
206
54
165
62
240
147
150
73
176
211
83
84
120
105
121
194
71
185
86
75
125
197
52
175
137
114
116
192
147
128
208
46
77
95
87
0
202
118
101
97
118
140
152
178
95
62
72
147
146
123
186
99
157
140
176
83
231
101
217
150
188
33
111
252
194
134
162
47
149
143
147
153
146
150
204
145
134
142
101
87
91
35
189
119
98
59
192
173
189
155
165
169
87
185
122
155
57
126
102
136
139
151
161
141
182
156
135
138
134
45
149
103
122
116
102
89
118
92
115
96
47
168
113
101
133
114
68
94
117
122
72
44
70
101
98
90
59
108
68
60
42
199
160
233
