79
52
61
60
62
83
75
68
84
80
58
76
46
47
42
39
52
67
55
41
57
76
54
63
34
43
29
25
50
42
46
69
43
90
37
48
41
42
23
22
23
19
36
40
21
32
13
10
24
22
10
14
17
29
29
28
24
47
23
59
56
54
35
73
109
8
57
79
86
99
88
126
79
91
99
85
94
88
41
111
107
52
80
97
91
96
65
57
82
139
50
52
139
39
30
46
63
89
80
10
53
72
61
98
42
160
54
95
154
109
124
78
109
149
108
130
125
139
69
63
216
166
125
166
111
180
185
55
45
51
82
178
209
221
239
245
205
184
270
257
260
110
139
277
286
299
215
261
91
102
88
130
93
143
203
176
130
105
142
94
159
192
185
84
180
98
171
117
230
191
279
242
287
143
211
225
185
240
256
263
213
233
255
193
87
96
123
74
66
38
44
38
40
41
80
91
108
70
129
53
9
201
188
184
248
132
182
159
189
207
65
285
153
282
282
273
98
105
99
112
86
103
75
90
127
154
107
149
213
184
159
61
106
90
287
102
187
159
64
98
99
192
203
35
295
269
277
212
255
244
128
266
182
168
188
124
152
68
270
278
270
260
285
137
65
39
39
30
41
29
39
32
27
41
57
33
105
42
47
31
158
18
67
39
121
82
57
33
176
270
103
48
84
147
86
46
125
133
77
107
188
149
95
125
291
94
159
88
223
153
269
66
272
213
150
87
116
255
239
64
30
270
60
52
130
72
217
226
58
56
161
167
67
44
177
100
77
105
94
40
51
66
212
186
194
180
168
84
28
52
6
88
133
180
117
55
77
330
236
167
208
164
193
188
69
96
142
143
330
95
116
121
57
27
202
120
239
240
197
186
29
138
127
115
6
69
54
159
103
302
236
140
142
141
119
100
115
113
167
115
181
201
123
182
164
220
147
229
156
148
136
119
127
35
161
144
112
257
270
255
134
130
149
199
164
242
105
120
154
154
104
81
89
205
146
121
86
170
79
49
147
245
109
263
27
102
141
285
165
149
256
162
220
90
89
128
183
206
202
75
86
25
259
91
258
70
242
187
138
168
148
161
113
154
175
238
284
231
216
169
225
102
141
179
243
195
116
115
153
185
173
29
236
276
208
136
10
73
166
54
64
86
87
77
98
29
27
8
37
13
47
32
37
59
52
61
145
117
112
173
149
428
387
241
247
165
257
185
39
193
200
198
194
160
164
49
183
125
113
188
172
173
113
123
169
142
131
165
156
134
165
103
165
157
5
42
223
50
114
237
179
202
222
216
189
4
80
49
230
192
195
187
177
177
175
125
246
347
469
314
228
156
202
153
146
145
173
130
186
156
153
64
28
17
21
148
18
50
41
141
98
195
93
191
94
225
99
137
140
391
78
65
188
449
476
465
207
86
221
113
20
47
30
14
197
130
126
168
269
317
285
184
137
137
229
366
13
453
406
351
427
461
552
382
405
360
275
351
397
354
114
193
134
147
198
93
324
174
586
88
235
413
193
202
279
288
264
303
308
130
120
232
125
139
169
158
249
122
300
217
252
122
122
90
137
187
143
177
195
192
211
205
177
130
358
130
187
273
277
128
103
50
186
112
192
119
149
157
56
129
140
61
187
168
86
49
199
154
252
241
255
184
161
216
243
234
168
225
82
75
15
131
391
73
163
101
135
119
149
202
95
73
184
170
210
74
226
241
35
172
298
23
52
124
119
387
255
331
123
129
122
209
403
414
278
225
160
245
47
106
39
144
87
159
212
95
162
151
243
82
17
22
113
93
220
184
402
338
325
317
444
144
199
166
155
110
116
90
195
191
95
125
57
61
240
297
223
364
152
142
199
65
206
176
168
260
198
42
331
188
113
382
75
263
65
80
246
321
224
122
49
89
12
261
244
162
175
310
435
172
232
223
490
98
237
121
213
140
160
82
301
71
176
68
109
61
297
336
132
129
272
160
240
116
240
159
223
241
209
244
151
142
123
260
241
130
258
238
183
196
293
115
123
220
231
303
282
170
361
110
230
357
313
97
205
161
144
221
157
202
203
242
178
200
28
118
119
113
189
120
98
379
96
124
191
64
6
47
208
178
181
71
62
70
205
164
182
276
162
478
182
121
11
159
139
119
249
190
103
45
205
185
175
104
252
87
55
160
385
208
89
326
15
-1
141
296
196
232
97
273
255
133
116
308
149
165
212
342
288
216
196
139
381
166
222
182
258
255
240
268
105
67
155
471
400
153
163
171
184
128
117
12
215
136
159
110
206
120
120
134
115
98
55
289
193
281
291
214
4
31
117
247
276
146
177
168
232
235
151
137
209
253
265
247
298
81
146
153
88
80
168
177
151
24
180
103
184
139
138
101
21
251
167
285
239
252
138
290
331
167
156
296
284
82
56
160
61
74
64
215
114
123
64
86
198
254
97
440
111
268
174
164
88
73
87
96
252
149
116
84
116
177
28
174
141
269
162
110
184
272
36
220
405
244
138
101
166
72
126
139
107
195
90
260
172
95
148
206
149
183
173
161
179
142
147
483
255
326
61
230
5
96
236
128
172
198
142
116
110
186
209
124
255
241
72
153
171
141
237
124
92
148
121
104
75
128
75
124
142
37
60
98
94
47
134
68
155
137
96
301
19
100
198
178
117
79
138
143
136
97
110
131
179
190
151
23
57
151
5
52
5
84
185
158
113
132
115
102
249
80
69
51
267
45
13
125
191
66
124
19
198
179
133
73
196
315
64
54
77
72
93
180
36
116
74
45
106
113
31
115
113
84
83
153
91
109
133
192
102
75
252
0
177
123
107
65
56
89
145
245
89
67
48
127
132
109
103
28
83
118
113
121
205
41
164
90
119
12
156
167
180
76
94
32
90
79
74
88
73
137
154
139
164
102
71
34
54
20
115
62
50
59
151
102
122
120
104
71
92
89
123
118
39
67
41
121
122
129
128
96
121
142
96
81
121
42
116
70
108
108
95
68
112
76
91
92
41
84
82
74
99
104
65
83
108
94
85
33
44
76
79
80
85
78
52
58
29
62
107
125
