120
89
88
84
88
126
107
102
124
128
65
96
73
74
65
61
70
105
92
85
75
139
93
77
44
68
37
55
71
64
64
67
46
90
63
77
62
55
31
43
38
35
61
63
52
58
37
17
44
50
19
21
33
46
50
39
46
66
44
75
131
57
36
138
148
27
97
181
192
195
139
240
185
189
200
176
178
181
127
213
146
90
103
112
197
184
112
148
214
184
108
98
208
45
34
58
99
113
66
6
75
86
65
110
57
170
47
136
147
137
162
94
118
167
140
155
136
169
94
89
187
178
170
203
128
205
188
96
63
82
82
186
196
200
186
210
223
154
236
235
233
115
153
241
245
280
153
187
122
108
118
118
103
140
168
166
127
117
174
116
147
176
200
123
190
124
150
146
184
180
224
223
223
163
212
221
189
211
207
229
177
202
244
187
135
119
157
86
83
49
73
51
50
45
85
93
111
77
143
98
12
203
186
192
213
133
170
150
196
199
120
258
157
252
243
235
148
191
177
185
130
134
114
100
152
145
122
151
212
162
177
82
116
100
221
220
182
164
83
93
126
189
234
56
262
215
213
172
228
209
134
214
164
184
186
151
127
95
245
249
241
240
225
124
81
62
62
68
71
39
51
54
47
77
83
43
108
73
65
45
165
50
91
52
118
100
94
63
155
234
136
110
112
132
110
55
117
161
133
111
198
146
124
184
217
79
180
81
242
184
217
134
215
193
228
141
116
200
198
73
35
222
107
74
139
135
257
247
82
145
162
160
57
52
154
230
159
179
167
61
77
106
220
185
231
195
157
161
43
68
13
214
250
270
197
94
141
250
194
159
191
128
194
189
116
90
265
260
263
98
202
192
61
26
155
144
198
225
222
163
54
137
120
130
9
166
118
266
182
250
226
140
139
139
144
240
135
104
157
157
204
179
137
235
183
175
133
185
166
157
141
137
210
76
150
257
227
229
238
257
193
149
130
180
143
203
123
129
214
212
174
110
72
178
220
140
147
138
103
67
149
211
90
211
40
146
122
246
204
221
227
155
202
165
163
128
151
232
141
99
128
46
221
81
222
50
230
222
229
180
184
234
108
250
186
203
242
390
194
321
222
233
226
150
424
474
219
88
240
134
158
39
204
310
188
271
8
151
246
65
66
86
89
67
87
49
42
7
52
31
68
45
39
58
71
93
302
106
117
299
145
196
201
338
355
214
310
247
109
238
271
293
233
323
193
63
194
123
92
360
350
354
244
192
362
249
277
247
219
228
269
131
198
328
2
74
291
68
117
241
306
358
373
352
460
16
104
51
285
228
227
210
346
368
363
339
145
145
166
171
94
340
448
302
279
284
133
116
363
314
140
66
17
13
24
271
54
59
90
293
117
177
102
241
112
291
109
128
267
150
160
100
309
187
157
142
179
139
191
127
39
58
43
40
329
120
272
294
138
162
134
155
101
91
93
181
25
202
181
176
138
157
116
85
117
113
110
158
158
109
97
223
135
117
251
91
156
154
140
156
286
208
113
157
147
169
173
184
160
116
130
168
112
242
309
121
201
163
146
288
213
121
126
107
134
148
140
275
278
317
341
347
153
130
179
239
116
95
96
70
126
70
430
108
249
101
147
160
147
323
311
69
335
304
116
68
166
103
285
260
267
317
376
252
135
155
136
154
190
179
41
135
178
59
225
103
164
161
159
207
112
130
185
175
346
164
273
267
67
184
125
57
79
107
143
129
83
245
220
246
119
217
238
252
217
150
313
200
65
159
49
200
184
264
83
71
135
136
294
73
38
35
116
93
347
327
224
241
242
205
157
315
125
369
388
230
256
87
284
197
109
136
87
93
239
157
214
166
-1
399
263
160
196
328
366
241
335
46
238
254
201
121
92
82
81
54
160
233
276
210
122
87
22
194
309
315
103
201
182
148
152
161
117
103
126
187
221
234
300
94
220
87
229
71
120
92
162
154
245
143
194
252
258
248
250
367
115
118
150
307
138
153
127
112
108
106
136
175
166
305
204
226
116
263
164
202
228
175
207
109
125
172
90
169
240
368
205
244
153
165
163
135
121
308
42
116
223
224
139
115
108
162
117
125
219
68
9
44
155
163
294
129
125
140
231
238
285
211
254
126
163
283
8
313
277
284
163
139
116
95
307
133
122
134
242
139
62
154
144
239
81
156
29
152
141
233
233
279
126
195
241
112
224
259
90
132
107
109
203
284
308
204
146
141
255
211
246
173
207
190
221
80
100
113
138
305
285
303
188
235
235
47
277
119
115
242
289
199
129
139
118
81
53
219
189
228
251
181
11
64
108
194
235
316
219
242
130
163
181
157
247
140
235
168
269
74
77
147
157
144
86
139
219
15
178
108
259
217
94
174
41
137
137
96
235
216
174
164
166
124
303
144
166
92
95
208
82
136
85
241
113
245
98
89
260
106
192
132
135
115
131
171
77
173
146
102
242
187
94
120
122
152
44
290
130
148
235
118
105
171
38
179
113
95
224
108
267
95
238
317
87
295
88
171
239
52
126
203
80
287
278
302
177
81
276
123
163
125
62
198
8
98
195
108
209
251
122
266
223
149
196
134
124
199
116
276
198
281
139
229
186
185
138
87
78
169
91
114
113
52
122
169
176
106
153
84
112
102
101
146
38
121
110
181
186
73
125
141
220
103
99
81
91
177
151
44
112
74
14
106
4
83
215
112
185
115
84
128
67
57
58
68
109
72
7
116
253
46
235
27
282
109
258
56
196
151
79
70
107
157
105
232
45
107
98
90
134
110
36
117
197
159
102
149
103
233
176
57
70
62
76
1
164
137
214
124
75
128
113
127
167
69
57
202
101
179
160
39
115
168
137
74
172
109
170
81
163
25
100
151
154
141
114
37
170
144
149
149
105
118
136
109
122
156
131
51
60
26
180
86
67
74
137
111
156
166
176
110
79
102
100
126
42
100
91
201
210
214
155
94
142
126
107
88
201
49
108
101
164
170
163
75
123
154
155
101
63
122
85
75
137
141
83
103
129
142
71
75
97
130
95
112
50
120
60
97
50
59
140
123
