148
119
124
121
127
183
172
146
183
191
97
124
84
90
83
85
101
142
136
95
158
210
137
109
69
101
59
64
85
80
89
107
72
132
84
98
86
58
44
49
51
48
83
86
74
69
39
23
70
57
24
22
33
61
99
54
45
82
62
111
118
183
120
150
242
38
117
161
191
218
155
245
178
195
191
133
155
202
100
225
219
104
125
172
173
196
140
134
232
193
101
108
194
119
83
85
123
192
202
44
110
158
128
212
100
352
107
243
256
278
315
160
243
336
309
306
279
324
184
173
317
375
336
416
287
431
408
186
157
146
164
385
312
429
413
452
376
426
504
516
526
319
342
522
525
528
388
396
234
250
253
284
265
356
393
377
239
267
292
257
401
392
466
232
378
245
318
298
398
371
514
426
503
379
486
348
367
504
454
486
444
406
462
455
209
242
284
173
129
75
149
124
107
100
180
179
207
150
309
193
37
395
538
424
474
351
336
377
366
447
172
430
388
451
429
439
226
285
212
224
181
227
199
202
295
347
190
306
345
409
292
147
232
166
442
209
330
320
149
153
254
310
370
111
497
383
429
346
405
383
193
475
339
297
271
287
378
170
408
447
426
422
443
188
130
120
130
140
128
93
90
103
98
120
172
90
242
135
127
101
334
109
172
119
255
191
115
122
264
450
223
95
244
345
171
71
190
270
188
152
282
344
242
266
470
177
238
216
421
245
441
125
424
296
195
106
159
440
-1
118
81
436
110
152
290
195
332
356
111
106
336
243
119
99
242
217
137
212
203
100
106
210
384
363
418
237
241
166
46
50
19
187
159
188
288
142
168
457
415
282
351
314
454
373
240
195
269
281
465
156
226
260
114
65
362
288
408
392
270
329
106
239
230
217
26
156
106
262
191
450
374
307
307
307
259
198
204
244
237
211
330
386
212
389
291
373
240
412
286
264
241
176
214
112
268
238
219
284
461
390
276
196
240
411
253
382
217
225
366
364
249
192
184
393
290
173
180
257
160
146
246
364
130
409
66
190
249
465
338
282
390
273
330
182
188
262
290
437
315
145
164
73
389
156
476
140
396
316
168
263
218
287
223
200
350
393
435
302
256
241
359
198
244
256
310
258
174
140
303
292
289
65
314
403
349
166
17
132
207
102
111
133
140
135
156
53
47
26
79
36
88
61
62
103
92
122
177
168
175
206
393
301
270
333
335
275
357
288
88
251
329
295
298
243
313
131
317
205
169
214
208
194
155
170
213
173
156
287
269
216
275
168
248
217
11
89
328
99
189
306
242
298
306
300
254
19
202
85
343
320
291
250
209
213
210
183
283
182
265
291
158
181
283
200
179
166
254
187
246
237
267
92
54
37
33
197
43
137
112
174
176
332
176
225
164
290
190
217
217
244
165
130
288
319
282
316
324
163
361
189
24
83
53
59
278
188
147
193
198
243
187
191
127
126
177
231
42
242
275
315
194
282
260
180
245
232
167
269
247
238
131
278
206
176
255
161
275
227
257
115
322
278
139
175
269
256
289
270
287
175
190
269
171
152
182
364
412
177
198
264
402
209
186
165
223
205
198
279
258
264
284
268
180
210
258
224
164
169
162
115
156
106
234
198
313
155
210
246
152
181
172
91
238
246
161
103
311
197
304
304
340
248
193
344
202
271
208
278
143
158
74
196
275
126
238
152
224
207
257
355
190
164
267
255
301
174
288
324
86
249
214
70
161
291
215
218
152
276
257
232
181
308
338
335
259
227
224
378
106
205
72
139
154
206
137
187
221
218
339
132
64
45
178
135
283
253
273
300
366
296
203
201
185
211
217
152
171
152
245
229
195
165
148
155
327
214
418
234
198
213
255
120
337
236
206
367
270
86
267
298
177
190
115
107
120
169
200
285
317
132
152
188
34
210
300
246
173
245
276
244
247
236
205
162
194
238
313
191
206
136
262
124
313
110
190
177
245
241
184
344
360
216
341
139
368
203
185
180
233
312
208
199
211
170
170
178
244
286
235
210
270
139
177
276
241
254
374
293
244
174
201
239
139
176
242
222
220
278
228
242
243
171
183
214
52
200
187
186
164
190
160
261
132
175
255
140
27
94
210
292
241
133
138
152
217
209
255
338
178
180
201
185
25
216
193
187
254
316
160
107
211
191
151
172
340
107
84
279
252
287
156
184
46
239
255
275
254
307
233
242
301
184
129
292
142
180
164
117
269
266
273
193
226
195
291
214
328
231
238
233
132
101
112
172
201
197
184
201
258
148
140
14
249
174
185
175
244
181
155
186
158
133
93
245
246
267
312
256
15
62
183
305
231
202
219
230
186
187
197
186
246
203
220
182
303
132
148
171
213
174
185
225
224
49
263
133
234
139
121
166
67
180
209
163
223
207
219
205
203
146
182
206
211
198
129
182
115
83
114
263
155
143
101
126
225
159
177
171
236
155
182
193
145
94
162
149
234
163
186
147
150
218
44
204
161
144
272
171
194
235
40
284
179
147
160
162
215
139
146
174
103
197
123
196
201
203
165
261
117
194
185
184
320
110
156
149
166
179
101
223
7
143
313
271
186
226
180
130
117
177
196
208
112
311
141
193
203
176
212
156
120
182
197
159
113
128
121
183
187
60
57
127
139
137
165
106
147
219
149
193
40
194
119
184
201
120
166
210
230
157
147
154
123
297
191
69
170
98
45
56
21
118
173
159
104
141
138
156
90
76
88
71
150
82
36
157
216
96
161
46
234
130
140
112
178
204
101
83
112
114
104
187
44
146
122
83
112
140
54
161
171
106
146
140
150
130
211
86
126
99
121
0
197
105
107
118
111
126
206
176
114
111
66
124
228
125
152
93
156
125
164
89
204
96
187
102
175
28
153
194
225
133
158
37
150
146
137
148
144
192
204
116
129
160
112
77
66
32
191
147
87
101
153
135
137
144
179
147
66
161
154
161
56
104
90
139
117
135
135
147
175
169
130
127
117
40
107
105
107
110
101
87
107
84
102
94
36
155
68
68
144
113
56
92
115
107
85
59
70
89
94
82
77
83
56
54
35
132
153
194
