178
136
146
146
153
207
179
161
182
181
115
170
122
135
123
117
142
161
140
140
113
193
141
120
90
102
75
87
112
103
119
115
87
139
88
101
83
72
65
67
75
72
81
81
66
65
49
31
64
63
34
37
43
63
75
60
67
88
75
138
201
69
64
227
195
35
163
277
240
245
213
290
240
266
262
221
222
262
161
255
252
163
153
147
239
259
227
219
288
196
201
152
262
58
50
84
134
151
111
15
120
161
130
194
110
221
109
206
206
235
247
160
213
237
202
226
198
229
161
141
239
252
218
276
208
300
264
156
96
143
162
251
226
258
273
280
236
243
292
279
260
186
202
275
263
300
176
210
184
180
174
202
202
232
280
286
219
176
262
165
292
251
290
238
294
199
209
175
278
234
296
254
244
254
315
235
252
269
273
261
300
281
288
274
164
205
204
134
146
93
116
84
104
101
147
161
207
131
198
149
31
313
291
263
251
191
227
244
255
286
178
262
231
285
277
267
242
373
306
274
181
172
154
126
233
209
180
226
222
236
223
136
211
186
252
288
242
255
139
123
197
222
258
102
284
252
227
246
235
227
161
250
290
300
203
255
214
135
310
284
283
290
270
161
136
100
96
116
101
76
91
82
71
104
129
72
167
119
91
78
234
102
138
106
155
137
172
106
186
284
186
164
160
217
189
80
142
222
180
123
194
211
183
341
286
91
200
135
246
232
279
148
273
227
209
99
178
267
303
138
85
239
174
128
253
238
369
350
121
264
213
183
91
96
213
273
206
254
219
105
120
167
269
242
352
250
208
232
55
60
24
206
219
269
281
119
213
294
256
162
278
205
256
234
173
124
313
335
275
130
320
325
103
46
232
215
220
239
287
283
107
163
159
168
25
192
151
295
224
272
306
196
195
196
225
290
170
138
194
322
319
227
144
433
226
226
232
255
269
235
231
181
305
101
154
293
269
234
294
296
297
152
154
232
167
299
190
215
383
384
305
116
139
229
286
239
295
166
134
121
208
264
86
245
44
208
178
251
341
336
255
176
236
254
251
194
194
349
181
165
224
72
226
92
307
84
300
265
263
311
307
281
111
222
242
233
312
298
233
309
269
294
343
163
329
283
175
120
-1
168
176
50
230
335
213
164
31
220
250
110
79
83
96
71
102
60
50
9
69
43
95
66
56
67
77
122
192
124
119
195
226
250
221
352
358
350
382
360
160
283
320
367
278
301
221
88
199
136
119
206
192
181
139
142
210
160
175
361
339
242
311
159
332
328
22
100
372
79
139
296
266
292
349
341
287
22
188
93
429
345
329
298
201
196
192
198
208
133
182
194
120
235
331
167
180
169
160
123
268
243
191
74
21
12
35
208
45
84
112
180
146
217
139
280
145
341
126
146
267
228
239
110
321
241
195
207
244
194
207
178
20
97
60
43
368
133
149
199
157
152
155
138
137
140
172
228
35
201
204
167
153
171
165
143
181
154
122
140
146
169
144
323
152
130
322
113
150
195
172
212
374
197
144
163
152
164
213
171
164
139
140
175
126
147
168
222
225
195
163
338
246
129
133
119
145
177
136
284
297
277
307
301
149
134
196
402
116
135
123
113
188
117
269
116
327
107
165
164
167
192
199
91
264
231
177
103
195
106
290
259
287
248
208
285
146
159
169
186
196
197
74
137
181
74
242
121
175
155
181
229
150
196
214
205
306
191
292
341
70
357
124
93
137
147
193
132
104
267
316
322
125
276
250
246
254
148
308
209
119
259
62
197
161
336
99
105
167
163
341
81
49
36
126
121
300
276
248
290
257
229
145
260
121
331
282
226
184
106
308
298
187
143
121
130
275
160
264
178
240
251
280
173
266
271
229
346
280
59
249
315
214
135
102
86
114
62
188
249
286
120
179
108
34
198
371
323
141
222
207
179
157
140
116
192
122
276
271
179
203
111
242
144
346
98
172
120
200
150
261
239
221
314
333
159
333
220
118
123
160
349
153
150
150
101
117
130
118
196
179
240
220
128
143
252
180
230
261
246
194
122
132
161
68
202
273
253
265
258
165
170
167
115
145
225
48
138
221
226
177
147
110
163
124
129
243
75
22
49
150
192
306
167
172
183
252
230
256
219
184
121
151
261
9
253
264
237
211
162
135
110
273
173
204
144
312
103
72
230
135
315
114
151
28
153
158
282
236
282
190
224
248
117
160
276
111
129
110
125
200
273
273
227
144
147
290
242
276
224
212
209
162
129
119
114
169
180
188
185
215
147
134
18
249
128
112
225
339
259
126
143
150
96
67
215
238
235
302
227
21
80
143
200
220
214
252
222
132
199
195
200
351
196
213
184
281
79
85
145
252
251
111
171
305
12
195
115
297
134
99
212
56
152
210
96
233
206
226
180
170
142
197
157
191
118
164
237
139
82
76
258
132
156
101
109
259
134
270
157
232
123
145
167
124
165
242
122
240
209
108
193
119
154
44
263
136
123
289
176
141
192
43
208
128
69
161
114
249
115
148
195
99
233
106
181
190
62
118
241
83
227
212
227
233
91
143
126
163
133
65
208
10
93
230
155
230
236
110
175
125
172
188
152
108
186
127
211
208
174
170
147
132
221
188
107
103
155
101
99
100
59
62
146
145
154
140
107
114
143
109
161
54
151
111
175
229
120
126
124
285
122
102
97
115
273
174
62
140
107
13
48
9
103
178
162
92
149
87
146
32
55
62
72
97
111
8
126
230
48
175
47
252
105
153
77
173
166
85
65
94
154
135
209
50
118
166
81
116
131
35
167
178
121
110
154
139
149
284
43
83
56
68
18
156
90
123
156
97
148
135
126
156
82
58
151
147
109
201
70
147
167
170
74
190
139
196
108
174
23
131
151
174
148
138
39
228
207
219
216
126
162
164
113
108
211
196
63
78
28
245
93
87
79
162
97
210
154
176
113
80
128
108
157
46
84
120
152
146
150
154
114
231
182
156
131
137
47
108
146
119
143
105
104
109
103
120
114
42
148
105
89
179
169
67
135
124
134
56
76
86
100
124
109
56
125
50
74
44
102
195
203
