79
76
74
69
69
86
89
77
83
82
69
77
78
61
64
68
75
78
55
66
49
106
60
61
57
58
47
44
71
67
58
55
37
57
45
61
51
39
39
47
46
41
49
49
51
57
23
15
42
49
12
16
25
44
61
31
42
55
38
66
73
49
41
73
92
34
57
84
76
65
73
85
68
82
71
62
65
71
55
66
77
35
53
33
78
70
76
71
80
61
67
78
78
54
45
55
70
118
81
20
82
77
68
77
60
128
62
100
102
94
96
76
84
108
104
120
82
96
99
84
127
112
106
132
97
150
139
65
45
62
82
139
118
162
155
170
167
162
168
174
193
112
103
201
224
215
173
182
82
108
110
125
98
121
152
163
90
106
114
85
132
151
156
80
144
82
146
74
148
133
212
162
200
118
152
134
151
157
185
216
145
180
204
181
66
88
88
56
78
48
57
47
49
35
63
73
78
72
106
71
12
125
127
158
185
87
162
134
157
161
77
217
126
203
192
201
80
129
103
82
97
138
86
92
85
103
90
107
144
202
146
81
79
89
199
103
189
139
66
74
87
126
181
64
204
166
175
175
180
183
108
182
134
144
115
92
126
69
214
224
218
208
190
97
85
52
49
53
54
47
41
53
52
58
56
40
83
55
57
56
90
45
73
53
92
83
74
62
113
187
107
58
100
111
73
49
106
94
109
84
116
132
76
129
198
124
149
88
169
125
183
50
193
113
80
42
70
200
164
55
32
199
72
64
115
88
144
152
59
83
128
72
11
42
117
85
62
70
71
58
64
116
164
123
126
119
104
81
14
15
5
91
96
104
87
71
108
218
169
147
156
154
123
114
111
93
109
114
219
90
78
99
50
30
146
129
171
237
129
158
43
130
149
137
10
82
55
114
94
210
187
152
154
156
125
89
115
81
153
92
130
149
91
126
153
206
91
180
138
138
133
98
92
57
179
108
98
149
200
184
117
178
158
134
170
201
110
104
121
121
116
84
56
127
98
93
93
136
93
81
119
211
44
170
51
100
158
226
115
116
188
153
200
91
90
142
161
161
169
93
75
44
211
118
173
67
157
141
84
118
110
98
77
111
148
178
215
140
132
125
170
87
111
190
153
143
88
47
110
160
174
44
200
201
149
91
8
70
120
72
82
108
121
89
111
39
38
18
62
38
64
43
46
79
70
80
103
138
128
101
140
214
222
165
168
98
186
143
46
141
121
124
115
107
143
33
182
154
129
106
101
95
75
65
114
89
80
106
100
103
109
111
120
119
1
41
134
66
153
150
107
135
149
146
128
11
109
38
142
133
131
120
104
103
102
107
149
135
304
188
141
128
148
98
94
80
190
166
139
97
157
86
26
22
32
99
13
69
104
90
102
132
123
103
98
162
147
139
108
214
94
74
132
240
201
184
204
70
179
116
13
67
55
30
144
146
67
108
204
354
272
250
172
161
168
216
29
198
185
290
207
240
234
236
244
237
264
227
233
254
177
129
157
187
129
119
273
98
215
64
146
179
234
260
389
431
347
398
362
130
100
350
144
79
99
97
148
75
155
165
174
146
145
141
154
93
166
116
141
127
135
131
168
128
168
100
255
259
265
93
73
65
130
126
110
154
150
124
65
90
94
55
126
94
82
67
198
124
168
166
153
108
116
156
399
305
214
286
70
74
24
155
285
91
117
144
113
117
136
155
112
71
109
104
135
59
144
164
57
126
348
43
63
134
105
166
211
197
93
135
124
114
196
195
174
294
107
165
75
95
35
73
61
115
135
95
164
158
145
70
33
37
129
78
151
126
211
177
187
177
188
99
270
122
106
76
66
126
145
117
97
79
98
97
132
169
150
215
107
99
131
66
129
120
105
163
121
75
165
126
108
238
81
279
94
91
139
159
150
62
71
93
28
154
147
124
223
166
210
255
290
267
184
90
205
86
128
77
95
71
166
77
117
93
71
72
129
233
119
118
167
130
160
80
148
129
334
307
234
159
198
180
165
293
235
92
295
293
195
127
164
59
128
145
241
202
192
157
169
112
269
207
275
64
137
112
98
136
181
202
203
183
212
122
32
109
82
73
150
148
118
231
107
123
120
49
12
69
253
123
130
59
61
59
104
101
124
178
98
223
66
94
11
110
93
104
126
140
124
74
118
135
141
127
167
34
63
137
185
128
106
159
33
212
109
172
98
128
83
161
145
147
80
154
242
177
-1
159
176
117
118
95
172
145
129
141
150
135
139
134
95
74
125
217
181
96
92
86
183
75
68
12
108
186
177
84
135
127
129
172
86
126
79
173
139
160
161
136
16
50
95
170
146
80
118
107
204
140
136
91
129
137
139
138
152
81
233
147
107
111
195
200
136
27
142
83
129
57
197
75
44
119
118
207
150
177
104
125
164
99
93
125
168
108
59
131
61
43
78
125
151
72
51
90
121
141
94
189
90
212
198
108
65
81
106
138
148
127
137
72
128
168
36
118
177
122
107
113
219
152
12
135
151
228
82
81
101
76
78
99
191
117
109
146
103
107
164
126
194
100
103
103
119
103
77
189
160
158
69
120
4
122
178
126
94
136
137
97
64
146
136
182
148
172
112
104
106
99
166
73
63
118
112
143
70
108
89
133
140
85
42
57
51
74
102
65
186
165
104
158
16
84
283
127
107
61
135
148
96
128
105
191
107
117
83
44
107
110
14
39
9
77
100
128
42
105
112
116
180
96
65
72
188
66
19
131
124
84
87
33
109
108
73
102
133
163
93
65
104
74
56
116
33
94
82
39
85
76
51
89
68
65
95
93
100
77
98
126
116
58
156
1
104
32
79
79
54
54
117
143
67
103
50
76
118
68
52
41
63
78
102
169
95
51
98
76
60
17
105
79
82
57
71
4
80
79
76
84
59
78
65
96
105
79
80
47
49
32
83
89
39
71
78
75
79
63
75
65
79
51
112
91
55
77
63
70
67
75
71
71
69
86
57
48
66
57
67
63
61
76
58
31
66
47
56
67
22
76
46
44
74
68
47
52
62
54
55
42
29
45
52
61
64
52
24
35
11
23
73
78
