129
109
99
93
109
114
113
111
133
113
73
124
89
68
82
68
89
116
89
68
38
83
80
83
60
77
49
56
90
93
78
90
66
108
66
76
73
56
50
58
48
49
60
62
45
55
33
31
33
48
30
27
41
50
43
47
50
72
47
79
95
19
24
112
132
37
84
92
107
96
81
102
80
74
70
74
70
92
64
94
101
54
61
75
85
82
104
85
108
83
78
93
113
40
18
52
114
106
41
4
110
147
124
181
109
209
120
171
218
176
194
137
177
174
141
157
163
149
160
138
229
182
166
225
153
210
177
122
105
150
175
214
232
208
186
197
213
162
197
201
210
113
187
221
202
209
141
187
163
170
152
144
142
148
161
170
186
134
198
162
148
183
188
136
201
138
159
164
188
202
209
179
182
166
190
236
168
182
199
204
153
212
189
157
189
170
181
126
128
102
115
125
102
99
113
127
119
95
133
118
56
196
181
174
206
121
164
177
209
178
109
209
143
196
181
179
142
114
96
126
157
181
145
84
159
120
136
170
213
135
197
123
141
157
195
100
205
144
124
204
147
205
228
105
214
166
164
166
207
202
178
169
126
146
165
187
106
112
229
240
218
201
215
193
123
112
106
118
109
96
103
104
84
115
123
97
126
111
106
122
202
90
150
113
137
134
105
125
205
187
130
53
145
128
111
72
233
134
167
181
223
125
174
136
189
54
220
103
185
210
188
54
198
229
98
50
112
170
133
154
98
187
85
106
143
130
172
176
78
88
160
197
54
94
186
87
73
96
115
98
120
140
205
186
182
170
179
97
25
21
6
66
122
110
110
185
119
216
154
173
184
155
195
186
150
103
112
128
200
205
127
125
96
91
211
122
178
220
175
121
74
124
112
119
23
78
78
104
87
200
201
152
152
151
107
100
149
112
168
113
126
155
179
161
161
161
145
174
108
95
106
124
114
61
157
124
92
182
199
185
107
157
156
196
150
214
65
73
123
124
104
130
122
151
143
104
119
146
122
84
218
188
100
175
44
129
130
203
131
122
183
148
194
127
131
141
170
143
171
141
107
71
166
63
183
66
177
162
127
150
146
127
105
91
175
166
210
142
197
146
174
115
116
151
155
131
92
106
115
156
173
48
185
178
158
107
42
76
124
49
61
71
68
49
72
56
50
9
59
26
78
47
55
56
56
87
85
121
109
112
105
183
192
164
179
144
164
156
55
155
163
188
134
124
151
92
148
132
87
101
96
100
77
64
107
91
95
165
154
127
151
181
111
123
17
56
179
79
106
143
140
139
186
162
118
12
144
86
163
170
169
163
99
99
96
94
131
135
133
124
103
103
147
87
84
83
140
119
126
120
200
51
12
5
36
109
7
73
85
103
112
191
111
142
98
158
100
112
109
133
97
110
134
185
140
107
197
106
181
110
10
105
66
46
168
101
81
99
119
113
155
149
123
110
99
151
34
168
155
122
103
109
99
68
75
84
140
107
111
64
123
168
112
128
160
99
115
130
120
74
183
148
155
155
131
158
154
151
160
99
156
123
113
75
85
128
158
104
116
130
162
104
116
95
124
129
136
131
132
153
147
151
166
97
171
120
92
117
114
89
116
75
122
88
167
100
146
148
45
90
99
82
133
102
112
116
157
88
138
134
159
121
96
153
104
113
128
113
82
77
81
115
128
47
129
101
145
142
153
158
102
115
140
120
144
97
146
161
82
124
95
51
98
97
157
82
80
166
117
112
85
164
168
179
146
102
143
176
108
96
54
104
64
126
59
86
134
121
158
97
64
66
97
121
155
157
150
147
165
149
121
98
105
128
110
87
108
81
143
170
53
113
123
129
171
122
161
125
108
96
127
52
133
116
96
150
138
36
161
143
103
80
149
104
78
23
101
148
135
52
70
80
31
114
165
133
99
144
157
111
110
106
110
97
102
108
152
85
94
200
140
99
123
61
75
130
107
113
101
91
159
143
140
92
162
114
98
83
125
160
124
132
142
81
86
179
126
143
140
125
145
74
104
129
127
122
172
120
128
96
108
120
82
93
138
121
144
147
121
143
143
92
115
121
54
126
88
113
93
101
85
109
118
117
138
88
26
25
100
146
136
67
63
69
110
105
130
160
102
92
115
110
2
130
132
111
92
132
121
80
119
116
123
91
155
62
60
132
82
142
65
104
27
103
93
121
111
120
131
138
149
101
87
119
96
116
83
105
142
123
131
113
91
124
123
130
130
102
103
113
72
81
76
79
106
98
97
86
154
86
91
8
115
94
96
75
142
90
97
116
121
93
51
153
94
146
177
97
17
60
156
121
100
102
132
125
142
118
90
129
132
114
111
74
146
58
52
127
84
70
75
115
110
4
128
-1
128
64
96
78
41
103
82
98
110
107
102
115
122
95
92
135
156
65
66
100
78
44
69
131
109
75
59
162
127
105
107
95
101
81
104
108
128
61
71
101
137
84
70
96
106
162
58
121
126
111
111
106
96
112
16
160
72
100
82
95
123
72
99
95
93
112
80
126
102
1
100
138
60
107
106
97
155
93
85
97
132
81
51
92
15
66
151
75
122
110
98
82
76
114
111
114
75
153
94
126
119
90
101
73
79
142
93
110
101
82
66
83
94
40
38
61
66
76
81
165
97
102
85
107
12
103
98
106
125
69
122
119
100
79
100
60
80
151
114
49
146
104
6
38
5
86
107
107
60
75
61
131
28
63
63
55
72
76
3
98
119
31
75
39
112
99
80
34
97
123
62
64
74
63
69
101
47
124
53
35
68
104
30
91
67
58
86
105
82
56
106
22
39
47
37
0
96
44
67
69
79
72
92
96
57
51
50
86
86
56
79
81
98
96
103
59
115
50
113
124
100
17
62
109
87
65
107
14
84
78
84
88
69
54
81
92
76
76
65
51
56
31
101
70
55
35
100
119
116
78
74
99
65
79
76
76
37
82
75
75
76
75
90
67
91
75
65
84
74
38
72
52
48
60
61
43
69
57
57
66
29
96
56
54
64
71
53
44
73
49
49
24
39
52
57
56
38
48
40
37
26
47
81
106
