93
75
76
75
75
99
92
86
96
107
62
83
61
64
58
60
68
82
79
62
79
115
77
61
44
71
45
42
62
53
57
76
53
92
54
60
54
36
24
37
39
36
52
51
42
46
27
14
46
42
15
10
26
36
66
31
29
49
44
65
70
92
59
90
126
20
67
86
101
110
80
121
89
113
92
77
92
112
59
105
114
46
72
83
93
101
84
76
113
106
62
54
112
58
46
53
69
112
105
28
68
118
95
134
85
228
82
140
194
186
205
121
169
222
189
192
187
205
118
104
245
210
184
225
164
232
252
143
96
85
112
247
247
256
263
293
267
254
357
336
307
190
190
332
336
336
240
298
145
190
179
203
168
243
216
221
126
118
180
182
198
248
264
137
258
143
248
157
285
271
349
363
340
182
254
209
218
341
325
310
252
281
257
247
154
144
143
92
97
67
85
70
74
64
109
97
101
138
174
115
28
187
202
245
306
171
289
222
244
277
111
277
202
315
314
302
132
142
120
119
124
140
119
108
189
173
120
151
253
229
231
86
116
108
284
124
238
187
112
105
146
232
276
58
324
312
306
269
310
270
177
299
161
148
167
155
207
100
266
280
265
273
302
166
81
71
79
82
77
51
65
53
57
76
97
58
124
78
80
66
144
54
104
75
138
129
84
65
203
307
127
69
112
175
82
46
135
165
114
95
217
206
145
134
324
100
183
123
290
192
344
64
297
164
145
52
133
285
255
89
65
327
72
81
132
117
197
192
71
72
244
136
48
57
200
115
83
124
103
63
72
165
256
228
204
168
190
97
23
29
7
116
105
123
140
83
107
293
291
206
223
163
217
196
151
158
143
165
306
111
122
149
47
45
209
175
309
259
201
173
64
130
127
134
14
90
69
150
112
291
256
180
177
178
142
119
130
148
163
137
169
307
131
186
205
277
129
293
151
143
133
120
122
70
159
146
136
176
307
250
129
141
179
253
155
263
120
133
172
173
127
83
122
218
151
104
101
199
139
99
190
265
96
281
48
102
151
291
168
148
296
221
261
101
93
141
180
196
155
85
97
49
270
100
252
67
224
158
120
147
133
165
168
123
188
249
252
173
186
165
238
126
139
175
197
168
125
101
158
192
179
40
228
226
243
110
18
81
161
70
87
105
97
87
96
43
41
13
52
20
53
40
47
73
70
84
129
121
123
128
194
180
175
202
200
166
223
186
61
167
178
189
162
156
201
56
211
153
112
147
142
134
95
96
144
110
109
178
157
134
162
124
159
169
9
51
204
59
138
195
138
169
182
193
153
6
113
65
205
191
186
177
132
136
130
120
143
152
179
130
70
128
179
123
127
104
167
142
147
153
163
72
32
24
33
111
22
67
72
126
112
231
120
154
98
185
127
130
160
129
89
74
156
179
163
145
225
94
212
127
9
47
35
43
184
119
111
121
85
156
140
121
77
73
96
168
27
173
183
180
150
170
150
95
123
81
118
148
136
120
101
153
130
112
164
102
161
162
147
78
212
183
108
141
167
180
170
185
193
111
150
173
123
102
133
157
293
99
109
165
272
127
112
117
126
104
166
169
184
155
158
157
136
118
181
137
144
115
111
56
110
70
156
112
194
135
144
197
78
116
121
55
168
133
81
64
188
120
202
187
218
140
127
190
137
141
129
153
91
89
34
141
149
79
153
111
162
144
192
242
139
96
202
180
183
81
163
186
50
169
126
47
93
154
159
106
74
162
140
143
115
183
197
208
186
144
158
269
61
110
39
102
96
138
98
116
140
143
200
110
41
38
129
84
175
150
187
181
188
183
137
160
131
142
142
114
102
117
164
166
111
107
94
87
202
182
213
148
141
141
187
79
182
172
149
216
159
50
181
179
131
147
94
87
88
68
153
178
179
92
97
146
19
134
186
171
123
171
186
134
144
127
129
100
121
138
213
112
140
95
177
86
157
71
141
99
149
145
132
158
289
158
207
107
214
127
130
110
158
183
136
128
151
103
121
121
148
159
161
155
169
82
118
182
160
166
245
201
183
104
154
158
95
94
164
137
150
175
151
163
164
103
139
143
46
135
121
113
115
114
115
150
84
94
163
92
20
60
151
205
174
80
81
94
119
144
162
262
122
134
117
126
12
142
125
124
140
180
106
76
154
104
94
96
216
62
61
192
146
206
101
132
35
141
-1
144
172
163
152
166
205
127
96
180
95
141
109
125
151
164
164
109
155
135
162
166
192
168
152
152
99
57
86
100
114
135
116
131
168
107
104
9
153
123
137
114
169
125
116
139
168
98
79
166
122
175
200
136
5
44
141
211
154
124
149
131
128
155
132
141
185
127
139
100
177
81
107
135
117
100
102
145
136
24
207
93
169
83
102
105
43
132
120
101
169
137
125
157
139
136
127
120
136
124
66
125
73
55
65
161
102
115
71
86
149
96
108
121
125
105
136
132
119
72
99
91
164
108
103
77
110
144
38
139
113
98
142
112
138
168
19
155
117
100
107
115
162
103
109
126
75
131
90
142
130
87
142
170
86
130
132
143
201
73
109
108
121
132
73
140
10
109
244
170
128
159
114
93
96
113
135
135
92
212
90
125
147
133
131
94
96
143
114
134
100
97
87
107
120
44
35
79
79
68
109
71
130
139
106
171
16
128
96
154
112
100
118
127
128
94
93
98
81
175
115
48
111
46
34
39
8
113
118
92
65
119
94
149
73
71
75
60
97
48
10
117
148
67
119
36
153
95
113
71
132
162
88
59
103
83
71
134
28
110
80
46
84
105
33
118
110
84
108
124
93
101
129
60
80
77
69
0
139
66
79
72
65
92
137
131
77
58
50
103
144
91
82
64
135
107
125
75
145
54
143
90
105
18
95
147
127
69
121
18
103
95
96
103
110
115
132
90
98
103
84
47
51
24
110
98
92
72
129
106
134
111
98
109
72
80
111
110
45
73
63
102
102
108
91
162
120
104
102
80
87
38
90
70
91
100
81
49
93
73
87
76
26
78
72
54
85
82
60
69
95
91
65
42
52
75
82
70
69
86
32
55
27
58
92
102
