185
138
141
132
163
200
185
170
201
195
108
163
105
132
105
104
119
159
149
148
122
190
141
109
77
106
73
82
111
105
90
139
102
179
100
107
104
74
51
62
57
55
77
76
65
66
44
26
52
60
26
27
39
63
73
56
51
91
50
143
171
125
62
235
260
37
164
197
230
264
176
258
182
217
182
161
166
217
119
244
264
147
149
174
201
186
180
147
220
225
140
117
256
70
44
82
147
168
138
17
114
165
131
224
106
323
111
214
307
251
281
160
229
288
252
259
262
290
144
153
367
339
290
340
251
364
350
164
122
148
178
368
381
383
378
399
411
336
472
469
474
240
335
478
450
476
324
401
224
195
175
239
197
278
321
306
243
218
279
223
299
375
374
185
345
250
288
228
384
376
447
404
455
302
407
407
324
429
453
455
354
420
400
350
228
224
279
150
130
104
139
112
108
112
176
166
221
130
266
175
53
430
377
351
409
280
311
325
340
372
157
425
308
453
427
420
274
285
230
257
178
228
187
166
302
276
205
274
355
320
288
135
204
184
439
228
311
244
140
165
229
356
393
91
474
401
417
342
427
385
214
436
420
363
375
282
253
146
413
418
404
411
424
214
132
115
104
122
109
83
100
92
84
118
157
89
226
116
123
99
314
91
154
113
240
177
204
105
333
412
218
132
187
287
184
74
228
321
174
183
359
272
223
281
440
123
282
167
395
281
395
135
437
348
267
116
254
356
396
153
85
410
151
124
282
224
406
413
123
141
307
299
126
119
289
224
153
233
214
103
117
181
405
378
419
360
326
194
50
62
19
151
236
284
249
138
240
471
426
273
337
259
426
369
202
176
290
325
467
172
256
279
112
88
394
229
384
375
371
334
120
209
199
203
18
137
128
286
209
475
389
242
245
246
349
208
224
204
246
247
365
353
225
401
267
341
246
355
360
342
301
276
260
106
243
280
246
367
420
366
275
216
242
360
241
364
259
273
344
344
246
169
195
369
321
240
227
260
150
112
296
378
191
374
66
207
225
428
334
294
390
253
361
239
239
219
283
503
275
144
208
80
388
133
439
139
-1
383
232
312
294
301
188
235
321
357
448
341
331
306
375
228
276
266
398
319
207
190
300
276
281
59
315
458
312
222
30
143
289
90
94
137
122
117
130
64
50
13
77
29
98
61
62
97
85
115
206
169
165
255
309
348
365
392
392
303
423
375
89
302
387
378
329
281
279
111
304
203
165
242
239
220
178
196
245
209
194
326
309
241
318
182
282
275
14
98
398
97
180
358
324
350
359
394
297
18
179
94
402
442
420
393
255
230
240
207
264
266
276
259
151
222
333
225
218
196
239
185
268
249
255
85
30
17
41
234
37
121
93
215
152
373
165
305
155
349
169
203
256
236
186
147
314
356
308
284
337
193
357
196
24
86
48
35
350
188
181
230
168
257
222
200
132
115
160
294
39
344
331
299
218
301
247
145
211
178
204
262
246
188
134
321
197
189
317
146
254
322
293
161
398
333
206
224
259
258
268
291
282
171
208
236
166
190
220
306
408
166
189
308
384
183
172
157
220
239
198
335
345
309
343
321
228
182
324
231
194
207
195
111
207
125
279
171
382
149
210
269
132
207
207
118
290
269
177
113
286
204
377
335
404
275
226
452
199
232
175
223
141
157
76
185
304
96
259
141
231
198
248
319
172
210
377
325
342
174
356
418
78
296
214
80
140
193
229
219
106
311
264
263
156
389
392
386
327
224
271
384
112
228
79
223
150
244
143
176
219
204
422
133
60
56
172
156
327
288
374
359
401
324
237
238
168
268
251
181
195
137
308
317
225
181
121
124
471
265
346
268
230
258
324
111
412
301
246
461
305
62
350
308
202
196
140
140
96
125
256
346
354
158
157
173
31
252
385
291
156
283
319
184
222
209
212
193
182
245
354
230
250
144
298
184
351
93
251
143
233
256
216
222
374
263
379
171
432
236
179
156
233
402
188
189
196
190
191
221
236
253
239
283
324
161
161
326
250
287
335
270
294
159
188
265
139
195
319
254
241
328
237
267
264
166
214
263
50
221
185
218
186
167
158
259
134
155
303
121
17
67
194
264
308
121
125
133
271
279
294
350
215
237
282
226
14
243
223
208
253
274
164
109
260
188
166
146
411
115
85
266
235
346
131
225
30
242
224
291
271
316
215
267
374
174
173
336
141
181
157
190
286
304
313
218
260
196
300
275
378
276
287
275
155
132
134
182
207
233
216
215
254
193
157
18
282
158
195
216
316
212
156
188
204
124
84
292
255
313
349
271
15
64
193
305
274
217
261
275
196
238
228
237
321
209
257
191
351
112
106
215
197
189
150
191
246
27
258
177
314
163
132
184
55
196
255
163
277
242
206
264
261
188
200
229
232
129
137
224
138
105
101
272
140
167
124
138
272
177
184
218
224
170
164
245
190
120
158
136
287
201
159
151
155
231
51
268
163
171
282
211
183
285
47
357
202
154
193
168
249
108
189
225
99
253
106
234
230
96
169
333
103
261
233
221
315
117
189
209
207
220
91
241
10
139
298
214
253
279
165
155
134
203
241
183
135
326
137
223
255
196
204
196
157
255
181
142
128
180
105
161
158
59
78
138
140
122
218
117
166
186
133
223
31
157
151
223
247
122
172
197
233
145
144
129
123
339
249
59
145
100
18
72
7
124
201
169
135
164
121
169
91
82
80
68
148
83
27
163
258
63
189
37
290
138
169
93
219
243
84
76
125
130
132
235
61
168
135
74
127
180
45
222
173
127
120
208
144
146
262
86
109
103
126
4
225
135
124
113
123
150
174
208
122
87
55
172
179
142
187
83
163
180
151
99
252
114
248
127
186
27
149
253
241
140
163
37
171
152
158
178
134
207
233
154
157
169
152
62
89
28
223
105
112
72
225
148
201
176
163
160
88
160
132
205
55
116
119
152
161
166
178
142
189
178
138
123
156
51
169
131
131
130
117
110
143
104
123
119
52
188
116
105
168
145
79
114
128
134
90
61
61
112
107
109
82
118
57
70
43
125
178
222
