82
74
51
49
59
67
84
72
89
85
42
69
35
37
39
30
37
76
71
49
70
97
43
56
45
62
28
32
49
47
36
54
30
52
64
70
57
41
33
41
29
26
70
77
52
67
24
16
48
45
15
13
32
45
61
32
35
45
41
42
64
72
60
73
113
32
52
69
82
82
46
115
65
73
77
63
76
82
48
101
63
48
49
53
88
77
48
68
98
94
51
55
77
76
67
59
70
123
94
19
70
47
41
84
25
159
35
96
112
107
113
72
81
129
121
124
106
122
59
59
152
151
123
160
100
159
166
52
38
45
66
165
151
174
183
201
177
170
204
222
214
112
132
218
224
226
157
186
92
99
92
99
70
128
155
147
80
109
127
92
132
169
167
71
145
89
149
117
181
162
202
171
232
137
194
147
160
197
185
239
148
186
193
187
102
85
120
51
51
23
45
36
36
27
65
63
57
49
127
71
3
149
160
166
210
111
148
138
147
171
75
212
128
214
232
208
80
111
91
101
128
160
133
105
109
109
84
98
159
178
118
97
84
61
221
109
166
123
45
79
82
149
203
61
235
191
202
149
223
217
96
197
115
114
112
113
127
55
217
209
220
184
225
96
61
34
32
42
44
24
33
30
32
38
44
29
80
44
36
35
114
46
59
30
99
81
49
33
122
189
98
48
102
129
50
44
117
109
110
84
131
153
89
117
216
164
124
67
192
105
195
58
214
122
97
45
58
181
180
51
36
217
41
41
96
73
131
154
80
58
148
97
32
31
111
91
60
85
92
57
64
69
166
153
155
100
112
76
26
25
5
98
88
88
106
87
74
249
190
175
149
165
154
130
115
96
129
137
249
67
104
93
30
24
147
109
200
233
139
153
44
196
187
162
11
83
54
120
87
244
166
150
148
149
98
100
148
96
228
81
126
147
111
169
138
190
71
183
118
110
104
76
98
52
219
122
106
114
209
182
85
172
218
176
250
179
77
70
132
127
108
112
49
146
126
78
73
139
79
72
92
194
61
199
59
109
186
244
115
117
197
172
213
85
78
155
172
156
190
71
66
38
231
155
188
62
165
137
84
109
102
111
101
98
161
198
222
166
111
131
172
116
123
226
197
162
97
70
110
150
216
38
190
205
168
98
7
60
117
86
118
157
162
135
165
39
35
15
55
27
68
36
46
92
69
108
101
183
181
106
127
130
111
173
180
136
172
127
47
134
145
144
138
127
146
45
155
193
205
122
118
123
84
80
123
93
89
117
110
107
151
136
111
125
0
24
159
84
182
153
107
152
167
169
148
9
74
31
153
139
134
105
127
125
127
106
137
90
149
142
71
108
163
122
103
94
248
216
145
127
139
101
43
30
29
118
24
68
89
107
89
170
142
105
116
154
199
231
114
110
88
98
165
164
123
125
183
60
208
183
9
43
26
36
152
225
96
111
115
177
125
138
72
70
79
122
23
147
157
193
106
136
123
93
120
139
112
194
195
103
62
122
201
217
125
158
202
83
135
40
180
137
94
111
204
219
225
216
255
172
124
220
166
97
129
115
201
85
86
146
182
257
217
183
263
86
228
150
143
152
159
161
215
193
136
110
155
92
90
54
74
47
158
214
141
177
221
124
88
105
104
43
142
117
73
53
265
136
187
178
200
143
118
168
210
224
130
205
75
71
30
245
197
130
130
168
115
113
127
169
139
77
92
98
176
82
161
148
70
110
155
24
51
138
97
93
89
138
107
100
210
136
171
154
119
193
133
198
62
90
34
78
83
108
69
95
228
210
170
68
32
31
223
98
168
144
174
164
182
166
122
106
167
120
124
84
90
162
136
120
86
83
71
64
147
152
173
136
122
113
153
66
144
126
124
147
168
100
163
127
108
130
88
82
89
108
123
193
166
72
74
103
6
133
159
138
151
130
148
182
223
208
139
58
137
99
152
104
112
85
171
34
125
115
69
89
136
145
95
113
223
113
164
90
164
133
163
158
256
167
202
192
161
157
157
99
193
239
201
142
147
77
179
151
270
155
196
151
166
190
190
167
120
73
134
131
105
167
243
306
310
158
240
166
38
102
107
100
85
123
180
164
124
159
146
58
16
94
181
130
160
53
59
66
106
126
133
218
123
122
90
117
21
127
115
118
104
175
93
89
142
85
59
90
186
49
79
131
152
145
131
128
43
142
114
168
176
172
86
112
178
233
93
168
83
224
137
74
141
167
168
121
157
219
134
122
163
133
153
154
101
37
54
118
101
123
130
133
145
95
89
5
169
180
218
97
143
100
267
189
73
140
87
141
135
186
173
132
9
60
95
205
152
118
122
133
104
114
105
113
135
95
156
121
196
133
102
229
99
72
166
150
101
43
154
98
131
81
202
81
44
118
113
144
162
154
109
145
152
107
111
118
112
103
62
108
45
40
121
142
134
100
51
74
137
84
82
107
81
107
185
116
62
50
64
114
162
88
178
62
230
225
35
140
127
110
136
64
174
155
24
121
123
144
88
99
138
54
96
118
55
151
129
152
131
98
207
132
131
138
127
124
145
70
103
113
99
101
108
147
8
165
207
112
119
158
-1
99
79
101
153
111
71
226
137
133
124
118
101
83
85
102
81
96
81
98
137
202
359
62
30
73
69
48
96
62
159
151
188
137
17
75
104
123
107
39
230
226
129
172
139
105
82
138
98
27
91
56
23
33
6
65
131
76
50
93
213
106
106
141
83
84
145
53
23
193
141
110
113
14
149
90
105
111
145
143
122
82
104
72
56
132
25
109
56
40
78
73
63
84
86
71
83
101
78
90
97
67
118
54
86
0
136
59
80
55
51
70
118
144
68
65
57
85
122
84
59
28
93
107
95
75
111
38
119
67
86
15
102
132
131
67
90
14
73
67
67
86
71
112
108
99
104
86
64
33
60
33
95
97
44
59
114
114
102
98
102
95
68
71
162
71
68
156
60
95
95
96
91
104
89
108
87
69
103
41
92
65
89
85
94
48
85
74
88
74
26
72
50
52
84
72
64
59
102
90
99
46
45
75
73
75
74
70
48
59
30
39
59
62
