118
94
88
85
99
126
128
118
136
137
65
103
67
67
72
65
76
141
107
81
62
93
90
72
44
71
41
56
65
70
77
76
58
94
71
78
69
54
34
47
37
38
63
59
55
52
28
16
38
50
19
16
30
49
40
38
39
62
36
76
123
32
32
155
154
29
99
152
186
188
124
203
148
148
146
161
147
176
108
209
157
105
92
116
146
148
131
157
203
167
117
99
202
45
24
69
108
109
49
3
77
97
64
128
58
176
57
156
181
140
176
112
140
158
138
159
148
163
94
98
192
176
160
202
151
198
172
97
80
89
93
191
194
206
183
185
218
145
214
216
213
91
173
233
223
238
131
160
130
123
112
113
110
138
155
164
135
122
178
130
129
177
194
142
208
135
137
146
192
184
200
177
190
162
207
210
213
200
193
196
159
186
217
172
152
127
167
82
82
61
70
56
54
55
97
104
116
83
145
102
11
197
181
194
225
144
163
162
209
197
118
212
135
211
221
205
169
160
147
203
142
142
138
87
159
130
130
153
195
139
168
105
114
102
198
198
164
175
87
90
139
206
205
70
236
181
200
158
205
192
141
209
160
167
168
168
108
105
243
252
241
252
214
132
85
63
57
61
63
35
48
51
49
67
78
41
84
65
65
58
166
42
82
57
120
77
104
62
177
192
120
103
110
125
104
58
132
186
134
111
199
142
141
160
212
53
179
83
208
205
199
104
194
198
190
90
137
182
186
101
56
191
129
64
122
181
261
233
86
139
148
159
65
48
162
217
117
158
178
66
82
93
225
194
233
193
170
184
49
53
12
137
196
214
189
107
144
238
174
147
185
116
234
193
118
94
219
257
222
106
286
205
67
40
151
123
188
191
220
136
59
120
102
122
6
148
122
236
126
210
241
124
125
124
123
290
120
110
156
156
188
172
135
260
173
149
122
183
135
131
130
134
214
77
146
218
192
206
230
239
205
135
134
203
132
214
99
108
204
203
141
96
94
160
236
140
140
155
129
76
166
185
97
186
38
145
123
211
181
208
192
156
192
163
173
116
144
199
113
118
143
48
209
72
213
38
218
266
269
194
238
217
114
206
175
185
193
248
186
279
200
251
200
128
283
252
191
112
226
140
141
47
192
257
198
187
14
126
217
55
49
77
78
65
72
48
45
5
55
24
73
45
47
55
59
90
164
105
95
250
121
182
194
274
280
248
261
219
143
280
266
344
242
268
240
61
159
107
92
191
178
189
140
130
202
159
165
292
287
225
315
146
209
262
6
77
298
81
106
215
229
261
336
295
243
14
98
54
252
258
240
223
181
188
189
168
151
155
135
167
100
171
291
177
161
158
126
100
235
210
127
53
6
2
33
213
36
44
77
168
114
174
108
230
103
229
109
122
190
138
166
114
234
181
156
138
167
164
171
131
25
71
43
41
309
109
151
170
126
130
130
142
106
102
87
159
27
182
189
149
117
125
109
53
88
102
112
148
142
71
112
213
120
109
214
75
140
154
144
193
280
176
123
136
116
131
163
136
137
101
122
141
102
148
165
115
177
146
130
204
187
122
123
97
138
171
142
225
226
258
261
257
168
119
186
231
104
89
91
83
183
90
249
114
273
94
139
140
109
210
226
69
236
222
110
73
162
91
239
196
234
207
185
244
114
124
135
129
156
137
33
127
147
50
211
104
224
209
227
207
109
162
169
166
243
185
227
231
68
200
91
58
76
76
169
117
69
211
229
185
109
235
224
231
207
111
394
181
75
163
44
156
173
294
77
80
121
125
250
76
43
25
114
104
260
266
205
203
223
184
131
189
115
277
279
201
206
77
254
197
89
132
94
88
225
150
174
143
224
214
220
143
200
214
174
219
239
36
216
229
223
89
101
67
71
39
136
217
215
113
116
88
18
155
264
298
104
177
165
136
119
133
99
111
110
181
206
183
198
98
182
94
214
72
108
94
156
148
186
141
165
238
224
189
264
207
99
98
137
267
145
149
123
91
100
116
120
164
170
219
182
145
94
213
138
154
189
161
178
98
99
141
71
176
196
255
252
223
133
147
146
124
104
203
42
107
169
-1
139
103
98
139
119
111
220
77
12
36
127
146
272
110
115
118
232
206
252
178
139
113
172
304
2
299
279
261
147
111
118
91
218
155
143
126
224
98
54
161
127
224
75
125
30
113
113
184
179
218
134
179
204
97
191
210
89
106
73
105
181
234
238
160
108
143
236
173
207
154
151
161
134
92
106
84
127
206
199
187
169
164
158
10
213
116
113
173
264
148
99
147
131
84
40
207
156
188
231
146
7
49
117
166
158
176
244
190
140
151
114
160
227
136
185
133
217
71
55
145
137
113
72
139
203
8
196
113
236
123
77
152
38
127
122
82
179
149
211
160
130
124
167
165
191
66
76
201
96
86
93
220
132
142
107
86
206
98
193
112
125
82
109
134
88
110
101
97
196
135
94
157
100
143
51
196
130
111
222
98
94
139
42
177
83
82
144
106
269
78
182
177
78
193
98
150
186
22
104
188
62
184
171
173
159
91
153
92
182
93
54
159
7
79
175
73
197
207
100
171
153
125
146
111
101
171
103
221
172
156
129
146
159
186
137
76
91
117
84
92
109
39
77
117
120
92
116
117
90
85
117
120
28
124
90
144
153
76
105
118
207
94
107
54
83
181
149
36
109
73
13
57
2
93
159
111
98
108
73
112
37
58
55
68
80
64
3
125
181
38
175
41
208
101
159
51
137
126
82
94
82
157
94
168
53
111
86
80
92
120
28
102
130
142
91
123
87
126
155
33
51
52
48
0
127
89
104
106
64
125
98
106
127
42
54
123
84
104
147
45
121
172
147
56
131
92
140
101
160
28
84
140
154
136
110
35
160
154
160
155
104
110
135
85
93
154
133
49
61
28
171
77
72
48
122
107
159
136
137
109
70
123
82
117
43
85
94
124
125
125
142
88
136
116
107
94
118
43
92
93
99
113
104
83
100
98
104
95
42
139
88
74
118
124
61
96
123
108
60
56
94
91
96
78
44
107
45
61
39
74
149
120
