158
116
114
118
126
157
140
120
147
141
89
140
91
100
86
80
96
127
112
119
111
152
99
91
57
84
55
67
88
87
83
107
70
121
74
92
79
63
47
52
51
48
69
76
65
71
33
22
53
64
20
16
38
55
62
42
46
68
50
121
157
92
63
181
199
32
136
190
194
194
146
249
172
207
183
161
166
187
126
208
184
122
120
126
202
186
173
152
216
214
141
113
219
73
52
74
116
146
119
15
92
131
99
144
77
230
80
168
188
181
214
129
161
215
190
198
175
214
118
110
254
234
189
260
172
275
268
132
81
94
124
280
272
283
291
289
291
280
340
350
342
178
208
350
358
362
267
319
150
162
147
184
152
228
264
220
180
179
239
169
224
270
271
156
249
163
217
174
292
257
327
327
358
221
284
279
269
319
318
329
292
300
316
299
162
153
186
94
113
65
90
72
74
69
106
117
168
100
194
117
19
284
264
278
313
170
267
239
238
309
124
369
237
396
382
374
169
257
234
204
152
199
164
134
204
199
140
201
257
264
222
104
148
149
333
257
236
209
102
121
161
259
295
79
408
342
351
269
326
313
170
358
266
250
248
195
204
114
331
349
334
326
344
152
115
76
75
80
74
44
56
55
61
74
95
59
155
82
70
63
206
71
112
75
178
125
131
74
214
338
164
137
137
216
120
64
163
247
155
140
257
222
160
240
344
117
214
132
288
199
339
107
345
236
262
139
172
287
317
102
63
353
126
92
195
166
341
317
98
166
229
180
61
76
214
217
153
221
169
78
85
112
274
266
324
253
202
177
47
71
17
167
264
315
218
114
193
385
288
211
256
199
268
259
146
135
275
299
387
128
238
232
79
52
244
177
312
301
312
286
88
179
168
178
9
155
116
300
211
365
308
208
207
208
223
214
190
138
220
217
284
258
174
328
229
291
179
283
212
204
198
171
240
97
233
284
240
299
333
305
227
197
216
281
217
297
190
199
274
272
220
138
115
275
292
178
206
198
116
88
184
311
127
307
63
182
206
349
275
294
316
220
308
207
210
202
220
323
223
128
163
61
312
130
349
84
354
264
213
256
233
277
168
238
278
276
347
413
280
307
295
218
260
218
458
380
222
109
286
220
231
55
259
477
261
239
14
147
262
86
94
128
112
101
123
60
45
10
60
30
80
60
60
84
83
109
264
149
151
262
249
289
282
480
466
275
411
306
108
267
367
344
353
282
227
65
256
176
143
310
301
281
218
212
315
247
246
296
263
320
305
174
287
315
6
85
362
94
169
374
352
370
368
429
373
10
147
69
376
336
345
307
299
304
305
258
192
205
245
208
110
295
391
253
245
243
215
179
350
321
198
85
27
22
37
276
46
86
103
278
133
251
151
291
130
386
163
182
296
194
164
111
428
294
270
223
260
137
284
186
39
79
47
38
376
167
227
239
148
235
180
173
124
111
133
254
32
291
315
235
198
256
203
126
179
146
170
243
239
158
133
255
178
166
269
139
234
206
242
132
388
334
146
176
225
241
249
259
273
147
169
220
157
214
273
215
340
212
187
355
342
165
166
145
202
178
213
396
362
360
370
389
202
165
308
240
164
140
140
96
152
93
353
145
337
149
189
205
148
231
233
77
378
300
139
92
257
182
426
383
425
374
305
375
193
203
167
217
153
157
53
191
259
94
304
139
186
164
204
241
161
152
276
258
423
155
377
376
87
256
206
69
104
177
175
186
105
324
229
278
153
291
385
368
310
205
272
299
92
188
56
257
146
285
121
130
203
194
451
96
47
38
168
122
383
371
328
461
417
333
192
344
168
294
308
195
230
131
343
268
166
162
103
100
350
227
285
249
276
288
360
131
302
350
301
408
435
58
366
287
234
207
107
127
91
93
323
433
-1
190
155
137
28
288
393
331
148
273
311
181
220
203
214
170
183
208
317
234
303
121
388
128
313
91
172
123
235
219
239
200
307
278
413
196
402
312
174
172
214
391
186
200
179
189
184
150
236
234
228
348
313
169
154
374
234
303
309
233
297
148
209
235
140
168
310
278
242
359
219
243
244
172
194
351
46
166
205
215
163
149
144
246
139
143
280
81
17
66
207
200
386
122
132
138
278
301
356
317
285
243
192
230
16
277
247
249
248
217
148
106
361
162
155
139
440
129
75
229
199
386
123
221
39
224
179
360
393
468
155
234
343
182
193
444
127
180
150
187
261
417
386
261
238
180
363
271
401
372
344
339
212
99
127
176
209
283
272
299
227
190
178
29
407
169
181
232
360
290
166
190
177
128
72
300
309
322
381
251
10
59
149
278
391
325
268
317
178
239
232
218
366
209
435
208
416
105
102
186
217
207
157
179
273
25
222
135
354
198
129
164
59
220
290
172
385
415
227
267
256
243
307
204
220
121
132
255
124
107
105
278
149
224
113
111
378
154
183
189
165
163
191
225
116
173
175
118
428
215
145
130
158
217
51
321
160
198
305
143
162
269
53
285
197
150
224
134
303
105
196
282
94
324
134
239
309
96
168
291
113
305
296
307
272
110
232
171
176
194
86
363
9
137
299
164
297
342
166
199
177
199
311
165
152
289
140
275
273
259
182
208
163
238
159
119
103
181
102
162
156
53
98
150
145
118
217
101
173
169
132
237
41
123
119
241
202
99
175
190
268
158
138
113
137
315
228
46
129
95
24
93
10
101
260
146
166
163
124
154
117
93
81
84
153
82
17
152
335
87
222
39
343
131
195
97
358
256
93
79
132
166
149
303
46
142
121
92
159
157
45
159
170
135
101
196
127
218
231
83
134
86
95
0
240
145
169
117
95
128
173
206
142
81
67
215
166
179
153
54
145
190
149
105
233
113
231
117
186
31
149
218
220
143
135
29
177
183
161
171
128
160
202
153
155
180
161
57
74
31
213
125
85
86
213
143
222
190
181
140
86
137
146
158
59
121
110
192
198
197
185
131
172
156
140
116
193
52
144
142
171
164
144
98
145
130
136
120
63
137
94
88
150
168
83
117
132
180
97
92
89
146
119
123
75
117
64
86
53
71
193
192
