183
175
131
138
165
179
201
199
206
190
116
176
126
113
120
104
137
165
148
123
128
228
141
131
78
119
60
85
101
108
125
90
67
110
104
123
97
48
59
66
63
66
101
105
104
98
65
33
84
90
34
33
47
81
98
48
64
79
68
104
148
140
95
186
208
73
129
152
149
135
93
163
115
137
128
100
100
139
114
136
121
90
61
38
160
143
142
162
181
96
123
156
90
124
72
86
160
198
159
35
126
216
210
260
144
333
185
282
212
270
255
226
285
320
301
310
293
293
217
211
236
299
305
410
302
313
350
225
217
167
266
346
289
347
348
347
340
456
364
369
426
333
285
366
423
417
297
336
248
271
260
244
199
273
338
310
224
261
281
252
289
367
369
205
319
222
289
219
338
332
399
301
396
268
398
215
323
367
355
402
329
336
363
465
235
223
225
147
173
151
161
131
119
104
141
165
127
188
214
167
67
258
286
336
363
247
270
288
308
318
188
359
265
351
346
368
209
266
202
203
161
250
199
191
219
256
237
192
310
514
245
169
199
206
364
202
275
278
179
139
192
279
346
143
409
306
318
295
370
342
148
334
270
283
135
206
266
162
363
354
355
347
375
150
173
118
133
170
139
101
109
108
94
138
136
106
179
146
137
121
198
133
171
123
148
145
166
148
183
317
203
114
272
235
157
74
170
177
200
136
216
315
205
271
389
228
208
198
298
218
312
81
344
161
95
40
92
354
307
189
129
353
135
147
227
217
197
227
113
135
291
128
28
125
162
183
115
165
161
151
143
277
285
255
257
145
165
159
19
21
11
165
120
114
190
169
212
390
295
216
317
321
219
162
300
164
199
189
374
137
170
208
93
71
275
280
334
313
204
304
117
261
272
248
36
144
96
176
178
373
258
1166
-1
1181
270
161
195
205
220
183
266
266
151
263
250
334
180
289
256
251
242
146
167
112
290
162
170
167
382
299
213
214
211
308
237
316
155
186
254
255
234
148
140
224
204
172
184
188
156
185
199
316
10
290
63
201
242
368
220
232
290
255
360
201
197
237
232
311
251
148
149
93
304
152
307
142
245
258
118
171
163
161
178
138
298
274
278
215
167
172
279
158
219
263
218
197
127
29
195
245
283
57
301
269
291
112
67
114
173
88
116
140
141
121
153
62
58
24
79
57
89
63
60
98
97
116
124
193
174
136
287
207
162
227
236
212
235
201
95
197
200
208
175
163
227
83
296
209
169
131
132
108
79
78
140
95
104
197
177
141
207
156
171
163
26
75
225
95
181
207
111
182
221
209
178
18
207
106
216
208
195
157
122
131
129
126
211
100
190
179
137
133
200
109
111
102
255
201
182
142
229
94
39
35
42
145
32
165
145
116
166
243
174
116
146
206
189
219
179
233
178
138
188
234
169
213
314
142
296
197
8
84
68
65
194
181
91
120
155
234
140
177
121
108
200
175
39
175
162
201
125
155
177
157
225
154
120
183
167
226
176
175
205
178
175
149
186
117
158
74
204
148
164
203
270
281
256
271
282
149
185
272
149
92
116
211
294
83
117
184
216
195
159
149
197
101
184
180
202
183
181
183
171
190
166
184
169
110
98
118
118
124
176
174
195
175
201
166
121
113
109
84
172
149
179
117
269
131
221
210
219
160
144
206
212
260
190
236
108
137
85
189
206
116
170
137
198
189
220
247
152
172
163
140
196
147
202
223
94
187
189
76
159
294
203
137
85
194
171
223
172
174
200
201
183
223
157
310
129
187
53
67
114
144
123
153
208
203
203
120
70
56
159
100
207
156
210
214
220
165
137
154
202
160
146
113
96
135
173
154
200
136
167
183
202
149
313
178
139
158
184
100
256
166
141
220
175
116
173
155
148
129
124
59
138
165
155
200
207
71
168
158
38
150
209
178
149
153
193
219
251
217
121
120
131
182
196
113
130
148
182
144
191
120
144
190
145
148
139
225
277
161
199
100
207
158
228
216
208
235
216
213
229
162
172
138
215
265
205
159
171
69
179
178
184
190
258
330
160
165
191
138
87
118
182
166
121
175
242
204
207
145
179
155
51
168
140
125
143
203
162
210
142
166
164
114
37
85
216
188
170
99
92
101
105
166
177
268
131
138
41
143
16
149
137
140
143
178
158
132
156
193
164
152
238
34
85
226
152
174
145
140
41
142
177
229
156
191
220
159
195
199
93
187
201
151
154
89
164
174
177
141
144
132
178
149
198
167
163
159
115
106
93
110
159
117
108
113
204
88
74
5
157
159
179
135
189
147
158
186
104
118
101
161
230
184
200
227
32
101
159
235
172
131
156
151
107
143
145
134
170
161
168
160
210
121
133
146
213
188
210
231
161
40
218
152
167
52
118
131
64
112
208
138
157
159
153
148
147
131
135
149
133
211
125
143
126
32
129
161
160
89
54
119
157
163
139
129
149
124
188
140
109
91
156
163
186
132
189
133
134
182
54
140
163
105
199
137
168
151
13
170
105
130
101
153
148
140
87
133
139
136
118
139
121
165
147
164
115
147
143
119
224
140
88
111
108
106
91
158
37
148
249
226
126
154
148
113
70
108
156
183
100
284
152
145
136
104
149
79
76
144
164
146
127
109
125
209
158
86
32
74
73
136
141
114
169
261
143
144
34
176
146
145
176
84
129
210
198
181
130
153
112
187
147
74
228
115
38
35
14
110
128
159
27
135
126
145
98
83
93
78
117
90
36
150
149
95
101
49
154
82
87
138
138
145
96
84
159
96
94
141
48
115
126
56
76
100
51
147
110
81
146
102
117
100
195
58
136
72
74
9
136
23
77
87
109
93
171
146
75
122
50
96
181
71
69
95
161
105
157
103
112
88
112
78
89
29
137
99
138
100
164
11
148
157
135
144
139
133
113
94
90
128
122
61
53
34
144
153
103
93
107
109
102
100
104
133
59
105
164
136
52
125
121
88
88
89
90
126
124
151
101
87
84
54
76
121
77
82
76
79
66
50
75
56
15
147
43
35
110
72
48
87
84
78
75
71
43
77
59
70
57
55
29
46
23
34
107
106
