131
122
97
96
102
126
120
129
126
130
84
118
77
70
81
74
79
118
109
75
67
128
79
102
67
92
59
68
103
93
72
98
76
92
80
97
88
63
48
58
54
49
93
90
72
78
38
26
65
69
26
22
42
64
77
47
56
91
50
78
100
80
65
117
154
37
87
105
122
129
94
137
96
111
117
92
100
117
77
122
122
59
71
81
119
107
97
97
120
109
76
97
114
79
70
94
106
191
114
16
120
95
79
145
58
219
65
151
153
167
169
113
132
191
152
172
160
162
118
104
189
190
173
217
144
209
215
98
72
90
106
212
189
215
241
245
237
230
253
269
239
161
166
258
270
268
200
217
146
151
128
157
111
168
205
189
128
135
185
126
177
216
214
120
213
116
221
150
230
193
252
225
271
169
235
187
196
237
253
311
204
252
244
228
150
137
148
79
87
62
83
71
62
55
99
83
107
96
157
104
17
190
204
234
245
147
212
186
206
224
110
271
155
281
287
280
142
148
130
139
198
249
182
136
150
156
126
150
202
230
174
144
128
102
264
145
223
177
92
121
118
194
261
78
296
220
238
224
267
265
160
232
187
168
145
151
192
94
291
296
273
272
275
143
105
72
64
81
76
46
60
61
59
64
79
55
119
80
71
65
158
56
106
60
132
121
92
65
160
232
142
69
144
162
106
82
148
143
186
111
173
188
131
171
288
209
145
93
195
158
243
77
264
158
125
56
98
238
218
96
51
269
81
76
152
126
185
204
146
85
208
131
46
63
168
117
91
129
134
98
100
127
228
202
191
155
146
115
29
28
11
105
122
122
142
122
118
282
226
218
224
213
180
161
149
127
157
175
273
119
151
151
68
39
188
161
228
309
174
186
61
291
281
269
29
97
78
170
132
295
224
205
203
205
145
125
230
108
400
130
177
188
143
211
190
247
129
215
167
161
155
132
142
87
316
157
129
169
270
216
149
275
373
223
387
241
104
105
169
168
140
131
80
172
165
121
116
164
111
92
144
256
71
215
68
142
312
305
177
184
240
209
263
135
138
214
229
222
207
159
103
60
250
207
249
81
204
203
124
166
167
159
109
133
193
232
254
198
164
166
239
140
156
297
218
176
110
86
163
225
326
65
240
241
231
123
13
88
179
130
157
192
199
163
193
72
61
35
97
57
108
60
84
137
130
165
110
272
259
129
183
192
173
239
223
177
211
173
73
184
179
182
163
150
182
61
235
304
236
142
129
139
95
90
141
111
117
171
163
154
183
217
153
170
4
57
224
110
349
199
148
175
202
219
188
16
115
44
213
187
178
156
150
137
135
118
188
118
193
150
110
130
195
120
115
116
392
317
178
163
197
134
56
36
64
144
18
88
131
145
112
196
208
143
181
200
250
289
151
163
112
128
194
218
172
163
235
112
270
280
15
90
59
57
196
305
102
133
144
231
151
150
102
98
107
160
37
181
175
220
136
171
135
108
162
140
135
185
169
147
116
165
285
292
168
206
193
126
180
75
218
170
135
166
258
272
285
264
268
253
167
257
195
107
128
146
228
119
126
180
206
316
270
247
331
137
240
181
184
181
182
185
235
321
165
150
188
113
120
83
115
81
162
246
181
281
422
166
83
124
133
89
178
137
122
104
374
137
208
201
217
157
140
200
223
242
163
233
100
102
40
297
213
141
168
239
172
157
164
189
203
106
152
129
206
117
196
207
93
165
185
57
82
160
153
126
104
198
141
166
253
173
197
194
164
233
168
235
105
124
65
111
103
137
106
107
536
-1
211
89
41
44
249
146
206
184
176
208
205
181
139
144
187
165
165
116
115
268
179
149
107
102
93
102
179
165
208
170
136
129
197
92
197
169
140
206
174
147
187
168
122
133
106
101
171
129
134
193
194
86
95
131
42
153
208
169
186
180
182
254
223
220
131
88
163
142
193
109
132
120
185
86
166
159
104
135
138
177
129
168
233
161
211
111
209
144
181
191
273
208
291
300
231
149
155
135
201
289
242
161
164
100
243
175
308
179
232
200
171
249
198
163
100
117
182
157
161
197
316
332
330
135
292
168
58
129
122
125
124
203
234
189
214
241
166
77
26
115
194
187
180
89
89
99
129
159
175
249
131
145
106
139
31
141
132
130
132
216
196
135
150
141
102
156
227
71
123
188
156
187
236
136
55
151
143
193
157
179
152
151
197
303
108
185
138
210
158
108
168
179
169
128
163
236
167
158
193
156
153
159
110
75
91
121
128
129
140
131
201
113
99
9
179
203
227
123
194
126
250
294
122
185
126
180
143
188
195
152
24
89
114
191
169
144
159
149
120
138
131
121
187
139
160
136
183
174
102
230
124
113
185
196
154
53
192
121
166
80
192
125
52
137
138
146
181
152
141
156
153
115
126
141
144
120
71
143
96
64
123
171
227
102
62
118
175
127
129
135
116
130
204
134
89
82
94
204
173
115
255
97
209
248
59
155
164
111
170
97
220
158
20
156
120
115
105
103
162
92
97
131
98
156
197
147
139
122
214
175
98
156
159
157
178
104
107
118
136
131
138
143
13
228
222
147
145
166
210
125
87
126
151
160
92
231
194
135
136
116
144
95
88
148
139
132
95
111
155
203
209
112
47
85
80
83
107
94
156
203
196
155
24
112
114
132
143
73
195
273
154
254
137
139
103
202
136
53
144
88
14
38
15
95
137
115
75
116
163
152
81
133
85
112
134
99
28
186
159
101
109
46
168
110
114
111
143
154
169
106
109
84
80
158
60
139
80
53
85
126
63
128
115
88
89
118
94
102
147
55
119
69
85
0
141
65
91
76
76
98
181
131
83
85
65
102
148
84
98
49
118
116
130
89
129
60
136
87
104
20
96
129
123
93
120
20
103
93
100
111
113
106
105
96
91
88
91
56
80
37
136
112
70
59
115
123
107
106
106
119
64
105
183
104
58
134
91
100
99
85
111
105
124
117
97
78
95
61
91
87
92
87
77
51
85
70
83
69
26
106
58
57
103
83
58
71
94
89
74
48
60
79
79
74
62
74
45
58
29
53
106
113
