152
122
103
108
122
154
153
142
162
150
90
127
90
95
97
76
105
144
129
92
82
143
101
98
75
100
58
75
95
86
89
85
57
83
80
89
74
50
47
59
51
52
79
85
59
65
33
14
50
52
18
17
32
59
76
39
51
75
51
94
116
81
62
135
154
41
105
133
129
109
89
142
113
132
112
106
104
120
83
121
115
71
54
53
133
122
112
103
157
91
89
108
93
83
42
71
127
168
115
17
108
125
108
166
77
179
86
173
146
178
181
149
187
174
170
149
175
184
159
150
163
190
160
215
155
203
199
129
91
115
133
186
176
202
229
217
195
278
240
245
244
186
159
233
270
258
188
205
164
153
138
138
121
185
242
229
170
166
196
127
225
191
217
145
238
138
180
116
231
185
271
219
253
176
251
162
197
219
260
278
231
225
216
269
132
151
141
82
124
84
90
70
82
77
109
127
118
101
161
103
17
192
205
222
255
132
221
175
231
228
147
250
170
253
261
258
160
173
142
164
168
174
165
136
162
171
167
134
169
269
165
151
141
123
242
151
224
208
107
92
120
172
217
108
287
227
242
205
249
244
137
223
206
179
131
163
207
92
280
299
275
289
272
125
122
87
80
91
82
56
57
65
64
93
79
66
115
94
92
54
146
75
104
81
94
96
112
78
138
237
149
73
167
197
96
84
121
132
154
79
158
210
153
184
293
174
139
104
186
165
245
91
263
149
90
36
84
221
225
120
75
255
115
100
177
159
168
180
117
99
177
111
27
72
152
148
100
121
134
110
108
140
234
206
227
130
139
128
25
19
5
130
114
103
152
103
142
273
224
151
207
253
187
152
182
130
165
170
273
94
150
166
85
33
176
185
219
273
149
219
83
187
208
206
15
126
94
156
139
270
234
228
231
232
174
147
147
91
258
137
209
211
116
208
165
228
129
231
190
175
172
97
148
74
221
146
153
158
282
236
179
162
222
197
218
269
120
124
200
195
166
119
92
173
151
142
137
147
115
124
149
251
29
219
42
154
243
306
183
154
263
203
263
161
158
191
202
225
194
129
140
70
233
134
249
97
191
181
125
140
132
147
106
133
231
225
250
171
164
151
249
137
168
219
202
173
107
41
171
225
256
53
219
233
215
124
20
103
143
73
100
125
132
110
134
61
47
20
71
43
93
57
44
81
85
101
113
169
168
120
221
204
195
200
202
181
191
170
81
159
156
162
156
143
206
56
237
185
158
119
115
125
76
72
134
91
111
176
172
116
183
164
159
146
7
68
201
87
168
184
123
171
191
173
151
16
131
60
197
170
154
144
108
106
109
121
218
121
226
182
172
133
184
100
103
99
242
191
149
144
179
86
36
23
31
116
21
89
108
113
154
168
145
115
154
180
192
204
139
235
133
127
163
263
193
226
248
136
213
181
9
81
50
54
176
190
98
114
177
278
205
221
135
139
179
198
38
193
186
254
134
181
173
153
218
171
181
213
196
233
219
151
191
166
151
151
237
112
220
77
207
173
268
289
336
376
311
325
314
159
146
375
162
97
113
155
225
104
129
148
229
194
196
167
204
119
183
155
159
154
166
166
184
203
181
155
212
164
178
139
103
83
165
179
167
158
207
131
95
101
128
77
161
130
137
92
283
132
186
180
205
139
114
189
302
324
254
343
93
120
46
186
227
110
145
138
183
161
194
222
153
150
140
117
171
134
185
184
85
162
259
60
107
179
159
149
125
198
169
163
168
148
188
197
177
287
162
221
106
163
67
75
98
135
109
112
196
196
188
79
41
27
178
100
173
149
201
197
189
169
174
136
312
155
144
95
99
146
151
142
139
99
92
107
181
174
238
182
139
144
159
96
175
161
136
200
175
83
183
157
133
161
116
142
134
143
145
186
179
65
111
134
34
130
196
162
269
181
219
343
321
299
133
85
171
158
193
105
118
124
177
99
189
128
118
119
152
179
119
175
222
146
188
98
192
146
329
335
242
193
224
236
203
208
195
111
267
286
259
155
160
76
152
163
237
152
222
229
170
170
246
196
114
124
156
148
151
172
222
229
226
156
211
145
47
112
123
139
150
214
161
219
113
155
155
69
18
77
285
161
164
88
91
110
95
143
159
218
107
156
61
134
14
144
136
129
147
169
150
131
144
204
167
198
211
42
94
205
182
173
170
152
32
177
145
203
146
164
152
162
167
181
90
186
266
195
200
117
177
158
149
121
162
199
179
154
190
159
145
147
93
82
111
152
173
108
103
111
213
93
80
5
152
211
208
127
177
123
148
207
104
137
89
157
179
182
201
180
18
64
89
202
152
122
165
133
190
137
127
113
171
167
131
149
200
135
217
177
155
132
265
-1
147
28
210
115
139
65
158
130
54
120
167
156
158
139
142
149
152
128
119
165
180
150
75
149
96
42
112
187
191
97
51
88
144
157
122
154
135
135
189
107
84
71
105
153
146
99
169
107
143
209
55
142
254
107
178
89
245
154
15
148
132
177
99
98
148
92
93
116
192
120
137
131
101
109
186
169
223
124
128
123
178
139
95
147
164
130
97
130
12
141
258
174
128
148
150
97
74
123
147
168
109
219
163
124
114
104
158
80
70
135
145
121
88
98
122
182
140
78
34
81
73
111
123
80
176
204
162
175
22
130
215
125
142
71
146
201
177
184
131
204
141
177
125
54
167
118
14
31
8
86
113
165
42
122
114
127
105
75
91
81
134
88
24
170
128
88
107
52
141
95
95
117
124
175
117
106
104
81
94
127
54
123
101
48
63
108
34
135
97
87
83
96
104
94
141
81
152
65
108
1
119
33
75
85
64
104
178
137
69
97
51
84
196
62
75
67
135
99
135
113
120
79
102
82
99
24
153
113
139
84
132
20
133
118
133
138
115
120
106
98
94
129
112
55
67
35
140
120
93
74
98
104
107
91
96
111
73
127
160
141
43
86
100
85
78
86
96
89
127
124
100
103
79
47
76
96
79
81
83
54
60
51
72
64
18
131
45
41
109
89
50
88
87
67
70
58
57
69
70
70
64
60
31
45
26
53
102
114
