150
119
103
104
127
161
170
142
163
162
95
138
96
90
105
74
103
151
126
98
118
185
110
96
68
110
58
63
82
83
97
106
79
136
78
92
79
64
46
49
48
51
78
82
72
74
39
25
67
68
29
33
44
61
82
45
50
75
59
100
135
104
78
149
193
46
115
143
148
162
130
184
153
153
163
118
139
172
86
192
167
87
133
148
133
158
109
125
166
158
108
151
166
98
62
78
122
161
119
38
92
197
138
216
127
336
124
315
263
302
322
214
230
341
319
363
262
272
153
155
348
334
321
389
273
388
395
189
153
118
174
386
356
489
459
430
386
342
391
396
397
203
298
424
377
415
258
317
220
290
284
357
277
340
321
377
190
225
294
265
299
394
393
273
376
183
361
318
424
378
386
327
412
302
373
318
367
364
356
350
320
397
397
319
221
208
217
161
151
93
129
108
101
88
161
130
168
186
230
157
55
313
306
351
397
289
289
366
407
409
199
434
343
407
398
396
183
176
197
153
173
209
159
147
225
218
181
240
344
316
361
116
213
168
435
188
343
334
182
159
186
353
374
89
408
365
347
342
368
338
241
324
233
245
223
252
247
213
432
434
439
447
381
227
125
95
84
105
102
66
73
103
84
99
121
78
173
112
93
107
235
83
149
104
182
176
130
110
222
335
183
92
192
234
168
66
167
238
208
131
263
240
242
200
359
116
251
219
357
293
381
105
353
245
157
74
164
339
291
146
92
392
124
112
189
188
304
274
107
145
330
205
90
89
267
154
119
185
149
96
122
217
329
320
296
211
260
193
40
39
12
126
136
166
172
167
166
403
313
269
376
195
280
242
217
225
196
222
380
161
215
187
103
60
295
274
321
369
293
249
77
180
170
179
29
114
84
206
146
358
332
252
250
252
163
188
190
293
206
212
240
282
194
255
-1
413
214
311
234
219
206
213
197
107
222
179
172
248
395
355
193
213
178
352
192
380
164
168
212
212
150
146
151
252
208
189
148
228
227
161
243
356
127
314
68
172
192
339
218
207
293
249
331
150
156
204
235
282
232
143
148
75
334
113
319
89
267
265
163
263
244
177
247
162
282
300
325
241
245
220
338
212
230
219
229
208
151
130
226
196
211
60
396
304
276
132
33
129
212
98
76
116
115
91
108
62
52
16
67
33
82
59
57
77
88
140
155
168
151
168
238
278
255
259
280
247
268
221
122
297
233
276
217
201
319
90
271
169
140
164
162
152
120
131
183
138
137
271
250
212
239
169
208
198
21
57
295
93
174
269
180
217
245
267
189
17
190
117
284
230
233
213
164
163
165
143
204
192
244
212
120
179
224
141
151
141
200
168
221
187
236
82
24
23
40
164
32
89
120
176
218
274
176
197
149
283
150
152
199
208
156
109
206
234
195
192
295
156
272
161
14
99
64
61
262
166
127
160
163
238
216
259
156
130
141
215
32
229
213
208
188
225
199
167
195
172
193
183
176
173
139
266
170
173
282
119
211
190
184
108
240
202
164
170
182
219
278
243
224
128
159
206
146
122
151
209
325
128
173
241
265
160
148
147
177
172
186
217
240
211
215
239
184
139
217
191
169
171
167
108
205
109
193
150
229
161
175
218
118
170
155
74
204
168
150
92
236
135
266
256
276
183
172
246
174
180
164
183
123
119
73
173
226
78
204
149
226
235
256
280
158
148
198
191
237
122
231
249
75
218
158
57
146
240
257
122
132
250
178
200
146
238
280
259
225
189
220
293
104
176
60
133
116
229
122
139
187
190
239
138
69
53
137
124
231
213
258
256
271
250
150
182
187
194
209
160
134
123
241
237
154
185
157
162
235
191
307
210
183
152
225
111
244
198
166
233
200
63
226
215
173
193
136
134
125
96
184
242
229
110
125
133
30
181
227
189
151
236
230
189
193
174
167
171
185
189
222
151
153
133
245
118
210
97
134
164
194
184
157
180
282
228
265
134
248
182
151
157
196
248
196
204
196
154
161
142
194
228
209
198
256
120
152
211
186
251
275
287
195
132
176
168
140
117
210
173
202
221
179
195
195
144
174
176
41
213
155
173
181
174
135
167
146
166
203
136
28
51
185
260
202
90
92
93
184
185
192
326
156
149
159
183
13
196
183
179
195
220
153
99
183
158
160
155
275
73
74
314
165
239
111
153
41
164
205
232
216
235
221
220
235
139
145
212
128
172
153
123
202
202
205
156
160
153
224
222
241
192
212
202
152
117
138
121
157
170
157
140
221
139
125
9
189
171
155
144
228
171
157
165
167
129
85
197
162
220
278
167
13
76
198
247
197
151
233
170
162
193
174
184
211
181
180
163
236
81
107
180
128
149
143
165
221
23
245
161
209
108
143
129
53
158
141
132
194
189
210
153
171
148
153
160
176
166
101
196
119
70
112
223
141
117
89
131
196
136
162
141
232
146
193
151
156
97
153
123
196
143
117
165
143
200
54
177
156
152
177
153
152
183
38
209
111
108
145
152
200
156
130
155
102
178
112
191
168
85
169
214
91
182
161
160
283
104
126
160
170
148
71
159
14
124
254
203
172
207
138
142
116
160
180
208
116
238
133
187
172
147
206
123
126
190
223
149
162
138
111
143
131
63
50
107
102
92
123
152
151
187
133
182
26
166
135
166
177
137
143
164
166
110
142
109
112
226
178
61
150
106
36
50
14
140
139
149
76
151
112
186
84
99
77
81
128
90
19
138
178
67
129
70
192
151
131
88
150
177
93
73
120
141
105
178
39
142
115
74
105
133
53
144
126
106
160
147
139
109
183
63
96
65
82
4
165
76
115
100
114
102
139
144
103
91
75
133
135
94
139
65
167
147
215
102
179
99
162
115
133
25
124
164
167
103
180
23
138
129
133
147
134
158
160
103
115
120
114
64
76
38
173
127
80
68
146
132
144
119
131
138
84
119
129
149
61
119
100
111
113
103
106
163
148
147
123
90
107
63
111
97
97
108
87
77
105
84
94
84
34
132
76
68
125
108
76
98
120
99
75
49
62
84
80
85
63
83
50
54
27
92
120
171
