101
84
69
67
82
114
110
89
101
99
61
85
59
68
56
55
68
95
82
69
89
131
78
75
45
65
38
47
65
58
58
69
55
86
63
72
66
42
28
38
42
36
56
58
51
55
31
16
42
44
18
15
32
40
53
34
32
65
43
69
101
66
42
110
135
23
87
147
182
189
123
227
181
209
215
180
201
173
131
218
130
61
112
92
227
200
101
119
202
236
83
85
207
59
34
66
81
112
69
14
73
89
70
91
61
176
57
145
149
145
159
106
107
159
135
153
130
151
89
83
197
181
147
186
122
200
187
99
60
66
82
194
202
202
209
213
215
172
245
237
227
121
147
245
255
259
185
210
124
128
115
143
118
165
176
164
121
119
183
126
153
197
200
127
208
115
170
143
204
188
240
230
232
165
208
202
205
212
235
237
172
215
220
177
126
121
139
72
76
46
75
60
48
45
70
88
105
82
137
91
13
198
180
207
242
135
191
173
207
214
99
261
160
271
251
263
119
159
149
159
120
146
118
100
157
130
108
144
203
179
180
84
105
88
238
207
193
173
80
87
126
207
232
51
275
236
229
193
236
220
128
233
161
160
183
153
148
102
272
276
260
250
240
125
79
65
61
66
59
40
45
50
46
68
79
52
112
66
61
47
154
46
100
50
134
103
84
60
169
237
139
127
119
137
95
45
131
159
127
114
196
153
125
149
266
87
187
84
230
191
234
126
235
189
297
190
123
221
213
74
45
239
74
71
124
110
239
220
81
130
169
153
57
56
155
231
167
160
147
68
68
98
231
194
241
191
150
132
62
100
22
333
273
305
184
99
122
278
209
177
185
140
191
204
124
100
279
264
280
110
185
182
62
34
161
137
209
234
233
171
55
133
113
119
10
238
140
289
198
256
245
139
140
140
128
217
129
104
163
158
200
185
148
218
183
197
116
216
165
147
134
133
183
68
161
329
286
220
251
250
176
152
149
212
159
230
131
118
189
186
147
115
85
184
212
118
127
168
103
71
157
247
105
232
48
127
138
257
183
215
232
169
221
128
130
128
168
226
154
100
114
38
222
95
229
54
245
195
213
175
179
239
130
303
184
208
260
409
219
300
232
218
184
161
446
562
281
90
210
163
170
48
198
316
180
387
6
164
246
66
77
90
85
75
85
50
44
6
59
22
59
50
46
70
69
85
440
118
119
398
151
195
209
356
376
212
303
238
111
237
260
266
247
353
184
47
188
143
98
554
553
525
451
325
-1
390
376
230
210
251
264
128
215
367
2
76
283
71
122
254
301
372
342
378
465
8
98
42
261
220
238
206
517
556
545
548
126
153
182
163
80
431
436
449
436
428
149
126
410
351
144
65
21
11
30
339
64
69
82
486
109
193
109
260
104
282
123
134
310
124
143
89
343
185
175
132
204
109
210
123
56
62
43
38
322
120
402
489
112
170
142
168
102
99
92
203
26
203
192
169
155
181
133
86
115
103
131
163
177
96
96
212
119
118
217
98
165
157
157
140
268
200
110
133
139
160
166
191
179
114
141
159
121
398
467
132
233
156
142
288
246
122
127
114
148
142
169
316
312
325
358
344
151
116
217
222
127
105
108
74
129
70
463
116
242
109
144
147
209
473
371
53
357
395
86
67
187
104
278
254
278
336
406
258
131
148
138
153
267
197
31
141
195
66
242
104
158
150
169
204
116
115
204
179
358
157
273
246
60
199
137
53
77
109
158
130
81
257
209
214
123
207
245
242
208
128
276
216
68
160
47
203
232
249
89
94
136
141
286
77
46
36
121
83
331
299
220
261
242
204
148
356
116
341
387
293
232
90
275
193
107
131
85
90
231
168
204
188
362
383
297
195
204
344
373
271
352
48
235
252
195
143
85
119
89
67
192
235
315
368
121
101
26
196
303
324
121
199
206
141
142
136
130
123
130
172
217
327
378
89
223
77
222
74
119
109
154
168
238
156
228
235
270
357
263
408
115
119
164
305
145
146
144
122
133
120
164
173
172
354
204
342
115
248
172
190
242
162
217
109
126
161
112
168
242
321
199
237
144
172
171
135
143
294
44
135
425
202
148
109
108
167
112
117
210
65
8
46
134
161
323
144
154
155
243
235
274
214
288
148
149
240
10
289
269
268
151
158
114
84
323
110
103
119
271
221
65
147
142
252
91
156
37
169
144
196
235
289
128
199
218
112
298
236
85
143
114
131
208
301
302
234
152
151
235
203
242
191
195
205
240
66
105
130
122
381
345
390
182
318
308
74
279
122
134
307
281
215
125
132
141
95
51
205
188
219
229
155
5
50
115
192
221
329
201
263
127
180
177
156
268
145
237
128
254
77
74
150
145
120
93
134
210
18
185
107
261
346
98
172
47
148
137
124
225
216
146
185
176
137
329
129
182
82
88
183
72
204
81
211
112
401
99
100
276
111
180
136
124
129
135
169
72
228
116
95
232
176
108
99
109
162
41
250
124
153
224
123
125
184
60
180
125
112
344
104
228
80
317
383
81
285
90
171
238
61
131
205
83
321
309
325
202
77
346
121
138
156
63
204
9
107
199
102
230
245
123
232
284
161
189
125
130
200
104
262
196
340
151
289
261
183
131
98
95
161
88
121
99
46
174
221
229
93
137
81
112
101
104
159
51
109
92
185
131
84
129
138
207
102
116
80
82
200
139
40
113
63
23
178
3
88
201
99
227
124
92
117
88
64
57
66
109
63
11
117
264
55
350
34
283
109
373
63
201
167
73
71
93
210
91
232
35
121
94
146
118
107
36
104
216
205
84
147
88
318
151
51
81
64
76
1
179
197
326
115
67
129
124
146
193
69
55
172
105
245
145
43
113
174
122
69
170
102
162
101
126
47
90
140
143
189
98
47
158
144
130
139
105
120
134
129
122
149
120
51
55
28
170
88
71
65
144
111
178
259
155
92
84
96
108
114
49
91
78
274
262
270
216
99
134
123
103
81
289
45
108
97
211
203
197
70
114
200
186
106
74
98
75
73
120
132
79
92
114
145
83
76
131
168
101
110
64
107
65
124
45
51
126
113
