200
152
144
145
160
218
196
174
206
193
115
175
136
127
110
106
132
166
154
157
138
209
151
115
82
118
71
89
113
109
95
132
95
160
94
118
105
83
57
68
65
68
93
103
76
92
46
29
63
68
27
25
42
72
69
57
62
106
64
139
198
127
58
215
246
39
170
227
245
268
207
309
234
251
245
196
212
254
149
278
258
155
155
189
223
213
201
188
253
262
167
142
265
84
55
88
149
171
139
14
116
171
121
214
102
342
96
226
295
267
302
181
232
294
259
291
263
296
159
167
392
326
286
355
256
392
353
168
118
138
169
361
357
387
401
414
402
360
461
455
459
236
317
462
487
540
331
399
243
227
210
256
215
312
354
340
224
215
314
228
311
378
372
219
331
237
314
250
407
366
472
451
485
314
406
392
344
420
448
443
416
438
420
374
240
236
278
156
143
96
142
108
86
93
179
160
228
141
257
170
34
396
351
373
419
268
343
358
334
411
178
464
323
526
524
513
244
290
276
268
191
238
200
160
283
280
210
296
370
343
334
145
224
198
482
289
346
290
148
166
221
396
409
109
515
468
472
374
426
412
243
455
369
358
327
255
297
147
443
460
450
431
449
219
144
106
98
105
111
66
79
82
80
112
134
73
190
104
113
94
279
97
141
103
222
174
166
106
305
448
223
149
178
297
204
85
233
319
196
187
336
300
212
292
450
159
277
182
412
270
470
153
452
335
293
146
213
383
403
146
83
467
154
130
257
207
506
491
129
186
318
272
114
97
303
230
187
263
225
119
120
195
376
337
370
335
297
216
62
68
21
220
283
381
263
157
249
499
412
298
360
262
350
334
210
186
339
368
524
163
282
325
95
74
332
256
391
434
522
414
106
218
220
224
12
177
155
350
244
487
425
265
269
271
298
234
210
216
250
300
381
345
235
404
304
413
272
391
318
298
276
256
330
125
280
323
283
439
451
427
304
270
265
360
264
392
249
283
368
366
275
160
181
375
351
235
247
276
178
123
265
453
157
420
71
231
251
455
386
367
427
312
416
261
264
239
285
426
281
159
206
85
436
160
456
118
458
347
267
352
279
310
188
307
338
377
458
493
390
394
394
273
368
290
486
411
258
183
335
274
287
64
371
-1
348
267
25
167
353
106
110
154
151
132
152
73
59
10
75
32
112
66
65
98
92
148
284
204
199
304
300
373
406
547
552
377
590
410
136
397
436
443
413
322
274
117
338
231
200
325
317
319
215
203
316
284
269
354
322
355
360
203
366
375
11
90
470
109
216
496
374
423
441
500
414
19
191
83
467
435
441
443
322
316
312
274
286
312
349
269
150
314
446
284
275
262
285
235
397
331
265
89
40
27
41
308
47
113
131
271
168
342
183
345
170
463
200
238
319
307
193
145
451
384
341
287
373
201
399
211
31
93
66
57
492
238
263
277
206
318
266
254
156
145
172
351
34
400
382
336
288
353
287
169
231
206
261
316
311
214
175
369
226
219
366
153
319
309
317
180
466
391
197
235
280
323
347
332
325
195
204
300
192
237
301
270
414
240
277
456
447
202
212
182
257
220
240
396
448
382
423
408
265
207
375
301
219
197
193
118
204
122
358
207
442
200
252
292
163
259
274
105
405
312
193
113
316
221
605
541
581
341
308
494
262
279
225
261
169
177
67
235
326
115
333
167
268
233
270
319
204
194
314
296
453
188
468
521
94
340
258
89
149
234
249
231
159
422
286
354
200
403
474
448
418
258
334
393
118
254
67
269
189
357
165
171
246
241
504
134
59
57
198
151
423
410
438
498
468
429
263
341
211
320
324
229
261
177
436
399
217
244
151
167
422
310
370
366
310
327
417
150
378
382
352
513
410
82
421
383
273
270
156
181
133
130
320
424
477
196
190
171
35
313
458
352
206
353
392
246
268
247
257
216
243
285
392
246
322
145
421
171
379
119
196
168
295
288
285
254
412
397
516
229
503
308
245
221
278
468
233
239
225
225
223
191
269
305
256
358
402
184
194
410
303
400
378
284
368
182
250
291
167
215
406
319
306
401
272
306
305
219
228
328
53
210
240
257
252
186
165
303
165
176
361
118
22
77
250
276
384
151
151
160
354
338
388
432
270
271
287
261
17
302
286
269
289
277
167
123
337
202
178
170
580
147
95
302
251
485
150
281
39
276
226
394
364
444
232
332
421
226
216
469
159
210
201
214
365
420
383
267
263
214
371
336
491
374
375
378
234
148
172
222
245
287
265
280
306
219
201
24
382
199
215
250
406
341
203
239
230
167
82
360
304
393
418
310
13
74
202
370
382
273
339
343
228
321
381
260
404
270
341
257
426
131
129
228
247
258
166
233
352
41
280
178
437
204
168
207
61
262
335
217
348
367
252
319
316
246
281
250
274
163
164
293
143
122
126
336
176
222
141
149
384
196
225
223
217
206
229
297
167
191
201
153
368
295
186
166
187
271
60
339
186
227
333
207
204
331
39
352
217
183
252
192
305
127
228
290
134
319
139
316
308
124
201
391
130
304
289
299
307
138
229
210
242
237
105
313
14
178
357
260
330
368
205
220
193
259
335
226
204
354
177
279
294
247
233
222
184
304
201
171
143
213
136
175
190
76
92
174
166
137
250
127
204
212
152
293
40
192
171
298
300
132
195
221
268
178
169
155
139
357
260
71
169
112
20
85
9
128
259
214
171
208
151
205
148
114
97
94
208
96
19
204
341
83
231
48
357
195
214
129
279
307
105
97
149
174
148
308
67
183
163
96
183
166
46
217
207
163
150
261
153
197
329
107
121
93
153
3
257
157
170
151
131
160
208
252
149
103
71
225
196
191
195
71
190
223
212
127
283
135
294
131
214
30
171
255
264
151
187
42
205
193
199
228
170
214
242
181
183
209
184
85
95
39
277
123
103
96
259
162
241
199
202
175
117
165
167
230
62
142
141
198
204
209
199
173
225
211
176
144
189
61
186
168
176
204
155
136
168
132
145
138
50
196
118
113
194
185
100
149
174
182
114
79
96
137
133
133
90
130
62
91
44
133
191
231
