150
128
124
114
135
163
174
163
191
188
108
129
127
109
103
87
129
161
165
113
65
147
129
116
81
118
79
68
100
91
98
122
100
146
92
103
92
74
56
60
66
66
77
88
72
59
40
22
58
49
29
28
36
67
47
51
61
95
58
97
114
67
35
161
196
33
109
127
199
207
162
220
152
152
156
128
133
190
109
233
226
94
111
121
124
128
123
94
188
131
93
106
188
38
44
91
143
141
104
6
143
150
141
248
108
260
128
241
294
244
251
163
204
247
239
230
242
262
184
167
292
250
261
300
258
320
266
136
100
159
182
258
288
295
292
257
268
265
298
293
328
196
288
295
341
333
179
274
235
171
171
167
159
236
268
272
258
180
298
185
254
259
281
180
266
213
245
177
294
238
292
237
280
214
334
298
292
297
266
324
292
268
271
298
199
209
224
159
147
119
126
107
100
104
191
179
197
137
224
176
39
300
306
249
329
200
228
251
261
265
155
291
217
285
293
270
244
223
186
269
199
187
185
155
233
242
212
208
260
267
197
197
221
160
304
176
266
270
138
136
180
258
253
124
314
224
254
212
315
308
211
250
271
284
198
259
237
122
301
295
292
295
312
213
134
104
108
102
104
74
112
92
81
115
131
83
162
122
133
82
237
80
134
107
159
129
160
102
235
244
198
89
152
229
168
108
183
194
148
141
223
229
230
256
288
131
196
144
213
211
268
83
261
241
136
71
185
262
283
151
100
270
114
113
185
205
274
331
134
116
203
194
80
76
266
154
122
174
254
116
117
151
257
225
268
196
235
175
38
28
12
108
165
182
182
145
175
310
246
193
270
240
268
252
171
135
192
209
309
121
237
249
87
52
242
189
288
279
243
241
110
182
204
195
22
106
116
175
145
299
254
212
211
212
195
151
148
149
223
182
245
212
147
359
204
245
260
238
265
244
231
197
192
117
226
176
174
290
295
242
218
151
194
254
194
252
156
172
259
258
168
117
196
242
230
182
138
241
142
114
199
261
138
224
47
178
215
301
275
263
255
242
278
193
188
165
173
325
182
146
159
79
277
137
280
141
264
291
157
185
193
189
136
143
240
296
286
227
245
210
235
181
225
218
246
171
110
125
208
187
227
61
225
286
247
150
25
104
207
107
105
124
129
116
126
70
57
15
71
31
114
69
65
84
80
127
121
165
150
163
224
416
364
238
229
260
259
223
76
262
214
255
205
164
228
110
216
180
154
132
130
136
96
107
126
110
128
257
239
174
242
136
193
159
14
84
275
80
167
228
211
212
242
229
182
16
147
90
256
249
222
226
124
125
123
113
-1
316
347
283
239
137
197
139
132
120
211
183
181
148
181
86
39
24
40
141
13
107
99
117
120
204
167
188
155
211
171
172
178
501
136
153
182
420
346
389
248
147
228
157
12
79
52
52
202
164
105
123
278
250
262
145
150
155
329
316
42
335
365
313
233
251
316
264
306
255
229
243
226
280
191
209
197
151
203
165
252
194
426
100
272
304
228
216
215
246
263
216
234
145
138
252
191
122
126
216
225
109
256
202
224
172
157
138
173
213
192
197
202
210
212
195
200
190
297
171
211
239
236
156
142
132
161
174
259
155
180
181
101
109
126
118
184
159
140
106
233
148
241
215
258
168
143
224
195
248
234
243
95
115
55
164
246
101
229
122
179
164
182
224
143
195
170
146
225
165
251
242
79
196
187
79
134
152
170
245
183
286
207
170
168
234
312
325
293
225
177
264
115
159
87
136
128
142
164
159
177
188
242
130
61
61
153
142
229
211
344
264
274
270
334
147
207
176
163
106
124
126
201
198
155
140
113
136
229
349
261
302
145
160
209
80
254
157
149
236
194
82
258
171
127
210
132
173
107
111
189
248
192
72
97
149
31
200
242
171
179
304
314
225
209
254
226
111
178
205
210
143
138
127
242
134
250
118
129
134
257
261
137
184
240
188
241
109
251
129
201
196
197
268
148
148
187
156
146
135
175
246
192
168
257
76
171
210
205
264
219
201
241
159
168
234
148
171
209
167
197
261
181
202
202
137
171
167
57
124
127
151
178
139
152
219
113
140
260
90
13
72
173
164
184
117
111
123
159
167
192
210
125
225
196
131
18
141
133
124
226
184
118
121
147
317
217
140
246
75
91
206
244
208
154
271
31
246
143
293
172
206
193
238
234
163
96
241
184
163
149
233
256
184
178
151
211
170
220
147
216
177
196
198
122
94
141
228
291
132
129
126
188
116
101
6
161
144
180
120
202
127
124
148
152
96
82
250
203
251
239
237
23
60
135
208
191
139
184
161
195
172
136
184
178
262
166
227
281
120
110
153
150
139
160
218
144
38
196
131
173
106
118
152
54
190
179
171
197
166
179
219
212
198
126
254
229
110
86
144
121
66
95
203
118
97
97
106
155
245
137
242
161
188
154
190
161
80
134
115
197
123
166
134
120
179
55
174
189
170
239
124
166
225
31
234
191
144
117
126
161
88
115
110
147
153
115
211
135
64
132
245
123
140
134
132
172
220
115
222
252
167
96
156
16
124
216
189
156
175
137
106
94
155
169
153
149
231
137
140
193
114
161
103
99
144
133
113
118
116
104
143
131
60
41
86
89
99
117
96
123
182
133
189
24
154
154
176
205
93
149
141
174
136
131
133
184
203
176
69
155
148
2
29
10
94
151
183
84
135
113
135
73
64
83
76
137
92
39
130
149
71
102
66
186
106
86
84
146
209
82
78
80
65
124
139
66
114
95
55
71
166
37
204
121
80
101
124
89
80
180
92
97
94
129
9
133
77
64
79
102
119
112
142
64
90
53
93
186
81
136
81
145
120
128
81
130
78
124
98
133
27
136
148
175
97
161
38
116
97
120
122
114
145
139
101
111
115
95
58
67
36
185
89
82
60
104
96
122
89
119
149
71
156
123
135
46
69
104
81
77
82
99
89
149
140
103
107
74
43
118
76
83
77
61
76
83
46
57
64
25
161
65
47
115
71
44
78
99
69
72
45
56
51
61
63
43
64
43
39
24
233
153
172
