127
101
89
84
105
112
119
110
129
130
78
109
81
77
64
63
75
111
103
96
72
125
95
68
51
61
43
52
71
69
69
77
60
100
58
69
57
41
33
42
35
36
63
64
50
50
27
18
43
48
17
13
28
47
48
31
44
58
37
82
133
66
49
162
180
26
101
138
150
167
127
200
130
148
150
115
134
149
104
191
159
90
103
117
166
136
127
122
151
179
103
92
196
58
38
69
96
117
82
9
82
96
85
118
50
201
72
145
162
150
184
113
125
182
156
176
142
179
101
93
215
202
178
223
155
237
228
97
78
66
112
225
239
257
238
257
280
196
287
285
296
126
188
298
331
321
216
270
135
125
107
142
114
175
189
184
140
158
204
137
174
235
232
119
229
137
179
146
257
229
293
245
289
186
241
265
239
280
253
286
218
242
280
244
154
128
169
85
82
62
67
67
53
44
93
95
125
97
156
94
10
237
223
224
286
146
206
206
209
230
108
324
197
306
319
314
160
223
189
184
129
169
131
116
172
160
125
176
259
228
187
90
125
118
292
192
213
186
95
101
150
246
280
66
340
276
284
208
280
276
159
268
209
212
216
160
129
90
306
309
301
287
301
144
83
58
58
62
67
39
56
53
53
61
93
42
125
70
57
56
184
47
95
45
161
110
114
60
206
263
163
96
132
154
108
51
150
223
133
118
250
178
127
224
309
93
206
104
261
184
265
107
288
217
212
131
158
258
234
87
50
293
107
80
151
150
300
291
75
121
187
174
63
66
186
165
113
178
164
65
74
104
253
219
253
227
176
144
41
50
6
132
243
241
186
96
151
334
256
194
212
154
246
226
126
109
203
242
350
115
206
187
59
36
200
156
263
261
281
213
70
152
146
134
5
119
95
216
159
322
269
185
186
186
178
162
161
128
184
192
221
218
150
300
196
249
149
242
210
187
195
175
200
75
207
249
179
281
296
258
179
188
178
257
182
264
148
168
231
229
184
93
92
206
241
160
157
187
111
76
194
276
123
266
35
167
154
292
224
244
280
194
267
180
173
167
183
276
179
100
129
41
285
94
267
70
287
271
174
233
194
221
145
194
205
265
315
329
243
274
251
187
219
191
388
337
178
115
240
174
196
38
260
368
231
223
16
102
250
62
74
92
92
87
104
49
41
4
49
20
62
43
45
69
70
102
215
129
142
242
189
292
309
361
369
254
349
253
82
262
302
314
286
240
204
55
197
159
118
274
257
246
178
157
232
210
185
264
246
247
283
138
223
250
5
61
337
82
130
326
283
320
357
364
303
6
126
71
303
297
277
270
253
264
272
215
197
203
251
218
115
257
310
231
236
213
187
154
293
239
160
59
14
9
26
242
33
77
81
231
117
219
117
242
101
332
131
160
226
211
143
104
299
302
232
197
227
128
245
149
25
64
39
30
315
137
187
224
137
208
192
179
105
104
142
277
24
354
336
246
211
247
210
138
184
156
183
252
275
155
114
227
159
153
244
112
226
191
243
117
384
298
148
172
219
245
212
275
266
130
144
208
130
200
239
159
270
169
189
300
275
148
171
123
177
166
174
308
323
358
337
330
184
154
310
192
165
152
161
90
137
87
317
133
277
137
185
181
114
201
216
64
289
242
114
77
219
167
365
335
392
313
283
320
189
190
149
183
119
113
35
175
257
74
282
110
187
158
208
247
139
138
220
201
350
124
347
323
67
233
197
53
79
132
170
187
117
322
188
227
139
299
394
377
329
176
234
267
75
158
48
218
118
222
126
102
171
173
367
89
36
40
158
101
358
332
404
415
379
352
240
246
180
235
242
156
192
101
299
224
137
150
84
92
265
236
242
267
242
241
315
103
288
285
253
359
335
44
381
244
223
205
96
152
81
83
317
440
428
145
118
119
18
309
376
277
147
283
325
156
211
189
228
128
179
200
291
222
261
94
414
113
223
75
135
102
257
255
199
144
294
249
330
185
361
290
171
170
204
357
170
176
162
194
211
135
228
222
209
323
339
147
139
360
220
329
271
195
336
130
196
281
151
134
294
280
218
336
202
223
226
186
184
331
43
153
164
196
158
136
111
230
119
134
304
68
14
50
199
190
334
88
99
112
243
262
331
294
263
264
194
190
7
234
207
219
252
174
132
80
308
159
145
124
344
105
66
198
219
304
107
271
30
252
164
435
369
376
143
243
324
172
164
430
120
191
148
205
274
355
377
247
231
166
337
246
378
348
350
369
193
84
130
213
204
252
256
254
207
194
180
13
320
148
180
180
319
192
164
182
154
114
61
325
356
415
375
280
7
50
148
289
441
243
266
272
200
280
199
223
290
205
517
279
484
91
101
175
185
153
127
146
225
13
216
137
286
175
143
138
45
256
250
175
352
483
215
270
315
257
278
246
248
93
104
219
113
88
95
332
128
193
100
101
302
169
138
214
137
182
188
243
99
131
124
109
-1
206
129
120
156
204
35
328
140
218
262
130
149
308
36
260
198
159
193
125
281
86
182
264
96
353
110
310
266
63
168
299
126
290
274
272
216
111
236
217
216
218
65
425
9
124
265
109
278
358
162
210
174
202
384
142
173
271
127
285
316
258
188
188
150
214
141
106
108
193
111
154
156
51
91
123
120
97
189
88
181
136
128
246
28
128
151
301
190
81
179
173
222
134
133
94
155
269
232
39
114
102
14
78
1
94
335
155
139
179
109
138
128
85
73
74
171
63
9
166
305
78
184
31
312
123
189
95
511
271
92
76
132
132
146
286
32
139
105
65
179
142
38
162
166
118
111
211
104
175
222
82
121
70
114
0
244
135
151
100
88
142
152
244
135
85
73
224
142
193
135
45
126
199
137
112
234
96
242
124
156
14
147
212
202
143
132
19
145
152
133
146
111
187
201
188
170
145
145
57
66
33
215
110
79
91
213
142
228
198
186
117
116
134
150
158
52
127
107
192
198
198
200
135
207
190
143
119
183
55
174
142
153
181
153
89
162
120
155
137
64
139
97
99
157
172
95
121
161
173
107
91
80
133
123
128
92
117
64
89
57
63
181
143
