149
108
111
100
131
157
152
139
174
161
88
131
89
90
90
73
94
141
140
99
77
130
100
93
58
79
57
59
88
81
89
98
75
129
84
85
80
66
40
52
39
42
70
74
63
57
30
20
49
45
21
19
27
58
57
35
46
84
39
93
150
42
30
190
195
26
118
165
194
212
157
232
168
156
170
136
154
222
119
257
217
123
124
140
171
162
151
126
184
176
121
103
218
42
30
81
128
114
58
6
104
106
97
165
68
243
83
177
223
169
215
135
168
227
186
206
195
216
113
122
289
235
214
263
181
276
255
111
89
99
135
258
295
290
274
272
323
200
311
308
308
126
235
339
321
347
205
251
175
139
130
164
146
181
215
219
187
156
230
168
180
267
259
139
250
174
201
177
266
258
312
240
308
225
275
309
263
303
276
314
238
268
283
231
180
160
218
99
88
78
92
73
59
75
123
124
158
103
194
123
17
288
240
258
300
176
218
226
230
233
126
308
196
310
320
327
200
230
196
245
154
165
153
126
209
173
173
207
305
210
215
124
160
132
314
240
222
197
102
136
178
279
294
76
339
271
284
206
321
291
188
273
228
262
232
216
148
95
301
312
300
291
323
181
112
71
66
77
72
44
64
60
56
82
105
55
133
89
88
67
227
61
115
70
178
125
138
66
228
270
193
100
123
186
133
72
196
244
131
156
268
180
174
255
312
85
203
111
284
207
273
125
283
273
218
105
183
276
255
109
72
287
116
85
165
179
375
367
108
117
208
218
97
74
238
174
133
204
244
96
94
121
273
247
273
246
238
178
41
42
6
138
241
259
219
115
153
330
264
208
246
156
293
276
145
121
235
290
348
114
248
246
70
48
226
167
290
272
305
219
72
164
150
152
5
143
128
264
158
330
275
164
164
164
159
179
157
156
181
231
216
236
163
348
203
243
180
265
230
227
201
203
261
101
204
251
224
304
301
278
171
184
172
275
187
275
148
150
274
272
175
110
130
218
277
208
176
263
128
82
209
272
139
272
50
180
164
305
257
264
285
218
283
215
208
158
184
293
181
122
168
53
293
98
274
56
303
295
222
241
221
234
142
232
227
314
297
326
282
325
262
205
279
196
375
289
200
161
243
197
195
56
261
361
265
237
13
130
310
73
77
105
110
91
97
53
49
7
63
24
87
59
55
75
79
108
190
139
156
246
182
277
279
371
362
304
368
289
90
298
391
397
359
255
215
76
200
159
125
234
222
198
153
157
210
180
178
311
280
279
314
152
236
244
8
78
372
90
142
327
281
328
390
361
298
9
123
74
312
370
350
324
232
225
236
204
260
234
228
214
143
229
317
198
194
181
188
157
287
226
156
66
18
9
31
226
34
69
86
189
94
248
118
255
132
345
152
184
231
190
155
136
317
272
220
182
227
141
240
165
15
72
45
35
315
159
161
194
163
191
188
149
107
97
115
233
32
292
301
234
180
185
164
89
128
152
162
232
201
118
117
268
168
154
272
122
208
230
217
142
392
270
157
163
172
200
221
214
213
145
157
181
156
180
189
169
271
180
168
320
261
157
162
129
165
178
198
312
327
389
319
316
200
152
238
203
151
153
154
91
148
98
292
144
357
130
169
196
110
165
211
98
289
242
148
91
238
141
345
303
362
281
249
347
164
188
171
175
123
138
48
174
212
68
346
119
183
170
208
241
134
201
216
212
325
165
382
334
77
236
133
62
97
105
178
158
103
271
224
199
154
378
329
311
264
169
246
273
99
175
70
202
141
272
131
115
178
166
380
119
47
42
150
132
376
354
330
287
308
301
212
222
145
248
242
169
200
111
365
265
123
157
102
115
286
236
249
235
219
230
335
113
266
281
226
365
347
53
282
257
203
162
120
125
82
63
198
297
280
116
128
128
27
207
377
272
133
261
269
169
174
205
156
130
171
246
285
210
257
123
270
122
247
82
142
119
190
240
186
153
266
331
323
195
393
237
141
124
186
349
162
168
166
131
146
154
183
225
195
285
294
128
141
310
206
274
252
198
264
135
158
216
110
175
314
282
294
375
177
221
223
150
156
280
53
166
158
220
152
124
145
194
126
127
-1
81
12
49
160
201
298
101
110
117
284
268
335
267
219
169
258
203
6
238
220
205
178
191
120
110
268
160
120
122
338
103
81
204
198
376
110
196
29
191
163
298
272
297
173
235
300
145
146
286
107
159
120
151
267
327
336
251
193
176
247
232
328
221
251
251
197
92
111
138
167
230
211
219
209
178
159
16
312
132
177
213
316
216
141
155
165
101
60
260
233
283
297
228
11
56
161
263
271
212
259
273
182
206
204
264
266
167
248
196
328
96
80
187
180
137
109
155
205
10
215
138
336
142
125
179
48
184
173
133
251
246
214
214
225
220
219
222
222
91
140
207
126
96
94
239
121
161
171
119
295
146
139
143
143
129
150
268
141
129
119
115
304
200
131
126
143
201
47
294
153
139
299
133
149
215
36
278
143
127
164
135
251
92
174
198
95
260
108
228
248
35
139
361
101
241
227
220
225
106
174
179
207
159
68
226
11
111
256
118
284
328
146
175
140
178
247
146
126
259
150
242
328
202
149
162
143
205
127
105
123
176
108
136
143
46
66
116
120
96
161
88
143
125
135
197
27
154
119
288
202
91
161
154
230
111
117
77
102
266
219
43
124
94
10
61
2
101
229
159
117
160
104
149
79
75
92
75
126
87
12
134
275
68
176
33
268
140
146
68
223
198
78
90
116
132
128
253
62
145
109
47
139
189
33
170
163
128
110
186
99
145
263
58
82
77
94
1
208
110
117
115
99
144
143
167
120
70
65
161
128
146
161
55
131
169
151
83
202
96
196
120
187
20
126
204
210
148
153
31
171
152
151
181
123
175
197
147
131
158
151
58
83
35
231
93
84
72
178
128
211
145
182
145
94
148
125
157
58
108
129
138
148
145
157
128
214
177
135
138
138
51
154
137
142
143
113
107
164
95
120
101
42
188
91
84
157
133
83
130
122
134
98
81
67
92
109
111
72
104
56
72
57
139
162
157
