149
107
120
115
119
149
139
124
151
125
98
144
117
96
108
76
113
113
102
110
40
107
94
80
63
78
49
65
84
79
96
79
46
99
59
76
66
50
55
59
53
55
55
57
50
44
33
17
33
37
18
18
21
53
46
34
51
65
42
104
142
19
21
153
142
21
109
143
147
125
120
136
122
120
102
112
98
126
92
114
139
93
77
60
116
108
140
105
147
89
102
103
100
35
24
54
114
106
51
1
114
135
121
178
86
151
89
177
126
151
155
142
177
161
146
176
169
163
145
142
181
178
148
184
155
201
186
124
82
118
157
172
180
193
176
175
187
200
163
162
164
100
148
182
179
187
85
143
154
122
123
120
116
124
166
168
180
138
193
120
156
193
159
140
159
149
147
108
183
154
152
148
173
168
168
184
150
138
155
177
171
165
199
210
118
136
147
109
129
76
90
83
91
91
135
159
164
114
118
86
26
203
156
147
160
98
138
162
150
176
122
184
148
202
225
201
161
156
148
181
128
132
102
80
141
137
179
146
172
179
160
113
147
160
193
171
159
153
98
105
108
191
183
95
200
161
184
144
171
175
135
156
186
210
142
126
117
94
191
197
186
188
171
140
141
84
82
83
78
56
60
70
61
89
72
63
90
87
94
63
139
77
89
95
74
78
142
86
135
182
123
91
89
123
128
79
137
133
125
84
180
173
127
167
177
56
152
89
174
147
163
87
175
159
81
46
98
163
159
117
82
168
119
103
160
170
204
193
92
126
132
116
33
81
169
124
110
135
138
94
93
118
156
133
169
169
143
149
26
14
8
107
132
141
141
94
153
215
145
117
173
139
166
163
168
93
155
163
213
92
157
167
93
38
131
147
140
193
198
205
100
105
122
130
13
99
117
146
135
185
151
158
159
159
137
128
114
87
110
165
181
119
99
168
149
171
155
141
194
172
162
157
188
70
124
128
138
208
180
163
160
145
118
158
122
182
111
119
197
195
137
89
100
136
164
184
153
112
94
97
135
178
26
144
33
163
136
176
165
180
154
136
170
189
184
115
122
189
108
106
163
67
168
66
190
45
169
159
127
156
142
131
86
109
215
160
194
157
216
157
154
126
204
124
177
147
90
44
162
115
125
37
168
214
136
94
13
112
139
52
49
66
71
46
72
55
50
8
48
24
90
58
42
46
55
73
104
95
101
88
166
237
253
191
208
169
207
158
85
175
157
176
144
127
130
72
141
105
86
99
88
89
62
54
99
76
123
153
150
139
154
130
130
134
8
80
171
60
103
175
151
152
177
179
131
6
166
83
175
195
183
183
95
99
98
94
183
115
186
131
140
129
164
78
85
91
136
101
157
114
118
44
6
3
23
108
13
36
92
109
98
141
102
124
82
182
94
106
130
288
122
103
148
261
183
178
162
128
138
103
11
74
49
39
165
107
76
86
179
152
150
132
125
114
184
202
38
244
207
101
168
174
185
184
206
128
156
111
127
167
166
165
95
118
172
81
137
151
246
78
175
210
170
187
155
177
176
185
167
98
99
154
93
70
77
116
137
103
192
164
167
102
97
96
113
91
102
136
162
143
158
160
146
84
254
149
104
126
124
119
113
89
132
79
168
106
115
107
77
80
92
80
158
97
141
103
135
57
172
159
181
132
123
174
149
185
173
160
87
107
47
115
130
49
145
89
118
116
115
135
99
156
118
106
151
100
162
171
61
146
97
73
118
99
145
151
119
220
146
166
92
158
224
240
202
162
137
135
106
158
56
104
72
142
105
65
121
115
187
61
31
36
91
89
161
168
225
223
181
184
215
110
149
131
117
94
89
80
179
171
99
93
89
104
151
180
156
213
112
110
162
74
150
131
127
184
143
37
208
132
104
137
108
102
74
15
177
186
146
48
95
71
29
144
183
128
135
190
218
145
156
159
137
96
127
177
137
78
96
103
187
141
160
60
97
86
192
132
116
125
148
162
180
78
165
126
176
161
136
183
109
119
108
100
93
109
109
140
127
142
193
55
99
144
131
162
172
145
201
87
140
120
75
127
157
116
128
146
125
140
140
79
107
127
40
88
100
111
149
117
87
130
95
94
159
53
8
30
159
122
148
78
84
83
103
135
153
168
100
132
82
116
2
126
125
116
144
100
73
95
125
166
197
121
189
49
53
154
132
152
75
170
24
158
92
210
123
128
139
175
141
98
82
189
150
122
128
139
175
150
145
120
126
104
165
129
162
155
135
169
90
118
124
128
220
97
92
82
148
62
51
8
121
101
106
115
164
122
95
111
108
77
56
178
174
179
183
188
14
45
103
141
159
99
148
129
99
156
110
105
148
248
122
176
193
59
84
126
114
127
88
165
124
3
123
107
140
57
80
116
47
147
147
54
143
155
143
143
171
118
115
209
176
82
86
127
130
52
71
147
103
71
61
92
140
266
115
144
117
104
123
102
95
83
110
88
155
103
85
108
99
133
45
141
152
133
152
104
113
164
17
160
121
83
82
97
104
81
66
100
128
117
77
162
104
5
106
157
69
116
120
117
152
150
66
171
175
113
44
116
10
76
153
105
131
129
76
88
47
145
140
123
152
143
110
95
122
84
118
59
74
134
102
70
85
96
73
91
71
49
41
72
63
108
92
81
99
126
80
155
23
134
141
125
153
86
91
100
133
102
79
104
168
167
137
59
158
99
0
31
2
83
102
-1
49
109
71
112
53
54
45
59
76
97
1
91
120
43
76
55
126
105
65
53
118
151
54
46
89
72
110
121
54
100
101
38
73
124
35
133
82
54
75
122
102
66
169
19
62
51
40
3
111
23
60
74
85
101
92
112
70
60
52
84
118
52
97
73
107
92
127
93
114
89
109
73
106
22
115
90
89
79
127
20
134
130
134
147
95
102
78
98
77
126
116
59
65
34
150
83
72
64
100
91
98
67
91
95
55
124
87
136
38
70
125
74
70
68
81
74
121
103
89
113
75
43
95
96
67
82
59
89
60
44
62
67
18
159
57
51
99
67
43
91
67
63
28
44
37
66
57
58
16
55
34
38
23
62
113
179
