83
69
49
49
64
86
87
78
91
101
46
69
43
47
40
36
44
84
72
54
84
111
51
57
33
55
24
40
44
40
41
53
48
70
56
64
51
39
26
32
27
24
51
54
45
46
23
16
42
38
16
19
23
43
49
30
26
49
37
52
88
56
40
98
137
19
72
134
164
183
112
206
148
159
160
132
153
169
99
202
112
77
99
82
176
157
75
96
158
192
71
71
190
44
35
66
68
98
64
6
57
69
42
91
36
168
42
114
143
123
152
75
105
157
129
140
132
153
63
63
194
174
144
191
127
186
181
72
62
59
77
181
200
208
204
216
231
141
236
239
213
98
149
255
242
250
144
192
103
98
96
113
80
138
151
153
104
114
155
117
130
192
170
82
173
120
137
137
196
186
220
217
236
154
207
204
181
222
212
229
164
208
210
152
117
114
154
73
53
31
66
43
44
52
87
72
84
71
136
92
10
175
183
197
220
138
173
163
186
177
94
245
155
258
251
248
119
150
134
138
104
126
115
75
151
117
101
144
211
159
147
77
107
66
228
190
160
142
67
78
119
198
226
52
256
217
219
157
226
213
115
236
156
145
174
121
112
79
232
244
229
231
235
108
63
49
47
48
50
26
33
40
42
50
68
33
108
56
49
41
147
40
73
44
125
82
57
46
152
217
113
91
92
127
64
36
119
172
106
92
185
129
119
128
247
77
145
78
223
152
202
117
216
181
232
163
102
196
184
65
35
229
52
69
96
111
249
208
72
88
145
146
52
41
151
183
126
152
133
53
61
80
207
177
189
160
155
113
57
75
13
171
251
247
176
78
95
269
191
161
171
126
190
186
98
89
231
254
252
80
181
144
36
36
153
116
207
213
221
148
53
124
110
115
5
143
114
250
146
258
203
111
108
111
120
193
123
106
133
132
163
166
121
191
157
178
98
170
134
130
118
118
165
57
158
246
231
208
236
210
127
141
133
218
145
191
96
107
154
153
117
102
80
167
211
115
105
163
97
65
138
215
109
209
43
118
125
239
158
215
224
155
209
115
105
114
164
190
139
70
94
41
227
83
209
50
216
204
161
160
162
211
119
228
168
200
229
349
192
267
200
193
188
153
400
452
199
93
188
154
154
37
189
265
180
292
5
125
222
52
58
85
64
73
81
42
31
5
43
16
55
37
45
60
57
77
302
105
106
307
144
177
194
324
320
207
264
188
88
212
262
270
268
259
158
51
146
123
89
413
401
386
283
193
345
280
297
198
193
226
266
108
174
294
2
45
261
72
103
236
282
361
325
356
390
3
69
48
231
214
213
198
396
396
402
286
129
172
178
156
67
331
369
357
340
345
139
115
349
272
111
51
13
9
24
266
45
50
65
361
83
186
91
225
84
287
104
118
244
111
145
80
284
156
157
135
151
86
183
117
35
42
31
37
290
114
306
313
88
170
140
145
90
82
66
155
20
202
213
179
140
159
106
72
98
111
119
178
186
82
72
196
109
118
195
83
178
144
150
104
256
222
93
108
123
140
168
172
165
103
134
140
97
274
366
131
224
128
116
255
215
112
118
99
133
125
156
282
273
324
365
353
167
111
206
173
122
111
118
42
112
67
465
102
229
95
145
141
154
375
332
47
350
320
80
46
162
111
270
241
274
370
357
263
116
133
111
145
146
150
34
124
178
60
215
91
133
121
166
186
104
100
176
163
343
119
276
219
58
151
140
42
76
105
127
107
90
216
169
177
121
222
267
261
206
137
252
207
48
143
41
184
178
208
75
84
124
140
297
71
36
28
106
92
318
298
239
249
241
237
139
281
103
283
330
207
189
75
250
178
101
132
64
74
208
157
164
163
285
290
243
136
182
331
335
256
334
39
242
197
163
131
83
101
59
56
175
256
272
230
126
84
8
189
282
278
95
187
186
113
144
128
151
90
121
170
210
254
291
78
214
59
172
56
105
91
167
168
184
107
222
205
248
303
252
425
102
102
151
287
134
148
124
132
136
110
166
159
158
336
230
279
106
248
177
208
209
144
215
102
127
161
120
147
238
312
198
236
137
170
168
138
132
325
33
125
206
199
117
86
92
145
99
105
211
62
8
39
141
158
291
105
109
120
204
229
285
228
274
131
160
203
4
277
238
250
141
146
102
67
280
82
70
81
263
152
49
148
152
246
79
154
28
163
116
197
268
287
118
167
238
118
254
257
72
128
92
102
184
332
329
231
172
134
228
180
237
189
223
220
234
48
80
117
122
573
-1
449
157
261
273
53
303
109
136
247
256
160
128
131
116
74
45
204
169
228
261
141
3
43
122
197
244
318
198
258
136
160
147
149
236
105
242
137
296
70
62
174
109
101
97
103
179
13
170
97
232
260
87
146
40
163
126
115
223
220
168
175
184
157
361
138
163
76
99
182
60
173
86
208
90
265
88
78
270
88
125
119
105
108
124
166
84
149
85
77
256
160
86
88
116
157
31
269
108
143
197
88
99
198
45
158
122
126
267
108
244
65
304
397
47
309
76
184
240
44
120
193
83
312
312
320
178
67
336
118
144
126
60
211
4
91
193
102
250
279
130
238
300
136
211
108
113
205
95
263
207
348
105
253
212
160
101
76
89
143
75
98
121
36
135
180
170
64
121
60
107
88
93
157
31
89
92
177
107
58
137
122
194
79
103
75
67
185
140
38
82
35
11
142
4
71
206
92
206
113
86
114
92
65
50
65
114
47
4
108
266
57
241
24
283
98
263
64
211
159
68
59
95
179
95
222
30
106
79
67
122
112
33
83
221
158
83
154
74
231
148
60
73
52
82
0
178
163
218
85
71
117
105
155
171
48
48
173
84
256
128
35
105
170
113
73
165
83
174
102
147
22
96
161
146
141
96
37
133
124
113
124
82
127
147
118
115
137
98
47
46
25
141
77
59
58
155
109
165
231
169
90
77
109
100
104
55
92
66
244
252
245
204
100
129
117
97
76
246
49
124
83
191
205
189
72
130
180
192
96
72
99
76
71
106
129
71
90
117
145
82
69
100
159
93
120
69
107
70
106
49
72
114
92
