58
58
47
46
48
65
72
66
66
63
51
61
46
48
52
36
54
65
44
51
26
55
40
59
52
75
38
48
52
54
42
46
33
32
67
79
78
57
58
64
61
64
69
76
90
81
60
52
72
79
63
61
77
76
72
68
56
64
74
41
56
20
32
61
60
23
48
47
53
42
36
49
42
42
37
45
39
45
42
46
40
20
27
21
44
38
50
56
60
39
52
61
38
43
33
67
57
78
47
5
63
52
44
66
40
66
40
78
64
60
54
56
59
56
44
56
50
50
60
59
60
59
59
71
53
78
60
43
28
64
55
60
77
69
62
55
61
59
55
58
55
45
67
69
58
70
29
51
58
57
54
41
48
50
50
56
58
46
73
49
58
57
57
55
68
50
58
38
54
60
56
45
58
52
66
75
59
54
62
61
49
55
65
62
60
61
61
43
53
32
46
34
38
31
40
46
48
32
55
43
19
63
61
62
60
29
50
60
70
60
50
61
44
60
60
52
60
52
58
68
76
72
67
49
48
46
69
59
71
54
53
73
49
54
61
63
64
61
41
64
44
66
72
57
63
50
54
54
58
57
53
50
51
63
55
55
46
40
63
75
64
64
62
57
62
42
34
42
32
35
41
40
37
47
39
38
38
44
42
40
56
36
47
39
38
40
53
50
57
56
60
45
40
40
44
81
71
44
77
47
62
52
52
52
60
49
70
29
51
69
58
22
54
62
39
18
37
52
44
60
35
60
52
35
51
62
55
58
82
54
49
39
6
26
60
52
37
48
63
55
69
40
62
51
47
59
48
60
16
12
4
45
44
42
46
77
65
60
53
58
62
56
67
62
55
43
49
49
66
58
60
47
31
26
49
45
49
60
49
47
41
74
69
74
13
51
41
50
40
58
62
54
54
54
59
52
64
23
69
48
56
42
65
53
54
53
51
51
43
50
49
43
52
38
71
44
47
52
62
59
61
65
61
50
62
63
28
34
48
47
38
43
36
39
53
46
50
40
49
38
53
58
14
49
52
64
57
68
50
47
54
52
62
69
66
69
57
54
45
62
65
57
59
57
68
32
51
60
61
45
61
48
39
47
52
51
56
51
59
52
54
50
59
65
60
56
40
18
44
54
61
69
62
60
64
42
0
50
47
50
56
57
58
46
55
92
79
29
69
37
75
89
65
43
55
59
38
59
51
41
51
58
51
60
61
58
56
54
36
58
53
55
50
42
63
36
47
63
62
34
31
45
32
24
41
33
41
61
54
49
65
80
37
54
1
31
59
90
46
51
45
45
62
48
42
22
58
26
49
63
58
49
39
41
40
43
55
44
41
38
45
43
58
32
34
39
61
53
53
57
60
47
14
4
56
44
3
27
70
36
39
46
75
49
64
54
61
56
38
67
64
86
48
54
46
37
51
50
52
52
8
61
38
40
55
55
31
39
56
47
57
57
50
49
53
47
45
49
48
42
36
32
31
27
29
23
52
22
28
32
62
50
54
57
50
56
47
39
35
33
52
45
64
63
46
48
59
55
58
45
54
48
49
29
37
39
47
33
40
49
51
58
49
49
58
44
55
36
54
46
47
48
75
63
56
47
35
38
41
43
47
32
45
53
53
41
60
49
41
43
40
46
47
39
42
58
67
29
54
46
46
42
38
52
49
46
53
38
44
44
27
52
32
35
42
54
57
55
51
51
46
64
43
34
49
53
45
48
87
34
28
43
36
42
61
26
36
57
53
52
52
47
47
48
44
36
59
50
72
61
43
25
39
55
29
28
55
59
54
23
27
28
49
54
54
48
42
49
51
41
37
40
45
57
57
51
43
38
56
45
30
39
36
44
50
45
51
45
44
36
52
47
46
42
40
51
48
31
43
44
39
30
74
33
54
16
36
45
51
21
45
34
23
37
51
46
41
55
43
53
44
46
22
31
32
48
41
35
40
55
44
43
50
54
31
41
35
34
40
39
49
48
48
42
46
37
45
43
47
56
54
56
61
25
28
50
41
57
61
38
43
29
56
43
45
34
54
49
47
52
49
34
16
46
44
43
47
43
52
48
47
23
41
41
76
42
33
51
38
57
50
35
49
46
47
22
3
21
42
42
41
39
49
44
27
39
43
49
34
23
19
48
3
54
51
46
25
40
49
76
38
47
54
51
49
24
58
54
24
41
45
42
28
28
38
45
37
40
51
46
43
44
35
43
47
42
36
30
47
41
40
34
26
52
37
41
36
39
38
41
30
36
35
21
37
34
31
34
53
32
32
4
42
45
42
39
45
38
46
60
32
35
44
46
42
52
47
40
21
60
42
47
41
33
50
41
45
36
32
41
39
44
38
42
50
44
21
51
40
40
33
55
44
3
56
58
48
17
35
46
79
34
44
25
43
41
41
40
40
31
30
47
50
27
41
37
51
17
49
43
50
31
24
42
41
50
57
32
38
26
49
30
35
27
39
45
35
34
41
43
43
60
-1
43
49
39
43
35
37
36
11
49
18
38
30
36
46
30
34
38
42
38
46
39
37
2
43
39
26
35
35
34
51
44
28
27
45
24
36
33
11
30
44
37
33
40
35
38
25
30
42
49
38
49
53
33
37
35
28
26
29
40
41
35
36
32
47
44
44
33
26
31
24
39
34
42
40
46
58
36
16
44
41
35
42
31
42
51
43
47
41
32
35
43
36
49
53
34
2
19
1
30
30
45
14
35
41
51
5
29
25
48
17
42
7
44
34
19
34
30
40
28
31
26
35
35
36
45
33
36
25
32
37
41
37
26
27
38
27
38
31
25
26
35
34
25
42
6
23
27
11
0
33
4
28
23
24
31
37
31
19
24
29
31
38
21
29
22
34
33
40
24
31
31
33
29
37
16
26
38
37
27
35
5
39
30
37
38
30
23
28
28
27
34
27
25
28
37
45
35
22
26
28
38
37
28
32
33
20
43
39
35
30
41
40
28
29
24
30
25
28
28
24
30
24
24
21
17
24
23
27
13
29
21
24
26
12
45
17
14
25
25
19
25
25
22
14
20
24
21
24
23
10
27
15
19
9
13
25
30
