173
142
126
119
144
192
177
166
207
199
102
158
107
101
89
93
109
169
155
124
101
176
129
118
69
99
65
73
106
92
90
123
86
145
100
111
93
82
48
64
55
48
84
83
73
78
41
31
54
67
33
30
45
58
61
48
57
98
52
110
170
70
46
209
233
35
137
218
261
246
192
303
212
224
216
192
201
251
161
293
238
140
133
168
227
214
188
178
286
217
156
129
300
70
36
95
148
160
90
5
125
136
105
179
73
254
78
203
268
194
247
149
197
227
197
220
218
240
146
135
305
254
230
291
212
307
266
130
89
130
134
292
327
300
282
285
340
237
366
348
344
160
241
376
367
427
263
288
188
156
161
175
160
219
262
250
214
208
265
172
209
286
294
177
317
206
216
215
295
274
358
302
340
254
322
331
311
338
327
341
274
291
344
286
193
189
236
118
114
74
97
84
81
88
136
139
189
118
224
131
22
322
298
301
369
190
287
238
311
279
156
372
214
359
347
353
244
291
213
298
207
223
187
124
242
193
192
227
321
258
245
143
178
160
348
301
270
249
111
151
209
302
334
90
409
303
318
245
343
327
206
315
266
267
282
262
172
126
410
425
398
373
366
198
134
82
89
93
94
62
80
76
62
102
111
65
148
101
97
79
265
59
119
86
199
131
141
86
271
344
206
132
152
210
158
89
206
257
191
184
306
215
195
279
378
107
293
119
338
281
331
139
341
308
303
169
197
308
306
129
73
325
149
106
220
218
392
378
121
182
232
258
98
88
271
291
191
218
253
102
105
142
348
302
356
304
258
229
60
82
19
212
327
353
276
140
184
405
298
238
284
210
338
308
174
133
320
353
399
149
314
318
93
62
259
183
310
319
335
253
78
204
183
192
13
180
151
331
208
383
373
221
221
221
199
278
200
161
238
251
287
290
208
395
245
270
203
317
253
234
219
202
314
111
234
347
273
354
385
364
287
224
210
306
231
345
169
173
325
323
253
152
127
264
321
207
233
258
163
110
244
323
162
312
62
209
207
351
280
327
358
226
318
246
244
194
251
355
215
153
206
64
313
117
326
66
359
341
327
277
301
317
143
305
286
316
395
453
338
480
346
301
323
221
580
455
261
171
349
229
246
70
302
441
325
326
17
199
332
86
92
119
123
111
125
71
56
10
77
32
101
71
68
82
89
135
292
162
164
374
215
305
324
512
532
356
458
386
147
382
435
495
390
388
286
99
254
185
147
343
319
301
233
206
342
257
269
396
360
372
455
211
300
420
7
97
459
100
171
388
414
473
-1
520
431
21
149
76
398
405
369
377
333
353
346
295
242
255
255
265
164
349
521
311
278
272
216
176
404
356
202
82
22
14
39
356
47
91
114
271
136
274
158
370
167
433
174
198
325
213
216
145
473
324
270
223
291
196
271
198
39
94
54
44
450
176
251
320
209
207
208
224
155
142
135
296
34
322
294
293
207
234
202
108
175
187
182
260
264
154
142
373
199
201
363
146
231
269
258
229
464
295
191
205
209
240
242
251
242
182
190
245
176
240
283
194
306
240
221
410
313
187
203
151
209
246
225
437
430
506
478
459
238
189
311
327
173
158
156
121
199
111
490
162
406
139
228
221
164
306
379
110
404
350
173
105
286
162
399
368
407
372
362
400
192
214
201
221
202
187
55
204
272
88
385
150
263
229
267
322
166
228
270
244
421
234
407
384
89
308
195
86
119
134
210
200
131
362
326
292
154
364
372
378
327
198
432
305
101
242
67
325
221
378
120
125
202
202
431
116
60
47
167
153
510
516
350
372
352
295
219
347
175
488
449
265
351
116
450
355
162
237
122
137
359
241
316
262
373
398
394
162
312
367
313
383
476
60
346
369
296
190
146
150
98
82
227
339
368
185
152
150
35
245
473
510
171
293
294
194
194
218
192
157
212
280
333
278
329
145
296
143
326
101
166
120
222
254
350
218
285
418
375
290
431
436
158
148
210
462
211
210
202
163
156
174
219
269
250
359
307
225
177
359
252
315
327
243
301
149
186
254
125
234
363
462
367
376
210
240
241
209
186
352
57
173
242
336
201
175
152
260
174
154
390
107
17
56
195
241
513
153
152
159
338
311
423
303
264
203
289
342
6
410
378
380
206
219
164
124
357
209
182
172
377
163
90
245
222
367
122
205
39
222
182
325
312
387
199
306
343
172
246
342
140
179
149
185
307
428
474
329
205
221
341
286
370
217
249
251
243
128
147
170
189
340
325
310
271
266
254
36
386
166
173
275
406
288
150
201
182
134
68
311
282
338
381
248
20
72
185
288
296
295
343
346
211
240
258
253
378
202
298
217
375
103
93
191
231
179
125
191
349
20
277
186
372
229
139
231
62
202
199
171
279
278
267
258
234
210
294
239
289
108
145
290
124
135
113
338
159
244
165
137
399
160
234
193
180
159
170
251
141
202
156
154
357
247
143
166
157
239
62
350
187
186
331
178
164
251
60
306
164
152
248
159
363
107
294
309
128
330
127
240
314
64
159
341
113
314
298
305
241
112
260
176
256
181
78
269
9
119
302
152
346
388
167
296
238
213
269
184
155
271
163
444
316
313
185
271
218
283
168
131
134
228
119
162
155
60
111
187
183
127
194
129
148
149
151
222
41
177
147
267
250
110
191
191
367
150
157
106
118
305
221
55
157
111
17
99
6
116
289
177
175
186
111
178
99
86
82
92
159
98
13
179
339
70
252
51
355
170
224
92
246
217
105
106
125
187
150
291
74
172
132
87
164
180
39
178
218
207
124
208
123
201
286
87
90
84
126
3
217
164
178
158
104
178
160
192
187
82
66
205
148
196
209
65
162
217
181
103
223
115
240
160
236
33
136
220
214
173
152
53
208
187
196
212
136
160
192
154
163
212
180
67
81
32
254
107
98
77
204
145
264
202
205
140
116
139
131
172
61
125
126
212
220
235
214
123
217
187
140
144
213
61
155
142
169
202
163
124
154
140
174
133
68
176
122
113
188
185
107
132
165
186
100
83
112
140
141
124
81
138
76
94
61
140
211
212
