92
70
73
69
79
90
86
87
102
93
58
87
63
68
55
50
56
71
68
62
14
65
67
66
44
53
49
42
61
54
48
77
67
98
52
55
56
37
29
39
38
31
45
38
33
34
19
9
26
27
14
12
19
34
26
31
37
58
33
58
66
36
7
93
116
12
66
97
124
141
109
147
109
101
99
83
87
108
66
148
139
65
86
121
95
95
95
62
113
128
68
55
140
13
16
56
67
75
44
0
69
73
56
118
52
156
48
104
157
113
126
67
112
144
102
121
124
146
101
91
165
160
142
200
128
192
177
70
44
70
93
176
174
189
165
180
179
157
194
203
215
109
151
207
240
252
171
186
122
84
86
109
95
125
172
143
146
94
156
103
143
172
174
97
169
99
131
124
169
153
204
205
223
161
206
194
161
193
186
233
199
174
212
201
116
106
150
79
72
57
61
54
49
48
89
94
145
64
131
80
9
231
184
186
188
122
157
135
146
192
68
229
141
225
222
225
131
125
101
144
111
108
93
68
126
141
115
152
183
156
120
68
93
102
216
118
145
134
77
81
118
162
175
35
235
194
210
171
200
193
115
214
184
168
178
128
144
57
204
210
195
195
201
120
74
55
51
57
53
40
47
45
45
70
78
40
95
56
61
40
170
20
84
54
114
84
87
49
167
206
99
54
78
133
119
49
111
146
86
102
179
140
92
122
208
54
144
85
168
124
197
76
204
186
126
64
114
184
218
64
43
196
80
48
133
103
170
194
64
71
153
152
87
49
149
109
77
108
117
53
49
76
163
136
225
175
135
91
28
32
9
87
119
155
114
57
99
256
169
120
179
131
195
170
79
88
139
160
243
89
136
145
54
22
181
108
186
179
162
155
43
129
116
102
3
69
78
151
116
232
185
137
137
139
126
114
97
97
132
117
169
158
105
198
122
174
147
172
147
142
126
117
113
44
138
128
112
210
212
194
157
107
131
182
130
175
123
121
151
152
115
77
106
197
169
111
109
148
68
45
128
182
94
186
30
99
123
243
165
152
200
120
177
114
108
116
120
226
150
79
97
26
197
79
212
49
219
198
128
152
129
158
84
102
167
193
236
205
183
147
167
113
132
121
205
136
93
92
132
129
145
33
168
231
186
114
9
67
136
56
57
72
65
55
83
39
32
2
35
20
61
37
36
54
43
53
92
90
91
130
161
388
356
208
211
153
203
168
44
156
167
173
165
128
140
63
171
113
89
138
127
116
83
87
130
104
105
164
164
127
167
89
152
137
1
70
196
46
113
206
168
170
200
190
187
8
94
44
184
182
167
170
130
131
129
89
245
254
365
279
210
100
171
123
102
106
130
108
160
147
108
54
19
12
26
131
7
46
46
101
82
144
83
140
92
185
93
122
113
387
83
80
181
423
379
381
168
125
194
107
14
50
31
10
155
109
100
111
262
250
228
143
145
128
256
304
22
344
304
253
307
347
448
361
363
302
232
241
268
287
125
131
127
130
134
72
225
178
538
89
187
316
164
178
199
192
237
214
201
102
93
193
115
96
128
142
190
92
255
165
190
107
112
90
124
188
119
154
164
177
172
154
149
115
304
118
146
220
224
115
91
54
136
102
177
80
108
135
51
105
106
72
148
168
89
59
172
113
204
188
206
159
110
205
171
219
176
191
83
81
13
111
271
64
145
78
128
119
123
154
84
95
148
142
179
97
195
209
39
138
217
46
59
67
117
-1
198
301
143
113
93
169
321
320
253
174
139
184
58
109
48
121
95
125
165
75
130
126
187
74
33
24
106
93
193
175
356
295
269
245
315
116
155
121
132
75
115
75
158
151
93
106
67
62
188
243
185
300
129
129
163
52
209
132
124
203
166
28
283
160
86
258
76
201
59
50
202
285
186
87
47
72
22
238
188
153
153
243
336
146
172
195
301
114
183
116
182
115
119
62
228
98
201
58
106
71
271
261
122
122
202
139
215
91
216
128
181
162
147
220
109
101
91
179
148
99
157
188
152
151
212
82
98
190
175
254
205
147
277
86
152
252
217
117
180
136
133
173
135
147
147
154
117
149
31
99
97
117
155
92
86
282
89
110
158
71
1
38
140
130
158
73
70
81
161
119
175
189
119
356
149
117
7
134
122
103
276
115
98
55
135
192
205
106
192
96
51
129
266
165
84
253
14
387
106
263
147
165
122
212
185
114
86
245
141
113
166
283
221
173
175
112
244
122
227
143
196
202
175
202
87
98
134
347
361
115
107
110
150
88
81
9
166
99
113
100
156
113
84
103
107
87
38
251
177
214
241
196
6
29
95
166
177
126
130
134
172
165
119
124
149
248
182
232
239
59
106
114
87
96
111
149
128
15
121
82
144
93
99
93
28
187
153
198
168
185
110
222
226
127
101
261
235
64
43
110
58
68
54
154
81
82
58
62
160
220
113
340
91
182
136
128
87
58
91
89
187
112
99
86
88
136
26
137
116
212
161
112
129
248
29
205
245
167
104
92
142
65
99
95
119
144
65
194
134
70
102
164
86
125
118
121
137
128
119
294
206
187
48
160
2
72
158
112
138
163
93
89
78
160
138
111
223
192
78
126
131
90
182
98
74
129
113
89
70
91
71
99
84
35
47
81
86
63
118
64
82
101
79
209
21
110
128
130
154
86
86
101
132
84
81
98
187
156
159
36
67
127
0
36
0
56
139
151
100
95
71
93
130
44
53
47
161
52
11
80
131
38
82
39
144
111
77
56
160
219
47
42
57
61
100
141
47
99
71
51
79
114
21
126
109
56
72
129
82
68
119
132
71
55
182
1
130
76
65
79
76
95
114
144
69
59
43
96
110
79
124
40
83
94
88
84
125
49
112
62
121
14
109
122
144
77
79
34
81
73
74
86
73
101
113
103
105
84
77
49
50
19
117
48
53
44
93
78
107
90
99
85
52
104
75
108
30
53
64
75
67
85
92
70
100
116
79
76
68
40
88
67
67
57
52
63
75
50
51
48
32
88
60
56
91
60
41
62
71
73
50
30
37
46
53
52
41
45
47
34
21
87
115
149
