140
119
104
103
119
157
149
147
165
155
100
130
99
84
110
89
111
138
127
91
99
176
110
105
73
99
60
64
94
92
93
98
78
139
87
91
90
67
51
59
50
56
74
78
72
74
42
21
57
72
21
21
36
56
64
41
45
81
60
89
119
104
57
142
198
41
116
133
144
156
126
183
143
134
153
111
126
158
78
181
159
74
104
127
135
147
105
118
177
159
94
122
165
83
60
78
129
163
109
19
101
169
134
241
112
352
128
287
273
288
271
206
222
338
291
333
274
295
145
152
362
334
306
387
269
352
395
174
145
122
181
392
386
455
435
448
424
367
439
460
446
215
297
466
464
471
297
378
211
271
264
290
216
317
325
357
183
214
302
263
282
413
367
218
342
197
433
274
455
385
470
389
503
289
389
315
353
418
424
493
329
416
433
324
232
228
237
147
135
104
113
100
93
83
159
132
165
176
232
157
41
313
321
351
477
252
346
321
413
355
171
511
287
471
463
463
188
192
196
185
178
233
180
172
232
215
201
235
406
347
360
126
200
150
536
184
403
313
151
170
194
384
420
108
512
422
459
373
551
530
273
369
237
268
223
242
234
173
552
573
548
514
493
261
132
88
91
110
103
64
82
78
73
94
121
71
170
100
104
110
224
90
147
93
176
172
118
101
256
392
193
91
198
248
156
76
208
234
217
162
301
256
235
224
490
156
276
194
390
302
449
92
470
274
191
98
166
430
314
159
93
499
113
118
188
172
300
310
114
118
320
224
78
86
295
155
115
185
174
106
121
219
349
317
319
240
253
174
40
47
11
142
172
171
196
167
158
504
351
306
366
265
296
274
214
213
199
225
496
176
217
209
92
56
316
254
460
453
292
276
80
217
200
196
24
117
90
220
142
507
362
302
301
305
199
168
197
254
269
200
254
329
224
292
396
440
216
366
259
238
237
208
201
95
290
199
171
257
481
388
206
252
253
377
246
483
143
156
238
236
180
155
155
251
221
167
142
333
229
171
257
426
158
379
63
171
234
473
230
218
397
419
507
146
153
220
254
307
282
150
145
79
475
133
343
124
315
304
166
239
232
203
246
171
289
399
442
270
287
245
381
196
225
287
306
248
168
166
230
266
265
62
-1
371
371
166
24
119
244
99
96
127
144
111
133
67
53
11
72
31
90
61
63
88
95
127
176
214
197
207
238
294
285
315
338
269
333
259
98
336
267
306
243
219
323
98
335
213
173
198
196
188
142
132
198
166
142
275
267
226
264
199
212
210
8
64
340
110
210
324
193
251
302
299
242
16
173
94
312
271
261
241
198
203
208
161
225
245
322
218
137
203
271
179
170
170
281
241
258
195
271
87
41
25
39
186
20
122
134
169
184
311
191
222
156
321
192
212
219
215
155
135
236
311
252
222
390
149
363
186
19
84
56
64
300
217
149
187
171
289
229
278
162
142
166
267
37
289
283
285
233
248
223
160
226
190
217
277
251
238
144
300
225
215
284
151
272
218
244
120
325
248
195
191
257
330
312
357
316
174
195
301
204
152
185
232
398
143
204
277
347
206
195
177
224
183
255
246
275
248
245
268
247
199
260
189
243
185
186
100
196
125
232
185
250
228
238
262
123
189
182
91
246
209
144
115
306
190
344
316
342
206
194
278
263
269
188
234
121
132
58
215
315
107
260
185
266
263
313
357
159
149
229
212
292
146
297
320
92
234
240
70
136
238
246
168
152
310
190
214
190
283
339
317
283
244
233
391
113
172
66
177
124
243
172
195
240
240
287
184
75
60
184
145
271
227
329
296
323
299
225
190
254
214
240
157
158
165
291
253
173
224
168
175
260
258
368
304
204
186
255
108
277
230
205
302
223
86
285
256
190
216
158
170
129
144
196
262
259
121
133
185
40
208
292
211
178
321
319
268
259
252
225
140
270
204
296
168
185
159
298
111
237
118
153
162
210
256
169
209
413
245
289
175
313
212
224
220
263
313
251
266
261
212
231
180
286
297
250
217
296
139
197
285
235
281
354
346
263
184
262
241
204
139
258
219
237
272
260
283
286
215
239
219
51
222
162
192
203
210
157
259
165
186
261
145
21
76
241
306
230
98
105
112
217
200
225
436
173
227
185
204
17
210
199
179
200
280
176
112
211
178
141
164
352
83
86
340
232
280
131
193
40
236
228
282
237
267
228
271
296
218
165
230
138
237
200
161
248
228
234
185
227
211
262
239
291
211
226
231
165
103
147
174
204
210
189
184
287
170
165
13
232
237
223
155
273
170
194
226
219
150
95
265
185
275
317
207
10
72
236
317
235
192
285
205
196
212
215
215
254
195
228
178
295
97
140
235
163
151
192
219
225
32
321
185
241
118
196
152
62
199
164
180
230
228
228
199
224
216
185
200
225
163
109
239
116
75
133
262
196
132
106
141
216
167
148
176
196
188
237
217
157
106
140
150
260
185
168
155
184
277
62
211
191
174
213
165
206
227
37
252
170
153
173
188
233
138
171
191
119
201
140
228
189
110
205
280
127
198
189
182
286
118
145
194
212
175
87
201
14
170
344
223
185
239
190
176
151
183
231
251
145
346
143
214
206
167
245
157
146
211
217
196
223
164
127
204
197
72
66
121
122
112
165
148
210
242
169
231
27
204
173
218
191
138
191
214
189
164
180
153
123
258
202
64
165
99
20
53
13
140
164
168
94
192
157
215
127
110
116
88
162
95
34
184
210
100
153
64
220
183
154
114
192
244
124
96
158
123
109
207
51
164
128
64
128
161
58
160
135
132
179
171
159
129
202
87
106
96
115
0
207
102
122
99
135
111
186
186
116
115
71
152
181
118
131
67
181
156
224
122
200
85
186
154
130
24
144
183
193
117
216
32
144
133
133
136
153
178
183
132
143
132
122
80
89
38
185
135
95
82
162
152
166
141
141
159
110
134
153
158
66
150
103
130
135
133
133
179
169
173
126
89
133
65
152
108
112
123
108
84
117
98
116
99
43
153
83
89
128
115
88
98
155
115
113
63
66
94
97
102
85
94
49
67
34
94
142
169
