162
147
119
114
135
184
173
177
192
195
104
156
105
103
115
96
129
164
151
110
99
192
126
125
75
129
77
74
112
102
104
134
93
158
102
116
95
82
48
63
66
61
99
98
82
84
42
25
71
77
33
27
45
65
81
46
52
97
65
94
126
92
69
162
235
61
127
141
169
180
140
189
144
159
152
118
137
188
102
207
196
99
114
155
151
156
131
128
189
172
96
128
188
103
54
83
151
173
134
19
126
190
164
278
125
398
144
309
324
338
344
247
275
362
326
348
335
343
183
197
442
372
343
412
294
406
400
208
157
147
212
447
449
441
478
481
471
406
477
504
468
262
322
513
499
548
330
405
261
303
276
300
221
335
348
401
233
219
364
319
311
464
396
231
397
242
449
284
481
430
525
469
517
322
415
382
354
470
495
545
370
459
413
374
265
257
274
171
161
140
139
123
94
105
193
157
201
203
258
181
43
351
317
367
497
277
386
362
410
389
204
485
300
541
541
530
219
210
190
213
212
257
213
182
298
242
224
269
447
382
380
166
249
163
552
207
470
333
181
180
239
431
498
136
563
480
493
400
557
556
287
404
275
270
275
302
263
178
522
546
524
468
542
281
155
115
102
134
116
69
83
94
78
119
134
78
168
121
111
112
235
100
167
113
215
182
140
102
291
443
219
98
204
272
149
90
230
269
224
161
341
261
259
240
550
177
284
180
424
335
468
109
536
314
209
93
219
457
330
167
114
521
112
143
203
194
330
356
143
118
350
255
102
98
346
178
133
211
203
134
134
245
408
379
339
278
307
173
39
46
5
147
182
182
203
197
177
541
412
321
401
300
351
327
258
218
217
256
550
192
228
238
103
64
338
252
513
458
334
292
100
250
251
224
20
123
99
240
157
526
389
357
360
359
206
181
227
270
290
214
290
384
227
345
331
484
211
433
279
255
250
223
223
116
307
223
199
292
510
409
212
255
276
427
282
483
163
179
277
272
188
185
177
266
253
177
166
359
256
188
324
503
187
409
70
199
270
530
269
251
472
455
-1
184
192
217
293
325
284
153
166
87
499
160
390
123
361
302
191
250
245
225
272
198
340
462
464
304
312
278
412
218
258
313
330
280
181
192
236
313
316
72
507
416
387
191
39
129
277
109
126
159
166
146
151
71
56
10
81
34
115
64
64
118
110
144
187
227
207
210
280
299
297
348
357
294
356
286
94
325
311
324
283
232
315
104
347
255
201
213
206
216
149
145
221
182
176
301
272
231
279
222
242
254
15
74
352
116
211
345
233
264
318
343
254
14
170
89
357
315
304
304
210
215
212
191
278
264
304
249
169
221
294
197
193
176
296
250
265
229
275
103
29
21
41
199
23
139
124
186
197
373
195
242
167
324
220
258
227
204
164
145
267
308
278
216
448
168
395
209
18
90
63
65
326
227
167
202
183
291
252
260
140
127
152
274
40
293
299
327
251
255
217
133
213
197
233
292
283
210
168
291
247
223
292
185
293
249
271
115
371
280
227
242
296
370
328
357
347
199
231
317
215
167
212
229
425
169
204
259
388
244
218
200
274
203
275
281
315
280
277
276
281
225
315
212
261
197
197
126
189
126
270
222
308
231
262
324
119
176
203
104
274
211
185
121
347
200
360
315
388
242
212
338
277
259
211
274
126
139
67
243
323
121
276
180
281
261
330
379
208
184
254
238
314
163
321
353
102
256
240
68
174
245
298
177
148
304
217
221
211
310
370
345
310
261
243
415
130
194
81
180
135
232
176
206
248
263
335
166
77
60
218
152
286
258
364
336
339
321
273
228
288
248
226
166
156
192
302
301
187
197
178
185
317
300
375
283
202
221
307
112
303
269
221
346
283
91
345
280
206
214
157
159
130
168
237
307
308
136
148
240
42
232
316
260
221
297
315
257
302
268
227
151
253
239
304
186
200
175
298
132
265
121
163
187
221
276
190
222
490
281
331
171
356
216
244
241
283
332
246
244
298
218
237
210
292
307
285
270
340
149
209
304
278
297
373
323
307
206
272
270
190
152
297
239
248
318
254
317
317
227
260
250
55
241
165
192
202
211
201
289
159
158
283
137
34
89
267
330
275
120
115
120
225
253
244
470
201
245
203
212
13
220
213
198
207
296
187
148
251
178
145
167
387
97
100
367
240
324
158
221
44
220
261
280
272
275
264
264
313
240
163
295
174
248
200
184
285
278
270
198
248
238
270
262
320
254
261
257
173
116
135
190
210
223
209
212
291
174
165
14
273
211
258
175
287
194
202
239
224
182
112
280
200
307
354
227
18
78
241
370
267
209
270
257
217
251
217
222
296
221
230
186
332
121
143
262
189
153
201
263
231
32
350
194
291
137
195
170
66
219
200
233
260
235
213
269
258
225
223
221
243
167
126
228
129
76
139
265
188
168
107
153
256
182
162
199
199
181
235
243
181
108
142
169
267
166
203
151
182
253
62
234
213
168
235
162
247
276
39
287
205
200
181
207
245
151
182
214
133
219
140
261
205
113
228
321
138
239
234
216
319
140
171
193
228
227
109
225
22
193
402
247
221
267
213
163
151
201
254
234
150
407
168
218
247
203
220
170
141
239
196
229
214
168
134
226
209
76
67
127
123
120
184
129
226
258
178
264
28
204
184
245
208
138
222
251
218
184
183
165
135
302
209
64
202
101
27
53
5
162
195
170
109
187
156
264
140
130
119
96
191
96
33
199
246
107
169
50
266
175
168
137
211
257
137
111
180
127
126
230
62
179
116
56
124
194
51
203
145
131
156
192
149
153
240
80
134
101
115
0
220
109
123
105
125
119
221
210
113
107
72
149
222
149
138
88
222
170
230
124
230
99
229
157
160
26
168
226
221
119
234
33
177
161
169
182
190
189
201
153
152
150
139
77
103
35
210
156
126
78
205
173
189
161
154
201
109
168
195
198
68
149
109
153
158
167
159
197
191
199
135
109
159
62
176
129
145
146
132
97
127
105
128
104
43
175
96
98
147
128
86
112
151
135
134
66
72
126
109
114
104
106
56
78
38
119
162
195
