126
102
105
100
102
162
130
128
147
149
96
115
87
101
108
79
95
134
116
111
85
126
99
88
71
90
62
80
86
77
92
80
62
104
86
95
87
67
54
59
54
50
75
73
61
67
46
28
59
54
37
41
43
70
62
46
55
78
50
111
163
45
39
175
149
43
133
321
390
357
391
411
352
417
383
439
-1
351
192
340
218
182
309
179
330
257
171
150
296
327
144
111
324
55
32
65
105
117
70
12
78
92
72
139
63
163
51
185
143
147
153
125
151
157
145
133
152
164
97
89
146
171
149
170
130
199
170
101
68
82
90
161
155
181
174
160
156
156
180
171
146
100
115
166
160
180
80
92
128
97
97
107
105
128
148
162
160
141
163
99
187
164
171
136
170
145
132
107
171
151
153
149
162
151
185
166
166
151
157
158
185
157
168
170
101
125
130
114
87
73
65
53
58
75
114
101
175
101
124
92
18
206
174
156
158
142
123
145
153
171
116
170
155
173
167
169
172
183
195
225
114
119
97
92
146
150
133
151
133
141
123
106
145
111
161
263
132
174
96
69
98
149
168
45
170
146
138
122
158
150
101
146
216
213
138
159
121
92
180
173
177
182
171
89
87
57
56
59
63
44
49
55
52
64
59
47
80
64
62
41
140
39
59
69
93
68
108
52
113
150
140
213
95
142
112
59
71
172
98
68
113
128
110
170
152
53
91
82
145
135
159
343
156
135
243
128
105
130
155
77
42
142
105
71
147
156
230
192
102
186
127
127
73
53
138
262
350
220
193
66
71
80
154
139
185
152
158
189
81
63
55
273
204
219
225
72
149
186
142
108
156
120
146
140
114
76
271
269
173
77
231
193
67
27
106
124
134
147
166
147
52
105
102
118
17
233
201
259
255
165
170
101
100
101
131
271
105
108
117
177
241
115
77
217
139
141
149
125
188
178
154
119
210
75
105
225
251
142
163
165
173
98
88
163
93
142
119
143
219
217
138
100
91
162
178
171
146
102
76
67
121
151
58
145
33
148
112
147
213
263
163
108
137
164
166
106
109
193
79
90
180
41
168
62
174
51
166
175
216
174
145
211
88
189
169
133
176
215
136
204
153
232
228
100
225
209
165
83
222
92
103
45
126
212
130
149
19
231
168
57
37
54
66
52
60
44
39
6
40
25
72
40
36
45
57
79
196
76
74
183
141
157
124
218
219
220
189
174
135
152
187
212
151
217
144
68
119
94
80
174
179
165
122
151
201
150
168
205
193
153
210
91
183
219
5
162
192
63
71
163
192
191
201
232
202
10
111
60
225
204
190
171
177
173
175
150
133
81
104
130
105
151
204
140
139
141
108
82
178
151
98
41
22
11
22
188
149
52
75
185
76
140
92
150
90
165
88
99
176
139
155
97
183
144
88
135
127
143
116
105
26
68
41
25
236
81
148
149
126
63
65
61
50
52
68
105
30
114
117
96
79
102
79
69
96
86
54
109
107
83
95
135
80
66
145
70
78
123
113
134
172
105
99
113
88
93
118
86
93
87
83
106
66
147
149
116
140
101
77
163
153
95
85
78
97
118
88
161
193
183
189
183
109
93
112
189
49
52
49
83
106
70
204
87
203
60
99
99
166
172
152
73
197
193
132
60
115
36
181
147
185
168
172
188
96
116
126
120
196
226
28
89
106
45
117
60
104
97
107
131
84
131
123
107
195
179
166
169
58
166
47
107
97
76
109
87
57
141
231
161
87
163
153
149
138
119
204
147
69
200
54
147
179
177
64
57
101
100
185
46
31
18
75
83
201
182
145
162
153
152
98
164
89
186
191
183
116
62
168
145
91
63
66
77
168
111
153
101
178
175
172
185
165
171
184
179
198
24
148
136
97
71
67
28
62
47
96
172
166
127
118
53
20
114
184
183
91
112
119
112
121
131
72
90
78
218
126
155
189
73
151
98
191
52
103
97
105
109
121
129
137
145
191
137
198
168
68
72
92
179
94
89
82
42
47
67
54
105
107
182
146
117
77
176
112
132
141
135
131
71
56
105
29
159
155
161
135
152
97
103
100
78
72
156
34
85
218
147
88
86
76
106
85
91
154
41
22
35
110
99
180
143
137
159
166
190
179
141
126
60
125
173
7
194
177
161
106
85
79
82
175
115
119
102
181
85
50
133
93
180
71
83
22
94
92
165
137
156
114
115
142
82
142
178
69
86
65
75
122
194
185
137
96
97
194
104
158
117
139
136
84
67
60
48
102
151
153
160
106
113
105
20
166
76
84
195
198
127
82
84
89
52
37
124
134
136
161
150
12
61
55
136
154
148
150
146
52
112
92
99
174
112
128
117
185
52
36
94
94
119
56
104
121
11
117
70
172
100
53
194
40
86
108
35
158
124
120
101
104
65
152
110
106
44
70
124
96
84
59
150
66
121
44
54
164
95
157
82
127
58
86
110
73
93
106
73
134
95
72
89
84
100
39
160
107
80
179
81
69
112
36
116
65
32
142
71
153
65
115
144
58
158
65
132
157
31
76
136
45
168
162
162
137
54
127
94
103
84
35
134
8
60
148
97
159
162
76
106
115
77
138
75
68
126
107
137
125
134
85
110
117
109
92
48
47
91
60
83
71
35
53
131
131
86
97
60
67
71
72
95
80
102
66
108
136
66
82
90
178
81
58
43
66
137
99
45
91
72
16
44
9
68
128
98
76
69
57
85
22
30
24
51
58
75
7
68
159
40
159
24
165
59
125
42
112
98
50
47
62
133
88
138
45
73
66
101
70
89
20
117
158
115
61
86
66
119
180
10
47
43
20
19
85
61
101
71
40
123
78
68
104
41
36
115
90
105
214
37
106
126
103
38
111
157
108
38
136
43
93
106
124
129
121
57
154
123
145
152
92
105
113
66
62
157
116
29
53
21
168
66
52
44
97
69
119
108
148
93
45
89
71
140
31
64
69
117
117
124
109
70
134
98
81
76
119
34
74
92
121
123
94
75
60
81
97
60
26
125
55
49
107
84
49
102
85
85
45
48
70
95
61
70
18
82
35
58
26
87
113
131
