201
163
159
155
166
232
197
189
232
198
136
186
129
138
133
115
145
180
184
144
153
249
167
146
97
157
80
93
124
118
125
137
96
152
125
135
116
78
67
76
78
83
105
114
91
93
61
30
89
79
43
36
52
82
113
66
64
104
77
137
151
148
103
192
252
68
160
204
193
212
191
246
185
193
191
141
162
234
110
223
237
114
130
157
183
191
160
160
215
158
119
155
167
135
90
90
149
203
170
46
147
299
219
351
227
422
190
389
316
473
452
317
393
428
399
445
390
390
257
241
413
455
420
447
337
585
460
304
212
231
246
440
384
480
505
458
399
453
452
421
442
320
340
466
415
477
271
308
316
386
381
388
411
439
478
-1
307
369
494
333
467
421
437
355
428
319
403
349
455
419
452
410
429
383
435
372
411
400
424
393
481
436
436
434
298
374
313
267
266
162
226
205
186
190
266
206
241
232
296
267
122
455
441
382
424
331
346
424
437
472
266
395
440
423
388
406
246
250
262
218
227
257
208
211
366
327
227
342
326
388
370
193
358
282
436
235
464
481
268
182
275
377
368
146
447
373
351
368
375
363
237
359
339
383
232
417
337
293
424
435
418
426
396
236
193
182
169
197
186
145
158
168
147
186
208
149
254
195
172
173
326
167
245
181
220
244
182
175
259
428
239
118
271
359
255
107
217
250
235
159
268
311
349
294
414
181
250
283
374
325
471
119
398
268
143
76
172
384
377
228
152
390
140
213
321
211
325
376
138
149
351
239
110
142
339
193
151
222
208
147
180
300
403
371
339
223
300
200
48
40
20
181
149
161
227
219
240
412
377
283
381
299
310
263
302
230
257
267
391
209
257
258
155
110
350
348
329
387
289
335
123
207
205
223
38
161
127
243
184
375
424
309
310
312
266
203
229
338
252
268
322
316
193
314
377
404
340
374
326
301
290
256
224
130
235
219
207
272
390
360
244
209
192
360
225
410
207
226
294
294
238
192
234
339
247
229
212
251
248
224
296
399
103
349
64
233
253
351
290
271
372
323
401
215
221
235
258
373
279
189
191
109
390
135
385
190
306
285
147
260
267
217
234
157
384
359
395
238
268
247
385
222
263
249
252
212
127
140
286
250
268
74
357
340
294
133
74
158
235
113
97
123
127
107
127
74
61
34
87
44
126
80
62
86
91
130
156
182
170
170
304
302
249
277
280
297
287
237
108
290
239
279
209
211
318
137
317
194
164
164
172
156
110
115
164
133
143
266
264
178
244
187
251
205
45
84
291
101
198
281
175
221
250
272
206
29
316
172
331
291
263
233
145
157
154
146
272
193
280
246
151
174
243
152
145
140
214
199
214
191
310
82
41
29
44
172
32
187
144
159
237
313
214
202
171
257
177
178
216
248
196
151
214
308
232
289
375
187
296
200
20
118
84
70
265
188
130
146
199
221
198
205
152
144
198
229
52
215
213
243
184
230
210
201
235
191
167
187
161
222
198
306
207
175
272
163
216
190
180
119
275
199
176
225
219
263
286
264
236
165
178
241
160
129
148
291
315
143
165
228
301
181
178
169
195
170
200
209
238
190
223
207
180
187
232
248
182
157
159
131
183
168
195
161
281
160
195
219
137
146
135
105
214
176
190
141
264
137
266
230
288
185
144
269
202
224
193
228
141
151
129
191
235
99
206
150
196
174
252
324
165
198
204
194
226
163
236
271
95
257
151
90
244
309
279
143
123
244
248
231
159
224
265
251
256
215
203
326
143
234
77
142
145
206
143
209
211
189
260
121
102
85
146
136
218
182
265
234
256
249
178
198
201
205
191
156
118
161
242
267
210
139
241
234
260
202
372
216
166
192
227
116
289
219
184
270
204
81
225
234
163
192
154
85
139
153
170
209
220
103
177
191
44
149
251
203
183
237
235
236
227
201
154
163
188
263
227
148
165
189
221
157
269
110
171
214
187
192
163
262
319
227
264
132
283
163
180
173
218
251
204
181
214
150
153
156
185
239
209
197
235
102
166
228
212
229
324
317
182
170
175
178
117
182
218
200
197
220
187
213
212
132
182
158
48
222
184
164
167
204
144
191
130
168
219
146
41
66
210
258
204
129
130
129
161
179
192
314
137
145
138
179
16
174
165
141
193
245
161
139
174
203
186
165
303
72
82
357
170
250
151
143
37
176
221
261
216
218
247
217
222
170
131
232
147
183
163
127
197
190
193
147
173
169
242
189
249
200
194
175
142
157
128
140
172
164
153
149
248
121
112
13
188
161
160
154
232
169
149
147
170
125
91
188
185
223
273
211
22
80
185
273
181
150
212
166
151
176
175
158
248
223
181
157
267
112
115
159
170
190
174
229
228
29
269
170
226
92
122
178
71
149
186
127
200
177
207
162
169
154
149
163
165
198
120
204
157
65
124
222
149
117
88
153
174
177
184
148
289
149
151
165
213
106
163
139
184
141
140
162
133
190
56
183
171
132
220
211
195
179
26
235
138
94
137
143
167
156
123
152
111
147
117
181
146
117
160
228
126
170
178
177
299
115
115
167
162
150
88
157
29
137
318
267
148
194
147
131
105
169
181
214
100
256
162
161
173
129
205
110
109
200
214
154
157
119
127
161
127
75
49
114
114
129
129
144
155
238
134
201
37
191
138
180
195
157
142
182
191
143
137
138
138
260
177
85
193
115
44
39
25
142
120
168
68
153
106
190
70
72
72
74
114
88
40
135
180
89
130
67
199
124
120
112
147
182
107
77
103
106
115
161
60
128
142
70
81
123
52
193
136
99
173
126
163
107
228
53
110
81
72
2
147
61
97
104
121
120
167
143
98
111
58
110
189
97
139
111
174
115
233
92
181
109
169
102
106
23
140
160
182
110
217
33
177
158
159
165
143
183
170
94
102
171
144
71
73
31
185
125
111
82
149
121
134
124
119
164
79
144
153
173
57
92
107
107
102
99
118
156
167
169
137
104
103
45
90
113
83
90
86
87
85
72
89
70
28
164
60
54
142
99
51
105
96
81
68
51
66
74
76
73
60
81
34
52
28
143
141
216
