145
123
130
117
125
147
145
140
165
161
95
141
96
90
88
78
107
133
124
111
60
116
109
95
66
86
66
59
92
89
83
97
76
123
72
91
72
58
41
54
48
48
70
72
67
68
34
21
53
48
21
25
33
52
53
45
56
77
42
115
149
29
31
184
185
36
115
158
185
183
150
205
164
138
166
122
136
170
107
178
199
114
93
116
126
145
149
147
169
125
145
116
148
39
28
74
122
129
51
4
104
133
104
171
83
197
86
170
168
187
203
126
164
196
188
187
191
226
133
124
196
211
206
266
188
250
240
117
85
100
126
226
210
237
222
209
243
176
223
228
220
125
203
256
224
273
120
166
173
135
138
134
135
154
210
195
171
150
231
141
174
216
247
141
226
175
165
143
215
199
232
175
207
213
257
213
232
213
203
232
197
192
252
209
166
167
184
106
106
75
99
76
65
53
118
99
180
94
181
116
29
245
225
216
198
157
157
208
197
203
126
230
174
236
245
229
225
198
154
225
141
171
145
86
193
149
184
192
242
193
175
128
158
150
209
175
174
169
119
96
158
209
243
70
251
201
202
170
227
221
143
199
214
224
184
194
150
106
246
239
239
237
246
134
112
70
76
94
85
52
78
60
55
90
105
53
114
89
88
54
208
71
108
72
117
106
168
79
174
219
148
90
119
129
172
68
117
193
145
120
184
157
157
192
251
61
160
98
224
171
194
95
231
200
137
69
138
218
201
96
69
216
152
87
158
177
250
261
103
125
189
166
85
90
178
161
130
183
182
88
97
155
196
157
236
219
165
174
38
38
16
114
141
174
190
101
202
270
188
158
230
127
218
188
145
97
211
232
249
99
203
246
72
35
172
175
185
218
268
236
87
140
135
136
4
104
84
182
140
233
198
174
176
176
171
162
136
139
144
171
214
166
131
249
177
192
196
190
195
170
178
171
202
88
155
182
154
223
226
228
179
141
126
229
138
207
137
143
244
246
185
97
137
165
227
172
171
155
107
88
169
204
74
202
48
175
151
208
241
223
224
154
208
200
200
148
131
285
118
122
167
59
207
84
215
31
247
202
162
212
194
185
105
114
223
192
251
228
179
188
199
173
222
142
233
194
118
92
229
111
163
53
191
300
203
121
21
101
172
64
57
76
82
64
90
62
48
7
68
31
94
62
52
62
76
108
109
111
110
142
152
216
210
237
237
222
265
253
73
195
222
251
203
173
173
107
163
117
92
138
135
135
86
99
131
109
106
228
218
166
184
142
178
160
8
63
244
77
117
204
192
205
250
216
195
8
144
55
271
260
252
231
137
137
132
103
205
126
141
200
139
125
226
115
112
108
149
118
192
171
119
57
12
6
31
142
25
40
100
116
105
187
122
190
126
226
106
136
157
210
146
132
207
243
144
169
188
163
199
130
14
76
57
42
230
110
98
124
195
111
138
111
95
86
131
202
33
207
188
162
144
142
104
96
129
127
112
124
124
129
118
220
139
109
249
101
144
194
160
106
248
186
121
144
136
152
208
139
152
102
111
157
107
92
129
138
195
137
138
234
180
117
127
100
142
161
136
182
194
210
210
203
152
120
177
192
86
122
119
98
127
77
175
121
235
88
137
168
71
104
107
93
185
159
154
92
165
64
229
196
237
180
148
264
139
172
161
150
112
122
50
121
138
61
166
85
163
151
153
172
102
161
155
136
193
146
217
247
73
187
75
62
105
100
158
154
101
247
217
165
123
218
252
240
261
145
177
182
106
165
59
134
109
173
91
71
148
143
271
68
46
32
114
100
223
227
269
240
245
222
140
148
117
178
160
116
135
83
219
223
110
108
118
136
210
151
227
182
186
181
198
84
208
163
161
244
196
39
257
193
120
119
89
72
81
30
147
234
202
78
117
91
24
168
249
200
115
191
189
151
160
148
90
137
122
207
245
120
155
94
202
149
250
74
116
130
184
126
159
153
196
194
256
98
268
157
122
99
129
255
127
123
130
81
96
96
91
191
169
179
208
70
122
192
164
229
232
185
188
118
111
150
63
150
191
193
185
203
161
153
154
94
129
162
48
110
121
153
132
115
94
139
124
124
202
68
7
43
131
162
199
108
112
112
165
167
196
193
130
102
152
149
3
169
159
134
195
121
111
99
177
158
161
125
256
79
68
172
122
221
100
161
28
117
112
245
145
194
187
193
253
125
87
223
114
117
107
105
201
207
208
136
134
131
195
286
253
172
173
170
117
125
101
83
146
116
107
115
199
94
89
9
188
117
118
126
212
145
115
132
128
76
50
212
193
234
269
207
14
54
131
185
177
137
178
172
129
180
155
158
196
201
164
189
227
70
64
132
152
128
85
142
172
10
167
125
211
94
101
133
49
135
168
88
170
169
159
157
159
120
123
161
167
99
85
133
121
78
89
215
106
104
75
93
198
130
168
125
139
100
131
141
98
92
112
101
190
151
97
142
106
144
42
197
151
129
225
129
123
168
26
239
86
62
100
126
163
111
105
138
108
175
86
183
158
21
103
210
69
161
147
144
161
101
99
107
167
98
64
148
6
83
173
120
164
182
107
133
80
150
143
120
99
169
128
161
164
112
125
96
85
208
125
94
85
130
100
93
96
49
56
96
93
115
127
86
104
114
96
127
25
186
119
154
-1
96
112
120
179
123
95
68
126
229
290
48
138
102
8
37
5
93
148
153
89
106
80
142
18
61
63
70
76
79
1
104
164
35
100
35
186
95
95
71
130
134
66
68
108
71
111
143
52
111
101
53
83
127
36
154
131
74
106
188
104
83
206
7
69
58
45
3
150
69
84
102
124
134
97
105
82
65
63
130
119
83
130
53
156
123
151
67
160
88
168
93
145
24
95
153
162
108
131
35
149
140
145
163
133
137
148
104
94
133
132
70
66
34
211
98
85
63
147
97
150
89
133
134
59
122
103
148
43
100
140
88
93
85
101
95
170
178
133
101
83
46
110
115
79
93
63
90
92
61
69
77
27
139
86
63
146
94
57
83
84
91
40
48
55
64
80
73
32
81
43
50
26
82
150
222
