65
73
61
59
58
77
75
67
70
69
54
76
62
58
62
52
68
57
48
56
19
60
50
65
67
83
56
54
68
67
50
53
45
36
73
82
83
54
75
74
76
73
70
68
74
64
71
58
77
77
67
61
82
77
68
63
69
71
93
60
56
11
30
55
57
21
57
56
57
46
42
55
45
48
39
44
39
50
46
47
49
20
30
20
43
46
59
57
64
38
52
50
46
41
47
77
57
81
52
3
76
65
48
76
49
66
47
66
72
62
61
53
66
58
43
58
55
53
73
70
66
55
51
68
46
80
54
49
18
64
60
67
62
64
57
60
62
62
49
53
55
43
62
56
50
61
32
57
71
57
59
47
52
60
58
61
70
36
75
54
65
56
50
52
59
52
58
21
55
62
56
54
57
53
56
76
52
50
52
61
57
63
57
60
63
61
47
37
67
41
46
40
46
33
39
52
59
37
48
54
14
61
54
66
58
26
60
57
65
61
51
59
53
66
59
58
66
62
55
69
94
79
75
44
46
52
64
53
53
46
58
71
45
69
64
56
63
60
48
58
55
72
66
53
59
53
56
57
58
56
58
45
53
62
55
57
59
35
60
56
53
58
50
64
77
50
44
46
47
42
46
50
43
53
44
44
49
50
50
41
58
42
55
52
51
50
52
47
61
56
58
40
36
41
48
85
60
52
76
55
63
49
48
67
53
44
72
29
58
65
56
24
58
65
40
22
30
51
47
53
36
60
50
31
56
59
68
65
107
58
52
42
5
38
72
44
35
44
51
60
76
46
56
56
44
64
51
65
19
14
9
47
58
44
49
61
63
62
50
48
65
57
66
64
64
46
48
54
59
63
51
63
35
30
60
52
53
69
61
48
50
82
72
80
22
49
43
52
50
52
62
57
58
58
59
54
64
16
78
54
55
52
67
58
52
53
54
53
54
50
50
49
54
32
70
48
47
59
56
52
58
71
70
51
69
54
29
40
58
58
53
34
48
44
56
46
59
44
44
35
55
60
14
50
64
58
68
69
53
54
58
59
56
70
68
59
52
54
40
72
65
62
60
58
70
25
50
45
64
54
57
55
39
47
58
54
62
54
66
60
54
55
47
68
52
50
39
12
50
55
69
59
53
59
50
42
4
55
54
62
67
72
72
56
67
216
-1
123
137
57
91
96
76
49
56
66
42
70
55
42
45
58
61
57
62
61
54
59
34
58
51
58
47
47
50
46
57
65
72
39
42
44
28
25
44
37
40
55
47
50
53
77
57
55
1
31
62
81
71
52
55
49
56
63
44
28
64
32
61
56
58
59
32
31
33
38
57
44
41
29
35
38
49
38
41
35
64
54
51
48
63
55
11
3
85
41
2
31
68
39
48
44
76
51
79
55
61
58
48
65
58
85
52
52
47
32
60
40
55
65
8
60
43
38
65
64
34
37
52
52
54
47
53
51
51
49
53
55
49
31
36
34
31
31
28
10
53
17
18
27
67
45
64
61
47
68
41
41
39
28
59
52
61
65
52
55
67
62
56
58
48
47
50
36
41
38
45
32
33
44
58
63
49
55
51
30
59
46
43
45
45
39
59
68
61
56
34
45
50
40
41
35
42
68
59
51
71
54
34
42
34
56
41
28
47
76
61
28
54
42
53
40
38
46
50
46
55
49
48
52
31
59
28
43
47
56
49
49
49
48
53
52
45
41
41
48
51
54
76
51
27
47
44
43
56
32
35
57
60
58
62
52
46
49
52
44
54
45
86
58
40
26
40
52
33
30
62
61
54
28
26
27
56
58
50
48
41
52
45
50
39
44
41
52
44
49
36
52
53
52
35
38
33
41
51
46
51
48
42
41
60
40
44
45
35
49
47
45
48
47
39
27
61
32
72
14
42
47
45
24
50
32
21
28
54
51
49
62
51
50
42
45
19
48
28
48
46
39
40
48
40
47
52
55
33
44
32
36
45
50
41
53
56
33
56
42
52
43
45
63
60
58
53
24
27
42
46
51
56
43
46
27
72
57
45
42
51
43
42
65
46
33
14
44
50
44
51
53
66
55
56
16
47
36
109
36
37
45
33
60
59
25
58
49
49
8
7
25
39
46
47
44
42
47
29
44
46
50
35
24
24
42
3
47
48
39
28
40
54
67
35
49
58
48
51
24
59
48
24
52
61
40
34
27
41
41
37
38
40
52
49
46
33
43
44
42
38
35
43
37
46
35
26
55
39
46
43
33
37
34
35
37
39
20
41
24
31
28
52
28
26
5
38
42
37
41
49
45
46
60
47
55
55
47
41
43
50
36
43
43
47
41
36
31
45
38
44
34
40
38
49
50
36
34
42
56
30
50
41
34
35
47
52
3
43
50
47
29
39
49
80
37
45
30
38
38
45
40
39
37
29
40
45
32
33
40
58
22
42
34
53
34
24
39
37
47
49
33
42
28
38
39
47
34
43
61
41
32
47
31
42
55
79
33
49
36
49
32
42
34
10
45
25
29
35
30
40
31
32
33
49
33
44
37
34
5
47
52
29
38
37
36
45
41
32
28
44
28
54
27
9
44
44
43
39
37
35
30
23
41
33
44
32
46
59
32
44
34
30
26
26
52
36
35
38
28
53
40
31
49
19
28
24
48
28
43
35
45
53
42
17
38
38
40
48
27
42
47
45
47
28
37
33
45
40
59
55
45
5
18
1
38
31
50
15
33
36
53
4
30
25
47
14
46
9
39
37
19
27
26
31
24
30
26
29
38
33
43
28
32
29
30
31
38
37
26
28
36
35
43
25
32
24
29
33
23
47
1
23
26
3
0
32
11
27
27
29
23
37
35
20
21
28
23
46
21
33
30
30
26
38
25
32
28
34
36
43
15
26
33
27
29
33
8
36
38
40
40
25
25
26
26
27
33
40
18
25
69
41
34
20
23
30
39
33
30
31
29
19
32
33
39
34
29
44
25
27
23
27
24
31
29
22
32
24
13
23
28
26
24
26
10
27
15
24
22
11
41
15
16
22
18
17
22
24
19
9
16
22
15
20
19
8
25
16
15
10
8
30
40
