90
69
70
78
73
105
94
76
90
88
69
91
61
65
77
50
78
77
65
59
33
70
63
65
61
62
35
42
64
54
63
54
35
57
44
49
47
38
37
36
45
38
35
37
36
32
29
18
31
25
23
24
26
32
34
30
40
43
34
81
94
9
19
105
78
10
89
116
96
81
83
94
80
85
69
83
67
89
57
66
81
49
51
59
82
78
91
79
111
47
78
76
66
29
19
38
71
75
21
3
70
208
162
194
174
130
141
170
146
166
179
164
189
149
116
163
161
147
185
166
160
137
147
158
142
193
129
137
123
243
182
119
124
148
137
121
124
144
120
110
95
98
105
124
106
120
88
81
136
130
138
112
145
105
139
155
191
151
148
93
169
126
117
148
105
161
101
114
140
117
125
99
108
133
121
181
113
103
120
102
147
126
132
143
148
185
173
195
195
151
185
193
190
205
199
172
119
128
86
166
113
206
130
103
94
94
85
127
116
113
122
113
136
117
115
113
132
107
135
115
91
85
72
43
132
146
125
191
108
116
111
92
133
165
114
104
98
119
119
167
129
131
111
59
113
98
91
102
101
108
93
95
159
178
126
161
92
111
118
106
113
111
108
93
115
201
170
172
180
182
176
185
157
186
173
177
143
173
161
164
227
204
173
195
130
170
115
197
124
128
68
63
150
144
220
54
125
56
105
104
132
101
140
121
117
37
137
107
108
123
130
50
112
182
45
25
76
97
114
159
82
100
87
163
190
131
134
133
58
84
112
216
67
193
126
94
68
96
91
84
86
90
114
106
140
104
115
100
16
8
8
76
63
80
108
123
140
112
105
75
126
99
115
118
138
72
95
100
117
128
113
113
-1
140
107
104
82
91
108
124
85
75
59
74
32
89
71
86
91
95
117
90
93
90
126
86
75
87
71
114
147
82
61
103
103
104
149
99
131
128
115
126
110
36
62
74
71
116
108
102
103
72
64
96
57
117
98
105
116
114
85
83
140
120
101
135
120
66
67
69
121
91
22
85
26
81
74
89
114
97
101
81
103
109
116
88
88
128
77
74
120
53
93
40
121
85
112
115
83
110
106
80
65
71
130
101
125
77
106
89
97
83
107
61
82
79
54
38
103
71
75
31
92
95
95
53
58
88
85
43
28
38
39
26
34
35
35
11
43
25
61
42
26
25
37
47
56
52
51
50
113
106
101
97
93
109
102
108
58
96
91
102
66
81
89
126
84
60
42
47
48
55
31
43
62
49
56
103
106
67
78
72
91
85
42
54
101
40
58
90
78
79
93
93
59
12
177
121
100
106
102
82
53
47
45
57
87
51
67
78
89
57
82
46
47
48
65
52
76
69
96
32
6
3
16
59
5
96
52
58
64
118
55
87
60
88
52
55
67
94
86
62
72
91
47
84
92
128
73
60
8
83
69
29
99
46
40
49
90
40
41
52
51
48
79
70
34
80
65
50
55
74
63
51
68
46
44
39
47
63
104
93
48
64
106
44
38
97
74
54
91
66
92
91
62
67
60
70
59
55
75
75
50
43
43
147
86
56
66
83
92
54
54
59
66
67
56
71
85
69
78
71
55
41
95
97
27
35
30
85
83
82
64
35
90
51
53
79
34
42
58
51
74
42
85
85
79
19
79
63
81
58
48
89
75
75
79
72
58
81
165
52
61
25
59
49
63
67
67
94
61
101
88
85
79
90
72
104
37
103
19
53
140
69
91
54
43
99
106
87
36
82
85
91
86
64
77
94
68
102
47
69
45
83
37
68
52
68
89
36
53
45
48
56
74
75
66
73
89
74
73
64
56
79
55
61
50
44
95
101
60
58
92
108
102
65
107
71
61
50
80
51
92
71
66
95
68
23
81
81
55
59
68
20
56
10
70
65
79
25
62
41
33
59
92
76
58
81
78
73
61
62
42
78
63
104
70
54
53
132
74
96
101
35
75
110
64
63
60
84
79
88
85
42
89
56
54
66
68
98
55
61
59
14
15
86
38
63
67
61
79
28
56
70
52
70
100
98
61
44
58
62
14
64
77
63
70
81
60
67
65
34
48
58
30
64
59
67
66
58
47
64
53
51
70
63
15
14
73
85
73
64
64
69
61
81
65
84
42
35
61
73
2
75
62
53
55
57
52
59
59
84
106
65
94
29
39
100
53
84
44
46
17
57
47
71
59
59
82
78
54
42
45
68
54
52
50
58
77
64
70
52
50
48
69
67
68
57
54
57
40
122
56
40
74
38
36
35
72
41
30
2
64
45
46
58
80
70
42
59
74
43
24
67
66
64
86
80
12
28
58
68
65
42
67
66
31
64
74
65
85
73
56
57
70
29
36
52
58
75
38
85
83
6
69
96
88
31
49
81
29
58
57
25
68
51
63
63
59
42
49
76
76
44
43
66
89
28
30
67
47
42
41
102
70
91
82
57
110
42
47
54
92
49
63
59
59
58
43
66
42
62
31
60
72
46
77
112
40
52
10
86
38
25
45
53
54
59
32
48
58
51
37
56
41
6
48
76
20
41
52
51
102
48
37
64
70
59
32
52
5
37
85
54
66
56
30
43
21
67
61
61
50
67
61
39
59
37
61
35
28
70
77
54
46
44
30
41
29
32
18
41
34
86
53
83
36
57
41
71
15
74
60
51
72
59
44
51
72
46
30
36
71
80
68
45
81
75
5
16
3
60
52
93
28
56
26
63
7
26
22
33
30
62
1
40
61
15
47
33
61
58
42
17
40
60
31
32
32
38
55
52
44
62
57
31
34
67
16
73
39
38
56
46
63
35
96
0
27
24
9
1
55
11
34
43
29
49
53
51
30
42
28
48
68
32
59
134
59
47
71
26
66
63
55
35
55
11
56
42
53
46
82
20
88
65
80
87
50
48
47
44
40
66
67
23
36
16
82
47
47
22
43
43
56
39
43
35
29
61
40
88
20
33
56
37
35
30
48
44
61
52
43
60
29
19
32
51
36
31
26
27
29
18
34
34
11
96
22
24
62
40
21
49
35
28
19
17
24
31
28
31
8
28
17
21
11
40
63
82
