99
76
65
67
75
111
94
85
100
105
54
78
60
67
62
48
62
89
82
71
67
108
67
72
45
61
33
56
57
58
51
68
46
69
61
74
61
54
30
42
37
32
56
61
47
44
33
17
33
38
20
18
24
42
41
31
44
56
29
59
95
39
29
114
114
20
76
149
176
179
123
207
151
162
180
158
152
189
114
209
122
71
105
87
176
159
93
103
175
178
85
75
200
46
29
51
85
95
58
7
66
63
52
100
53
158
50
116
153
110
136
80
107
143
113
126
123
132
79
84
181
158
120
163
113
164
163
75
51
81
76
172
196
172
174
179
204
130
208
214
201
100
143
222
222
247
142
188
108
102
96
110
98
124
142
135
108
98
151
103
118
162
168
93
166
102
149
110
183
172
212
194
213
131
178
206
153
183
209
212
150
196
196
164
113
110
148
77
68
53
67
45
48
53
94
95
93
65
120
81
10
172
146
177
215
110
169
151
184
165
92
221
130
222
209
208
126
142
130
169
118
118
116
84
127
111
108
129
191
128
159
83
107
80
212
205
165
146
64
94
115
194
222
53
232
189
206
165
213
195
134
196
147
149
181
129
104
72
235
229
231
213
214
129
65
61
57
51
63
32
37
47
45
60
67
37
97
65
59
46
142
43
78
58
115
92
69
63
159
206
115
106
86
119
78
45
122
153
109
98
193
112
120
144
219
62
167
72
201
163
212
125
203
184
225
150
120
182
172
76
34
200
80
68
108
125
264
232
69
120
139
150
39
41
171
178
141
143
138
68
66
82
213
169
192
198
165
129
44
77
12
235
275
296
163
86
102
237
185
152
170
127
192
180
100
94
229
249
244
87
207
169
58
34
145
104
191
210
221
145
49
113
106
105
5
185
159
264
163
218
214
109
109
109
111
208
120
77
138
141
169
167
122
210
155
166
107
188
144
135
126
115
199
61
124
319
263
218
238
218
165
137
151
177
136
200
99
95
164
162
120
92
72
160
195
135
116
162
121
75
144
207
107
205
37
125
115
225
169
193
203
152
203
133
132
120
167
162
145
91
112
42
206
75
196
47
207
221
204
164
173
206
94
289
151
188
225
360
215
341
210
210
183
151
426
453
247
93
199
147
142
44
182
274
182
471
4
142
267
53
60
71
74
60
72
43
34
4
44
27
61
38
37
57
55
78
430
97
101
392
119
166
190
334
342
230
277
214
128
254
260
265
244
278
172
51
166
110
88
392
388
380
305
200
371
305
361
217
196
248
312
117
167
344
4
70
328
69
93
250
311
376
379
383
403
15
75
50
238
221
223
212
341
359
359
415
126
164
180
137
83
367
399
336
316
323
137
116
387
302
132
50
13
7
21
331
46
52
73
368
85
176
101
254
91
277
98
119
287
124
168
91
270
153
167
129
165
115
161
115
39
56
37
32
328
111
279
312
107
145
137
148
90
86
76
172
25
188
196
179
144
144
109
64
102
98
115
161
168
96
90
204
106
115
210
81
145
157
139
146
275
194
125
139
126
151
151
161
156
106
134
143
106
275
317
110
188
142
132
248
197
117
128
109
133
127
131
292
288
343
383
352
141
117
203
176
129
89
93
65
129
79
481
99
231
104
142
135
187
389
-1
57
349
309
98
60
166
107
260
223
242
316
360
242
116
136
117
127
203
165
29
122
172
54
245
102
167
144
147
186
112
127
171
155
346
169
251
241
58
179
139
65
79
84
133
106
76
223
165
187
103
219
240
246
193
120
280
188
56
145
39
217
259
230
68
78
116
133
273
67
42
32
101
101
314
302
212
217
228
189
142
318
119
337
359
265
223
78
263
195
97
147
76
84
217
164
168
164
311
334
264
183
172
309
326
254
322
36
209
236
205
126
87
89
68
49
163
215
233
211
110
91
17
164
314
277
85
193
182
118
129
124
136
94
122
159
192
290
335
89
197
75
193
65
97
77
145
168
196
113
196
248
221
418
249
387
108
106
141
297
141
151
127
108
115
116
143
147
141
310
192
283
108
249
149
182
201
141
189
93
122
154
89
150
230
346
222
236
130
151
149
126
121
279
36
117
248
226
141
106
99
170
96
86
211
60
10
34
133
138
313
116
118
124
236
235
276
196
234
130
170
239
7
297
269
272
116
151
103
83
283
100
88
109
236
148
57
142
143
252
71
136
24
140
121
181
226
249
108
173
209
103
324
219
72
121
94
105
183
291
300
225
139
134
216
151
197
150
167
175
254
58
94
116
117
384
332
309
161
340
320
49
255
102
114
298
260
177
112
132
118
88
47
195
144
202
226
140
10
55
97
177
202
277
241
247
122
166
157
165
240
110
189
122
239
64
59
141
117
88
77
128
192
10
169
99
240
236
90
176
36
128
109
106
187
190
169
159
152
146
308
120
174
61
86
196
70
164
77
204
106
241
106
85
258
88
141
117
99
108
104
154
89
174
96
93
216
159
88
98
106
145
40
258
108
114
183
109
96
162
35
153
105
99
279
107
216
69
327
336
68
263
80
163
212
45
119
195
74
292
265
292
157
63
284
110
157
123
49
180
7
82
187
88
218
265
104
262
299
131
191
124
108
173
92
265
194
343
100
257
282
157
102
90
91
145
66
100
104
43
127
160
169
77
120
78
95
82
94
154
27
89
95
177
107
60
123
110
179
86
97
74
60
169
109
41
90
49
13
118
4
74
190
92
170
116
70
111
81
53
54
53
98
55
13
110
250
43
313
27
263
93
237
56
177
144
67
71
87
198
80
204
42
98
81
72
119
105
33
84
172
208
68
134
72
278
142
47
60
54
83
0
135
155
190
98
54
113
109
121
155
47
39
166
93
198
146
39
85
167
105
66
147
99
158
89
143
33
87
134
123
145
88
30
127
118
127
141
80
93
114
102
104
127
102
37
56
24
146
72
59
47
132
97
158
199
141
86
83
84
87
102
39
82
75
218
232
249
193
76
111
98
75
81
218
40
100
78
169
189
188
60
107
136
194
82
53
108
69
70
90
115
63
81
104
128
71
51
98
124
79
81
53
90
46
81
47
70
98
91
