276
215
254
256
223
249
229
208
232
179
193
231
231
311
203
190
216
171
176
-1
114
204
215
142
133
134
96
138
144
152
168
128
96
130
130
125
120
94
112
101
110
124
99
112
100
86
81
56
72
80
49
54
59
100
84
88
106
103
74
231
281
30
37
292
200
64
246
216
200
156
179
157
140
162
123
141
111
160
157
122
210
169
106
59
143
113
222
187
185
92
175
148
119
61
44
77
156
132
69
12
147
170
155
188
131
138
145
149
126
133
137
120
161
139
121
139
140
150
138
126
147
135
136
168
137
171
128
119
96
155
143
140
139
156
124
128
129
155
118
117
133
134
155
122
113
128
43
111
153
115
108
101
103
103
137
144
192
143
162
105
138
146
132
119
124
134
100
53
133
140
110
88
114
110
134
152
120
109
105
115
145
117
139
154
124
135
122
91
179
135
108
104
113
102
114
146
137
93
98
103
38
148
108
130
105
92
85
140
111
130
138
125
134
123
118
121
195
195
194
186
133
139
136
110
119
114
161
121
122
141
111
152
135
185
122
189
104
108
97
95
98
149
140
104
123
105
109
96
106
94
86
110
183
198
129
117
93
87
114
107
120
103
106
89
136
95
97
91
101
91
69
82
114
103
79
81
76
87
99
66
93
95
85
120
74
79
181
98
119
119
166
156
83
92
108
90
110
175
134
88
125
133
94
188
105
57
146
81
121
119
116
87
117
103
77
33
103
91
95
119
76
103
181
73
134
172
206
167
119
178
108
66
16
78
141
132
122
159
164
129
124
96
104
96
108
155
134
147
34
19
17
94
131
136
133
92
217
119
98
84
126
99
117
116
153
68
140
158
130
82
147
158
59
41
99
120
91
121
150
154
141
104
106
121
35
105
120
120
137
115
96
121
123
123
196
118
107
72
97
165
181
67
80
163
98
97
135
80
159
155
141
108
156
82
93
125
119
148
100
96
145
113
86
111
89
100
108
147
177
176
149
83
94
108
142
175
172
67
62
56
103
113
9
88
41
197
113
105
165
176
99
76
110
227
245
115
93
162
71
118
193
114
110
56
121
62
148
143
120
138
137
120
80
94
141
91
112
124
149
116
97
112
154
110
134
112
76
11
140
79
98
44
91
157
73
74
51
103
107
65
36
53
59
40
66
58
56
10
48
54
106
61
54
37
46
80
80
70
62
64
102
128
130
135
134
171
132
131
97
120
117
129
108
80
86
65
83
79
70
62
68
61
39
39
69
51
92
125
114
118
125
98
121
118
34
103
136
67
74
117
137
107
124
134
95
20
130
69
139
170
159
168
65
56
56
75
113
89
74
54
72
79
109
54
59
57
94
72
105
77
83
39
14
7
32
85
44
52
106
79
71
91
86
99
75
114
76
79
111
155
133
129
114
119
85
96
105
127
94
98
13
81
48
45
122
71
44
52
83
90
90
81
94
85
107
101
62
95
106
35
80
65
62
74
82
29
82
20
22
76
146
106
78
71
121
69
64
111
82
69
117
105
126
130
96
107
110
109
105
67
82
85
55
52
56
72
99
51
57
109
91
73
64
64
77
56
74
115
123
108
117
103
98
67
110
124
55
70
72
68
101
77
99
62
152
58
83
75
83
65
71
88
101
72
183
111
88
51
130
109
126
85
78
127
82
89
96
86
87
107
45
73
32
27
86
65
83
70
79
80
84
163
87
77
117
86
119
137
71
136
53
107
95
77
94
62
32
109
118
142
74
119
114
112
115
78
106
94
119
156
72
50
67
100
57
45
81
75
127
39
35
44
66
96
108
111
110
111
102
98
71
96
74
107
91
83
48
60
129
119
129
58
61
75
141
87
99
97
85
81
115
78
132
96
81
130
106
31
101
84
84
40
85
36
64
17
89
113
119
40
172
47
31
70
125
101
67
99
95
77
76
78
45
101
32
152
102
52
79
70
96
171
123
44
72
82
75
58
80
77
88
99
119
63
125
83
96
77
69
119
82
82
88
54
53
73
65
86
78
93
96
35
66
108
77
92
89
115
83
68
73
52
10
98
109
88
80
105
98
91
91
17
71
79
38
70
75
81
82
87
62
59
69
56
99
20
30
23
75
69
98
79
77
76
72
113
111
87
68
54
33
83
7
89
89
83
72
35
67
92
90
108
135
73
129
30
45
88
35
125
55
77
24
41
62
124
72
85
103
86
96
71
65
109
101
58
66
60
90
97
94
73
48
63
91
90
108
88
100
95
57
87
53
32
100
59
54
52
90
51
37
6
93
57
60
90
106
100
60
75
74
60
44
90
110
82
95
115
27
86
84
83
90
68
97
76
56
88
76
75
113
108
81
75
114
49
42
77
119
142
69
92
95
5
72
68
109
19
57
95
52
58
129
24
88
92
91
82
76
66
73
96
79
56
90
85
216
29
48
77
67
45
50
58
86
103
104
54
87
48
72
71
78
76
116
62
96
77
62
81
59
75
51
94
78
59
115
95
66
85
10
111
34
36
59
69
75
50
39
77
92
78
51
86
68
1
59
102
35
79
75
73
106
90
46
50
76
39
35
87
28
50
89
69
89
85
49
62
39
76
91
69
63
98
83
73
86
64
49
41
57
83
78
40
50
64
49
62
41
37
26
36
34
100
78
52
63
87
50
72
34
81
72
70
111
49
58
67
102
76
46
43
67
103
89
82
113
70
12
18
9
44
62
110
25
54
38
81
6
27
24
51
17
82
7
58
98
22
64
48
87
35
47
45
72
81
37
38
65
66
67
81
52
76
74
37
44
67
23
106
59
41
59
73
50
56
139
0
44
32
3
52
63
1
43
44
63
64
50
60
41
45
25
62
69
37
83
50
73
61
75
48
68
106
73
45
79
21
61
67
68
65
80
9
95
109
106
111
65
61
66
52
38
89
90
35
49
30
100
58
57
43
70
56
77
45
76
78
32
67
70
91
28
52
109
47
57
44
57
41
79
64
57
65
39
29
52
92
48
53
44
54
48
25
45
35
13
128
35
27
67
39
26
57
40
45
15
31
32
39
32
40
10
31
21
26
13
28
70
86
