139
120
110
105
115
143
135
111
140
136
93
120
91
95
80
69
94
116
123
109
98
166
106
78
58
81
42
67
87
78
78
94
60
116
77
86
73
55
39
47
44
43
71
76
56
68
32
19
47
52
17
15
30
57
61
41
40
71
48
111
145
102
50
169
185
31
114
155
174
182
145
220
161
177
159
133
147
186
105
214
185
115
123
127
160
165
133
130
162
185
111
113
195
59
43
67
107
132
102
8
84
117
95
141
73
235
70
184
195
177
199
130
147
217
192
205
183
198
118
111
259
229
203
255
180
259
250
119
89
92
116
255
263
299
287
296
287
258
335
329
357
180
212
348
385
378
259
315
167
151
147
184
142
203
269
230
160
161
217
168
230
270
262
151
234
167
223
195
279
241
338
314
354
207
291
288
254
312
319
342
288
303
329
292
159
152
200
107
98
62
95
67
65
62
129
117
147
106
177
111
19
290
265
256
318
178
246
236
252
301
122
377
239
394
376
386
168
241
235
198
146
168
150
135
183
210
151
198
294
258
227
93
164
129
367
210
234
224
97
132
150
277
301
76
392
325
352
276
308
314
178
324
254
272
232
182
202
115
344
364
351
332
341
169
105
69
79
74
82
42
53
57
61
76
92
48
143
78
79
65
194
62
108
71
155
119
126
67
202
339
159
113
137
202
131
65
164
241
147
138
260
220
151
237
345
124
226
123
291
204
321
115
316
243
223
118
153
287
304
107
59
359
113
90
187
160
353
358
102
141
216
186
70
70
221
166
135
207
176
89
85
120
288
236
276
239
206
172
40
53
11
158
228
286
197
111
170
393
308
210
249
193
252
254
160
145
238
268
405
109
230
232
63
46
238
185
286
319
330
296
88
178
169
152
9
125
99
257
183
373
294
210
210
210
216
174
157
151
208
210
279
250
162
327
256
309
167
280
246
238
223
184
234
90
212
241
223
310
350
315
223
208
190
269
220
303
208
210
284
281
229
111
125
259
267
197
176
210
118
100
184
315
111
298
59
168
181
345
268
269
307
225
315
183
189
181
198
326
230
111
148
58
342
122
310
97
335
288
191
278
218
236
153
229
245
303
365
367
287
298
302
208
271
236
406
327
193
110
259
199
218
48
316
541
262
213
13
124
275
81
88
117
123
109
122
49
42
7
54
26
77
55
58
96
75
114
236
156
170
236
240
269
302
441
457
288
452
308
102
341
328
352
321
254
236
71
247
178
152
273
246
248
175
158
254
219
196
279
245
304
298
157
251
280
8
68
394
85
166
409
285
331
368
403
336
13
139
72
344
313
310
305
252
259
254
208
215
220
283
181
101
274
335
230
231
209
228
200
344
256
197
82
28
19
32
234
29
100
110
230
132
254
150
250
122
414
160
196
280
200
154
102
351
298
257
208
271
126
288
179
31
73
42
41
357
179
206
247
151
256
196
200
127
113
144
282
29
317
333
257
221
293
217
124
182
165
184
256
257
163
133
262
180
178
290
138
249
197
246
136
388
327
147
164
205
250
254
281
263
156
165
239
152
204
236
216
318
213
203
376
336
177
169
152
204
161
198
344
367
352
346
343
211
164
297
226
174
134
152
83
159
92
310
150
309
184
199
196
135
213
223
69
346
247
132
82
246
180
605
-1
540
297
281
384
195
233
169
205
138
136
49
200
274
97
316
139
193
182
219
264
151
151
249
235
393
140
395
387
70
262
217
61
96
182
173
188
131
330
198
259
167
327
391
346
294
211
266
305
87
189
57
221
149
277
134
134
191
201
383
108
39
37
163
115
379
368
348
403
366
350
231
272
179
253
259
180
201
130
351
269
171
192
109
109
291
240
303
312
260
256
346
119
297
286
294
401
343
64
343
290
234
237
105
143
103
101
273
355
383
153
143
140
24
273
401
274
154
310
320
210
232
203
228
166
220
208
319
196
237
108
381
111
282
100
173
127
234
262
244
176
321
297
414
192
386
287
193
197
223
400
200
209
176
194
206
145
245
242
210
298
349
136
159
379
251
351
323
242
323
150
210
259
149
148
345
265
249
359
226
250
251
189
193
316
42
165
183
196
193
152
138
248
140
149
303
92
11
63
211
212
301
104
104
109
301
270
330
335
250
225
213
226
10
262
237
235
218
216
133
94
291
168
126
131
478
120
81
231
214
382
125
253
35
241
187
369
340
377
162
241
368
192
178
356
115
185
166
168
306
353
351
278
232
189
314
271
431
315
318
324
201
111
137
204
221
239
241
248
234
172
177
21
322
166
170
206
337
257
177
185
172
130
74
317
268
351
351
274
11
57
148
312
360
252
281
288
172
273
315
203
338
207
328
247
393
105
104
195
214
219
161
180
270
27
226
134
313
170
142
153
52
258
289
192
294
322
243
253
282
226
258
202
244
129
132
253
127
94
115
293
149
173
105
120
339
148
153
199
158
191
196
251
123
142
175
123
335
257
149
125
173
219
46
310
151
180
287
161
179
289
35
265
204
158
200
152
293
94
179
235
97
297
118
295
262
88
173
327
123
278
262
270
238
113
200
189
202
218
87
303
11
149
292
182
269
328
178
201
165
216
315
183
181
300
128
261
269
209
188
175
167
236
166
130
107
186
114
168
167
60
77
132
122
102
214
100
180
174
142
237
35
146
151
295
196
99
171
198
237
152
134
135
131
291
217
56
128
83
15
73
4
110
258
159
151
210
138
166
122
94
94
88
172
81
17
162
318
77
189
40
329
162
169
105
259
269
99
81
135
134
134
300
49
148
120
63
177
138
42
158
160
125
118
226
132
164
246
104
120
85
118
1
236
122
136
115
99
130
159
227
118
96
66
204
153
165
144
50
142
208
160
120
229
101
222
110
172
20
154
204
229
142
157
27
147
159
152
168
114
202
206
179
165
156
149
70
75
32
214
112
76
90
212
145
204
169
167
125
104
147
151
168
56
141
116
157
166
162
165
145
178
195
143
121
156
56
167
140
164
169
140
98
160
110
143
122
52
160
105
93
160
156
86
131
166
159
103
86
73
121
115
135
94
109
70
81
55
83
167
170
