222
240
186
204
180
221
219
220
229
201
202
223
186
167
183
175
197
177
145
144
74
176
161
219
205
180
128
155
-1
281
150
163
126
116
182
182
178
119
160
140
148
177
144
144
116
111
100
83
81
100
78
72
82
133
107
127
146
129
98
148
142
27
52
169
177
80
137
146
140
107
117
126
107
112
85
94
86
127
87
91
129
82
60
46
109
94
147
110
131
68
115
134
95
73
48
91
155
173
90
16
164
143
139
162
96
124
106
130
144
122
123
112
146
124
103
101
129
130
140
123
141
137
123
140
119
153
117
107
62
132
135
121
133
124
113
117
122
132
103
103
108
103
128
96
107
118
53
88
135
99
95
84
91
94
117
124
167
106
139
103
119
123
111
102
133
122
103
44
122
113
98
81
99
104
119
137
98
99
97
104
127
103
108
132
106
124
113
75
125
109
87
93
110
91
92
119
123
83
95
99
30
130
117
114
97
71
84
109
100
110
130
116
102
108
102
111
140
136
113
143
169
153
147
121
117
109
160
121
106
122
103
173
126
157
110
143
113
107
81
133
92
125
122
115
119
86
89
94
104
108
92
87
123
140
116
125
105
77
117
101
107
102
103
99
158
87
73
86
84
92
78
81
85
101
79
76
72
72
84
57
99
66
77
92
69
73
127
86
108
100
147
93
72
87
80
121
134
114
146
107
102
108
84
138
99
64
105
53
107
113
107
74
105
103
53
33
73
93
85
103
64
95
105
75
114
125
134
133
138
105
100
74
21
79
144
91
85
104
112
154
147
85
98
89
87
122
142
100
30
19
16
78
111
105
95
95
144
114
90
88
114
138
120
117
124
69
109
116
113
108
105
122
64
48
83
121
93
116
109
114
106
120
119
130
34
85
87
104
106
106
103
101
101
102
122
89
125
65
115
101
122
80
80
131
82
92
121
88
114
109
109
84
106
96
111
100
97
131
101
91
106
140
101
97
105
99
62
84
136
136
112
102
93
99
104
121
130
83
60
61
114
98
15
79
48
172
124
96
132
112
99
87
112
160
158
131
120
127
94
128
136
131
104
57
107
48
111
105
101
101
97
102
60
78
129
98
107
98
142
101
96
88
108
113
110
84
63
25
112
104
112
55
94
113
80
68
40
90
83
76
44
61
55
45
81
75
68
17
69
55
151
86
60
45
54
98
63
91
84
55
89
148
118
101
102
122
104
98
64
90
93
98
81
76
80
75
84
100
77
59
51
51
37
35
65
43
73
107
98
78
100
126
82
90
21
75
100
88
93
88
111
88
106
98
76
23
126
61
121
116
102
136
49
52
52
52
100
72
63
58
80
64
89
44
41
45
112
89
85
69
94
47
14
11
35
67
16
46
113
62
66
88
102
81
93
103
81
92
75
115
92
154
94
114
65
93
96
95
93
115
15
97
64
46
103
83
40
50
92
65
72
63
78
77
84
81
86
86
72
45
62
56
53
60
79
27
64
32
24
61
123
84
97
93
94
86
46
86
74
64
103
75
133
138
109
118
103
95
98
81
107
96
74
37
43
73
79
48
53
83
87
85
83
80
99
52
92
84
82
89
89
83
118
79
84
90
49
72
73
70
67
55
78
68
115
71
111
80
56
54
57
136
79
52
157
163
105
48
101
87
97
67
68
95
89
87
107
83
73
77
36
96
38
32
72
73
71
62
74
81
101
119
76
63
90
80
99
100
77
93
45
77
79
65
87
61
35
93
115
108
69
95
100
94
88
81
81
104
165
111
95
54
54
84
58
51
103
103
105
40
35
41
71
127
95
98
78
97
89
81
66
75
78
84
67
68
61
63
94
98
73
44
62
67
110
74
91
78
71
65
94
56
100
69
65
99
83
35
82
66
63
37
99
40
68
8
61
84
88
32
92
48
39
63
106
83
73
80
85
87
82
82
37
68
43
112
73
48
57
91
75
129
109
48
65
76
63
68
71
77
78
91
91
53
102
70
79
72
77
105
75
70
94
35
35
115
54
92
93
74
83
34
77
91
94
76
85
84
72
60
56
62
13
93
92
73
85
82
86
105
105
25
73
67
62
59
64
65
54
95
77
59
88
77
88
17
40
20
79
66
89
63
59
62
60
85
96
85
59
47
43
75
4
67
70
60
52
52
81
102
69
99
115
74
90
32
56
90
40
94
56
55
22
50
62
97
60
65
88
78
73
81
52
76
96
68
71
54
85
71
76
64
51
80
83
66
78
66
66
79
40
62
43
39
71
43
44
45
83
39
29
6
72
64
73
67
86
72
58
79
72
58
40
79
81
72
90
87
33
110
68
73
77
58
71
63
51
66
60
62
88
84
71
64
89
46
39
95
87
89
60
95
72
4
79
90
80
32
60
82
61
57
86
20
76
65
64
69
70
53
53
85
83
48
56
76
138
28
47
71
68
33
35
66
73
93
86
63
75
36
70
68
79
52
81
76
71
57
61
55
75
79
52
78
102
58
91
68
65
68
11
96
43
28
38
49
65
44
38
56
84
59
53
68
51
0
68
96
29
64
58
65
94
74
38
49
78
38
40
66
56
60
96
68
63
65
49
46
29
60
69
58
51
92
92
59
63
50
50
35
37
76
65
45
54
51
54
65
49
43
26
41
36
73
56
71
54
89
56
74
31
75
72
68
92
42
71
87
82
82
39
41
62
82
78
105
116
78
20
20
7
58
57
84
26
41
41
86
0
44
35
49
21
113
6
53
68
21
48
38
67
38
35
39
56
71
44
41
50
37
61
62
75
89
50
28
39
77
22
105
52
34
52
57
45
39
108
0
40
38
1
47
57
4
35
42
57
58
69
57
31
42
35
47
79
32
69
56
71
47
69
36
49
70
59
48
66
15
53
60
64
50
93
17
78
69
76
91
52
52
52
49
42
76
70
26
79
23
83
51
54
38
60
79
67
37
50
64
36
68
62
77
27
54
75
40
41
33
48
43
74
50
48
55
41
27
48
60
31
35
29
40
37
21
39
28
14
100
25
23
44
27
23
51
34
33
13
22
21
29
26
35
8
28
21
20
10
34
68
87
