157
176
135
134
115
127
141
147
142
116
118
132
156
102
132
112
134
123
90
104
86
135
89
104
109
102
55
98
115
101
117
69
44
66
95
106
86
39
77
95
80
92
84
81
77
67
61
31
49
54
38
40
34
71
65
49
61
66
57
106
115
86
53
124
119
51
101
90
87
69
66
62
60
61
54
59
45
75
67
58
68
54
35
3
63
56
99
96
112
38
89
81
39
69
34
77
109
122
79
16
217
265
224
247
197
163
231
186
161
158
168
151
182
166
149
142
162
137
202
160
147
152
144
189
162
178
157
140
97
173
180
158
150
163
146
131
141
169
119
132
151
140
193
137
131
133
59
122
169
151
141
107
107
128
134
146
193
128
181
136
135
148
140
119
135
155
125
88
148
130
114
97
123
139
138
143
124
121
111
123
140
131
127
164
146
148
137
104
279
169
120
122
178
107
125
182
117
99
118
114
39
122
125
132
116
82
110
149
115
135
124
133
126
122
125
119
162
150
138
150
129
161
146
75
129
104
210
107
137
144
125
172
135
187
121
126
139
119
106
146
113
157
144
-1
129
105
116
101
124
113
107
109
100
105
77
126
142
91
119
126
119
124
118
120
192
88
86
105
99
112
85
99
131
112
93
85
82
99
96
90
99
137
105
116
81
93
147
119
102
111
102
63
103
107
89
93
168
87
140
101
131
135
142
149
114
122
141
82
114
122
108
28
130
101
36
16
34
96
111
158
121
129
120
100
105
122
109
109
118
115
107
59
3
82
132
73
45
90
109
143
180
122
125
120
85
63
108
99
15
9
9
74
79
67
83
157
137
121
105
129
119
169
146
132
181
77
87
95
118
108
103
96
59
62
105
128
106
152
121
113
189
110
109
113
33
74
83
70
63
118
100
142
143
142
131
79
103
67
100
101
106
88
117
123
89
109
109
91
97
99
113
75
104
70
102
72
78
98
124
96
84
107
92
109
97
104
44
60
104
102
108
100
96
87
98
86
94
67
94
87
114
122
0
90
36
121
104
131
100
110
103
93
136
133
139
108
117
112
96
96
115
135
110
52
132
91
91
92
63
90
93
67
78
53
139
89
104
91
144
87
101
83
98
113
87
76
46
1
102
94
106
41
108
109
107
44
30
74
80
55
42
44
49
44
56
65
53
15
51
42
84
68
42
39
45
89
45
79
65
61
90
122
106
100
102
117
97
74
78
81
94
89
77
58
81
72
92
83
76
51
47
45
36
25
51
42
59
89
90
82
106
102
76
69
16
58
100
65
78
83
57
76
90
100
72
25
129
69
95
101
87
78
45
45
44
48
124
82
61
85
105
53
82
40
46
39
102
77
78
72
135
37
13
7
28
56
12
67
114
50
91
103
93
55
77
93
77
78
75
152
95
127
88
89
74
72
113
59
104
99
5
79
48
77
91
82
37
44
101
126
162
112
139
129
120
83
80
93
92
79
53
56
44
71
72
61
150
64
63
59
219
98
69
79
94
69
122
63
50
33
91
89
171
166
130
149
128
144
122
69
112
105
63
37
37
80
95
39
83
75
101
84
71
69
83
66
86
86
89
70
72
78
110
74
110
86
97
119
115
104
71
82
68
73
99
65
83
82
69
47
53
63
87
42
109
128
106
60
86
76
82
63
54
81
101
98
140
106
65
58
65
81
58
32
83
61
81
67
80
90
73
122
61
55
84
74
82
89
78
83
70
64
109
113
100
35
83
94
82
105
56
83
84
93
83
92
80
92
126
93
56
15
61
71
49
61
78
78
83
49
51
43
65
81
77
83
73
90
82
77
58
72
94
76
67
62
49
53
86
92
91
52
67
77
72
82
94
91
56
59
85
43
86
78
57
79
81
51
77
69
80
45
113
80
68
40
75
75
79
22
110
71
16
54
86
90
89
86
79
102
98
100
42
53
52
101
73
48
53
101
78
84
71
54
48
93
75
31
68
84
85
89
83
46
86
62
118
129
89
84
78
85
90
77
82
98
111
96
87
61
79
32
75
70
78
64
81
101
80
68
100
36
31
57
79
62
87
73
93
85
85
45
86
52
47
76
61
70
72
95
69
35
65
55
76
35
27
23
96
75
70
47
53
50
22
81
76
92
47
27
3
69
4
63
67
57
39
86
63
95
67
95
110
67
93
17
42
91
34
78
55
63
23
35
58
79
68
87
109
88
75
76
45
71
150
75
64
36
87
69
68
56
47
63
68
68
56
65
55
68
60
54
47
33
70
50
52
46
80
41
33
3
67
58
81
48
78
72
62
76
62
56
35
92
80
79
88
68
18
61
94
76
61
55
66
65
107
55
50
63
84
104
49
60
84
41
92
93
98
78
103
108
67
2
86
105
76
19
47
65
46
63
90
62
64
63
71
71
53
72
48
92
66
85
81
63
108
11
60
72
71
38
40
89
57
107
68
36
67
33
77
55
87
38
79
56
66
49
64
62
60
80
57
62
105
64
80
60
77
48
7
62
42
77
41
71
62
46
35
46
94
51
54
57
46
8
70
76
70
60
49
48
108
106
35
40
56
24
41
54
81
61
94
92
55
65
61
44
34
65
60
78
52
97
75
59
51
41
42
31
35
65
61
53
84
48
50
66
62
39
16
29
25
70
48
73
67
110
63
62
12
65
87
48
70
38
67
82
74
80
71
104
80
87
74
78
129
72
17
14
3
51
45
95
1
44
51
90
11
42
36
33
36
69
9
59
62
33
39
87
66
57
33
51
54
56
48
41
59
40
39
61
30
67
55
26
21
63
23
58
41
30
52
49
60
32
93
2
53
29
6
1
53
2
30
36
63
43
62
43
29
43
34
36
65
24
24
64
71
43
82
42
46
41
58
62
41
17
41
59
49
41
88
3
66
76
72
69
56
56
47
47
33
59
60
33
27
27
69
74
44
34
55
75
59
38
35
75
29
72
67
56
28
64
81
33
35
32
35
55
57
49
52
59
36
21
32
50
23
31
26
32
40
23
29
24
6
84
16
12
42
30
17
39
33
31
26
28
24
25
26
35
22
23
14
22
11
56
47
59
