102
99
75
74
83
87
99
88
106
98
64
95
64
57
66
55
67
86
78
71
70
120
62
67
59
72
42
49
73
63
62
74
56
81
65
74
66
43
41
51
46
43
75
80
61
70
31
19
57
54
21
16
29
51
73
39
39
57
47
60
79
62
50
90
123
32
69
75
93
100
67
120
80
81
87
68
72
101
63
114
86
40
66
66
92
85
69
80
100
94
58
79
96
81
62
67
82
154
113
18
105
75
72
97
56
181
70
121
141
134
149
87
101
160
127
154
126
151
92
90
182
179
148
195
124
183
197
80
52
64
89
194
193
197
219
234
216
195
248
249
247
139
173
250
234
270
183
240
121
133
136
138
100
164
216
182
101
118
160
119
157
204
198
92
194
94
190
109
232
207
256
214
249
176
209
180
176
247
242
269
168
243
221
204
145
127
134
61
76
44
71
52
49
31
69
73
77
70
135
86
9
169
181
207
243
115
195
175
197
214
89
266
146
269
266
264
118
127
111
109
154
205
171
108
142
118
99
124
206
206
161
125
104
86
252
108
221
147
73
99
112
185
239
86
266
230
243
217
267
255
142
228
136
132
138
131
175
71
273
268
266
235
270
131
89
58
57
59
64
43
47
48
52
59
81
42
124
65
62
52
136
55
90
48
136
113
83
55
148
222
115
65
120
129
86
64
142
129
154
113
170
168
113
144
280
184
158
79
207
150
219
46
281
156
106
51
95
235
183
73
46
249
60
57
117
96
161
194
97
75
172
123
36
55
146
88
57
103
99
87
84
112
197
187
178
131
137
93
28
27
5
88
118
109
105
112
92
296
206
223
210
185
187
171
137
117
127
141
283
100
108
128
48
34
213
137
242
300
169
166
60
207
200
193
14
89
59
140
96
295
199
177
179
179
128
89
191
97
273
119
129
193
147
182
174
224
113
195
139
135
133
116
107
64
244
144
116
165
247
213
107
228
278
209
271
236
91
83
135
133
127
114
73
146
152
93
92
170
112
78
138
260
81
208
70
124
241
278
141
134
229
190
260
107
101
190
210
197
207
117
84
51
243
146
227
72
214
161
89
141
140
131
114
111
181
220
241
188
171
149
204
111
125
267
212
173
110
78
145
195
274
46
239
228
195
115
6
68
160
97
120
141
141
119
136
53
47
25
69
42
75
51
64
111
100
124
103
188
186
130
140
198
195
196
190
148
206
160
46
171
173
170
160
134
171
46
209
224
191
139
134
133
97
89
143
108
111
157
149
126
156
173
149
138
0
38
188
94
232
175
122
178
186
190
153
11
95
39
184
184
179
157
145
146
144
123
171
145
234
184
114
120
179
127
126
119
279
241
161
136
193
90
42
30
44
133
24
85
123
123
109
196
164
139
140
191
179
221
143
156
101
96
162
225
192
164
251
70
256
190
8
72
48
44
178
230
94
133
150
273
217
207
133
132
129
210
32
215
224
260
178
193
168
133
183
172
217
207
207
166
132
152
213
230
170
164
271
117
178
54
204
205
185
203
296
332
362
309
312
168
144
280
170
113
135
135
232
100
139
178
215
208
198
175
237
121
266
166
170
164
173
184
322
216
194
125
225
191
198
92
101
62
167
179
174
219
266
160
90
115
121
50
164
137
85
93
300
162
193
193
209
160
134
201
278
285
208
269
79
77
36
220
259
125
147
158
149
133
160
192
163
85
138
133
176
76
180
200
71
142
261
39
63
151
126
117
143
209
114
128
186
172
207
200
183
262
135
211
90
90
44
84
91
123
103
109
276
292
211
81
37
46
196
98
174
158
209
207
211
204
178
125
242
153
155
101
91
170
168
154
98
113
92
99
178
188
189
198
121
124
168
73
171
149
128
191
175
99
206
162
120
176
98
182
134
123
147
196
194
79
94
119
23
162
182
153
246
203
212
255
275
256
173
92
184
112
191
112
128
95
199
66
141
120
85
111
155
180
134
134
257
154
210
105
207
146
245
253
401
199
243
233
199
231
227
124
272
354
264
152
178
88
183
163
486
189
240
160
217
183
254
188
177
88
169
146
132
187
246
340
341
161
-1
162
46
145
106
104
132
167
166
212
144
151
156
55
17
89
222
168
168
61
70
68
119
141
150
241
142
188
101
119
24
125
115
114
145
196
150
100
149
104
97
125
228
60
89
171
173
189
177
185
50
178
139
183
154
171
116
161
202
265
105
190
165
360
212
119
190
164
169
134
201
266
147
161
190
168
177
158
119
64
97
154
143
138
132
127
222
104
101
9
163
288
329
109
164
122
216
242
104
174
102
177
144
207
205
133
14
66
147
212
169
128
142
161
201
149
130
131
182
156
155
148
202
128
159
327
119
98
209
211
141
37
180
115
159
86
339
90
53
163
141
209
169
172
131
174
180
149
132
150
148
122
83
134
74
44
113
161
191
102
70
108
156
115
100
149
114
153
268
135
81
69
86
136
184
109
186
76
204
253
41
147
181
139
152
100
328
183
25
161
163
200
103
119
143
84
101
128
105
157
135
155
132
89
368
174
161
163
151
132
161
105
117
153
142
157
107
139
13
192
222
144
131
167
240
106
90
153
150
165
112
238
147
133
139
123
149
97
88
145
124
137
100
128
138
189
209
90
49
73
64
76
110
81
190
192
151
164
14
96
193
150
129
62
229
240
126
218
177
162
104
185
146
42
118
88
16
41
11
84
130
107
59
109
158
141
125
149
82
93
170
80
19
181
150
121
110
29
167
120
112
139
156
172
140
81
124
94
74
133
34
135
81
41
92
98
59
94
83
68
90
129
112
97
124
76
148
63
126
0
147
63
91
69
97
71
170
168
80
83
69
104
134
93
66
41
100
99
118
123
149
55
154
106
87
16
95
132
129
83
92
7
92
88
80
97
87
100
104
115
114
74
84
64
64
40
110
107
49
66
136
123
116
107
99
104
79
94
204
80
65
134
80
103
109
96
100
117
114
122
93
66
102
66
99
80
88
83
88
48
93
60
91
73
31
82
61
56
101
82
66
59
81
97
88
53
52
71
74
83
75
68
46
51
34
32
75
103
