76
66
59
64
64
81
71
72
73
75
52
72
54
51
54
44
61
79
64
59
51
108
63
59
44
72
44
53
55
54
50
58
40
48
61
76
67
53
41
54
49
43
71
62
70
75
51
39
74
74
37
30
51
62
78
38
46
66
57
53
63
61
47
70
92
29
60
73
79
70
62
96
67
86
73
58
66
76
64
83
66
35
44
30
75
75
58
68
81
74
54
75
66
62
93
130
71
113
89
11
74
63
51
81
47
116
42
103
86
93
87
78
81
95
89
107
90
95
77
78
96
95
96
115
74
130
124
55
33
66
64
115
105
128
127
130
124
159
142
148
145
119
94
135
151
172
119
132
90
103
99
100
74
123
111
127
71
94
108
77
123
133
116
80
121
80
128
88
127
123
143
144
161
91
139
105
121
137
142
176
142
145
136
162
76
76
92
50
65
38
56
47
38
26
53
51
62
56
83
71
17
111
123
115
155
66
136
115
124
144
70
152
101
163
169
155
85
122
87
83
114
131
114
93
74
113
71
85
110
155
99
81
71
72
173
101
139
142
52
68
70
107
140
49
163
137
151
146
141
140
89
137
122
119
80
99
123
59
164
169
155
156
147
78
71
49
57
55
54
36
40
47
47
54
56
39
83
53
53
52
82
42
63
42
86
75
51
46
80
144
88
55
95
124
56
61
87
101
110
61
85
126
75
130
154
194
92
62
116
97
149
45
146
81
71
42
46
139
140
60
41
158
61
57
96
84
110
127
108
61
118
66
16
34
91
80
64
75
78
52
65
71
136
122
121
73
75
70
21
17
7
92
87
63
84
77
81
163
128
109
129
152
103
82
95
86
99
95
163
64
92
94
39
31
118
94
140
162
101
139
43
203
218
180
17
90
51
98
78
156
137
139
141
142
121
87
117
55
244
79
128
122
80
138
115
151
65
136
105
115
98
74
90
49
203
100
90
79
158
135
95
170
201
125
237
145
79
88
112
109
100
74
49
116
99
68
79
100
75
80
83
162
30
127
155
88
175
172
106
111
132
127
166
78
81
126
120
121
127
87
66
40
150
356
155
72
122
110
73
85
90
101
87
96
117
130
148
120
84
104
142
79
108
189
129
105
78
32
96
147
198
104
144
151
125
80
4
63
106
186
324
359
-1
331
316
75
72
36
92
58
76
53
130
190
175
162
85
238
208
82
128
105
77
123
129
108
125
106
51
116
104
110
97
96
122
42
146
213
319
87
81
90
60
65
85
75
67
120
116
83
116
125
103
100
2
34
113
102
188
127
80
98
123
121
91
24
84
31
121
108
106
82
81
84
83
78
129
58
116
85
58
93
106
72
78
75
222
198
98
97
139
284
108
69
77
88
18
70
82
77
76
104
186
75
148
129
240
189
90
101
78
84
110
125
95
96
144
68
154
174
9
56
44
47
115
267
67
88
69
145
73
90
52
53
88
92
29
97
103
124
75
101
96
63
96
77
79
104
88
102
75
90
211
203
95
257
128
65
99
42
128
101
76
91
152
164
169
174
159
173
80
162
158
72
87
87
125
70
67
107
136
270
185
223
216
60
181
91
117
108
103
97
102
242
97
98
109
56
55
47
72
62
100
258
99
179
225
86
69
73
74
57
99
77
63
61
197
91
132
123
126
87
87
109
152
156
90
143
65
70
33
232
121
271
97
213
114
102
116
119
140
68
82
70
113
68
111
117
77
113
109
38
52
117
80
65
54
101
92
98
269
90
103
97
88
144
98
135
75
87
39
44
71
99
70
86
195
199
115
67
37
39
232
88
115
94
106
116
111
103
85
80
145
103
90
75
70
172
105
76
89
70
69
75
106
99
119
107
89
99
115
68
118
94
82
111
106
155
95
92
84
79
67
48
158
107
91
122
112
51
70
78
39
88
111
105
112
105
105
155
131
140
71
53
91
81
101
79
87
72
111
49
115
222
63
78
77
97
92
106
124
102
126
73
120
93
138
126
178
123
181
178
152
81
93
64
120
174
144
96
92
55
232
108
166
98
135
117
96
256
136
93
45
69
104
92
88
104
182
198
201
81
141
103
63
78
74
78
90
135
241
114
110
130
110
47
12
166
136
96
107
60
64
67
68
98
100
134
78
74
44
89
43
94
79
84
69
103
126
100
89
94
72
116
130
38
143
112
95
107
203
90
92
87
97
121
92
100
68
84
117
158
65
112
82
130
121
51
102
98
93
78
88
145
96
95
115
90
95
93
69
50
59
72
85
77
64
81
114
58
57
5
105
146
137
75
107
97
184
174
62
128
186
87
100
118
97
96
42
75
61
128
93
73
104
87
70
79
89
72
92
78
96
84
106
261
72
112
94
93
118
132
98
101
122
68
101
42
113
72
63
73
91
86
95
92
94
93
91
75
73
70
89
84
52
89
52
32
98
90
136
71
46
67
85
80
72
77
78
71
125
85
49
49
84
152
92
76
195
70
138
157
58
87
80
67
96
65
136
86
16
82
76
74
62
61
86
50
52
84
61
85
133
81
79
83
134
104
74
83
80
77
102
64
65
63
86
79
235
85
9
124
129
120
71
93
162
72
51
70
97
113
59
137
167
81
91
76
78
53
52
84
83
86
65
69
188
138
154
115
30
54
50
63
61
55
109
140
203
96
19
65
71
90
82
40
130
174
102
126
85
101
54
99
71
44
90
48
14
22
17
56
80
71
32
76
185
84
55
68
70
143
86
66
33
125
82
75
74
27
100
43
71
81
84
98
115
110
59
61
45
82
38
68
66
38
56
62
115
87
58
54
49
67
65
61
86
45
79
54
47
3
80
25
57
56
39
51
96
87
50
58
51
57
105
55
57
33
68
71
81
50
69
40
76
48
62
16
68
75
79
54
73
7
65
65
69
80
52
68
73
55
60
64
61
37
52
37
89
72
31
53
65
77
64
60
67
57
48
58
106
70
92
69
63
63
55
55
56
64
65
60
52
38
58
31
53
46
56
60
53
23
47
40
53
47
17
68
37
33
55
54
37
53
65
51
48
35
34
43
49
49
40
49
29
33
19
20
50
56
