103
73
68
61
78
105
101
87
101
111
58
85
52
60
53
46
55
97
80
64
32
64
65
58
37
51
34
37
58
52
53
58
50
71
50
59
42
38
25
31
29
28
38
43
35
40
21
8
28
27
9
9
18
35
34
26
32
57
27
65
89
18
18
109
106
11
78
136
171
160
130
173
139
143
143
128
123
139
97
158
133
72
88
87
130
142
92
87
141
111
83
74
139
25
16
55
75
79
32
0
64
75
58
101
40
121
42
118
107
103
125
85
116
132
118
120
131
135
81
78
126
146
131
141
99
145
140
77
51
63
79
133
150
143
140
141
147
112
151
147
115
66
109
144
147
140
62
82
108
64
64
78
68
83
133
120
127
91
146
83
112
134
133
78
133
112
85
94
131
132
129
114
128
122
141
150
120
134
117
133
122
114
135
112
90
110
114
70
58
46
56
46
49
57
89
84
118
69
114
74
11
143
134
123
132
92
99
106
110
125
84
134
114
151
148
141
133
105
100
163
90
101
81
56
128
104
105
125
128
108
97
72
106
94
133
140
84
117
68
59
97
131
134
43
158
130
123
93
131
134
92
128
145
143
130
111
97
67
150
138
137
141
143
85
70
52
52
48
54
29
41
37
38
54
58
34
73
60
53
32
133
32
60
49
79
60
78
46
112
133
105
91
72
91
98
49
89
115
81
55
119
102
102
113
149
31
85
65
132
122
122
101
145
123
133
56
92
128
126
66
37
124
70
69
103
110
150
152
69
86
90
112
60
48
122
143
120
129
141
55
56
66
136
107
144
139
114
114
32
27
9
102
117
132
144
62
98
151
122
87
127
91
140
133
91
57
181
182
158
64
171
144
49
20
88
94
123
110
130
115
43
87
81
87
5
104
96
162
132
155
138
93
93
92
79
141
89
71
91
115
138
85
73
164
102
120
121
104
121
105
107
99
151
52
101
151
143
136
133
145
121
80
76
129
88
119
89
97
148
148
92
70
88
122
154
121
100
99
62
52
112
125
56
125
22
112
83
129
161
172
124
88
119
137
127
88
92
156
71
74
129
38
134
56
147
23
150
151
148
131
122
162
73
112
150
128
144
156
122
145
123
149
159
82
181
143
113
68
148
75
94
29
111
160
132
119
7
126
135
37
35
54
51
35
53
30
23
2
34
14
57
36
27
38
42
62
114
61
69
113
102
139
124
170
162
156
170
129
64
136
163
179
166
154
109
55
82
80
60
139
125
121
81
79
129
89
115
158
148
131
152
79
125
135
2
74
164
49
69
128
166
170
178
175
162
3
87
52
161
168
154
152
133
125
131
105
119
91
84
115
93
109
170
104
105
104
84
76
139
137
76
34
7
5
14
137
19
26
54
118
58
118
71
129
71
124
68
88
116
114
115
86
137
137
94
110
100
105
114
89
15
54
33
26
164
68
84
115
107
67
71
56
48
53
65
107
21
125
134
97
94
98
79
49
84
73
64
92
89
75
72
119
73
71
137
55
81
127
110
83
164
110
89
108
80
79
105
79
85
78
88
100
64
98
114
97
130
108
89
129
111
83
77
65
85
93
81
136
149
169
168
159
102
74
123
134
45
56
60
67
90
56
152
77
179
53
89
101
70
103
113
71
152
137
90
51
103
38
156
130
168
147
127
156
89
108
115
110
106
138
22
82
85
33
115
65
101
92
95
114
65
128
126
112
163
121
154
151
49
123
33
53
71
50
99
95
49
140
179
109
77
158
153
165
131
90
160
132
56
133
45
107
111
125
50
41
87
98
171
36
24
18
67
65
161
172
140
139
154
141
116
128
87
134
136
104
101
56
155
119
57
59
53
61
149
106
124
102
128
133
152
89
137
135
148
153
158
17
159
120
80
70
59
43
48
16
108
150
128
67
70
50
16
93
171
153
70
108
125
96
118
110
69
56
80
171
132
114
152
61
146
92
149
43
101
79
109
97
94
93
135
116
153
99
168
132
66
68
98
165
80
81
67
54
60
69
47
110
108
147
136
81
71
126
122
131
129
108
131
65
58
110
23
249
132
141
127
146
100
101
100
64
71
139
28
77
124
125
71
66
64
91
69
74
144
46
3
28
96
110
147
100
102
115
113
137
165
127
123
62
105
138
1
148
143
127
99
75
68
70
145
90
89
74
161
69
40
115
95
144
65
96
16
89
92
138
118
132
110
111
130
82
91
156
64
84
54
73
123
176
167
120
88
87
143
108
139
109
115
121
78
67
55
64
104
127
117
131
96
80
85
6
149
76
88
120
147
87
67
78
74
44
29
130
113
156
150
122
6
36
58
114
127
128
119
148
71
129
76
98
129
111
119
105
172
48
44
102
65
63
55
104
99
5
110
72
143
72
61
160
36
117
87
39
128
106
111
114
106
86
130
125
117
41
46
97
71
64
56
135
60
93
48
59
140
101
123
74
87
58
81
88
59
71
61
63
142
79
66
85
74
99
31
154
105
85
166
61
63
110
22
124
68
36
111
82
144
66
84
123
53
134
57
133
127
8
79
143
39
157
134
143
115
60
107
90
111
68
35
126
4
53
132
60
136
154
70
98
79
82
120
56
76
113
82
123
130
115
80
79
91
109
74
42
45
92
63
72
67
32
36
74
70
75
84
61
64
57
70
91
25
98
80
115
134
66
75
82
148
70
60
38
73
133
121
34
76
58
7
37
1
55
117
101
63
78
59
72
11
42
31
51
55
57
1
75
148
27
103
20
147
70
89
38
108
92
39
46
62
65
99
121
46
84
58
48
69
94
15
99
128
80
63
104
61
90
152
5
51
33
25
1
112
48
78
62
54
-1
76
74
76
40
47
109
76
87
111
34
97
96
99
44
110
88
116
55
134
18
78
116
125
128
101
33
122
113
112
129
86
112
117
73
61
121
86
43
45
24
145
65
51
42
104
77
126
117
135
93
48
106
77
118
29
75
71
116
109
99
117
76
140
102
91
99
108
35
80
78
94
102
79
79
78
67
95
61
26
115
56
49
93
77
45
94
74
82
40
44
59
78
59
62
16
74
38
48
33
64
114
109
