151
115
131
124
111
123
116
104
117
92
95
111
116
107
101
108
99
74
84
103
11
71
86
70
47
55
50
54
75
73
94
73
60
88
47
52
49
31
36
51
51
47
34
32
35
28
30
10
24
22
15
13
15
37
29
24
35
41
25
120
136
0
5
147
88
8
98
242
329
212
284
197
178
172
124
185
162
152
154
158
171
100
145
109
189
121
165
86
235
86
94
54
141
7
14
48
73
80
24
0
114
112
115
123
95
81
103
100
104
84
85
71
108
92
66
82
95
97
114
92
95
93
88
108
88
112
93
72
50
125
105
91
97
100
82
82
87
105
83
79
77
63
76
90
82
88
58
55
103
59
58
56
65
66
95
84
157
89
111
62
88
92
86
78
89
90
66
39
79
81
69
76
83
91
89
118
78
77
72
78
94
74
85
100
76
89
84
62
102
102
79
78
91
76
81
149
145
58
67
68
12
124
106
83
78
57
67
76
75
71
66
85
77
92
86
79
126
131
160
206
86
73
56
51
78
93
131
101
82
87
68
80
80
114
87
159
73
75
43
69
64
95
89
58
94
68
79
62
82
86
63
73
130
121
115
90
65
48
91
91
79
78
82
65
105
66
81
83
80
83
68
58
82
85
59
63
61
63
75
50
87
38
63
80
58
46
111
70
87
86
73
174
65
67
75
59
73
89
54
68
104
87
75
121
82
6
72
45
87
84
80
98
78
88
78
48
85
79
89
89
43
73
122
65
100
120
117
112
67
103
62
70
27
72
97
169
122
123
153
55
64
58
73
67
98
133
99
107
26
17
14
108
153
166
132
56
132
92
61
55
91
73
97
97
77
47
133
149
90
64
116
121
54
30
73
70
69
86
76
91
84
62
62
72
7
142
224
143
192
82
88
74
75
74
91
130
62
34
66
96
112
57
51
101
57
58
88
60
99
91
88
80
105
36
57
108
129
108
72
78
121
56
58
83
56
77
73
76
117
115
63
55
71
88
102
109
117
69
27
29
84
75
26
67
26
105
57
77
117
134
74
56
74
183
188
61
62
103
49
57
138
50
76
35
103
22
98
91
124
95
78
145
45
83
103
83
88
101
120
105
76
89
110
55
112
93
69
38
100
54
57
30
64
90
72
85
1
121
80
28
24
37
34
24
43
36
31
1
27
27
61
38
30
26
34
39
70
47
46
80
77
108
100
112
115
99
96
88
70
81
102
93
81
93
67
51
65
49
46
68
64
61
43
53
76
53
81
98
93
86
95
66
79
95
0
-1
97
39
45
88
127
102
97
112
93
3
79
41
98
120
100
112
67
64
67
64
84
68
66
62
77
82
95
52
58
60
54
43
89
84
58
24
4
0
27
93
17
35
45
67
37
70
47
89
54
81
53
45
76
92
100
71
81
85
79
89
65
108
51
57
12
50
33
17
108
42
48
58
71
34
37
39
55
50
55
63
82
70
69
29
59
65
50
55
84
35
37
36
44
62
80
71
60
45
78
39
18
123
88
83
86
56
92
97
70
72
54
53
62
45
58
72
50
46
47
60
61
56
50
62
77
42
48
37
52
66
60
89
74
96
94
83
70
46
85
78
37
32
36
59
63
67
86
44
113
36
55
67
51
61
70
89
88
86
82
60
71
22
77
68
82
86
72
87
53
70
81
68
77
140
17
49
41
23
67
45
53
44
53
70
39
117
89
71
93
99
90
83
39
78
24
185
58
18
59
70
16
83
122
93
40
88
95
93
78
66
87
70
71
134
56
79
64
79
44
38
53
57
99
32
20
19
39
68
103
101
76
74
82
73
63
73
56
79
67
62
62
41
85
79
46
34
36
47
104
61
66
58
74
73
87
60
92
74
86
99
79
4
85
66
52
37
58
21
33
0
56
77
85
37
80
32
26
50
104
88
50
58
64
59
70
70
43
56
27
108
60
69
65
52
59
138
99
27
73
42
60
61
56
75
63
64
88
54
94
74
44
41
49
98
47
49
43
18
24
56
20
57
60
79
69
38
49
81
54
69
70
69
64
35
38
50
0
136
82
66
64
80
52
60
60
31
38
68
29
43
69
77
37
48
38
66
54
51
78
21
3
19
53
67
82
101
105
121
77
77
89
73
56
49
66
74
1
83
77
71
58
35
47
56
73
82
87
65
89
54
32
54
54
83
37
47
12
42
51
75
57
59
67
61
57
47
55
77
53
46
41
60
61
77
77
66
42
43
94
50
76
53
64
62
52
56
31
32
61
53
45
54
59
34
28
7
75
37
45
87
78
52
34
36
51
31
21
70
64
61
67
76
13
25
42
62
56
65
64
71
27
54
49
59
72
71
57
50
77
25
23
46
52
55
30
68
53
2
48
56
77
38
34
133
28
49
66
3
59
53
52
49
50
43
61
74
73
22
31
51
112
37
21
53
36
36
35
36
74
79
82
58
56
34
38
52
46
41
55
44
61
41
37
48
40
56
31
76
68
45
88
46
38
51
12
84
42
7
56
40
58
31
43
54
52
57
37
58
61
0
37
79
14
68
64
67
82
40
49
62
70
42
22
51
2
28
66
37
76
73
24
41
37
41
56
45
43
61
52
52
66
47
54
47
49
56
45
31
28
43
32
39
24
17
24
39
47
87
52
32
33
41
30
54
34
61
53
55
63
53
42
45
72
42
29
16
40
80
58
55
62
58
0
24
0
34
56
80
36
30
23
52
1
15
22
27
14
48
0
28
66
11
43
43
60
24
36
15
50
57
21
20
29
50
64
55
41
59
36
34
44
65
17
88
62
39
33
42
40
34
86
0
23
29
3
0
45
17
36
39
29
74
42
41
41
26
23
44
50
36
80
36
51
43
45
24
54
65
57
27
76
28
45
45
49
59
62
32
79
69
75
85
38
40
43
38
25
79
64
28
32
18
75
36
40
20
40
44
52
42
58
52
21
53
31
72
21
30
48
44
46
39
60
33
61
38
39
59
40
18
43
45
38
35
32
52
25
27
36
22
14
85
26
25
38
27
13
46
29
31
8
18
23
32
16
27
5
21
23
20
14
61
64
81
