88
68
61
58
73
98
94
81
92
96
51
77
44
60
50
43
44
83
73
65
84
114
66
62
41
55
32
38
49
45
44
63
49
76
47
64
51
46
27
31
28
23
50
47
49
51
25
15
42
43
14
12
23
42
49
28
32
59
34
57
90
57
38
99
129
20
73
135
173
189
117
229
173
188
194
140
177
168
113
211
118
62
117
95
198
175
84
101
172
224
75
82
206
54
36
69
69
113
68
10
69
74
61
97
43
177
49
121
153
119
140
83
96
165
134
148
124
157
74
72
206
184
147
209
129
192
188
74
59
73
76
193
213
216
221
221
239
148
251
255
249
100
158
285
262
274
174
203
112
103
101
121
94
135
163
145
115
108
151
115
135
196
196
102
187
112
154
136
197
183
236
225
237
158
199
220
184
231
218
243
164
211
236
168
119
110
151
72
59
43
67
40
45
44
90
79
95
71
150
90
15
187
174
199
229
128
164
168
184
196
87
250
157
268
245
245
124
140
143
166
105
147
120
81
146
124
99
155
220
160
150
85
110
79
248
193
179
141
75
94
127
191
251
45
282
231
228
179
233
228
131
255
172
164
185
146
126
77
241
254
236
223
242
125
72
49
49
56
51
34
41
42
40
49
73
40
116
65
52
43
174
41
85
43
148
101
74
47
178
221
129
113
109
131
89
43
142
174
113
116
191
132
111
150
259
82
160
86
231
160
208
134
235
215
278
202
125
215
209
57
30
228
62
69
109
100
245
233
76
100
172
163
54
43
162
190
147
170
139
66
59
73
218
175
219
191
158
127
55
107
19
271
299
317
183
85
107
273
202
190
191
126
195
205
105
101
244
252
272
95
179
155
53
42
178
122
210
232
230
145
52
146
118
121
2
179
129
280
188
269
212
124
122
123
123
180
133
107
156
151
186
186
153
217
164
195
116
190
154
138
132
133
182
51
170
311
262
234
230
225
159
151
150
213
172
212
119
126
165
166
134
104
81
184
214
125
118
174
92
55
157
236
119
235
49
126
115
250
185
210
231
147
210
126
127
136
174
217
148
77
110
30
242
90
222
53
255
206
177
167
163
233
119
289
162
208
254
428
210
266
201
198
197
168
435
566
250
104
201
150
173
40
198
322
186
393
3
134
250
58
67
90
81
74
81
41
32
4
51
17
57
39
48
63
71
92
450
108
111
381
146
195
222
361
365
192
295
209
76
198
280
260
267
291
179
54
168
132
108
696
666
586
481
317
517
412
384
205
201
267
257
118
176
292
0
67
274
63
111
276
353
417
333
380
524
4
76
38
249
227
238
212
-1
700
670
454
124
176
172
173
87
390
407
528
483
484
154
125
414
352
129
55
14
7
24
324
54
59
71
481
87
210
93
273
95
289
111
137
290
121
137
87
349
191
184
151
178
102
213
127
51
51
36
30
304
120
394
440
114
159
145
149
79
79
75
188
20
234
223
200
161
190
126
80
110
123
143
182
187
92
77
215
121
121
193
90
167
173
172
115
283
233
105
128
138
143
180
175
174
104
148
137
105
444
566
141
253
146
139
300
217
128
114
102
153
142
152
332
311
369
408
409
158
115
216
180
118
114
121
47
112
50
474
112
247
112
143
157
187
406
341
54
376
407
85
58
185
111
304
252
290
411
475
279
123
146
130
142
191
174
31
133
202
66
242
95
135
130
149
192
104
107
203
184
390
134
281
253
64
165
146
59
71
86
128
130
96
244
193
205
124
244
271
273
204
134
267
209
53
148
47
216
199
214
85
93
142
150
307
70
32
31
114
89
354
331
244
274
276
221
161
330
115
293
340
229
249
96
251
194
95
118
75
77
237
171
211
176
346
346
305
148
212
376
434
281
378
46
252
235
172
142
87
109
71
58
182
274
299
349
113
87
18
214
319
301
94
204
210
134
137
136
144
97
142
171
218
352
417
88
237
72
185
60
113
94
161
177
196
126
236
205
271
326
270
428
100
105
163
315
134
136
134
134
138
118
157
182
168
373
223
304
115
275
181
219
236
152
217
103
143
186
110
171
247
335
182
277
133
186
183
134
145
357
36
138
297
181
130
101
103
171
102
118
232
56
14
52
141
156
311
121
140
142
245
239
315
233
306
155
181
201
7
265
242
228
152
166
97
73
330
90
85
92
277
238
63
144
167
253
82
160
33
177
132
216
251
305
125
184
240
127
248
267
75
144
104
120
213
345
360
265
173
138
240
188
257
211
233
235
243
59
92
139
120
413
396
437
174
309
313
89
333
110
135
297
257
197
127
128
138
82
51
221
180
236
232
151
7
49
120
211
251
349
199
276
132
161
163
163
242
121
265
138
281
74
67
154
124
101
90
108
179
9
156
99
260
349
96
165
42
163
139
124
241
238
147
178
193
139
407
145
168
66
84
174
73
222
80
204
101
370
103
93
289
102
139
133
118
103
139
180
92
177
99
80
253
176
102
93
114
170
39
276
118
158
216
119
116
211
55
189
139
109
369
116
229
82
325
403
70
357
82
200
295
48
127
215
87
334
319
351
191
67
476
133
151
144
65
224
5
99
200
94
254
285
127
214
301
147
206
113
122
204
106
269
228
383
130
290
220
174
112
95
90
164
86
119
109
41
167
211
217
88
140
72
118
97
100
162
49
106
99
188
137
68
136
128
182
98
119
73
75
198
142
28
89
55
15
203
0
72
230
95
290
117
86
117
85
66
57
59
123
60
4
113
293
54
317
23
299
100
350
66
221
160
65
58
108
182
107
261
38
118
81
107
123
109
36
108
247
185
91
157
89
315
155
53
79
67
96
0
191
221
301
94
67
133
112
145
177
65
59
209
106
354
139
39
112
173
104
75
181
99
173
87
149
41
95
166
161
198
96
34
140
125
112
125
92
130
142
135
133
145
110
50
47
29
164
90
57
67
166
112
177
256
180
104
80
97
114
118
51
99
73
283
271
274
232
114
141
126
90
84
278
48
125
95
239
221
196
73
135
182
193
105
74
107
78
73
120
121
86
95
112
152
87
72
107
194
101
120
64
104
96
115
51
66
123
108
