251
211
229
229
205
242
241
222
244
242
178
220
196
203
186
178
213
187
173
217
111
209
227
143
120
133
97
111
144
153
161
127
93
163
116
127
107
76
86
100
93
105
100
111
98
91
63
37
77
78
40
36
56
87
81
66
87
88
68
211
275
36
42
334
202
65
232
256
224
203
188
205
177
194
141
169
149
185
168
157
265
167
109
76
188
153
249
204
276
105
202
165
141
67
37
95
169
184
92
9
163
294
254
261
215
217
204
265
227
241
239
221
269
243
212
219
242
271
270
220
233
227
207
271
259
289
228
203
163
229
220
246
213
244
214
204
229
263
208
206
231
233
219
214
212
214
126
165
215
197
187
175
195
200
235
240
318
234
267
198
254
226
221
218
219
228
163
120
205
207
184
170
200
190
227
269
208
209
187
196
251
184
224
268
215
230
208
173
247
178
193
165
213
162
202
253
227
174
204
189
90
287
205
207
194
137
168
208
184
241
216
206
226
225
203
212
309
344
310
313
176
203
181
117
222
223
246
236
192
223
184
174
235
270
205
260
166
194
149
160
181
230
209
137
224
176
177
164
174
177
149
177
332
358
227
237
186
150
210
207
206
203
190
139
200
162
157
181
186
158
141
151
144
177
163
153
154
153
162
131
195
149
164
176
128
132
348
180
166
205
185
182
168
178
207
106
152
221
174
152
202
206
186
307
193
84
224
140
195
187
202
104
194
197
104
49
162
162
168
205
117
190
274
155
243
270
284
271
126
201
178
159
60
187
231
186
146
217
226
137
168
180
201
183
228
263
230
229
35
20
16
154
179
208
223
139
-1
213
176
140
210
190
212
190
216
117
208
250
230
145
239
264
140
92
147
180
142
184
245
251
196
151
148
157
23
164
151
186
206
185
210
210
212
210
318
192
153
111
151
233
304
149
131
260
166
166
231
156
251
251
237
190
230
105
167
181
173
235
185
163
248
162
147
190
135
175
179
243
284
284
230
123
167
207
229
261
273
102
103
112
171
182
6
145
49
206
155
186
282
256
172
126
177
333
352
166
161
278
108
151
264
115
172
87
220
102
240
263
155
253
218
187
142
124
243
159
201
203
222
186
181
176
229
136
202
189
118
42
213
131
161
66
158
249
153
110
56
148
173
68
66
75
81
65
94
71
63
15
73
56
113
71
67
67
76
106
105
109
97
113
224
232
209
220
226
228
221
223
116
170
185
219
152
143
148
102
139
110
103
109
107
103
63
78
122
96
111
208
203
185
187
146
195
179
40
132
220
110
111
208
190
183
184
207
157
20
239
142
243
252
229
239
107
96
98
101
175
139
119
132
140
127
182
78
87
95
140
113
168
143
150
60
14
5
36
131
42
85
136
114
115
186
123
140
112
194
119
127
181
210
171
149
183
200
127
154
163
225
145
135
12
106
70
67
218
103
67
99
144
116
121
133
125
114
161
144
67
169
155
64
115
116
98
144
143
66
105
80
67
138
207
179
106
104
197
101
111
203
138
95
200
140
193
201
149
170
154
151
159
102
154
153
102
80
81
144
171
88
95
164
175
107
113
100
128
105
123
174
184
169
177
167
140
100
181
190
79
87
95
134
148
143
157
91
240
95
127
142
106
94
102
118
177
120
175
121
142
73
194
170
207
147
115
215
128
133
154
139
106
159
89
123
80
46
142
92
126
108
143
145
112
235
178
172
184
152
190
226
100
200
84
123
172
114
155
99
52
185
205
215
99
192
220
222
192
141
160
159
152
230
89
118
90
158
89
87
130
118
212
73
73
71
96
123
186
190
174
183
176
159
119
154
111
155
137
115
104
87
183
206
172
90
104
123
256
120
172
157
141
139
185
94
216
160
143
224
165
47
183
129
131
91
121
56
85
38
144
188
193
62
201
83
39
123
202
176
118
146
153
123
141
128
72
158
72
232
154
98
123
131
161
264
216
71
168
140
145
95
130
142
140
158
198
82
216
137
129
127
97
205
121
130
135
66
70
135
103
151
131
148
188
54
92
180
119
161
163
166
129
86
95
102
23
140
170
137
118
170
141
126
127
41
92
132
55
105
116
144
114
124
85
99
109
99
153
69
29
40
122
119
170
116
110
118
128
166
179
153
106
92
102
129
2
159
148
143
133
82
105
126
139
160
209
110
215
46
55
160
85
190
75
95
32
77
107
173
130
142
164
143
140
106
85
188
165
98
108
112
150
157
158
125
96
101
183
165
184
156
145
155
90
153
93
55
150
102
95
92
128
72
56
6
147
88
95
130
185
156
86
122
129
77
58
163
195
147
180
173
29
70
115
131
148
122
134
130
85
134
141
109
172
169
137
126
194
63
70
119
171
209
91
142
160
5
125
119
177
43
76
153
68
106
212
38
147
145
131
117
127
94
117
137
125
93
123
129
240
41
80
153
98
63
65
97
135
170
152
102
153
74
100
118
127
103
141
97
151
114
92
128
89
116
65
146
131
102
178
170
101
135
15
182
71
54
76
97
123
86
62
129
120
114
73
143
101
25
87
167
55
130
114
111
192
135
65
93
121
77
58
144
20
78
149
124
143
136
74
96
57
125
125
119
91
149
121
113
131
89
102
51
70
175
111
73
69
89
68
93
81
59
39
57
56
144
143
91
82
123
73
119
34
126
122
109
202
87
78
112
170
108
74
71
131
182
148
101
169
115
16
34
5
87
109
153
43
88
65
120
17
58
46
61
30
84
12
90
138
37
86
67
137
49
75
63
113
115
65
62
86
87
123
131
61
108
115
60
71
111
39
180
101
63
83
104
92
76
204
9
70
55
15
23
113
8
65
86
78
98
111
99
77
50
49
103
115
59
102
100
116
93
122
64
114
109
123
75
96
32
94
121
127
96
141
21
159
164
159
166
85
105
110
77
59
143
151
51
55
30
164
101
86
56
111
98
107
74
95
124
40
106
97
161
39
91
132
68
75
64
82
77
118
98
99
94
62
39
79
125
73
65
53
74
60
45
65
54
17
176
57
49
104
63
33
95
65
66
20
41
34
58
55
64
21
61
27
41
15
58
135
160
