65
48
39
39
51
72
60
56
68
74
36
47
31
43
41
28
34
59
49
57
41
72
53
40
29
44
21
35
37
31
32
48
35
56
42
52
41
31
19
25
21
23
37
39
36
33
20
10
28
27
11
12
21
30
29
21
19
41
27
42
65
33
25
75
91
12
50
88
115
128
89
142
105
110
114
119
117
131
77
148
88
39
93
74
118
109
54
71
120
142
57
56
145
33
25
42
60
68
44
7
43
43
33
69
39
122
35
98
121
97
111
67
70
119
97
115
91
104
47
43
133
126
101
126
88
122
122
57
40
47
49
139
140
148
140
129
138
88
150
149
151
65
109
152
155
178
89
131
76
79
83
92
73
99
109
109
72
66
123
92
88
136
130
86
130
87
108
106
157
139
141
147
157
98
135
139
140
134
147
141
101
145
148
105
93
97
108
55
40
32
53
32
35
34
67
55
63
55
90
65
9
115
102
132
154
101
117
131
144
145
82
160
100
159
165
161
81
71
96
108
87
106
78
61
103
72
77
104
141
92
129
45
77
53
147
133
124
111
66
59
92
142
146
35
167
141
150
125
141
141
100
154
92
104
116
106
76
67
181
175
170
168
148
105
45
38
33
37
37
16
27
27
33
33
51
21
74
44
34
32
94
31
69
35
93
68
49
43
102
144
75
80
64
82
55
31
90
133
93
61
129
76
94
91
165
42
125
57
141
133
177
80
148
116
154
91
97
135
120
61
26
143
44
49
59
86
186
153
55
78
109
106
38
31
113
113
101
111
107
40
47
58
165
135
132
120
114
100
41
60
12
145
181
188
107
83
70
168
129
102
128
77
133
122
70
81
159
187
165
73
151
107
28
24
101
85
128
144
178
96
38
72
62
75
3
136
104
184
115
152
152
76
76
76
68
168
87
74
109
95
115
121
89
147
126
130
81
137
102
88
85
113
136
48
95
207
173
145
158
140
95
115
95
137
100
158
79
78
93
92
71
62
70
113
137
85
74
113
93
55
111
160
92
136
27
77
68
147
104
158
137
115
141
87
86
81
107
121
84
64
75
32
148
57
133
32
157
129
143
139
141
140
84
173
94
139
147
210
151
231
140
175
130
99
239
227
158
80
132
97
98
35
146
184
125
235
1
95
187
39
41
56
52
44
50
28
26
4
33
15
39
29
30
43
38
59
242
70
74
284
86
130
146
202
226
170
179
140
101
203
163
204
158
205
138
37
110
91
68
231
225
226
170
155
261
193
200
164
156
155
231
86
145
219
1
49
212
52
68
166
173
205
218
240
206
6
49
32
169
147
149
146
220
215
220
203
99
127
126
101
47
191
232
190
203
221
78
73
217
176
109
37
14
3
15
228
29
38
53
241
63
134
83
156
65
178
68
75
222
77
96
58
178
120
109
80
117
67
123
83
28
42
25
26
218
74
200
197
64
123
119
118
83
78
47
106
19
130
122
117
92
105
79
43
58
69
115
115
99
44
61
166
82
65
158
61
117
111
95
105
178
130
80
90
82
97
119
96
101
78
92
81
79
208
198
76
141
96
94
170
140
74
73
71
92
106
117
188
199
187
211
214
109
79
152
125
100
85
89
40
121
64
225
66
160
72
92
100
132
269
282
38
211
210
58
44
123
77
176
167
180
170
171
160
71
88
76
80
186
111
17
92
115
36
174
67
116
113
128
128
81
77
127
113
211
105
158
142
42
133
88
42
60
60
117
74
62
156
118
126
86
149
172
169
139
68
207
136
43
98
31
139
181
173
55
57
93
88
185
49
23
35
69
55
195
203
161
153
146
140
94
170
72
228
232
210
134
59
180
145
67
120
43
49
148
124
110
116
186
193
192
129
131
192
192
154
179
24
147
156
132
92
76
81
48
33
112
157
163
154
74
65
9
119
184
185
62
139
139
77
72
79
89
78
92
115
132
206
213
63
143
51
116
43
68
75
120
104
122
71
133
165
180
329
160
190
59
60
104
198
98
107
92
79
91
76
99
111
115
199
144
198
65
155
106
120
130
96
143
69
91
99
70
99
161
205
163
165
74
112
111
90
88
177
30
87
199
159
97
68
68
98
67
70
143
52
6
29
80
111
205
73
72
84
154
165
170
143
123
90
116
164
7
197
173
187
94
82
85
49
186
69
64
64
175
92
39
113
101
166
48
91
22
92
96
122
154
156
84
126
143
67
238
152
51
83
63
76
132
180
177
117
89
95
142
118
148
123
126
130
146
41
70
69
80
222
212
192
104
260
216
19
173
75
85
179
187
107
72
79
96
59
42
144
88
131
159
86
6
34
79
117
141
149
174
142
108
128
102
116
163
90
131
71
168
43
40
112
60
60
52
70
118
7
127
79
167
139
62
123
27
94
68
83
137
141
126
115
112
115
157
83
111
41
48
134
43
92
60
144
73
169
88
59
156
63
104
83
76
67
85
113
74
125
63
63
150
97
57
76
72
108
29
155
68
95
124
63
71
111
36
121
73
67
203
54
154
56
203
187
37
156
60
131
142
22
99
135
50
191
173
176
130
55
158
72
105
77
34
109
3
57
118
60
135
179
85
158
197
107
126
83
75
119
61
178
137
168
82
157
-1
120
82
55
79
97
49
72
77
30
72
92
100
53
71
67
74
50
63
111
20
67
66
121
85
39
81
79
97
57
85
40
51
127
101
32
60
30
13
63
3
76
101
74
96
82
54
90
57
40
40
50
58
33
5
90
161
33
206
20
186
74
176
40
117
114
54
53
58
160
58
135
22
87
48
61
65
78
26
61
125
154
54
109
52
165
95
34
29
36
51
1
102
101
140
60
47
91
63
93
130
30
33
110
54
131
111
29
86
137
90
48
111
71
109
84
97
20
44
96
90
105
69
20
95
86
91
87
67
74
88
79
73
93
70
38
36
21
101
46
42
29
107
77
121
155
99
70
61
71
61
74
33
66
53
152
161
165
142
72
83
76
65
46
173
33
75
62
122
129
109
47
76
119
116
63
43
81
50
53
64
83
47
60
77
83
49
35
87
83
62
63
42
79
34
72
30
55
81
64
