24
28
20
21
24
27
32
24
31
30
20
29
20
14
19
16
21
28
24
22
47
61
21
20
17
28
11
13
21
18
22
19
9
13
22
28
25
13
15
17
18
15
25
31
28
33
14
6
43
25
11
9
11
24
51
11
17
18
27
19
25
46
48
25
44
14
19
25
33
30
15
55
28
48
41
20
40
32
31
43
14
13
13
1
57
37
21
33
44
29
22
26
17
65
43
36
25
81
71
19
34
26
27
29
21
59
21
42
26
49
46
33
36
53
62
53
36
53
42
38
30
61
51
67
40
69
76
31
17
26
26
71
41
78
84
83
74
107
88
102
98
83
41
102
109
99
94
96
36
47
47
56
40
77
94
89
31
67
62
41
77
70
71
39
75
38
85
53
82
70
110
90
100
74
86
44
91
99
90
112
74
86
97
116
35
40
44
18
28
10
25
19
17
10
25
26
22
24
76
40
6
67
88
72
109
39
81
63
89
89
32
105
66
108
109
103
29
67
53
39
41
81
56
78
34
67
36
38
45
104
50
43
33
26
110
52
84
85
23
24
38
42
79
33
114
79
101
81
111
112
38
102
68
69
26
50
86
40
98
104
103
100
117
30
33
23
24
20
22
17
21
25
21
24
23
20
66
29
25
19
52
27
28
17
56
47
26
17
30
91
55
23
73
85
22
27
33
46
39
24
38
89
44
68
101
114
39
49
67
36
87
27
104
31
33
21
8
94
96
26
20
101
14
32
48
31
34
68
33
20
71
14
0
15
36
52
22
41
42
23
28
39
78
83
78
22
24
27
9
8
3
60
35
26
50
32
37
116
84
84
75
104
54
39
63
51
68
63
108
25
39
44
15
17
70
61
113
112
39
90
25
90
105
102
7
49
23
62
59
115
84
95
95
97
72
53
72
32
108
35
65
79
39
66
67
98
25
83
72
60
61
29
35
38
121
64
56
30
106
84
49
81
117
82
122
91
48
43
63
62
66
50
19
75
44
32
36
90
40
43
26
83
4
88
28
44
111
115
54
55
103
116
107
31
33
83
96
86
105
38
26
23
106
91
95
45
63
55
18
32
34
55
50
43
95
104
116
76
33
59
82
43
47
118
85
80
45
5
48
91
125
24
100
83
82
46
0
31
52
40
64
70
75
79
69
26
19
15
31
18
28
24
24
52
37
43
52
97
95
59
101
50
36
76
75
54
69
49
20
60
57
46
54
65
68
16
95
103
88
52
50
55
37
37
55
45
30
43
48
34
62
40
49
45
0
11
56
36
104
77
26
57
70
70
59
3
35
17
60
54
54
24
54
59
60
47
71
24
103
52
19
52
65
41
51
47
112
118
64
44
71
44
27
19
14
47
19
68
51
53
53
66
64
25
60
64
104
95
55
60
50
30
63
91
68
66
107
19
96
74
3
19
14
29
55
91
40
52
31
109
35
70
27
26
55
56
19
51
62
99
42
79
60
71
87
56
44
74
84
80
38
46
115
95
43
85
103
12
56
10
69
55
44
53
120
142
114
123
155
78
46
128
108
47
57
72
95
36
32
61
91
95
84
86
94
17
130
56
62
70
63
64
64
99
43
50
102
35
36
21
24
31
71
95
55
98
90
42
56
46
43
15
59
54
21
29
131
86
86
77
85
56
58
70
125
122
60
119
27
43
19
92
92
77
60
71
42
41
64
79
72
30
46
41
70
42
66
57
38
50
101
19
22
91
41
38
39
53
45
51
88
45
72
55
50
102
40
107
27
45
15
5
48
45
50
94
98
101
72
61
34
56
92
32
75
37
70
76
85
84
53
42
118
41
47
35
32
86
48
31
56
39
43
31
63
59
90
56
46
48
58
36
69
55
53
62
66
60
52
43
45
63
26
32
56
95
52
80
87
31
45
81
8
66
60
61
91
52
59
113
128
111
73
25
75
48
68
42
53
35
67
15
54
67
45
47
51
65
45
70
98
42
65
36
68
56
103
95
115
70
106
92
106
78
81
26
125
123
96
55
55
34
89
59
105
72
94
85
65
91
104
87
56
31
57
55
40
66
110
103
105
67
121
76
19
60
59
38
37
92
78
82
44
64
68
27
4
57
105
57
58
30
38
32
29
50
54
95
56
65
6
42
19
44
40
45
52
90
57
41
52
40
23
59
83
13
42
70
84
59
93
60
26
66
67
80
66
81
29
41
82
121
35
81
71
113
84
20
50
62
64
52
88
77
67
54
74
63
67
60
49
21
25
53
50
50
57
60
89
41
35
2
60
100
127
47
50
44
96
93
22
64
66
52
89
75
73
65
6
20
34
91
74
54
49
54
39
38
44
44
50
48
76
62
95
76
80
71
61
40
122
88
54
27
81
31
62
26
80
41
29
51
72
71
72
74
60
50
68
57
56
41
40
71
48
52
20
11
55
63
78
36
29
34
47
42
32
42
47
61
93
54
14
26
33
64
78
42
91
31
74
96
19
50
50
42
58
30
119
66
5
51
65
64
42
37
55
25
37
48
34
53
61
49
41
73
90
59
79
52
53
52
61
41
44
52
37
47
54
65
2
89
105
74
35
56
110
49
35
33
69
75
35
97
70
57
53
54
51
37
33
36
47
54
47
45
75
121
99
40
10
35
25
37
50
14
84
103
83
58
16
31
45
64
35
11
83
115
62
107
82
76
37
73
35
23
50
21
23
15
11
24
47
43
6
48
92
30
59
42
77
45
60
28
22
82
56
-1
48
13
58
32
40
86
66
65
77
42
57
39
27
45
11
33
44
24
34
29
35
47
47
36
37
39
44
37
45
38
79
52
36
0
59
11
34
24
23
27
63
71
33
52
27
31
78
37
14
19
38
37
47
44
51
23
47
27
19
10
60
47
66
38
34
0
33
37
31
35
30
60
53
36
36
40
39
27
10
21
46
65
14
44
44
40
28
42
42
30
29
34
93
36
40
47
24
39
32
44
32
41
38
57
37
22
42
13
17
34
40
34
35
18
20
21
42
28
7
29
7
6
34
35
25
26
38
31
43
32
21
32
28
27
32
27
18
20
15
3
24
23
