156
131
120
113
134
160
171
149
179
170
89
140
99
103
93
85
100
155
134
111
56
108
112
106
63
87
61
69
98
84
84
106
73
131
84
107
87
68
40
54
50
41
81
76
67
64
35
21
46
59
23
20
33
57
58
47
53
82
49
97
159
29
32
200
200
26
130
203
248
243
209
256
217
195
203
197
182
237
140
281
218
150
145
159
191
193
167
156
241
213
141
113
268
50
27
91
134
127
50
4
109
127
95
175
72
233
74
190
231
168
207
131
173
219
178
212
207
228
134
121
289
243
216
282
197
268
249
114
103
107
144
266
308
279
257
257
327
186
302
301
298
100
244
335
311
333
195
230
177
147
139
143
128
175
204
182
216
167
238
166
170
261
261
144
242
186
182
188
251
237
276
242
280
200
270
333
257
290
238
283
206
241
302
228
176
160
222
127
106
75
93
71
67
72
131
144
176
109
187
119
14
259
247
259
291
176
198
216
222
236
132
330
195
326
313
306
233
225
224
297
160
199
158
90
196
167
188
216
323
196
218
134
157
143
305
278
215
174
105
129
162
304
307
83
338
264
288
206
290
269
175
296
221
248
278
203
148
104
302
309
283
267
294
175
120
76
77
78
82
49
64
63
57
85
96
55
111
93
90
67
231
60
107
81
163
116
139
74
241
262
174
132
113
139
150
74
203
241
154
183
288
174
158
238
301
61
236
99
290
229
252
142
259
295
261
158
179
252
253
115
64
280
137
89
160
219
376
330
121
175
203
223
90
79
238
210
176
226
242
95
101
124
263
226
251
287
243
228
55
75
18
169
326
385
247
115
190
326
244
216
245
148
299
291
158
117
281
329
353
117
300
259
75
46
195
156
256
264
335
190
79
178
158
146
7
141
149
270
167
319
272
156
156
158
151
224
165
158
188
206
232
201
185
339
213
218
182
231
199
188
169
190
303
86
205
274
237
342
275
265
221
188
188
293
182
233
139
147
262
264
187
139
129
222
319
205
178
222
130
89
214
250
159
266
47
198
163
291
267
317
267
183
258
249
240
160
211
307
167
136
186
54
275
109
282
32
288
304
273
261
254
254
149
267
237
277
292
460
317
361
241
247
302
185
538
436
240
140
276
167
181
60
227
410
248
330
15
147
334
71
75
97
94
89
104
59
48
10
61
27
93
60
65
74
83
123
267
140
134
317
151
288
330
542
549
289
424
316
126
319
408
425
379
280
205
94
182
142
122
339
322
306
226
194
299
257
265
312
283
429
387
189
240
332
9
101
401
91
139
359
449
456
516
513
445
11
160
66
355
349
331
354
331
342
339
280
211
238
198
232
163
307
459
288
251
260
196
148
403
330
150
66
11
5
39
290
31
46
103
282
99
244
132
325
133
429
136
169
310
201
168
149
461
262
246
190
200
158
225
173
37
78
51
42
403
152
226
267
193
177
192
180
120
114
117
257
31
307
320
226
214
219
143
82
129
163
175
250
236
103
134
276
150
149
296
110
213
249
241
170
411
308
177
193
168
189
215
201
207
148
169
195
139
236
277
143
274
204
185
388
251
171
156
117
173
212
188
446
412
535
481
492
244
141
283
246
145
140
151
108
158
83
410
134
361
114
187
206
123
248
302
98
418
344
153
91
210
111
392
368
389
409
379
367
152
190
217
172
169
168
43
164
225
60
413
118
200
181
196
214
132
194
243
235
431
185
425
365
77
240
144
74
106
84
181
175
132
338
267
261
155
364
381
373
306
162
354
246
96
180
72
353
172
289
105
93
179
184
433
96
45
36
142
148
685
-1
330
350
364
297
193
337
141
333
346
209
288
92
385
303
107
183
104
116
303
215
248
246
327
341
445
111
264
366
343
360
487
38
352
285
229
162
127
130
79
31
225
352
371
172
127
102
35
254
436
389
124
281
260
157
188
182
173
132
179
250
295
243
306
123
322
128
274
75
139
126
212
216
263
155
256
313
377
224
371
369
132
133
187
437
162
170
146
131
138
162
176
211
189
367
334
182
140
358
227
330
271
182
287
124
145
232
113
213
336
337
289
400
194
217
215
175
158
395
51
140
196
266
160
115
118
218
149
140
354
92
14
44
146
210
432
116
115
128
345
325
486
271
285
159
280
253
4
346
308
299
186
176
127
121
329
168
152
135
367
171
73
189
188
353
102
218
32
184
150
307
345
417
185
258
304
144
191
321
102
152
126
174
298
483
492
358
187
172
317
247
364
237
287
304
241
115
119
144
177
326
298
316
218
217
207
32
457
129
156
244
358
252
147
166
172
100
54
332
261
323
327
222
13
75
152
250
318
307
288
354
187
226
228
235
331
189
335
202
369
87
82
203
155
144
87
149
232
12
196
157
361
222
120
186
53
229
167
129
290
274
205
230
218
205
329
241
245
76
115
211
122
135
97
264
119
218
159
122
416
161
184
158
130
121
152
223
126
203
125
112
332
245
118
133
149
200
48
351
177
188
345
145
131
231
51
282
155
122
228
169
323
86
237
281
110
347
100
252
355
16
136
288
70
331
304
308
224
107
264
165
219
153
69
301
6
106
228
106
393
466
144
235
190
201
287
128
163
248
138
337
341
299
134
219
203
253
132
105
116
202
96
119
144
45
107
149
144
103
167
105
114
94
110
195
34
173
152
225
227
92
163
155
282
107
128
71
120
280
231
51
157
108
9
94
5
104
305
168
198
151
106
156
75
83
70
85
125
92
4
132
341
37
227
40
358
170
205
55
252
195
70
79
117
143
159
351
59
154
90
80
157
171
42
162
202
153
107
215
106
192
261
49
71
72
83
1
216
167
154
116
91
172
123
160
136
53
67
221
113
189
208
56
151
203
148
78
224
124
220
136
237
24
108
217
198
163
154
47
191
165
187
196
132
153
180
148
134
170
152
60
80
36
246
109
87
59
205
156
246
185
200
149
92
161
99
157
58
132
127
190
207
203
199
119
195
149
127
143
183
60
166
129
182
187
140
113
175
131
164
107
65
182
102
93
139
133
87
125
136
181
91
79
91
130
115
134
53
114
86
83
62
114
192
179
