129
97
100
99
108
143
131
117
144
143
81
134
84
83
84
66
89
121
100
98
91
130
101
83
58
85
54
50
81
79
75
93
70
122
60
74
64
58
41
47
43
40
56
61
51
52
25
19
60
50
18
17
29
55
70
30
39
71
55
99
138
79
62
160
190
29
113
148
177
192
155
224
166
172
158
136
152
176
97
212
189
108
119
155
154
161
135
106
180
186
106
89
201
72
48
73
107
147
95
20
93
113
96
179
70
264
87
175
223
187
216
134
164
227
218
224
193
228
123
120
291
259
231
268
195
305
288
114
93
96
133
284
296
338
333
351
329
246
346
357
331
133
236
380
354
368
228
289
174
154
149
189
149
254
249
249
192
189
237
197
226
317
288
146
255
174
231
220
310
291
332
286
347
247
293
291
250
331
322
343
249
316
342
259
183
159
200
108
100
77
100
71
67
71
135
116
183
122
211
124
19
318
286
281
319
212
242
255
239
310
118
344
284
383
366
360
196
172
197
211
146
183
163
117
206
190
153
221
286
212
227
108
155
138
365
207
257
200
103
137
172
302
311
77
384
327
356
236
365
332
183
333
239
240
259
192
186
104
313
332
306
311
340
172
104
75
75
74
75
39
57
51
54
74
99
53
163
87
77
59
222
67
117
67
202
143
126
65
239
303
164
98
142
198
143
66
180
245
146
150
269
201
161
213
330
100
205
140
308
192
319
117
302
278
215
120
166
285
296
102
67
357
100
92
182
161
336
338
92
124
268
211
89
72
242
156
128
198
189
77
87
137
275
258
267
252
220
165
44
55
15
126
219
256
213
111
159
352
279
253
274
176
313
277
166
162
245
291
379
126
200
212
74
41
270
182
300
336
327
241
81
168
143
161
9
117
113
249
168
366
285
168
165
167
163
172
164
192
178
200
246
241
169
303
250
307
186
267
213
203
190
205
221
87
206
235
200
320
303
275
170
198
195
313
197
274
163
172
230
230
176
124
145
249
256
192
158
242
126
88
208
282
133
299
61
166
179
353
255
272
312
246
321
186
179
183
221
298
196
113
156
58
349
108
328
60
324
254
185
242
201
229
185
191
283
319
348
327
295
265
266
209
253
236
374
274
184
132
229
205
210
48
299
429
244
212
11
114
250
72
80
104
103
92
104
59
50
13
64
24
79
51
54
81
78
116
201
151
149
213
223
369
350
354
352
254
372
261
86
288
309
320
287
235
211
84
209
162
142
231
221
238
171
161
204
208
196
263
246
276
274
157
223
243
5
73
315
88
155
339
284
306
295
364
285
7
127
70
298
319
299
304
221
237
233
181
270
295
364
283
177
218
301
205
205
199
197
180
286
236
189
67
19
15
34
213
30
74
94
222
126
269
149
245
124
359
145
166
219
294
143
118
294
355
346
283
250
122
268
155
21
70
44
37
311
158
180
205
205
258
259
200
120
117
170
317
30
413
426
294
336
359
283
218
240
222
239
319
335
221
139
255
166
157
254
124
311
245
355
129
341
411
195
210
266
277
276
279
278
148
166
233
148
187
221
188
322
193
283
302
316
154
165
142
185
193
204
284
307
319
322
312
225
150
390
185
187
225
224
111
145
78
269
148
309
143
182
224
96
179
189
85
293
245
128
91
222
177
385
350
438
293
266
396
224
234
198
231
124
132
46
175
301
83
260
126
168
151
200
230
155
158
249
249
332
134
358
340
72
207
198
59
104
137
180
245
170
380
216
203
152
321
533
505
397
231
224
296
99
183
61
216
131
231
173
133
176
181
376
108
42
47
139
130
333
297
489
504
497
-1
331
241
210
222
226
150
178
116
290
256
124
169
114
123
288
318
261
340
205
211
316
87
261
284
242
338
302
48
480
253
177
284
99
182
87
76
387
502
333
149
125
132
26
380
342
240
181
351
365
183
266
216
326
144
236
211
286
199
224
118
478
132
228
79
152
142
371
300
171
170
335
236
358
166
349
236
191
186
235
348
185
175
175
216
223
151
238
236
211
296
456
139
146
353
262
533
292
200
365
140
236
323
215
167
296
222
230
345
203
226
225
215
204
279
46
213
147
184
172
131
123
289
133
140
301
91
10
59
230
209
268
104
105
121
267
259
283
345
251
308
254
191
11
223
217
195
322
243
140
84
265
165
159
126
388
121
73
225
311
325
114
323
39
317
183
389
323
320
169
262
336
173
163
410
136
215
177
255
324
321
312
244
315
181
323
257
370
414
405
421
184
97
150
253
266
225
237
230
206
160
153
22
301
173
203
179
289
203
167
157
178
119
73
349
283
403
461
291
9
50
177
291
379
227
275
269
212
371
196
196
286
279
328
300
460
92
146
203
132
134
171
169
209
20
222
149
288
166
150
153
54
334
228
200
341
338
211
309
324
289
242
271
239
108
119
205
124
102
96
306
122
170
112
105
259
229
141
235
169
212
199
239
129
110
123
99
352
186
120
131
159
208
41
278
181
264
268
131
172
359
38
294
264
169
180
157
252
86
165
213
106
274
102
379
249
60
186
301
118
258
237
240
260
140
198
319
238
263
76
321
7
132
298
160
254
312
166
171
145
203
299
149
224
299
141
234
264
218
205
168
140
231
136
125
125
182
118
153
166
44
69
126
125
102
184
97
194
152
131
286
32
142
174
269
222
87
176
187
204
128
141
139
206
299
252
47
124
129
24
75
12
115
251
184
145
169
124
162
165
98
90
76
213
74
10
151
279
84
164
30
282
187
156
84
280
280
89
75
129
128
159
264
51
150
102
70
144
173
46
180
161
115
119
223
123
145
234
93
111
90
139
0
242
119
131
105
116
141
155
231
120
79
72
179
157
156
149
58
145
165
163
117
244
101
253
124
188
20
145
260
226
132
152
35
158
132
135
149
128
197
225
178
148
160
136
74
70
37
210
117
75
77
217
155
199
171
188
136
95
154
153
159
66
123
114
146
157
161
156
163
195
184
153
124
145
56
171
126
151
146
126
96
149
107
127
93
45
159
101
90
155
124
75
114
133
140
104
63
67
117
105
116
71
101
74
68
46
93
168
198
