71
53
34
35
60
92
82
90
105
119
32
63
25
27
30
19
30
97
81
35
90
111
55
77
37
70
29
34
45
32
28
70
45
78
57
70
52
62
20
24
21
19
61
62
50
58
24
18
47
46
19
16
31
39
65
34
23
59
37
31
43
114
87
73
153
31
49
71
129
145
87
172
99
107
115
75
96
125
63
177
135
65
74
124
96
100
54
64
129
145
43
65
163
102
61
65
71
136
129
29
49
53
39
137
25
226
35
145
216
155
190
93
123
203
195
183
168
209
83
83
257
220
201
261
158
255
242
89
65
71
80
258
296
278
293
318
328
240
353
386
390
172
233
425
399
455
332
333
145
118
111
148
105
199
259
243
127
164
202
131
176
250
273
114
275
142
234
201
280
239
403
303
381
211
318
273
271
365
353
410
250
312
305
266
154
146
191
85
38
30
60
30
33
47
110
77
116
61
217
122
11
269
292
303
358
222
253
224
276
261
94
365
187
378
376
377
145
131
101
148
131
186
145
154
202
180
125
180
316
269
191
96
153
61
371
132
286
191
73
129
168
255
327
79
406
316
323
261
373
353
158
337
212
195
221
203
218
77
385
399
361
347
396
157
55
36
38
42
49
27
41
34
32
42
89
27
154
61
54
42
237
63
84
43
173
110
39
48
223
311
127
44
152
206
87
45
192
174
125
134
258
202
172
145
392
220
182
98
306
211
317
70
361
283
186
98
159
314
315
65
32
344
30
72
147
107
246
269
87
56
209
225
99
40
199
126
77
134
147
57
64
110
296
273
272
206
208
93
45
52
12
108
136
161
129
114
64
400
323
248
234
239
272
268
120
121
158
180
428
112
162
156
50
45
281
160
340
372
263
223
42
206
210
190
10
78
71
177
101
408
299
202
201
202
140
129
162
151
273
112
184
279
185
249
208
271
133
319
168
151
149
131
138
73
273
167
151
260
364
307
156
185
251
283
266
310
119
103
196
192
101
141
117
242
190
100
71
247
132
94
190
351
197
327
60
113
230
415
197
191
334
243
327
110
100
190
263
277
273
89
86
42
323
157
288
111
299
236
152
151
163
174
120
164
219
337
339
259
226
226
284
159
160
278
295
224
146
170
167
271
279
50
285
336
333
179
2
73
214
89
105
134
124
128
137
51
31
27
67
34
62
39
44
99
80
112
157
187
168
208
191
346
363
276
272
189
301
219
50
221
290
265
261
208
223
95
282
194
176
187
178
179
137
128
169
151
140
226
204
161
240
146
163
190
0
29
290
77
179
256
193
253
293
248
232
13
72
32
244
245
242
210
200
203
190
166
313
313
449
492
349
166
251
197
165
145
253
203
190
190
190
73
46
32
28
166
20
116
69
152
108
252
166
202
134
245
201
226
170
282
109
97
236
380
403
362
271
97
323
169
23
38
20
47
245
206
151
178
350
450
442
305
175
180
207
324
15
376
364
-1
294
372
342
270
333
453
407
585
496
320
159
232
223
191
229
138
510
184
371
84
293
316
265
272
428
455
384
396
402
171
174
402
197
142
175
218
322
135
274
239
274
204
204
160
241
239
225
206
227
250
228
230
252
228
296
146
310
405
409
157
120
58
208
222
246
165
241
216
94
152
179
49
211
188
79
57
345
254
260
257
299
195
174
272
308
360
270
349
99
91
39
210
506
129
219
146
200
177
204
276
154
105
194
187
258
142
261
265
74
166
431
29
81
184
144
253
348
297
160
136
182
258
350
351
286
319
185
317
51
114
52
137
132
153
186
145
209
220
287
121
43
34
189
102
264
226
361
304
327
294
302
158
288
201
192
111
163
144
219
209
123
169
80
83
259
312
292
302
176
185
221
72
231
200
169
280
226
100
297
252
137
301
112
374
95
191
188
288
235
110
79
153
15
221
283
210
249
282
353
291
322
338
289
86
347
153
273
155
181
106
268
44
201
101
109
129
232
349
157
171
317
203
252
147
287
181
320
295
301
290
203
202
201
329
307
147
405
340
256
196
263
126
175
229
301
271
278
194
291
182
305
380
354
120
217
213
205
244
223
278
281
337
260
200
38
177
131
149
175
154
157
379
107
139
234
117
12
89
256
213
227
80
84
89
193
169
206
301
162
331
230
157
19
159
149
148
187
300
151
98
179
180
110
146
277
98
74
216
349
216
153
261
34
351
180
246
208
255
174
258
296
198
123
248
236
227
290
199
293
213
235
156
309
200
202
195
272
201
230
224
139
46
126
294
231
198
179
176
252
154
151
17
225
194
243
118
236
136
179
201
138
127
90
298
163
302
292
190
10
53
138
292
220
167
183
202
420
179
175
163
205
175
207
191
305
121
238
230
121
87
231
254
170
36
226
122
205
135
184
118
49
197
126
400
231
209
135
245
248
173
149
223
252
126
82
147
40
74
122
234
150
138
80
117
197
133
112
243
123
243
212
182
113
77
83
119
246
151
192
100
160
222
42
200
224
186
183
106
234
220
32
232
269
380
145
133
194
83
157
150
156
189
127
220
191
149
202
238
216
179
183
168
174
128
161
269
230
243
86
183
11
142
266
174
191
225
193
130
115
176
190
157
156
309
135
186
204
167
206
157
117
163
117
146
104
130
114
182
196
50
43
101
103
62
130
88
183
173
153
218
17
127
234
190
162
69
179
205
142
139
158
207
117
206
150
27
97
174
34
45
6
85
166
101
102
130
139
136
240
107
96
60
315
49
34
185
193
99
130
9
220
210
121
116
194
234
96
98
104
69
67
163
45
111
66
48
101
120
50
108
125
112
81
151
91
125
128
197
143
78
293
0
171
122
90
79
78
97
160
172
68
73
43
116
157
111
91
36
121
140
112
129
173
43
183
99
132
15
110
166
168
83
104
31
93
64
82
103
122
130
129
115
131
91
59
39
49
20
147
95
57
59
147
121
130
116
118
116
87
109
153
97
44
96
46
118
125
126
127
114
134
142
100
70
117
37
108
62
98
108
100
67
107
77
87
83
34
93
56
58
107
103
69
68
109
82
138
44
56
88
82
69
95
73
47
50
36
121
94
116
