186
143
138
141
156
189
179
158
200
189
106
164
108
119
100
94
117
152
151
142
103
149
143
122
67
104
60
76
104
103
97
112
83
140
97
102
87
65
46
58
51
54
80
79
75
64
49
27
53
55
25
31
39
59
56
54
48
82
48
127
204
51
37
223
227
31
158
221
279
293
191
305
230
219
211
192
178
233
175
273
249
185
159
162
228
213
216
185
274
218
160
130
230
59
36
88
138
138
72
5
105
156
124
213
99
273
99
200
243
198
247
134
215
261
224
233
241
270
151
138
288
295
256
342
249
308
285
160
117
137
165
313
286
327
313
295
323
240
311
315
307
154
287
340
303
322
194
227
204
168
157
169
161
197
243
247
227
180
253
193
197
303
291
164
271
216
195
192
272
265
282
253
304
234
319
316
265
304
266
286
277
265
308
256
194
194
263
129
125
102
120
97
95
99
161
167
194
123
202
156
31
304
281
284
263
224
195
253
242
252
147
302
241
317
313
292
254
273
256
306
162
195
187
105
238
200
214
271
284
227
212
140
188
171
283
262
219
186
127
157
206
297
292
98
320
272
279
190
280
270
169
302
282
278
260
209
179
115
277
264
263
262
284
155
136
97
100
109
107
70
81
79
72
112
117
70
153
101
111
84
258
85
140
112
180
142
173
99
244
263
168
174
138
180
171
84
188
276
166
158
272
209
177
250
270
85
222
146
281
216
265
139
273
290
221
113
182
225
290
145
86
289
145
115
193
232
384
340
115
188
228
235
115
110
240
234
193
321
264
110
116
156
269
230
278
270
238
223
61
60
20
172
236
276
321
143
229
318
252
200
266
181
296
285
185
128
329
354
309
132
322
322
101
65
218
195
241
254
306
264
113
188
169
162
16
180
172
319
227
320
252
207
204
206
203
232
163
166
177
268
256
191
172
350
208
229
211
208
235
221
204
200
302
100
191
272
270
294
281
257
221
171
169
279
179
228
175
196
314
318
217
148
170
286
-1
235
227
185
121
98
200
240
125
248
52
214
180
281
334
310
235
169
253
283
281
174
186
353
167
125
210
69
255
102
306
69
321
308
259
289
252
320
142
242
258
262
275
368
257
286
237
254
311
191
353
291
238
126
286
165
183
60
221
351
243
200
22
163
276
66
72
98
99
84
107
64
56
7
67
31
96
67
57
72
77
114
221
133
131
239
201
274
242
357
332
327
368
297
117
233
432
378
356
251
186
110
175
136
119
228
217
204
154
151
212
180
223
287
279
288
315
153
263
276
13
102
344
98
136
297
319
315
321
360
285
21
169
90
341
377
372
335
214
227
219
188
230
198
162
222
156
196
326
190
177
184
189
134
274
239
164
74
16
6
33
255
42
67
110
208
108
249
129
284
124
331
129
168
254
214
189
146
331
241
188
215
203
181
221
168
27
70
52
46
360
151
148
181
191
174
181
150
117
115
121
175
40
249
254
190
167
176
170
102
155
161
165
200
192
122
134
229
144
137
251
118
188
256
226
141
316
266
155
161
153
167
225
177
175
137
163
169
126
169
187
217
282
160
170
298
254
156
139
127
168
220
174
316
292
317
330
310
208
137
248
265
132
154
138
109
152
95
278
141
403
123
167
174
138
183
195
103
296
250
178
110
215
108
309
267
296
281
236
301
142
179
191
178
151
196
56
147
188
61
242
117
174
151
179
199
134
220
257
234
321
205
318
335
85
249
121
89
132
118
189
169
122
257
265
252
136
345
289
281
243
161
274
247
116
218
71
181
166
237
98
97
169
165
370
95
52
43
130
147
328
319
271
287
295
256
170
239
131
225
241
177
193
103
316
251
145
156
103
121
341
199
247
197
220
232
281
135
279
256
233
325
339
55
277
252
166
114
116
91
78
52
181
290
292
123
182
104
32
197
321
279
107
217
220
141
174
164
136
168
143
281
268
205
235
127
232
167
300
77
184
143
223
169
192
176
242
244
349
171
336
232
130
122
158
343
150
158
150
131
130
162
143
206
184
237
254
128
133
240
197
247
240
212
232
129
135
155
90
247
269
226
229
283
176
196
198
130
152
257
58
142
179
236
122
114
119
167
113
118
277
92
16
48
149
200
278
139
136
144
258
287
308
236
209
116
222
202
5
230
232
217
199
172
119
121
248
147
159
117
301
116
73
181
169
326
99
184
29
146
151
258
247
298
201
201
262
131
144
275
113
133
98
121
233
302
325
238
161
152
274
197
268
214
229
223
153
114
96
103
175
231
211
220
191
157
136
15
306
119
133
226
298
209
129
147
147
93
65
235
227
239
263
212
20
61
145
218
238
220
229
257
156
178
165
202
249
171
221
187
299
86
74
181
214
185
97
151
200
9
194
143
300
134
101
199
64
173
197
106
233
201
202
201
184
156
225
209
188
93
150
165
152
91
97
206
110
147
121
120
271
150
216
141
157
95
133
196
136
140
156
111
241
185
119
133
130
171
53
239
153
141
320
151
128
189
51
244
124
112
183
139
240
90
148
210
93
248
92
218
238
31
137
269
64
232
216
217
242
114
176
126
160
117
67
209
13
92
200
132
281
267
126
142
122
141
189
125
128
233
128
226
231
177
135
144
137
184
131
87
111
151
95
122
119
44
71
116
127
131
175
98
103
122
114
159
43
161
126
183
227
91
135
155
243
118
109
76
109
246
215
62
143
97
13
61
5
96
197
164
109
126
98
146
47
67
63
76
105
83
4
122
246
44
190
47
269
123
136
65
183
161
65
70
99
134
133
210
65
142
110
80
117
150
35
171
166
115
111
168
109
147
275
40
72
67
63
3
177
105
112
122
106
154
131
137
112
61
57
162
121
124
184
71
161
156
145
64
181
146
184
92
228
39
102
191
195
162
140
44
212
193
204
200
128
165
176
109
92
182
165
60
83
30
242
111
100
62
158
134
182
140
189
146
55
153
112
164
46
110
126
134
146
143
158
119
177
150
135
134
131
49
131
148
132
138
108
122
135
93
124
86
41
218
75
68
145
115
57
127
102
140
75
75
67
112
89
101
39
101
62
55
46
122
167
164
