90
71
82
87
72
99
89
95
101
98
69
93
84
68
77
70
84
79
64
70
37
83
92
76
60
77
50
45
72
69
65
79
55
102
59
73
68
60
43
47
49
44
54
48
43
45
37
26
43
42
28
29
26
48
38
41
42
61
42
68
75
7
22
74
126
13
57
65
85
114
75
105
87
60
79
55
52
94
43
125
130
32
89
99
47
70
67
57
71
108
59
60
124
26
28
64
74
75
49
1
90
108
103
148
80
215
93
131
224
163
181
98
130
196
156
183
165
165
99
93
248
203
190
238
166
225
215
75
48
101
114
246
265
237
245
226
248
117
200
217
247
80
265
255
200
244
124
230
159
139
150
162
145
192
167
157
145
67
205
166
111
233
209
128
226
118
178
148
247
229
211
187
218
168
213
250
199
218
199
223
162
230
222
121
183
162
191
98
125
62
85
69
83
65
121
94
118
85
165
112
27
210
174
227
229
145
161
217
182
188
99
211
151
237
217
213
127
94
83
113
148
139
136
56
168
102
130
158
240
108
208
97
137
110
222
90
208
128
95
131
164
227
245
119
226
191
182
185
229
215
189
193
90
117
191
171
127
90
227
225
203
213
203
198
96
68
66
65
72
52
70
64
51
74
116
54
117
82
78
55
154
43
111
80
172
118
83
77
221
200
105
47
57
107
85
53
146
145
126
123
218
103
143
89
203
48
207
94
221
197
216
30
206
202
121
65
140
187
169
75
65
187
73
70
80
98
213
213
74
67
195
172
72
38
230
61
53
110
114
69
89
122
189
182
150
188
199
96
45
40
9
57
118
137
91
116
87
226
168
204
239
102
237
238
107
112
103
129
229
115
108
129
35
51
218
124
198
239
219
111
83
111
93
85
14
54
70
116
56
210
190
110
110
109
76
72
111
122
128
117
112
161
170
172
171
179
167
176
112
100
91
168
108
59
128
117
88
241
191
182
99
149
146
215
120
192
77
78
113
113
79
87
137
151
154
81
73
159
120
68
183
231
131
175
46
104
128
209
134
115
190
140
197
85
83
100
150
168
124
89
79
71
192
53
219
54
207
176
124
165
188
135
117
95
121
195
197
156
229
144
165
102
98
150
174
117
93
126
135
137
127
48
185
197
168
99
5
58
136
62
56
53
56
61
70
55
45
10
56
25
60
60
54
55
52
80
84
90
89
125
83
393
381
177
178
154
200
165
55
180
183
184
162
104
144
93
145
109
87
126
118
116
95
87
105
113
99
167
151
137
167
117
122
121
1
32
203
52
92
163
146
142
158
157
123
13
84
60
191
196
187
209
114
112
105
80
239
341
364
362
297
82
135
116
106
87
134
95
133
129
130
42
8
1
25
100
3
25
68
96
95
194
95
163
81
167
76
78
113
302
66
83
156
309
354
275
168
70
180
97
13
59
40
37
153
86
89
109
323
460
712
339
303
299
182
261
35
305
296
405
301
275
307
298
277
419
617
319
305
258
252
186
100
98
179
87
463
169
354
63
182
285
358
345
340
363
332
340
301
94
127
250
112
85
110
124
169
80
232
147
162
84
94
77
104
197
127
134
133
131
135
129
228
80
237
101
289
-1
854
149
117
52
100
82
168
93
120
185
54
102
89
62
135
117
83
82
154
133
159
134
177
126
97
187
249
238
293
246
78
49
32
97
294
48
139
77
132
121
120
145
86
90
154
144
138
52
153
177
61
133
382
46
84
70
155
220
395
234
101
94
77
180
296
312
246
235
117
194
84
74
54
101
83
123
179
75
119
113
176
79
44
44
79
100
135
140
283
226
221
225
256
100
215
126
142
95
93
65
156
210
79
124
77
84
181
246
154
230
95
95
141
52
164
121
88
179
129
28
236
165
80
233
112
574
50
7
148
188
140
83
69
75
10
167
165
115
213
253
299
171
206
225
240
124
229
112
158
112
110
89
187
72
142
54
74
80
210
206
110
91
179
139
173
98
189
90
302
281
187
171
95
88
110
295
243
144
308
244
173
125
206
100
102
141
212
190
160
112
211
82
218
188
427
92
129
118
156
150
100
141
140
163
191
114
40
126
79
89
156
66
72
225
89
90
153
57
6
24
168
154
125
70
70
68
114
115
122
176
100
271
136
89
3
100
105
84
163
141
87
59
116
147
161
69
170
76
45
142
240
153
66
202
22
273
115
158
132
141
136
223
154
88
81
160
310
159
259
218
213
123
124
88
203
127
135
154
152
154
147
156
80
41
125
200
237
115
111
101
146
106
98
10
133
131
138
78
142
99
75
93
131
84
51
203
97
169
206
85
8
48
177
138
128
94
134
115
437
159
109
133
135
208
126
129
190
52
259
175
76
72
168
164
118
3
135
117
130
101
137
71
39
159
95
336
130
139
114
183
184
138
76
199
203
75
68
97
67
55
53
132
66
94
87
91
112
154
95
229
109
168
156
119
147
63
67
60
152
81
65
87
85
129
38
110
193
164
96
102
189
179
34
201
212
326
99
94
121
64
109
94
196
107
50
168
108
0
139
169
159
121
109
96
169
150
98
234
171
159
43
100
16
66
141
110
97
121
92
68
79
149
105
96
151
155
76
92
126
91
159
88
85
153
96
98
103
81
59
60
78
37
47
73
71
55
63
101
82
99
67
169
14
92
259
116
122
73
101
77
74
61
117
181
117
157
147
50
94
174
4
32
1
85
109
126
77
80
56
133
158
83
56
52
198
57
1
82
96
35
88
49
121
154
92
51
125
174
55
39
56
68
68
91
30
113
58
42
60
109
35
101
69
53
63
103
68
63
100
137
67
52
214
1
108
88
71
54
105
56
104
112
56
41
54
81
75
68
85
54
86
72
92
106
116
33
125
118
99
16
56
112
85
55
75
14
55
57
56
55
74
75
95
103
86
47
41
48
51
28
86
57
50
31
105
91
103
86
75
103
60
82
69
66
34
63
60
76
75
69
81
83
81
81
71
48
64
29
87
35
51
52
51
38
88
58
49
51
29
72
57
50
55
62
46
35
58
59
48
20
38
30
57
53
45
51
38
37
21
105
87
113
