185
156
133
128
147
201
181
178
223
194
115
171
106
106
116
98
130
174
169
122
136
212
142
131
78
125
66
81
110
105
101
125
106
174
107
123
114
87
47
66
62
64
102
103
100
94
47
29
74
79
32
28
45
67
96
54
53
98
61
106
144
156
91
187
274
51
138
162
194
222
162
242
186
189
194
145
161
209
102
246
217
114
143
178
187
180
139
133
214
219
105
138
221
116
76
101
147
204
156
31
121
230
183
302
139
456
169
315
340
352
350
228
302
419
373
379
352
400
190
202
512
438
389
475
346
496
507
240
204
153
237
512
539
641
601
620
581
541
588
616
617
319
387
612
667
651
450
548
284
322
288
377
262
393
424
436
260
298
383
333
362
546
462
232
402
263
492
360
597
507
606
545
681
359
516
462
439
596
535
646
473
524
541
480
298
261
319
198
164
125
154
129
115
126
208
172
201
208
299
206
70
429
431
448
600
361
414
431
412
498
190
664
381
740
662
707
235
225
225
232
201
269
237
203
319
322
242
320
519
488
382
168
263
199
-1
229
458
363
167
197
223
563
496
121
733
620
616
446
650
596
284
606
353
345
329
310
339
204
563
584
576
580
626
263
166
121
111
130
115
74
92
104
87
116
169
87
225
122
124
119
317
109
166
126
261
191
150
119
344
535
235
118
228
336
190
89
252
338
223
206
391
343
261
276
607
210
300
241
490
319
531
139
598
373
221
130
230
515
442
177
113
665
121
138
247
212
377
407
145
113
414
295
126
114
370
198
154
228
223
124
134
231
429
388
385
312
349
179
48
66
19
186
210
247
222
183
205
697
488
372
439
329
383
389
289
251
249
314
639
196
252
251
114
78
433
305
596
527
376
365
102
267
261
255
23
153
123
277
197
635
430
362
364
364
257
185
250
379
282
226
342
429
256
396
435
569
264
497
308
300
281
247
241
106
342
253
239
369
529
482
243
283
318
523
310
503
226
236
286
287
219
217
217
371
283
220
179
384
225
174
296
522
199
472
80
217
283
606
307
295
499
409
552
201
204
263
330
402
341
145
174
91
587
178
481
154
439
372
193
283
259
254
332
225
390
543
520
357
358
306
448
224
279
368
385
318
219
198
252
317
335
78
536
482
444
217
37
145
318
109
122
157
173
151
169
74
64
22
83
44
120
69
74
117
108
156
229
244
218
250
338
355
363
394
401
326
406
307
90
339
370
363
320
252
354
126
382
264
211
251
245
242
169
175
238
212
194
304
287
267
334
220
251
266
20
87
396
122
256
406
267
336
348
398
298
17
203
111
365
361
355
326
248
236
231
198
304
304
381
288
173
237
324
221
212
208
320
271
308
237
286
109
45
33
42
226
38
139
136
214
172
410
209
255
173
376
222
268
246
248
175
156
296
374
311
311
430
170
440
233
22
82
59
67
355
254
180
210
210
356
280
272
151
135
171
296
35
360
363
371
282
313
271
183
257
247
270
370
346
250
178
335
255
222
307
179
354
286
320
122
393
331
245
226
347
370
386
372
373
218
237
323
227
197
231
315
534
175
220
314
422
242
226
200
274
220
282
315
334
331
302
322
312
230
325
212
273
222
212
125
199
132
278
216
344
224
272
330
150
202
212
108
290
251
183
121
365
257
422
367
461
283
237
366
271
307
239
292
139
161
75
268
351
139
285
180
262
232
335
405
206
189
312
287
374
181
378
374
102
262
288
78
172
310
269
216
154
327
232
259
227
383
427
395
309
286
247
503
123
204
82
197
158
246
183
212
276
264
385
190
86
68
212
168
337
305
386
365
391
365
282
243
273
239
231
169
199
183
325
314
227
233
162
160
381
312
424
305
221
223
318
120
365
281
250
390
301
90
336
299
205
242
167
183
124
182
241
352
333
158
163
220
43
241
364
258
195
330
364
247
297
286
290
153
266
252
350
225
243
164
339
150
307
112
204
215
255
303
190
242
483
285
386
175
398
240
258
239
324
387
246
255
259
246
258
222
317
337
275
270
377
148
209
337
305
313
401
349
298
204
269
285
199
168
329
250
244
345
293
333
331
240
252
272
52
273
196
198
191
206
193
305
163
196
314
168
31
86
263
350
275
122
119
132
264
262
282
536
228
253
268
199
26
234
206
195
225
353
169
139
246
214
140
169
418
111
113
423
297
349
172
242
48
287
284
298
306
340
272
281
364
241
161
313
165
255
199
181
288
297
288
229
304
230
312
250
353
277
311
296
194
118
134
224
235
251
228
229
285
191
172
14
293
215
273
200
322
201
227
233
243
154
123
297
240
323
348
269
17
84
242
427
294
218
292
263
243
231
232
261
297
220
280
201
367
128
153
263
209
180
227
242
245
42
326
195
284
162
182
170
66
220
231
249
272
268
224
260
284
225
223
231
234
196
129
221
137
105
138
289
158
175
138
142
251
196
161
213
234
190
246
260
205
117
159
149
292
187
209
156
197
282
61
241
192
189
268
178
225
286
41
318
228
222
197
206
240
153
183
217
118
243
132
265
234
171
236
359
139
251
232
224
383
127
197
238
215
212
97
252
22
180
436
317
234
287
221
156
153
182
265
233
147
445
170
231
255
215
230
183
147
234
223
199
228
175
131
242
223
70
63
149
131
113
203
142
223
280
173
266
36
213
179
248
209
149
219
255
220
178
203
191
124
298
246
72
181
114
36
68
12
152
219
193
136
183
173
230
150
120
118
89
197
90
44
198
264
110
179
48
278
185
168
141
229
276
108
97
165
128
123
236
66
195
120
83
132
187
60
212
165
130
169
206
137
142
236
112
141
126
138
1
237
125
126
104
142
133
211
224
110
115
67
184
246
152
164
90
205
177
210
123
234
112
226
135
180
32
167
249
243
144
244
38
161
154
150
161
178
223
230
160
162
143
134
77
95
37
209
155
120
97
200
171
180
164
171
180
103
172
187
182
71
162
115
152
158
164
160
195
193
201
151
112
157
60
170
128
142
152
128
99
141
104
123
104
43
190
93
87
146
120
80
119
153
127
133
62
63
115
107
107
94
99
71
66
39
137
158
192
