141
112
103
105
125
147
150
138
172
152
88
129
92
92
83
75
95
128
120
115
92
152
96
94
59
78
53
55
87
80
74
79
53
101
66
76
69
39
37
44
47
37
63
64
52
52
28
13
46
55
17
14
23
48
63
31
46
58
43
97
147
86
58
184
160
25
118
170
178
166
133
206
154
173
158
130
150
168
115
176
162
132
81
73
176
168
165
128
185
124
118
102
129
59
43
61
119
143
103
15
92
110
100
167
66
185
83
167
130
147
161
119
165
181
178
173
177
185
141
133
158
190
171
219
165
220
222
124
100
97
134
195
179
241
219
230
219
257
240
248
256
167
170
274
286
301
173
196
147
125
119
131
121
153
243
211
165
196
189
116
208
208
243
118
201
160
161
131
219
186
275
196
260
205
260
182
217
242
231
271
246
224
256
294
124
127
151
103
94
79
91
60
69
72
112
123
163
96
165
95
18
248
242
217
235
147
167
186
205
222
116
264
191
270
269
263
190
242
199
227
122
160
133
141
159
191
174
150
204
294
152
124
136
139
269
218
194
192
92
86
119
172
232
68
269
220
257
174
262
236
109
237
272
282
154
162
164
87
270
269
264
255
265
92
106
75
75
86
78
48
53
54
55
78
75
50
120
78
77
51
155
62
81
72
100
81
145
68
137
239
174
112
166
169
130
62
116
182
122
86
162
231
136
240
270
107
139
118
221
128
219
123
226
155
130
52
107
251
256
116
69
261
125
91
209
193
220
250
93
114
167
122
44
84
129
191
140
171
171
88
89
123
206
184
249
174
126
164
14
19
11
146
149
167
218
97
173
299
221
140
203
201
203
168
174
102
224
235
294
72
182
224
80
35
177
184
222
218
201
295
78
176
177
153
6
117
105
203
192
289
216
227
227
226
231
176
138
110
165
180
250
181
99
270
167
211
152
211
250
241
223
144
205
93
182
195
181
179
249
230
227
136
141
212
164
228
151
171
276
277
245
108
96
201
212
192
177
134
91
103
134
213
34
226
40
173
157
260
234
240
231
182
227
208
204
172
159
305
176
100
162
49
249
106
245
86
271
241
138
187
160
192
101
164
268
214
272
239
156
202
213
177
241
173
275
235
132
54
227
156
187
34
207
310
219
139
16
118
183
61
70
93
96
87
109
37
36
10
53
26
79
45
34
62
73
96
147
130
138
139
222
224
196
282
282
226
296
220
92
214
237
240
204
178
179
61
181
130
114
148
141
141
105
107
155
109
134
204
191
170
208
118
157
194
7
76
243
74
131
254
174
229
248
247
219
2
147
64
243
260
227
202
151
159
155
153
237
120
204
200
149
188
245
124
134
129
182
144
215
153
150
62
26
17
21
137
34
93
96
140
107
163
127
152
113
252
138
166
190
270
172
111
236
297
208
231
222
144
195
152
11
66
45
41
218
130
113
148
188
164
108
108
72
66
163
212
24
239
237
190
169
204
223
183
230
169
96
189
182
209
128
187
159
141
185
108
159
152
229
95
245
212
140
162
197
202
190
213
211
135
111
223
108
119
129
192
220
141
168
244
226
146
142
121
152
121
131
218
233
237
237
232
141
150
230
184
102
85
89
114
112
91
217
131
219
118
147
126
129
127
140
84
214
188
150
78
190
101
285
274
293
210
198
295
204
226
162
206
102
145
43
152
209
85
195
110
137
122
171
197
127
176
181
147
251
138
272
273
71
195
146
60
107
152
132
196
96
268
192
217
140
220
302
303
263
201
186
212
91
187
52
111
109
179
93
108
157
152
264
69
31
27
126
91
266
222
366
353
320
291
201
187
174
194
174
115
125
105
227
176
167
97
98
122
227
191
253
234
181
181
233
103
248
193
199
288
231
59
269
167
145
167
78
56
87
99
251
350
251
85
140
115
28
264
268
199
129
184
209
178
230
216
165
99
133
200
227
130
153
97
312
136
230
72
170
117
239
206
143
171
236
186
276
107
278
190
191
180
165
282
163
163
143
136
138
100
146
212
168
197
239
79
121
241
187
292
250
229
232
121
169
210
70
148
228
200
157
249
188
181
184
143
133
206
35
126
137
146
126
162
114
209
98
118
228
66
8
57
171
151
205
90
97
105
155
179
221
236
176
176
112
165
8
185
173
169
266
143
104
96
209
194
167
134
303
58
70
175
185
217
109
202
24
214
136
423
212
230
155
178
257
155
109
353
136
132
136
148
240
234
246
196
177
128
300
168
345
256
241
271
127
125
101
167
217
146
141
148
167
101
92
10
209
129
147
171
234
161
150
155
105
84
66
223
381
305
255
-1
9
53
91
229
311
170
202
204
96
210
164
125
215
209
290
289
353
93
108
126
200
176
157
180
177
21
169
97
211
79
84
150
44
163
385
108
276
246
184
172
189
163
175
222
171
115
109
164
114
53
94
231
128
97
56
89
205
202
119
183
138
139
140
157
69
93
143
118
280
176
134
114
128
173
40
212
170
169
280
126
139
264
16
220
130
103
112
130
186
85
98
139
101
207
102
209
174
84
128
211
97
183
180
170
187
131
118
165
157
154
67
262
9
123
226
153
183
207
132
144
83
131
227
137
142
239
145
158
183
134
163
112
86
154
122
86
74
143
97
157
121
48
34
96
100
112
167
65
151
164
109
173
31
156
146
184
207
72
140
162
227
157
113
113
176
224
156
53
138
107
16
34
6
76
210
188
57
135
107
95
71
52
64
72
131
80
10
130
195
65
124
36
198
86
105
101
219
176
72
69
116
90
124
182
49
107
108
62
109
120
35
139
150
92
114
139
104
111
223
66
128
73
73
1
177
53
82
92
78
122
134
141
106
99
46
128
161
83
116
59
124
121
140
87
152
106
145
65
133
20
160
156
178
115
132
25
152
157
154
166
121
183
150
89
88
160
135
61
61
27
200
118
89
91
129
96
123
105
138
108
67
131
136
169
51
95
123
97
104
104
116
110
162
183
121
107
93
49
92
122
98
119
92
131
78
53
90
73
17
169
63
53
165
96
56
112
121
98
75
80
51
89
75
85
60
75
36
49
30
70
134
168
