92
80
55
63
80
106
103
88
100
94
57
78
54
63
50
49
55
87
77
75
84
127
67
60
41
56
32
47
52
47
56
63
50
76
54
68
57
35
27
39
37
32
56
59
50
56
30
17
41
44
16
19
30
47
47
30
39
59
37
53
91
61
36
104
119
21
75
145
166
166
101
220
155
191
185
148
150
158
116
183
104
65
92
78
200
196
89
112
167
189
80
78
170
48
28
62
81
98
61
7
68
64
57
93
47
146
51
114
124
106
123
84
105
134
103
117
105
134
75
83
154
146
124
163
98
164
161
73
47
66
76
164
156
174
178
178
187
140
202
196
179
103
136
204
210
220
134
163
107
103
95
109
98
120
141
146
97
105
142
100
128
158
158
91
161
88
144
99
170
155
196
207
204
138
162
173
154
178
189
200
153
188
187
165
105
106
125
60
66
45
65
47
37
43
66
80
81
70
111
79
10
168
158
156
175
92
147
151
166
159
89
221
137
213
206
206
114
145
139
149
100
119
112
89
114
109
106
121
174
146
161
87
90
77
198
195
157
137
75
86
104
172
198
48
225
199
192
159
185
189
105
201
156
153
159
120
105
73
198
211
203
201
213
106
64
54
52
58
59
34
39
47
43
60
71
41
95
61
64
45
132
43
76
60
109
96
70
46
141
197
125
109
97
110
89
52
126
144
110
99
171
122
99
152
211
69
144
79
194
148
189
124
189
154
238
160
103
190
183
64
33
192
56
69
109
105
209
188
75
119
142
124
34
44
128
192
150
144
120
73
69
93
171
144
184
167
131
101
44
71
17
294
259
267
164
83
101
216
176
138
156
122
154
165
106
89
257
242
223
87
161
173
57
27
152
117
173
197
211
144
44
115
106
111
5
221
154
262
173
206
191
125
126
127
128
167
118
79
132
148
173
168
129
175
143
171
107
171
137
139
129
108
177
58
133
303
264
194
206
186
152
134
128
159
140
189
107
113
175
176
148
93
64
140
188
117
120
146
80
56
134
195
72
186
40
122
109
203
170
179
189
137
191
127
126
128
149
195
143
93
108
39
188
90
193
44
207
176
179
159
141
205
95
326
150
174
203
368
175
244
182
174
177
151
395
511
261
79
198
132
140
43
161
274
158
433
5
154
224
63
67
82
78
72
78
41
38
5
54
22
56
46
42
57
65
85
474
93
96
321
131
148
178
328
353
180
268
211
94
177
254
227
233
288
130
39
156
118
95
484
471
435
395
253
548
325
378
184
169
235
233
112
167
324
3
64
235
72
96
238
299
384
295
351
473
5
78
42
228
212
201
190
454
468
485
-1
113
126
145
130
80
398
421
385
373
355
127
106
395
325
124
59
14
10
27
308
44
57
77
418
88
147
97
229
90
255
102
121
293
116
136
80
315
148
147
113
172
82
169
123
42
55
42
38
284
109
319
412
98
139
119
128
79
72
70
148
25
161
167
166
129
146
122
73
95
109
107
143
155
88
81
172
105
118
184
86
138
135
110
120
237
186
105
129
123
143
136
160
150
105
122
143
94
335
385
127
191
151
132
282
183
108
113
92
119
106
126
287
281
304
349
354
139
109
190
192
107
80
82
61
99
52
420
93
222
100
124
129
205
340
415
51
336
333
83
56
154
95
240
208
239
326
415
226
118
144
113
122
209
177
36
113
162
57
217
94
127
118
139
173
101
107
173
168
341
127
232
246
60
161
114
53
68
100
132
89
78
220
163
188
106
188
206
207
177
130
244
172
58
150
42
178
222
204
67
67
117
118
253
59
37
31
108
80
309
280
182
231
216
181
117
355
103
311
316
235
218
82
246
166
98
100
88
84
214
143
178
166
339
353
252
181
182
360
377
233
338
43
196
216
167
120
80
72
73
61
163
203
258
269
111
74
22
176
271
285
87
175
155
125
127
117
106
104
114
151
196
272
409
88
193
66
170
60
105
84
127
146
228
123
183
212
236
284
233
369
107
105
131
262
123
132
128
105
110
103
129
152
136
333
174
246
98
212
150
183
206
137
165
101
118
137
92
143
213
310
164
233
126
154
153
117
123
276
44
109
301
168
118
104
93
158
82
93
204
44
11
39
129
139
287
123
144
139
213
226
269
183
260
119
121
211
4
249
229
234
114
133
91
74
306
83
83
104
227
159
59
135
117
225
86
125
28
125
120
171
208
255
116
165
191
102
234
220
76
113
107
107
169
273
308
221
110
112
194
165
218
169
178
184
221
74
90
109
109
326
286
327
153
254
240
74
260
92
105
306
243
220
106
117
101
80
52
173
170
197
189
153
11
53
85
171
215
324
177
242
106
148
163
147
235
108
213
116
212
68
74
126
131
112
93
121
184
12
138
94
265
275
89
141
42
139
120
83
193
191
133
156
140
111
329
112
142
76
102
158
62
169
72
178
103
310
92
95
264
91
150
102
91
95
114
165
61
211
108
94
215
176
90
91
100
146
43
245
122
118
206
103
108
159
46
134
102
101
311
95
191
71
244
347
72
275
75
145
241
45
109
162
71
292
285
310
160
71
306
98
127
112
56
187
8
86
181
84
212
235
106
201
216
134
161
112
119
172
94
235
186
348
98
238
203
146
118
86
73
158
74
97
94
43
112
166
161
93
134
63
97
99
79
131
36
91
104
161
103
59
112
123
184
89
91
74
75
151
109
32
101
49
9
139
4
76
195
94
178
112
75
103
75
57
49
65
107
57
6
104
266
47
366
25
255
104
264
58
174
133
51
56
94
175
73
214
41
99
82
87
116
92
31
83
196
186
82
132
87
351
152
46
68
51
71
1
146
154
253
105
52
105
109
127
163
61
46
163
90
206
116
42
96
149
99
66
157
102
148
78
129
30
91
116
130
185
92
18
141
119
117
134
84
113
112
91
101
138
105
44
51
32
144
88
55
63
114
90
143
193
146
84
72
85
95
108
46
82
75
236
253
269
197
90
116
113
79
79
245
49
80
92
218
200
191
62
101
150
190
85
54
103
62
58
113
113
73
81
92
130
67
72
111
145
91
89
55
97
48
101
48
42
93
81
