108
79
95
93
88
116
105
90
111
100
71
102
80
72
75
65
83
87
78
89
61
105
86
57
50
68
39
50
61
58
64
65
47
81
47
64
56
34
39
42
40
36
40
46
47
49
25
18
41
44
18
14
28
40
45
31
35
48
45
99
130
54
36
137
139
11
111
123
125
130
102
139
108
128
99
106
96
113
70
117
134
65
97
72
114
124
115
93
144
117
92
80
129
44
31
51
87
101
67
8
71
119
90
113
81
160
73
132
137
148
163
120
128
156
128
164
142
148
105
109
188
166
134
176
125
187
198
94
58
73
103
182
186
212
204
213
209
193
229
230
214
129
154
229
229
236
155
214
132
130
124
157
133
160
158
170
132
116
163
146
168
205
181
128
201
110
161
109
216
196
236
225
247
162
202
198
147
206
209
225
210
209
206
195
122
117
124
81
95
61
85
60
58
48
98
98
129
114
133
85
17
206
172
175
204
111
181
194
160
215
99
250
181
259
280
268
148
182
165
136
108
125
105
79
140
131
118
139
195
179
180
80
101
117
241
169
172
147
96
97
110
199
228
75
268
244
249
220
218
204
147
230
188
173
189
125
147
91
219
235
226
204
224
136
98
77
65
65
69
39
47
56
55
66
80
51
106
74
70
55
137
60
98
66
115
112
124
59
164
236
120
92
91
141
110
49
115
169
107
93
189
167
105
170
247
86
158
107
211
157
236
80
245
163
147
78
118
206
200
84
61
250
96
83
146
136
260
224
67
121
174
127
30
62
158
124
81
143
121
65
69
106
186
176
209
200
142
132
29
33
6
118
158
207
149
91
144
264
208
164
181
139
192
189
145
135
176
190
254
98
140
176
70
38
181
127
198
225
250
211
77
111
124
129
8
93
95
179
133
248
205
152
155
156
156
122
128
83
142
182
195
179
131
200
184
243
135
214
175
157
139
157
180
65
153
187
159
231
230
211
151
141
146
197
154
198
163
183
181
181
154
66
93
168
181
147
146
143
105
71
154
240
66
218
45
118
131
249
195
184
216
167
237
140
143
125
133
216
138
98
132
54
216
92
220
58
256
163
135
197
146
150
130
151
175
186
249
235
219
193
197
139
208
154
265
217
148
62
188
144
151
36
196
320
168
159
10
97
194
61
68
83
91
68
87
40
42
6
50
19
56
45
45
64
60
87
173
106
115
156
195
268
284
303
297
179
298
205
89
197
226
226
232
193
134
43
162
122
112
183
180
183
131
113
192
160
147
187
184
221
182
122
192
204
8
56
236
71
122
323
226
232
227
277
203
8
117
73
235
228
245
214
182
177
177
163
189
197
274
163
120
208
244
163
165
165
161
123
200
188
136
62
18
14
29
157
13
50
77
185
116
171
107
195
88
283
114
124
207
249
115
72
249
283
255
202
196
112
187
110
16
50
38
36
233
129
149
173
133
213
193
153
105
101
177
270
27
338
314
188
247
294
258
178
200
127
165
182
201
171
125
199
116
122
190
103
187
153
254
102
260
324
146
169
208
210
200
239
229
126
107
182
110
148
170
138
225
145
242
233
244
116
119
113
132
111
151
241
259
240
241
259
151
101
342
166
144
148
159
96
115
72
193
96
211
136
142
152
86
142
163
53
237
150
97
81
169
117
298
273
300
233
199
267
165
170
149
180
106
108
38
143
211
69
205
99
132
118
138
160
122
116
192
186
267
90
246
269
54
185
154
59
89
115
148
202
120
342
150
211
117
218
415
403
330
187
166
193
78
147
41
161
93
194
123
90
131
134
272
75
36
34
118
81
239
225
385
519
372
387
271
221
155
178
175
138
118
102
229
208
120
131
85
93
203
235
183
305
160
176
251
83
199
240
231
296
267
51
389
187
171
221
84
137
77
59
-1
469
323
126
114
90
18
396
256
209
137
263
314
142
191
145
228
143
164
166
239
148
196
92
500
102
193
63
142
96
328
213
172
126
228
210
275
132
263
196
169
167
171
263
147
152
121
168
169
100
175
177
152
249
345
110
118
270
176
340
225
151
299
113
192
225
134
117
239
176
164
238
169
179
178
132
147
226
45
141
129
136
188
123
100
210
104
106
198
57
6
49
176
155
246
86
87
98
173
197
212
253
196
233
139
154
7
174
181
164
287
154
95
72
237
150
158
97
300
66
52
174
211
266
87
258
34
246
153
367
276
255
123
250
240
132
131
426
122
141
139
224
254
271
254
192
225
140
279
216
281
445
353
372
149
83
152
214
242
163
175
167
155
130
119
13
239
129
136
141
247
206
107
136
155
97
61
311
271
359
328
251
9
45
130
193
372
183
201
207
165
307
196
159
259
283
306
274
405
66
110
155
131
143
121
145
206
22
160
101
251
121
111
110
47
277
245
139
291
325
152
267
259
274
208
204
204
79
102
185
99
76
68
247
115
153
85
94
229
210
121
213
139
168
166
178
95
118
121
95
317
165
101
99
108
158
36
208
133
235
187
125
139
302
26
188
209
133
153
120
195
76
130
182
96
220
92
288
211
48
141
209
98
214
202
191
200
128
150
218
183
222
64
302
7
119
211
125
203
246
123
140
118
202
248
147
211
214
93
189
212
161
151
120
112
191
116
103
100
133
87
114
110
45
55
94
88
89
155
70
147
143
110
245
28
104
140
186
147
79
132
152
172
110
106
130
220
237
179
54
118
87
8
62
2
92
202
177
96
164
94
129
150
93
82
61
152
56
8
124
233
52
138
43
212
123
134
82
267
241
74
59
104
105
124
237
27
114
103
52
143
123
37
136
118
92
87
169
109
134
195
79
103
56
101
1
200
82
110
86
83
108
128
181
97
63
62
160
120
122
91
50
91
150
121
98
187
84
180
97
118
16
115
165
154
104
118
12
132
134
122
142
92
134
153
138
124
128
132
54
52
31
162
99
69
61
182
109
168
138
120
101
77
110
118
138
52
92
100
129
138
136
127
149
153
139
112
102
122
51
140
107
127
125
111
66
114
102
107
104
32
117
88
87
124
117
75
96
102
121
68
58
62
104
96
101
68
96
49
66
43
46
127
152
