144
139
112
110
111
145
157
136
157
157
91
129
89
77
99
81
98
133
119
94
123
186
108
101
72
109
53
67
93
92
92
98
78
119
95
107
91
65
52
57
52
52
105
99
75
94
44
26
73
75
28
23
50
62
85
53
45
93
64
88
116
156
95
135
217
61
101
106
140
154
106
187
120
134
140
104
116
140
74
167
149
56
94
121
126
126
94
118
151
155
96
100
148
116
64
79
117
186
184
32
106
125
108
178
82
338
90
205
240
242
258
140
187
294
241
266
238
278
179
163
314
315
286
335
220
317
336
142
124
122
140
356
344
372
401
419
409
345
454
471
451
280
288
446
483
480
375
412
200
235
214
250
180
270
345
296
149
189
257
214
265
362
373
157
330
187
326
242
386
343
479
403
477
288
412
319
322
411
456
541
341
454
367
350
266
217
258
117
102
82
132
113
81
67
139
97
128
126
266
178
40
325
319
375
417
268
351
301
337
353
145
463
259
452
447
439
173
218
175
166
190
267
216
197
232
219
164
226
350
365
290
132
180
125
440
151
333
247
124
178
209
331
396
104
483
395
401
354
449
404
233
408
264
243
243
222
306
128
432
464
425
399
453
223
120
104
92
112
106
69
87
91
83
103
147
72
209
109
95
113
244
99
165
89
247
188
119
94
292
414
186
83
247
266
129
70
246
233
207
188
270
265
192
227
463
210
258
161
372
242
394
91
464
288
199
98
165
388
361
112
74
441
101
99
209
142
267
298
110
105
322
247
91
97
217
145
98
171
156
110
112
201
363
324
303
237
248
134
36
46
11
143
171
158
157
170
145
476
408
350
329
315
304
274
257
194
206
229
489
192
175
196
73
72
345
229
395
446
266
255
73
245
244
229
26
116
80
207
138
495
366
296
296
298
225
146
239
207
275
178
257
357
244
292
272
366
155
363
235
227
215
175
171
100
329
210
171
249
442
371
182
272
301
356
285
370
164
172
230
227
192
173
155
288
221
138
129
251
148
115
225
412
148
388
67
183
283
482
240
219
390
298
395
144
138
258
311
318
356
149
128
80
425
161
365
133
357
265
143
214
198
206
203
172
260
349
405
295
238
232
349
168
191
327
305
261
150
143
207
335
355
62
363
399
364
180
25
96
237
88
122
142
154
138
147
63
55
17
78
36
96
59
65
106
97
142
180
209
190
215
255
252
244
308
302
235
310
260
77
239
279
275
250
213
253
92
375
247
201
225
226
215
149
144
210
194
153
251
231
200
246
204
213
213
8
51
309
107
221
294
188
254
271
293
243
21
160
64
293
280
279
227
213
213
210
169
228
181
244
225
122
190
262
211
194
172
321
249
229
195
288
90
51
31
41
203
29
140
139
183
168
340
197
214
160
279
200
247
210
202
133
129
261
285
237
210
358
117
-1
206
22
79
57
50
264
225
168
187
171
281
213
222
119
108
141
251
39
268
278
323
172
241
194
138
193
193
220
273
265
173
140
238
246
210
227
159
292
206
222
90
315
265
156
194
294
324
333
328
343
174
239
270
191
172
209
233
399
136
164
255
325
232
200
178
248
188
242
235
263
240
250
242
257
218
247
177
237
180
187
103
138
95
230
213
273
211
242
320
131
173
161
76
234
212
142
119
328
220
322
288
319
213
187
287
242
288
193
271
116
120
61
226
309
132
204
164
249
239
256
293
205
132
202
205
270
135
268
311
93
214
259
54
101
260
208
194
135
260
191
204
203
266
298
282
251
246
201
392
116
144
63
140
148
196
131
186
254
270
297
132
80
56
186
136
257
225
293
278
303
268
204
188
212
198
212
149
140
161
228
218
175
173
160
145
297
235
340
244
191
197
257
99
297
238
195
332
254
104
260
244
181
177
133
138
138
214
187
277
284
129
130
182
40
209
284
231
191
268
265
256
263
263
208
121
213
185
274
188
210
155
260
101
239
116
134
227
193
233
159
212
387
216
290
155
316
196
245
221
260
310
239
243
260
240
245
195
284
295
252
213
237
139
195
252
285
253
342
286
270
187
245
220
183
131
236
211
180
257
268
314
316
200
256
207
55
239
161
171
166
193
184
263
149
173
240
150
27
98
224
275
244
89
100
103
210
199
204
365
182
222
180
184
24
182
159
164
188
297
178
125
218
156
119
160
319
102
102
261
224
262
172
206
45
221
212
242
214
243
221
212
317
252
144
258
161
205
179
138
246
242
244
170
230
207
221
233
292
222
214
221
158
85
116
185
169
201
183
188
298
159
146
17
228
191
236
159
255
165
205
239
166
160
100
271
189
280
286
195
12
83
189
312
232
173
206
207
188
186
177
197
240
177
231
166
268
131
128
229
162
149
201
213
192
39
252
181
233
137
171
132
60
184
189
219
225
222
171
225
243
171
178
165
196
167
107
183
101
83
131
234
179
149
92
167
224
137
145
182
178
156
222
210
158
96
142
147
245
146
203
115
187
253
52
196
172
169
200
150
211
239
30
239
183
197
174
153
195
104
172
184
110
215
127
210
202
173
185
253
143
209
178
182
274
112
171
152
171
196
103
182
20
176
326
228
175
228
208
134
131
179
200
224
125
371
147
181
194
178
182
153
123
199
177
192
142
150
144
209
193
85
64
118
113
98
169
146
214
241
153
217
26
150
150
193
199
77
204
238
175
195
168
152
114
254
187
59
201
91
27
61
15
115
176
138
115
141
155
212
135
122
102
77
175
75
34
185
216
96
166
33
232
129
158
141
190
227
114
109
170
110
76
200
49
152
98
65
119
132
52
136
132
103
137
162
133
134
186
92
135
102
119
1
187
115
121
100
119
114
195
206
99
122
69
134
211
136
113
65
156
141
173
125
182
68
182
120
132
23
122
204
184
122
142
24
127
128
112
131
143
151
178
136
142
114
110
78
76
36
151
140
77
86
177
163
138
147
141
182
87
129
195
130
66
148
104
149
142
140
136
154
146
153
109
74
140
54
123
100
116
115
108
55
120
102
111
103
48
125
74
77
134
118
76
79
127
110
114
59
57
95
96
92
94
86
53
67
29
80
112
117
