143
112
99
109
117
180
151
133
149
162
98
136
97
85
103
82
116
143
120
88
94
170
102
101
68
106
64
66
90
77
88
95
72
115
80
88
76
56
49
47
49
53
73
77
63
73
35
25
67
59
29
26
42
55
72
46
41
81
62
96
113
94
70
140
188
37
122
134
145
152
130
171
132
154
134
118
133
158
80
155
166
82
103
136
129
132
108
108
173
144
89
121
146
78
54
71
120
154
130
25
92
193
133
220
117
305
106
293
214
319
319
231
254
290
273
294
262
278
146
153
288
286
258
306
222
354
333
193
109
115
156
340
316
376
372
381
340
367
367
357
342
241
230
354
334
366
242
283
207
275
239
321
239
349
326
357
187
192
284
249
304
329
314
282
362
189
382
250
410
338
385
353
368
272
348
267
299
359
395
351
309
345
318
304
211
222
194
133
132
96
108
91
100
98
164
120
172
183
214
157
40
297
302
310
360
229
343
297
357
399
200
376
273
418
413
393
183
176
189
163
170
191
140
141
259
225
174
210
284
296
331
114
191
148
423
179
373
293
186
122
187
285
309
91
398
381
333
369
350
334
204
324
257
262
189
253
242
204
441
450
440
439
384
185
134
94
90
103
94
62
78
90
71
90
112
75
146
103
91
97
207
81
142
101
151
163
120
103
199
361
183
87
179
256
144
73
163
179
177
105
214
221
226
201
404
116
179
174
305
288
393
101
417
203
147
62
162
337
279
140
97
367
120
132
216
157
265
299
103
120
282
184
86
90
244
158
123
175
162
85
114
187
387
339
314
210
211
161
31
36
11
132
125
146
160
155
160
402
309
210
336
222
236
218
184
200
186
210
353
151
201
223
100
51
246
238
307
318
254
245
79
173
151
178
17
114
84
192
148
363
367
225
226
224
182
168
168
230
231
210
254
342
163
276
314
392
200
342
237
224
203
180
199
102
198
207
171
206
379
341
208
188
175
329
180
398
158
183
238
237
174
136
143
245
181
181
161
223
244
198
256
379
100
310
57
165
204
335
225
217
348
312
367
148
152
180
233
263
191
145
168
67
338
126
313
109
266
243
166
244
223
198
199
136
262
321
336
206
233
229
368
193
220
208
240
203
128
131
230
227
207
64
340
302
289
139
22
129
199
106
97
119
112
89
115
60
48
13
70
44
90
54
53
87
90
120
146
162
142
153
248
237
209
257
255
243
266
226
94
273
227
247
197
164
281
81
266
179
141
144
143
141
101
115
147
119
133
262
253
175
240
170
245
204
11
54
282
95
166
253
166
201
245
253
185
13
166
96
292
256
226
214
144
142
148
135
206
171
228
196
131
164
223
124
125
128
203
176
210
189
257
76
32
19
38
152
25
99
95
137
199
250
175
179
142
250
154
160
203
191
146
109
195
269
204
207
322
160
261
175
13
76
58
52
234
171
126
136
151
196
181
184
134
117
146
213
28
206
213
216
167
197
188
134
174
144
149
175
170
178
150
261
171
153
252
136
210
183
188
102
273
199
146
154
195
224
259
244
225
158
163
222
148
126
138
193
298
144
144
200
291
160
149
154
176
165
180
192
229
191
195
198
164
160
232
205
177
142
146
140
181
118
192
147
242
155
185
200
111
147
142
80
196
165
136
91
234
128
246
231
270
174
143
239
172
181
175
203
125
126
55
162
201
88
175
132
208
192
260
315
155
147
199
178
222
145
229
235
73
229
159
64
163
212
276
129
111
220
212
201
138
201
262
250
244
186
201
291
108
179
54
136
104
211
135
156
189
188
235
124
62
51
164
116
207
189
247
210
243
225
169
179
205
192
186
143
132
138
221
243
153
157
126
136
242
212
270
206
154
173
216
98
249
202
162
242
197
56
226
212
161
186
124
98
130
109
174
214
229
100
112
166
37
155
235
216
190
238
248
190
193
177
143
143
173
208
225
136
152
140
219
116
245
99
147
146
189
176
175
197
294
211
270
133
261
151
162
165
201
255
182
186
209
143
152
133
173
221
220
200
241
104
146
231
197
195
265
263
187
143
170
178
91
130
206
193
198
209
169
192
190
124
171
168
50
163
151
161
184
169
149
176
117
140
204
116
25
63
187
240
216
92
95
101
154
190
174
338
139
152
134
164
14
183
172
152
195
215
161
109
187
175
159
144
285
69
82
-1
162
246
136
139
36
160
192
190
203
186
198
226
228
149
121
212
123
185
137
136
198
194
201
143
169
176
209
220
230
199
183
178
123
95
125
125
164
157
148
128
233
125
114
6
181
186
164
155
228
166
139
164
192
136
90
202
145
218
278
175
11
64
171
241
176
144
218
159
154
193
172
160
238
198
156
142
239
99
102
163
149
139
136
205
200
24
284
132
215
92
127
147
52
149
149
116
186
179
204
173
176
160
149
159
193
146
89
216
115
62
100
240
149
115
72
109
187
150
164
153
217
147
165
164
155
96
135
127
198
130
123
157
132
176
54
175
167
115
176
144
173
191
30
188
117
96
116
124
179
157
118
156
90
153
109
172
142
85
173
234
106
160
168
161
275
95
111
153
164
161
84
160
13
128
293
213
155
196
131
139
105
166
178
209
96
260
130
158
162
122
211
109
113
206
214
158
158
127
113
137
127
64
43
103
93
84
119
132
145
176
141
184
29
165
115
165
172
126
141
165
172
111
129
130
126
239
168
62
150
92
26
35
8
161
122
154
74
163
108
171
66
76
69
81
118
73
23
162
172
70
128
64
187
118
119
89
149
197
117
88
107
110
102
153
47
135
117
51
83
133
40
152
132
96
124
123
145
98
198
54
99
74
71
2
153
64
98
100
100
115
181
153
100
84
68
111
168
95
128
74
163
143
213
90
165
76
175
123
128
19
128
151
167
99
201
31
152
139
146
150
145
166
159
101
111
145
133
66
75
33
168
110
116
71
147
119
152
111
129
143
95
127
132
160
51
97
86
104
104
102
107
146
170
161
133
96
104
52
104
96
98
96
80
72
91
80
92
94
25
140
77
78
132
131
69
103
125
87
74
53
71
69
95
80
75
87
43
58
31
89
138
169
