118
84
89
105
79
78
116
112
91
81
101
82
129
58
110
114
112
89
77
51
67
96
53
54
47
39
41
36
40
49
138
52
47
89
33
33
30
41
28
15
45
40
29
33
28
27
17
22
19
27
15
16
14
23
22
26
30
34
14
44
51
1
4
59
57
40
46
43
27
31
32
23
20
28
23
29
19
33
26
16
36
46
17
10
27
19
38
41
19
13
49
67
21
3
5
13
55
21
13
1
46
165
180
141
149
72
190
93
116
74
87
96
98
78
65
67
87
78
108
93
79
66
90
90
95
73
56
84
93
244
133
75
72
58
62
57
64
77
44
50
39
112
75
50
52
53
30
49
79
70
66
50
63
52
55
74
104
87
63
65
59
61
70
55
59
87
35
49
49
61
60
31
37
50
61
67
63
49
49
49
50
56
47
53
74
73
81
94
135
219
136
193
108
117
76
46
21
70
28
77
58
66
28
47
24
57
42
51
55
33
116
38
40
36
41
37
66
61
49
22
51
43
54
32
60
55
40
65
56
69
50
61
95
82
37
23
37
45
90
104
61
47
55
30
35
37
24
47
41
37
47
35
52
72
24
76
22
42
34
29
46
42
42
53
44
132
153
168
141
255
235
172
123
136
146
161
75
95
94
145
77
94
105
144
60
63
74
131
73
33
55
19
59
55
62
11
56
28
60
84
51
10
71
50
42
2
78
64
42
53
38
12
39
36
5
7
32
34
17
100
79
32
89
106
57
45
51
45
16
32
56
46
109
101
46
16
18
11
14
90
111
73
42
42
36
31
53
10
5
4
3
6
25
25
20
49
56
35
37
11
50
40
23
22
66
27
17
29
36
58
20
32
58
195
65
39
32
28
38
45
78
27
16
28
31
3
4
11
14
43
32
64
67
66
61
19
30
62
18
27
39
27
18
34
33
28
37
31
45
41
40
42
23
33
25
20
17
23
43
29
27
39
17
40
9
34
29
34
38
41
39
43
65
37
22
29
41
28
22
26
73
36
0
31
2
63
36
29
32
27
38
20
39
21
29
34
32
46
36
43
19
50
34
5
20
44
30
46
10
33
40
13
36
10
51
33
17
14
17
13
27
17
31
26
14
13
7
0
31
27
21
5
24
25
20
7
-1
8
15
16
4
3
4
6
8
5
4
0
6
15
14
0
7
0
4
16
6
15
16
2
16
27
21
20
18
35
21
32
21
17
21
24
12
9
23
22
34
13
6
2
2
4
1
4
6
3
8
25
22
17
23
23
24
16
370
1
21
7
13
15
17
14
17
13
12
6
69
66
34
27
30
28
3
2
1
5
25
16
10
5
9
6
16
3
4
3
13
18
12
4
34
3
3
3
2
6
14
105
10
8
20
37
11
20
10
15
13
14
24
24
11
19
20
22
13
16
38
45
25
24
1
39
33
9
11
6
3
4
5
7
7
12
6
5
22
13
0
10
12
2
11
5
8
8
9
3
1
1
2
12
35
22
12
10
26
10
5
5
7
12
19
13
22
20
16
23
22
15
20
9
29
9
7
4
5
36
24
3
2
17
9
9
10
13
11
4
12
13
12
14
14
11
22
7
6
24
5
5
5
8
12
23
12
6
19
7
10
19
6
3
4
9
9
8
56
48
14
7
18
13
12
9
7
19
11
4
12
9
5
4
91
6
0
3
8
7
17
21
22
18
20
12
16
17
16
5
13
23
5
29
3
2
57
35
36
9
0
12
16
29
10
25
17
11
20
9
8
30
22
12
1
8
2
11
6
27
9
13
16
23
30
23
8
27
13
15
18
11
13
11
11
12
10
13
8
4
5
8
13
27
17
15
56
53
25
6
34
8
8
12
16
3
21
15
8
20
13
0
16
9
9
2
27
0
9
1
10
17
14
4
14
22
6
9
16
14
12
11
9
10
10
10
7
21
1
17
16
5
7
53
13
26
23
9
19
43
3
7
12
9
16
14
19
2
20
9
15
14
6
15
14
16
21
3
3
44
3
12
9
12
17
2
7
10
5
14
25
42
7
8
3
8
1
7
18
9
8
7
14
13
13
2
6
8
4
42
5
14
4
16
10
6
14
14
13
25
44
1
10
14
13
0
0
1
12
11
13
11
7
8
4
12
0
11
13
9
9
16
14
6
9
13
26
5
16
1
3
22
1
14
10
8
1
10
18
15
7
10
37
5
14
8
3
18
14
4
8
14
6
14
12
9
6
11
16
18
20
13
11
15
3
31
3
2
13
5
5
5
22
2
2
1
5
4
6
11
12
14
6
14
6
10
5
9
16
12
17
16
7
24
39
10
14
7
13
5
2
11
15
10
11
4
13
12
16
5
2
9
24
35
6
20
12
3
20
42
17
1
6
6
0
4
19
2
12
13
9
8
12
5
10
10
16
33
16
6
21
3
3
9
16
4
4
44
11
6
15
5
21
6
5
12
40
11
21
15
16
10
6
10
8
6
0
8
10
1
15
44
12
13
0
20
2
2
3
17
11
27
3
11
19
11
6
11
9
0
3
14
1
10
10
8
27
11
4
5
12
4
2
13
5
7
17
15
13
7
7
7
3
2
9
12
8
19
13
9
11
7
5
3
1
13
13
20
25
5
8
13
2
8
3
2
4
0
15
33
11
18
1
13
5
22
12
11
21
16
6
4
13
9
3
3
4
11
14
0
29
6
3
1
4
16
8
13
6
5
2
13
0
3
5
4
1
15
2
4
9
0
4
0
7
3
4
2
7
11
3
5
18
5
7
11
1
15
14
2
7
5
0
19
8
0
36
9
9
6
18
0
1
3
0
138
8
0
2
6
22
7
10
8
4
17
0
6
23
1
11
51
21
5
23
6
9
18
9
9
7
0
7
12
12
3
24
0
14
14
19
14
14
10
9
5
4
13
16
0
11
0
12
4
12
5
11
3
8
0
9
15
4
6
10
9
0
4
13
2
5
2
7
4
14
11
6
4
1
4
10
10
6
6
3
8
6
2
1
4
0
11
8
3
8
6
3
5
1
3
0
3
0
5
4
3
0
4
2
1
0
0
5
9
