178
180
152
157
138
174
181
191
175
167
154
171
146
122
171
138
163
156
133
119
60
146
119
160
154
149
112
98
165
166
134
141
97
103
110
124
113
71
102
111
122
105
101
85
83
76
72
49
61
73
53
46
56
83
78
75
91
101
80
129
135
29
39
159
146
47
124
129
116
93
99
97
82
94
77
82
69
94
78
86
116
63
58
34
89
96
127
111
138
53
110
124
79
52
40
83
146
163
71
7
157
166
154
184
124
142
138
156
154
154
154
131
178
141
124
130
147
144
165
139
153
141
148
156
121
174
139
134
80
161
156
143
143
141
131
123
129
153
115
121
121
129
155
127
117
128
61
118
153
143
124
106
124
121
139
143
179
116
176
115
140
131
135
129
132
135
111
50
137
126
122
97
110
122
138
150
108
106
110
119
131
124
139
145
138
151
122
90
159
110
113
103
120
85
96
134
122
94
109
116
33
144
115
140
111
91
107
148
132
143
132
133
112
125
115
121
150
144
138
159
167
154
158
85
116
108
190
110
124
132
120
158
129
176
123
126
122
126
101
139
109
138
140
126
131
100
107
109
125
118
108
98
124
147
112
128
125
85
135
121
121
120
113
107
182
97
88
124
101
98
93
91
93
118
90
102
94
98
100
90
120
94
119
109
86
84
145
126
118
118
131
83
96
89
105
110
147
109
168
106
129
131
116
150
119
67
147
67
130
142
122
55
132
108
54
24
73
107
106
147
86
116
139
89
141
137
130
130
118
109
100
71
12
89
144
102
73
94
134
168
197
117
120
110
108
130
117
123
18
9
7
78
103
92
105
123
152
123
101
99
137
152
140
131
148
78
101
115
131
117
105
114
68
50
125
133
107
136
113
117
117
123
114
137
23
96
95
103
105
119
122
128
129
128
146
94
118
55
119
116
120
95
112
131
104
117
128
109
122
127
131
103
109
82
118
92
85
133
134
107
121
135
116
108
118
122
60
79
124
121
113
107
104
93
116
125
140
78
79
81
130
125
3
93
49
151
134
118
120
120
118
96
130
167
170
138
118
125
91
143
170
146
117
64
130
65
112
103
97
99
111
90
66
81
142
108
120
95
138
109
116
89
115
121
109
90
64
17
119
118
132
59
113
118
101
65
22
98
91
67
53
62
75
49
81
90
86
21
81
41
145
94
62
52
62
88
65
86
85
60
100
146
134
113
107
120
120
110
66
108
98
106
86
86
93
87
108
106
86
64
63
56
39
33
68
55
66
116
105
95
101
136
92
90
6
71
114
90
104
96
87
93
101
104
80
23
148
65
114
120
110
114
53
55
54
58
115
74
71
60
84
69
92
46
47
52
119
92
91
79
122
56
10
4
47
72
11
65
130
58
89
101
113
79
97
108
84
92
86
142
116
163
91
122
81
89
126
98
116
110
6
119
67
51
110
82
43
56
95
95
107
88
122
110
113
107
78
109
98
51
69
63
57
73
77
33
95
32
30
76
155
101
102
101
106
88
70
92
78
61
113
96
159
155
119
133
124
116
120
78
112
117
70
41
50
80
96
56
67
94
112
96
85
88
102
65
94
92
96
97
91
94
121
80
106
106
64
84
83
78
81
81
84
76
115
90
108
87
62
55
56
125
82
56
135
176
108
52
97
87
100
74
64
93
106
103
116
94
80
86
58
89
42
39
93
78
96
81
89
94
88
146
74
68
93
83
101
111
86
103
60
81
102
96
114
58
45
109
122
113
80
99
95
103
105
99
94
102
-1
130
109
48
57
89
58
56
104
105
106
50
42
35
72
96
94
96
94
97
101
99
75
80
84
86
82
80
54
69
97
105
88
57
79
88
103
88
106
99
65
70
106
66
99
81
70
104
86
42
88
79
76
46
114
52
85
18
78
88
92
29
106
65
45
67
110
94
90
106
107
104
101
85
32
73
50
110
87
50
69
100
86
133
99
58
67
97
69
65
79
93
91
99
100
52
114
77
97
95
91
111
97
107
103
47
55
110
82
109
96
84
86
29
87
97
97
83
102
111
79
81
83
58
16
94
99
82
88
107
106
121
122
26
90
72
66
73
64
75
73
124
73
55
92
80
99
27
19
27
90
89
96
70
73
72
52
86
95
104
58
53
33
78
2
79
79
73
68
69
91
106
73
125
130
91
106
26
59
108
34
99
68
66
22
47
61
102
64
70
108
98
88
87
50
84
104
73
75
63
99
76
85
67
51
88
75
82
85
68
66
73
62
75
62
31
84
52
48
38
107
43
36
4
71
72
81
70
94
89
68
101
85
71
44
88
95
84
92
91
28
56
98
78
80
58
83
68
74
75
62
68
88
110
70
67
95
56
53
97
98
91
78
106
86
2
84
108
94
28
68
95
64
64
104
35
75
71
82
76
73
65
53
94
85
72
65
82
147
24
57
75
94
43
43
80
76
119
89
65
87
45
79
73
84
43
88
86
75
59
68
85
72
108
72
81
113
61
106
75
80
67
9
91
39
46
39
63
66
64
38
68
114
64
64
72
58
0
75
97
48
66
61
66
107
99
41
48
89
41
46
66
25
64
108
95
70
67
62
55
33
80
71
84
57
99
95
56
69
50
56
39
43
101
87
55
65
54
64
77
49
45
27
34
33
100
61
83
67
123
67
79
18
79
86
66
106
47
80
87
93
98
49
62
81
95
93
94
131
84
11
20
3
61
61
106
18
64
47
97
3
39
41
49
21
91
7
72
68
27
46
58
70
43
42
51
61
67
59
52
58
56
60
61
66
92
71
29
39
78
29
95
52
40
55
61
63
42
110
0
49
39
0
1
68
2
42
42
60
56
72
61
36
53
43
46
88
34
55
53
79
53
83
46
53
64
62
60
67
18
59
65
61
55
96
8
86
89
85
98
60
56
52
55
44
77
85
43
72
34
90
65
63
40
58
78
65
40
54
77
34
69
88
75
34
52
101
45
42
38
49
47
77
60
48
64
41
33
55
70
35
43
35
34
47
24
36
34
12
105
27
20
51
28
21
46
34
38
12
29
25
28
31
38
11
32
17
27
12
36
67
83
