113
110
89
85
95
108
117
109
120
118
67
107
68
61
70
57
66
108
91
67
81
126
68
75
58
77
44
54
87
76
67
75
50
74
84
97
86
54
46
57
51
43
92
93
79
94
35
16
61
70
22
20
39
60
93
44
55
70
63
73
92
89
80
108
153
51
79
94
97
111
67
131
97
104
97
83
90
102
73
120
88
60
55
56
120
102
77
101
130
101
70
84
91
108
69
89
99
205
137
27
100
74
67
105
47
193
51
131
117
139
139
100
107
176
153
169
136
174
99
98
150
187
164
204
131
203
212
89
79
72
98
181
168
207
208
230
224
231
239
256
236
156
146
242
270
247
191
212
117
129
122
117
90
155
178
182
101
158
169
123
160
211
191
101
196
113
182
132
208
185
248
189
258
161
219
166
184
230
229
274
179
212
222
253
154
116
143
63
72
52
74
62
53
43
76
79
75
72
159
101
15
178
205
200
233
141
186
166
170
211
99
258
164
257
264
252
104
145
115
128
160
251
175
140
142
140
116
136
173
242
139
122
97
85
255
126
200
148
65
102
117
175
222
82
274
210
246
172
250
238
117
239
164
145
124
143
160
82
246
252
250
224
255
101
90
60
51
69
66
40
46
55
59
62
74
47
125
65
59
57
140
63
91
51
121
99
78
56
125
217
142
69
149
166
66
71
145
157
170
106
150
191
124
152
260
252
120
80
210
123
210
76
255
130
103
54
76
198
210
84
49
243
69
77
128
100
158
166
104
75
171
99
35
55
127
115
82
124
113
87
81
106
203
192
194
111
121
83
26
21
6
106
116
106
128
106
112
281
209
196
187
228
173
140
165
105
158
168
286
94
127
139
51
40
153
147
217
258
136
174
57
292
301
263
19
98
65
168
123
287
198
208
210
212
158
117
235
119
299
105
178
165
118
188
164
216
87
193
146
142
134
103
121
82
314
150
136
137
240
208
122
225
289
227
336
201
101
101
148
144
127
131
68
168
155
115
109
152
93
83
112
225
52
208
81
136
250
273
143
154
233
195
251
123
118
210
213
200
206
115
98
54
236
202
213
77
197
167
88
128
116
148
121
134
204
207
227
200
150
176
201
134
153
264
209
182
110
56
124
197
314
54
214
221
199
113
4
64
139
95
128
185
174
154
188
57
47
25
79
55
96
55
74
124
117
157
117
234
236
120
176
161
135
195
189
161
194
147
55
151
167
168
153
152
164
41
183
280
229
134
129
123
97
86
138
115
110
159
149
124
174
201
125
148
1
45
172
115
222
174
125
183
191
204
158
15
98
34
173
173
161
121
128
147
141
123
141
76
161
167
97
125
178
121
106
107
309
238
158
141
164
110
43
33
46
134
25
98
149
133
112
189
194
117
165
186
257
296
141
132
109
121
168
198
134
138
214
80
238
219
12
69
42
48
181
248
99
118
113
194
105
152
82
75
95
128
33
167
160
205
112
155
120
95
155
119
106
187
193
131
102
124
243
252
139
195
195
94
138
55
191
147
128
146
266
267
267
245
292
212
157
248
189
100
123
133
217
99
98
163
198
275
265
229
320
108
226
161
174
178
172
184
197
277
166
130
166
77
82
83
91
68
169
243
161
214
290
140
93
114
110
64
179
133
106
83
335
152
206
198
219
156
145
174
207
260
151
226
83
90
36
297
196
145
139
186
133
127
178
187
208
110
122
108
189
104
185
172
90
131
168
42
68
156
126
101
87
164
127
139
242
159
190
178
163
214
141
228
87
121
49
81
79
126
96
111
281
273
190
72
41
44
231
133
180
155
191
203
186
187
150
134
204
138
144
98
109
198
170
117
109
92
79
82
171
163
201
149
141
135
168
77
187
161
139
166
181
138
187
129
118
121
90
70
161
153
152
221
190
77
110
132
33
153
187
164
171
151
173
215
255
241
120
72
146
127
162
108
127
102
184
65
142
142
94
136
148
148
105
141
228
131
176
98
192
144
199
184
251
184
258
249
213
167
170
124
209
272
256
158
173
79
216
167
269
163
205
169
176
230
204
165
114
86
167
138
131
178
298
278
278
153
240
158
48
139
124
118
100
189
206
179
163
179
154
69
22
106
211
140
173
69
71
76
109
149
156
220
129
136
90
128
19
136
125
127
136
161
152
132
148
122
84
148
206
62
100
165
164
180
200
139
56
143
127
180
160
166
125
125
189
264
98
190
132
220
148
77
155
171
183
136
165
216
164
131
171
152
161
166
103
58
70
107
126
125
122
130
175
92
84
7
168
189
230
113
170
98
241
258
94
154
123
157
163
182
198
162
23
67
87
225
157
135
138
156
107
123
101
121
154
128
163
122
207
155
116
209
124
93
178
201
126
42
179
119
152
72
157
101
65
134
147
152
159
149
124
152
157
112
128
130
128
116
91
124
80
47
146
166
185
95
49
86
149
114
103
102
114
105
191
136
65
63
86
189
173
99
242
68
205
239
51
146
138
131
151
78
204
152
17
151
114
136
95
98
141
64
89
123
78
146
163
157
122
114
206
159
119
142
136
141
166
106
109
104
121
118
115
143
12
198
223
135
120
155
226
105
76
105
157
137
82
251
189
138
125
116
125
91
79
115
104
97
84
92
151
270
229
98
38
72
65
75
117
70
172
198
206
148
21
100
110
142
120
41
204
-1
148
228
136
131
92
170
128
44
143
74
28
41
7
75
138
100
56
95
175
116
100
98
87
107
120
90
20
216
157
115
110
24
168
86
100
146
147
152
156
106
114
88
68
139
51
121
68
49
81
95
59
114
101
66
84
112
87
89
127
54
135
64
80
0
140
48
81
59
62
82
172
147
70
83
67
105
165
81
79
39
105
111
120
80
118
63
124
82
85
18
108
137
145
90
103
10
101
100
92
105
101
106
118
109
110
87
91
70
62
38
133
142
63
67
113
141
108
105
101
114
63
109
209
102
75
213
83
92
101
93
88
105
117
123
83
82
101
50
81
87
85
82
97
53
75
63
94
69
24
114
58
49
92
79
59
70
101
98
81
55
49
86
65
72
73
61
46
54
30
27
80
81
