112
86
91
93
100
111
102
93
113
106
80
105
80
79
81
64
86
88
81
72
47
98
79
66
52
62
41
47
74
71
75
87
57
94
53
62
58
48
32
41
46
41
47
56
33
36
26
18
30
35
17
16
19
37
37
34
39
62
32
91
102
45
27
106
123
10
93
105
103
113
115
134
91
112
98
89
95
126
58
120
136
59
102
108
104
101
100
76
97
127
79
79
144
37
25
56
87
99
70
6
79
111
93
118
73
171
67
119
168
138
152
120
129
175
127
148
123
139
104
98
221
172
145
166
116
201
196
76
47
76
97
190
206
216
226
227
209
185
257
243
227
119
141
241
268
268
183
239
111
129
110
149
117
169
180
201
130
93
164
136
176
203
181
112
207
106
190
110
242
191
267
238
274
146
188
213
180
232
252
240
209
237
203
176
118
123
134
73
101
59
58
59
63
55
101
93
115
110
130
74
14
203
171
188
214
132
209
173
194
236
88
264
178
279
283
271
114
140
119
117
115
115
97
87
143
127
108
155
203
175
177
79
118
109
266
119
193
154
89
97
108
204
229
62
291
267
252
241
254
241
173
207
172
168
189
142
144
82
266
260
269
261
262
158
87
59
59
54
50
38
48
49
48
67
70
48
105
67
59
49
146
39
94
64
122
108
95
58
172
257
127
72
88
144
91
51
134
166
101
105
197
135
111
140
272
90
176
88
223
173
305
74
275
176
147
76
132
223
193
75
55
277
91
70
130
110
249
235
65
95
167
159
50
61
188
112
75
121
104
62
68
87
212
186
206
184
190
109
29
38
8
98
142
171
113
70
119
271
234
160
184
143
200
208
109
133
126
171
282
111
140
141
71
33
167
144
232
252
232
177
68
122
108
125
4
75
68
171
111
261
243
141
144
143
132
107
137
108
162
142
191
196
121
198
182
263
136
237
178
157
161
146
141
59
156
162
131
287
254
224
127
158
170
192
152
242
139
147
156
154
118
63
100
182
159
140
120
171
103
73
169
250
95
223
42
117
138
265
169
147
247
193
264
111
116
133
174
195
154
79
117
51
255
88
227
64
223
190
127
182
156
156
125
140
161
221
264
207
255
202
231
129
160
185
234
185
115
99
161
176
167
35
231
293
191
148
13
79
177
69
67
103
96
76
100
43
42
11
52
17
69
45
48
70
58
86
154
127
140
147
175
306
335
253
250
181
252
189
64
202
193
220
178
157
167
45
199
154
125
169
167
172
112
112
159
148
134
186
182
172
188
117
185
190
3
54
246
68
134
257
182
188
222
242
172
8
121
66
235
197
200
216
162
163
157
131
189
213
346
175
117
170
205
163
155
145
166
140
192
158
156
71
21
15
31
150
14
46
61
165
103
188
135
172
100
223
116
132
181
242
94
83
188
366
269
232
215
102
217
129
15
62
47
24
222
136
147
153
126
231
209
149
117
113
174
298
27
393
353
218
286
342
277
183
194
151
195
254
241
219
121
175
145
145
176
102
219
172
297
90
246
320
153
170
228
265
223
266
271
129
133
204
129
136
167
128
244
123
202
197
265
142
139
128
148
132
158
205
242
208
199
204
163
121
306
135
179
169
177
90
122
69
192
107
206
141
159
162
71
132
154
66
203
144
105
75
198
151
265
237
293
166
132
220
190
176
130
185
87
80
28
152
252
75
185
112
158
136
169
196
129
105
178
173
210
77
217
242
58
205
188
50
82
116
145
209
118
292
125
147
117
227
316
288
264
188
152
242
79
117
48
147
83
166
152
98
155
155
243
77
34
40
132
108
214
195
306
283
255
286
308
171
186
168
155
111
112
117
214
197
120
130
72
76
228
326
201
323
146
149
223
69
227
213
175
269
190
41
287
200
153
316
84
160
83
54
245
253
237
115
78
109
20
196
247
185
167
313
402
152
181
176
256
133
208
141
204
141
148
98
268
97
186
73
112
77
208
270
139
122
254
200
240
125
259
167
186
179
196
238
162
166
149
185
193
134
213
205
202
209
304
114
126
235
184
244
252
148
312
111
211
281
156
92
224
150
172
226
158
198
196
147
164
188
40
119
119
120
198
127
113
255
98
102
197
63
4
45
193
170
228
68
67
76
179
193
185
276
135
274
162
133
8
150
150
139
192
152
119
76
179
178
179
103
274
86
62
184
228
260
101
256
23
301
171
208
227
194
129
238
244
123
127
246
123
157
158
240
242
211
196
147
284
166
205
193
241
232
215
226
123
72
147
252
279
150
157
156
175
132
123
11
197
140
154
128
229
170
115
151
182
113
58
272
156
251
290
173
7
43
134
211
256
140
205
171
164
230
171
169
229
208
227
169
272
82
108
159
106
116
123
175
179
18
177
107
202
112
132
101
31
224
148
170
233
241
153
287
333
197
144
215
244
82
59
190
97
72
69
220
124
135
80
90
197
185
101
262
149
211
170
181
110
96
109
102
246
134
123
82
113
171
36
191
129
174
155
121
149
245
28
216
279
159
147
86
183
75
128
165
116
179
98
230
159
60
166
226
117
188
170
179
199
111
142
259
216
288
62
200
7
122
242
130
175
211
137
113
123
196
220
151
177
229
93
157
182
148
198
127
111
181
132
120
89
139
80
131
131
54
62
95
84
72
138
81
170
145
107
-1
22
115
134
204
127
71
134
148
134
95
102
131
154
201
158
41
95
105
6
59
3
118
172
155
100
160
101
149
154
79
76
55
169
66
11
144
193
58
135
39
208
149
125
65
198
398
91
64
92
96
107
195
35
126
93
49
111
142
29
155
109
85
82
168
95
135
151
82
99
66
120
0
184
91
108
79
67
91
159
231
83
72
57
130
155
127
112
51
106
157
106
113
169
73
160
114
121
12
149
170
163
86
121
17
115
106
104
104
92
148
155
180
163
103
104
46
67
29
143
85
68
71
149
132
165
132
105
103
125
125
112
144
45
83
74
134
131
130
127
125
143
143
95
91
119
52
156
101
122
121
108
55
115
95
109
95
42
110
94
83
103
116
74
104
126
108
87
47
54
85
92
98
90
88
53
66
32
59
135
128
