141
113
110
114
113
174
143
142
149
171
98
128
94
93
101
94
116
132
117
85
116
198
124
108
68
111
70
57
84
85
91
110
83
133
80
86
78
57
36
50
53
57
73
67
60
68
39
25
62
56
28
22
43
48
87
43
43
87
64
92
107
137
91
133
198
39
111
133
141
152
118
187
121
162
125
108
123
156
88
163
159
66
85
135
133
131
111
108
179
149
85
105
169
101
51
76
121
175
172
52
110
202
166
236
166
314
131
258
301
341
332
215
285
297
303
262
266
279
180
158
340
281
277
330
250
361
351
223
130
147
191
385
364
369
394
405
401
398
494
488
460
357
281
454
507
525
383
433
216
337
339
413
312
464
361
346
192
205
270
264
344
348
411
266
413
196
377
253
408
379
561
543
491
284
400
337
356
422
535
465
385
483
347
361
213
251
220
131
161
118
124
110
104
104
143
136
167
175
252
189
50
313
305
384
436
296
-1
329
432
405
219
434
261
470
452
453
182
187
172
173
197
224
153
169
270
239
189
215
338
363
408
128
196
159
414
161
384
329
205
146
249
329
370
110
476
482
390
501
413
397
250
392
251
228
214
259
340
168
458
490
454
446
463
244
140
106
113
139
118
80
89
103
88
115
117
92
171
135
118
111
225
92
189
110
232
197
123
112
256
476
182
72
197
338
145
80
193
211
191
165
283
235
234
197
476
151
258
201
381
335
505
85
494
246
180
83
188
435
336
160
106
433
111
123
217
156
266
284
101
116
331
209
72
95
288
176
115
155
158
92
112
243
477
436
372
248
262
137
29
41
13
148
160
162
164
140
168
458
386
283
344
264
289
258
216
212
182
217
449
194
179
210
85
80
321
249
405
372
257
272
89
194
193
217
23
110
88
206
158
406
466
265
270
267
210
176
185
205
292
186
269
477
205
267
289
402
183
472
245
229
210
170
166
121
249
202
181
240
498
418
210
214
273
382
220
423
155
179
236
235
182
144
172
298
195
156
150
282
232
171
356
462
143
406
64
159
256
406
237
208
458
340
386
145
138
196
280
287
246
165
141
77
378
150
366
115
311
232
155
222
217
219
226
150
277
343
385
248
264
248
417
193
202
249
270
223
143
154
227
333
263
62
346
343
375
152
42
125
200
107
113
144
136
118
128
75
60
19
85
43
92
63
57
79
85
113
159
172
168
189
291
247
235
273
271
251
274
268
84
250
245
276
226
211
294
90
388
211
170
173
170
165
133
137
191
154
141
268
233
186
229
203
274
219
20
67
295
95
197
266
200
229
287
268
196
18
165
105
286
262
239
230
164
168
173
147
228
213
243
211
111
154
251
161
153
143
249
195
192
194
299
103
51
42
45
178
29
111
101
146
202
330
196
206
158
247
170
176
180
208
138
110
212
277
239
223
397
160
351
179
17
89
65
47
251
184
153
161
122
234
208
208
132
124
165
236
39
227
227
253
190
223
194
146
173
124
177
219
199
174
149
246
202
172
243
149
235
207
201
114
285
225
163
196
247
275
265
298
271
173
192
253
190
146
157
220
355
128
159
217
399
192
193
170
208
162
222
207
243
221
227
228
190
200
249
197
211
161
162
105
169
109
212
173
255
161
209
237
110
154
169
89
221
189
117
99
289
164
269
246
281
165
154
257
205
207
173
233
116
126
69
207
228
111
191
157
236
229
281
344
193
147
216
198
233
142
247
278
77
241
201
68
153
271
287
157
106
220
211
208
157
225
273
262
276
219
197
381
107
165
51
138
129
209
127
188
212
212
262
157
67
60
177
133
242
198
256
240
255
242
179
181
202
206
188
146
163
162
225
262
161
162
160
147
283
219
327
210
170
185
237
98
238
205
181
290
225
61
235
258
175
192
148
125
137
127
181
229
267
114
118
228
42
169
263
248
267
240
245
209
208
195
181
149
165
189
279
152
163
164
225
120
239
115
143
147
165
199
192
258
374
237
265
154
292
170
188
175
215
263
196
204
230
153
171
185
210
232
252
196
234
109
170
226
218
208
322
308
201
162
213
200
118
119
218
195
219
226
219
222
220
146
195
180
53
206
170
163
188
197
149
212
136
150
218
169
32
79
207
291
227
99
102
108
175
192
190
371
141
176
163
164
22
184
172
160
181
243
193
117
186
172
142
185
289
90
86
343
184
253
146
159
47
182
289
188
209
220
221
245
269
178
137
236
155
166
162
155
203
191
212
149
194
199
221
236
257
185
180
178
139
101
119
138
158
168
173
146
280
146
131
13
194
172
174
143
226
185
156
197
232
189
101
208
174
217
295
167
10
54
210
273
190
146
205
165
192
194
188
184
243
175
179
123
233
113
123
173
157
156
171
221
201
47
316
164
236
104
141
131
53
156
164
159
210
175
182
201
181
167
143
147
186
206
86
198
99
70
108
230
162
138
84
132
186
137
146
180
223
165
164
180
181
95
151
157
206
131
148
124
141
211
50
177
148
125
180
178
188
185
30
203
144
130
132
142
188
170
160
154
118
166
110
184
150
159
165
230
122
151
159
162
268
101
123
146
172
183
106
157
13
152
338
305
160
188
148
127
116
170
175
248
117
287
136
162
166
161
190
149
117
220
193
254
149
117
115
162
143
71
48
117
112
93
135
142
168
192
150
209
26
167
134
178
157
135
160
186
180
136
133
137
117
223
154
73
162
81
46
47
16
171
136
138
89
146
126
180
100
80
100
73
131
75
23
173
188
81
160
57
187
126
134
97
157
199
128
96
130
124
100
165
45
151
131
68
91
137
50
154
122
116
141
154
150
131
178
73
108
85
93
1
170
87
109
92
102
99
202
160
100
92
62
105
207
104
108
87
158
134
214
99
167
71
171
146
116
21
129
155
153
91
174
24
138
136
137
134
139
138
154
118
119
132
113
64
67
31
166
120
119
79
148
113
151
120
110
162
96
116
141
138
58
91
81
112
102
119
120
146
154
138
111
93
99
44
119
77
93
103
94
71
98
96
90
111
38
122
85
78
114
121
70
90
118
87
72
39
64
74
100
78
83
82
44
57
24
95
137
158
