131
127
102
98
109
125
136
130
148
142
77
127
88
84
84
70
83
120
111
91
76
132
88
93
72
97
65
72
105
94
74
103
76
107
90
101
94
71
53
62
51
47
90
84
73
78
45
19
52
62
22
20
42
66
73
44
61
86
51
89
103
85
64
123
175
40
97
106
133
131
95
158
109
119
124
95
100
123
88
145
132
71
85
86
120
112
101
99
135
132
83
83
146
79
76
93
98
179
110
20
125
97
84
151
64
234
70
151
186
149
177
113
138
199
156
180
162
189
119
115
243
218
186
232
159
235
242
96
71
102
116
252
254
251
279
297
287
242
305
311
313
160
208
324
328
342
249
285
164
145
131
149
109
181
226
212
148
155
206
153
191
257
244
109
236
146
224
170
280
237
315
269
344
194
259
255
216
297
305
346
239
273
292
243
164
150
177
78
98
65
91
79
65
61
107
96
108
97
173
112
12
237
233
257
296
154
220
219
220
244
108
336
188
347
352
338
152
163
140
161
222
256
197
137
170
161
135
171
277
250
186
151
126
108
331
158
253
180
89
148
147
253
310
85
351
279
313
250
312
316
169
298
196
194
203
167
196
96
319
328
320
303
320
172
116
76
70
77
79
49
60
65
63
71
96
56
135
77
76
72
171
57
101
64
162
113
99
64
234
284
152
76
154
170
95
72
180
181
185
142
237
194
141
181
348
212
205
102
274
178
272
78
331
216
152
80
121
265
243
95
60
322
91
76
145
124
222
252
122
92
217
177
49
66
202
129
96
130
134
116
100
126
246
232
228
174
196
113
35
38
9
120
158
177
148
115
127
368
277
243
248
236
233
205
180
138
173
197
365
112
157
169
65
53
255
166
294
366
199
215
71
267
266
260
18
107
86
181
130
366
265
205
207
207
175
134
227
128
343
142
188
207
166
226
195
269
138
252
181
172
170
145
158
73
313
175
155
229
295
264
160
309
338
245
373
284
122
124
172
168
170
146
103
213
198
135
130
211
122
93
179
298
118
273
90
161
307
384
185
189
275
221
317
149
142
249
264
259
258
140
125
55
309
223
283
87
264
227
134
164
163
168
139
170
212
287
306
244
216
202
254
143
172
345
283
229
143
107
167
251
333
63
286
305
259
149
13
90
204
121
163
208
201
188
206
61
56
17
80
59
111
56
81
125
117
154
149
277
258
168
186
208
226
264
267
189
262
204
57
218
232
239
221
174
187
62
249
269
251
178
186
175
130
112
171
146
155
193
178
187
201
202
181
181
2
60
225
104
284
232
170
224
241
253
214
14
120
45
244
222
214
192
183
175
172
153
202
171
246
185
112
150
245
162
154
146
387
297
198
169
211
137
61
39
48
164
23
93
139
153
132
243
210
185
167
240
256
283
183
186
128
126
231
254
209
188
279
111
316
238
16
92
54
40
229
320
128
164
152
248
161
180
112
104
132
210
36
247
252
281
157
223
184
113
170
160
161
250
237
163
119
181
258
304
180
212
245
173
216
76
260
244
157
187
312
328
353
343
362
247
196
320
247
132
175
164
297
129
159
230
259
295
302
240
342
150
315
204
218
223
217
230
333
266
219
159
196
140
150
85
124
75
226
252
218
291
372
230
104
136
149
94
219
170
130
114
365
177
262
251
271
206
171
269
273
295
189
291
106
97
38
317
268
161
195
212
187
166
200
224
205
128
174
167
230
104
236
232
83
174
236
52
89
164
157
147
116
239
154
174
257
226
264
249
204
290
185
287
122
126
70
125
103
151
110
133
336
330
272
93
36
43
272
139
247
215
257
255
267
225
191
169
243
189
184
126
136
242
213
185
134
129
97
101
249
213
232
205
163
165
227
85
214
205
183
251
219
122
239
181
144
160
127
125
137
140
178
264
244
104
105
129
30
173
241
198
202
231
238
259
290
274
174
107
188
140
222
146
163
130
231
94
188
157
116
122
175
222
148
165
321
175
254
126
256
196
221
206
349
243
317
302
239
206
216
168
281
361
272
207
221
106
231
226
365
213
269
194
248
242
264
217
137
123
226
182
155
231
347
1254
-1
182
341
214
52
153
134
146
139
196
232
234
151
192
223
97
22
124
254
205
213
82
84
92
169
183
205
309
164
206
136
150
32
171
150
144
168
238
177
121
201
147
107
158
273
77
114
190
221
225
203
186
54
203
164
219
212
227
162
172
269
329
118
239
127
270
203
127
220
224
228
170
221
292
187
185
246
189
209
201
134
74
98
161
157
171
168
167
235
127
116
13
216
225
291
140
204
137
277
302
138
207
136
213
177
234
236
184
16
76
148
252
219
157
187
195
160
166
163
154
198
153
211
150
258
183
111
339
148
120
190
226
158
47
214
143
212
113
258
106
56
171
168
186
210
195
159
201
206
155
177
167
179
126
85
163
98
66
136
193
219
130
78
129
209
130
117
147
125
157
236
166
114
89
102
189
226
138
233
98
257
347
47
193
190
144
182
117
233
210
29
200
169
177
132
141
166
88
132
162
103
197
183
194
179
104
282
224
120
189
188
172
205
110
145
156
173
161
137
186
13
215
275
164
176
226
310
118
112
147
198
168
122
303
179
169
177
154
147
127
111
181
137
139
110
129
164
212
272
82
59
88
87
85
146
86
196
212
196
196
17
131
164
171
154
72
293
278
164
233
155
143
98
203
162
46
146
81
20
53
13
97
166
140
90
121
200
162
117
146
100
108
166
95
22
232
201
105
131
38
204
124
139
134
187
203
160
121
133
95
80
178
63
169
86
51
110
131
69
130
120
88
90
140
101
109
165
80
143
83
101
0
186
90
103
81
90
100
181
194
89
86
74
126
171
111
94
49
132
132
126
108
162
67
169
108
118
19
130
172
160
93
116
13
117
101
110
128
106
122
138
127
139
108
109
71
88
38
150
128
71
77
149
163
146
124
118
135
86
124
206
129
73
162
103
128
140
124
134
129
137
134
106
90
126
69
136
94
103
114
109
71
116
86
108
94
34
125
77
77
105
103
69
84
103
113
94
53
55
89
82
99
84
76
56
66
36
64
95
115
