113
89
85
81
102
113
116
104
131
115
75
104
69
70
64
58
74
102
93
87
77
121
75
66
44
51
32
48
66
64
66
72
52
91
53
60
46
39
27
34
28
27
45
51
39
37
18
10
35
35
8
8
17
34
42
26
30
49
32
81
125
60
40
144
144
17
94
139
147
147
128
176
134
152
140
122
134
141
90
170
152
100
83
85
163
143
125
105
152
152
92
87
157
47
33
55
89
109
67
5
71
87
83
124
49
159
69
128
136
119
134
99
112
160
138
139
131
144
97
90
183
180
137
184
131
189
187
82
72
73
91
179
195
219
205
229
229
193
244
250
250
118
152
253
256
255
161
203
114
97
96
122
97
142
160
157
144
138
152
108
171
198
196
107
173
112
147
126
212
181
233
212
256
152
205
209
172
239
197
253
198
209
234
213
103
97
131
74
75
58
62
43
48
46
84
94
119
94
129
77
11
203
194
179
234
128
157
164
169
203
91
267
182
269
255
247
143
184
183
164
100
126
110
93
121
153
122
142
199
185
142
79
108
101
252
184
156
145
77
95
112
197
218
54
271
226
250
176
238
230
126
240
198
202
166
122
128
74
221
232
222
226
259
116
74
56
55
55
59
31
39
37
40
58
63
42
111
69
63
42
149
39
77
52
134
92
95
46
161
222
133
105
105
137
92
46
122
200
97
89
188
150
96
189
242
79
157
101
215
146
223
106
224
176
177
97
104
216
223
75
49
262
83
71
140
130
244
235
72
106
153
129
43
50
155
151
118
170
138
59
65
94
193
184
203
183
150
126
25
39
6
124
192
221
174
76
144
267
210
155
181
144
209
209
111
92
192
214
266
86
168
166
52
26
173
129
238
221
220
208
66
143
138
116
3
103
81
195
148
274
219
158
158
159
152
146
122
94
140
169
216
168
117
246
159
209
124
189
176
174
164
125
180
64
154
188
165
219
239
218
170
145
133
217
146
187
135
156
215
215
161
89
87
190
209
150
138
145
79
67
138
214
76
209
32
131
143
261
208
231
209
158
225
145
143
152
168
247
141
84
121
42
227
91
231
65
241
206
144
192
159
179
139
194
206
215
260
274
200
214
208
165
206
167
330
287
165
70
208
140
152
32
201
313
193
182
13
108
196
56
64
79
85
83
80
27
27
5
41
11
58
38
36
60
53
78
196
102
123
179
177
218
213
343
347
217
306
219
76
217
265
250
247
205
160
52
147
116
100
222
202
202
146
124
204
169
168
206
193
244
229
107
176
223
7
51
266
67
114
270
259
274
269
311
275
3
110
59
259
229
238
215
224
215
226
187
156
176
218
161
99
225
266
188
181
172
169
130
257
195
138
51
15
11
17
178
30
65
81
193
94
176
107
198
84
297
116
155
197
180
135
89
285
219
210
180
175
98
182
138
23
58
32
36
257
122
159
189
133
177
146
139
73
76
129
232
26
256
281
183
209
225
179
123
155
150
132
222
225
141
95
190
120
130
194
89
182
157
197
101
306
272
129
143
177
190
177
212
216
110
124
176
103
156
205
147
250
144
152
267
233
124
141
106
147
117
146
291
274
289
297
291
157
123
245
176
123
100
109
67
109
59
276
104
241
114
141
132
100
157
180
61
275
204
120
59
167
124
333
303
351
281
274
287
165
177
130
172
92
114
30
139
188
62
247
100
132
117
147
196
121
125
189
180
332
102
312
275
53
202
157
47
68
120
137
160
103
272
168
199
125
257
344
327
258
164
203
225
66
157
45
180
98
178
105
93
154
143
315
71
35
26
116
99
305
301
326
378
348
321
199
233
151
208
194
130
140
87
243
181
115
110
72
79
237
200
204
240
198
207
256
108
224
247
227
311
319
43
325
205
172
188
72
104
71
68
302
408
363
120
117
94
15
281
326
241
119
224
254
148
193
173
206
110
135
179
245
166
209
82
393
91
193
54
148
89
224
217
175
135
234
194
296
130
308
251
150
151
159
282
160
157
130
154
159
110
169
180
146
267
306
111
107
306
181
311
246
169
267
104
161
238
114
117
260
210
175
287
169
185
186
170
139
321
27
136
134
159
134
116
98
207
105
113
226
49
6
40
171
139
280
85
87
95
219
235
288
256
261
202
151
171
10
206
200
190
209
166
89
69
277
127
124
97
319
82
62
160
183
278
87
243
30
230
140
351
345
347
117
200
271
142
132
394
104
137
120
161
232
345
340
243
199
142
292
186
335
352
358
380
159
74
90
189
178
212
211
221
168
140
143
17
303
126
148
168
275
203
145
152
130
90
53
268
314
355
301
262
6
46
106
241
488
228
217
232
144
239
170
165
250
168
432
278
437
72
87
146
158
144
123
130
192
18
167
92
252
133
110
127
37
239
223
130
361
420
178
247
273
230
273
206
192
92
109
211
97
70
81
256
109
148
70
92
300
140
123
173
120
156
147
198
71
110
120
98
425
195
108
81
141
166
33
281
132
205
248
113
122
280
25
186
185
128
149
143
251
72
137
207
72
325
89
298
247
60
138
229
98
254
228
234
183
101
178
198
166
187
58
-1
9
114
223
111
268
306
147
167
140
150
398
117
145
229
106
245
262
222
141
158
109
167
113
98
85
165
82
123
145
41
64
102
102
86
188
76
155
124
103
200
33
111
141
252
148
66
161
143
221
114
108
92
123
225
170
32
96
78
11
73
3
72
314
116
106
139
104
119
114
70
63
63
149
59
7
124
259
65
155
21
277
109
155
71
375
215
82
57
128
116
122
270
41
107
95
59
158
128
36
131
151
119
105
176
102
151
202
70
110
63
90
0
247
96
113
90
58
126
123
186
114
76
56
187
135
148
121
45
114
163
115
100
224
95
201
81
146
17
152
187
193
116
126
19
128
132
137
137
93
180
178
156
151
137
127
41
61
25
187
104
61
87
191
104
190
161
151
99
94
122
124
135
45
112
93
177
183
182
163
120
170
171
130
107
164
50
159
123
160
174
139
104
153
107
147
118
46
128
99
92
138
153
74
123
154
171
103
95
66
145
112
135
79
114
68
79
53
50
153
134
