46
44
48
43
41
46
44
42
51
46
43
43
47
37
39
26
53
33
26
36
10
47
48
35
34
44
26
28
40
36
39
50
36
55
39
49
50
39
28
31
33
30
36
35
24
35
24
20
26
29
21
20
22
31
24
27
24
44
32
40
39
2
13
42
73
4
36
35
48
70
44
57
44
34
50
29
28
50
29
61
63
10
64
57
25
39
38
37
39
78
34
35
97
23
19
51
46
48
30
0
54
65
55
79
49
139
51
80
166
96
105
54
65
113
87
106
84
78
70
63
190
107
92
150
92
124
127
31
17
59
67
155
189
160
153
161
173
66
166
158
181
41
137
194
167
177
119
185
81
99
99
107
98
119
96
85
70
21
121
91
67
133
128
75
152
60
133
101
174
161
156
149
158
113
128
190
117
152
149
162
86
165
159
70
99
98
119
52
76
27
33
41
53
24
57
65
73
48
94
75
9
112
104
140
168
72
125
139
132
130
56
169
93
178
166
179
58
57
55
54
97
102
77
35
93
50
66
102
188
61
153
53
78
62
183
52
171
83
50
99
96
163
187
80
180
148
144
150
171
174
151
142
50
65
164
98
69
54
196
190
171
157
165
156
76
47
45
25
52
36
50
53
44
49
77
39
80
47
49
41
104
30
82
49
125
92
51
55
168
169
65
25
30
64
61
37
119
94
100
103
181
60
93
53
171
29
184
53
165
157
167
16
157
166
106
68
91
153
107
51
36
153
40
44
46
51
156
156
50
46
121
130
43
30
172
28
21
53
61
26
56
92
145
126
108
148
140
57
30
35
2
39
104
123
45
93
56
194
128
161
153
59
156
165
60
89
58
78
190
99
76
71
20
43
158
67
147
204
191
62
54
70
50
62
10
35
41
75
35
167
140
59
59
58
48
45
82
55
103
71
58
128
155
111
134
164
106
155
68
57
54
120
67
33
105
86
55
207
158
144
50
130
112
151
95
157
48
45
58
58
47
43
70
98
91
47
43
133
104
55
125
183
109
143
44
61
86
171
73
76
160
115
159
41
42
77
123
93
99
58
47
43
154
43
149
29
140
123
83
122
132
88
78
86
70
153
192
146
207
124
140
69
62
116
139
110
77
92
86
104
98
37
170
181
126
85
0
41
124
47
47
50
48
43
51
42
32
8
37
17
43
40
47
45
41
63
75
77
69
116
56
333
373
169
174
92
164
132
37
152
141
137
138
100
108
54
137
93
68
123
116
112
88
81
119
103
76
106
112
115
119
97
90
101
0
21
158
49
68
159
118
122
150
143
110
7
64
40
144
114
137
160
109
123
124
72
173
333
360
295
255
93
136
106
101
96
103
76
128
123
98
38
5
0
23
99
1
18
55
93
71
143
78
138
68
167
63
64
92
254
43
50
130
252
315
228
142
36
138
70
14
49
34
29
153
72
91
118
300
434
610
363
300
306
165
249
23
285
264
374
311
277
300
290
248
383
585
281
275
230
227
162
71
98
158
67
371
131
315
58
160
238
340
313
304
323
287
344
274
69
106
231
89
94
111
79
139
77
233
154
152
70
70
53
79
172
108
111
124
117
127
126
216
63
241
68
294
574
577
126
83
44
98
59
118
93
101
160
40
99
89
33
123
101
41
54
128
120
139
143
155
107
94
129
247
218
239
202
61
34
22
80
282
36
132
67
103
108
96
118
52
44
127
127
120
30
132
164
45
97
418
29
44
51
104
201
403
222
54
75
62
145
253
257
197
214
96
133
52
46
22
99
53
113
143
67
100
101
152
65
31
35
75
73
120
130
258
201
179
182
255
97
210
116
127
75
85
56
142
175
53
105
61
70
136
207
104
237
82
75
122
33
107
110
84
153
108
25
204
140
87
257
89
-1
48
3
137
158
127
73
42
49
8
144
142
98
189
247
285
153
186
202
246
105
227
62
129
94
97
58
177
37
92
51
32
48
177
204
110
54
147
135
138
95
152
106
294
267
178
144
85
95
101
316
266
117
311
213
138
115
177
86
82
123
174
186
155
67
200
57
250
208
511
54
119
96
128
124
83
125
125
171
182
113
36
92
64
67
145
59
59
205
84
74
125
53
1
20
160
136
101
42
40
38
109
91
111
158
87
288
128
86
5
90
91
77
135
137
68
43
105
118
140
61
163
64
34
98
210
140
47
190
16
263
87
119
113
128
77
197
144
68
73
131
288
139
279
228
187
114
100
84
191
101
102
152
135
122
124
135
91
31
124
245
207
111
101
101
139
104
95
9
118
125
119
50
117
104
62
81
125
75
32
201
68
168
176
56
1
31
145
123
129
91
123
92
401
160
134
117
124
178
132
93
140
36
240
163
48
58
141
142
116
4
101
104
117
93
141
45
30
159
61
331
131
157
96
171
180
123
83
169
202
48
46
91
43
53
43
121
75
97
71
88
108
136
70
194
70
184
134
106
100
72
51
55
152
99
48
64
82
120
33
108
165
156
63
101
156
172
27
159
203
327
84
73
103
55
106
93
210
112
49
153
106
0
128
139
177
102
100
83
119
127
94
231
183
164
39
104
3
56
115
71
97
119
82
81
72
164
107
98
183
131
48
105
108
87
152
95
81
134
64
110
80
101
43
45
72
37
51
67
56
36
60
86
94
60
55
160
9
55
256
114
72
60
93
70
47
51
95
184
102
115
108
41
62
136
1
39
0
66
92
102
69
94
53
117
182
82
48
41
199
45
0
69
102
32
66
50
112
148
89
35
125
171
49
37
59
49
49
110
11
99
49
31
80
80
27
62
44
47
63
112
68
59
59
192
60
43
261
1
116
77
81
48
78
43
61
116
51
37
51
87
51
65
59
30
52
60
72
125
110
22
117
104
69
9
46
87
61
38
47
5
31
40
32
36
46
42
66
104
87
24
31
41
29
28
53
40
20
30
111
76
85
76
50
60
73
58
54
40
36
57
38
71
81
64
80
62
49
60
59
30
70
34
86
22
51
46
49
21
87
58
50
54
35
38
52
52
35
54
52
22
57
60
49
15
30
37
57
53
54
42
40
36
20
49
57
86
