102
72
83
78
88
102
101
84
113
91
60
103
55
67
50
47
63
77
81
65
37
65
66
59
40
54
30
37
55
46
56
59
37
59
41
53
39
28
26
33
34
29
34
40
33
37
17
5
20
27
8
8
14
35
28
27
26
46
27
78
93
14
17
122
94
9
87
90
112
95
84
113
83
90
73
87
76
93
66
99
105
71
49
54
84
83
111
85
125
67
83
72
83
29
14
39
88
79
35
0
69
81
68
107
44
103
51
107
96
93
105
91
108
112
91
103
125
123
81
78
123
130
95
127
105
127
123
73
52
73
94
117
127
126
115
125
129
110
133
125
110
62
92
133
131
132
63
90
96
68
74
68
76
82
104
104
123
91
122
66
101
115
116
90
106
108
83
74
121
105
98
105
123
112
120
135
104
122
103
99
123
98
123
125
74
81
100
66
74
44
60
51
52
56
91
115
96
79
95
56
4
133
126
107
118
73
93
98
90
109
70
112
110
126
129
128
121
107
104
153
77
87
70
54
105
106
123
108
121
106
86
74
102
106
112
118
91
98
64
76
82
115
116
59
137
110
114
77
111
116
76
113
126
118
103
99
89
57
123
122
108
107
129
76
82
52
55
56
50
37
42
41
39
56
42
42
53
56
58
36
116
37
58
62
56
57
84
53
91
110
91
66
53
87
75
47
100
114
71
52
126
113
89
122
116
31
82
64
114
94
120
70
110
116
68
30
70
105
127
89
52
115
77
66
94
111
147
137
59
79
80
92
28
56
96
101
76
111
126
65
65
64
112
92
127
109
111
101
13
11
3
67
87
98
127
58
94
135
116
86
111
97
138
127
89
54
117
120
144
66
135
123
60
21
80
98
101
103
118
118
58
76
84
82
5
84
94
111
91
127
113
86
87
85
81
90
84
49
77
123
128
84
60
144
90
98
104
95
110
100
93
83
124
48
73
99
91
118
117
107
100
67
74
113
86
106
80
87
155
155
103
62
71
103
134
134
113
82
51
45
97
97
30
104
19
109
77
113
155
133
115
84
109
147
147
82
93
139
61
65
127
48
114
44
123
23
123
109
112
115
95
110
63
94
129
116
124
126
132
121
100
100
150
78
132
111
76
43
131
79
83
22
89
144
99
82
4
80
100
32
30
49
38
33
52
31
32
3
30
11
62
40
26
34
40
60
74
61
63
76
103
108
111
140
138
130
150
135
55
108
146
149
138
99
87
52
74
65
54
78
76
76
45
47
81
56
90
128
117
96
111
75
101
93
3
59
147
48
61
123
120
128
144
129
116
6
83
63
138
162
147
138
84
82
83
79
107
71
69
88
88
89
124
70
65
68
83
55
110
99
79
32
2
0
15
85
4
23
63
86
50
112
61
93
58
120
61
84
83
116
91
76
127
125
67
92
90
86
74
72
8
46
26
21
123
68
52
68
88
56
65
50
48
48
71
87
24
134
120
70
81
86
72
49
73
65
57
74
80
60
94
110
67
64
118
49
61
103
96
56
147
113
99
102
84
101
92
83
92
62
80
99
53
52
63
87
120
80
90
117
113
68
72
51
72
78
72
129
126
128
132
127
88
67
133
106
36
48
50
58
72
52
114
60
154
51
75
68
49
54
81
59
113
91
103
52
101
38
137
121
143
116
99
125
75
104
107
100
60
81
31
74
66
27
117
53
67
61
88
106
60
131
105
97
130
96
134
135
39
110
37
47
73
55
87
76
43
123
129
102
71
152
130
135
105
83
108
107
64
122
44
66
58
96
43
40
75
78
161
42
18
18
62
66
138
143
110
125
132
124
95
101
78
98
81
66
81
46
124
120
57
55
52
56
119
104
111
97
88
82
122
54
108
108
95
137
137
19
133
112
73
59
69
30
43
12
102
127
116
44
74
50
12
82
151
111
84
100
108
85
110
98
61
58
52
136
113
62
82
78
113
101
130
42
95
59
99
72
80
89
120
120
144
62
157
103
85
78
86
145
72
68
59
33
45
90
61
91
98
112
125
38
54
109
95
116
118
97
115
65
65
81
12
102
122
98
113
133
85
90
90
46
66
109
26
53
73
94
73
58
55
69
64
60
138
35
5
21
97
93
112
64
71
72
75
111
142
121
86
44
76
82
1
101
99
94
82
67
53
66
109
103
92
69
132
41
41
96
61
119
54
88
15
81
80
137
113
118
99
102
111
75
57
129
58
77
48
65
114
141
125
100
80
79
113
72
120
97
100
105
64
66
54
54
112
73
76
87
80
54
45
5
123
64
76
87
121
90
60
67
77
48
28
118
116
111
129
107
4
26
62
108
130
88
100
110
60
95
72
102
121
116
103
97
145
42
46
81
90
73
69
103
85
2
90
84
119
47
48
99
30
101
97
26
104
93
95
104
101
79
94
138
106
49
71
83
93
39
45
108
57
55
44
61
111
102
90
72
73
43
71
91
56
48
62
60
119
79
56
62
60
94
30
110
101
77
134
61
70
83
12
102
64
41
64
60
96
50
59
85
57
94
53
98
90
0
72
123
45
95
94
93
123
77
71
92
99
59
31
107
6
51
125
64
114
119
69
60
43
78
113
61
72
103
74
96
114
74
64
48
46
86
62
39
52
70
49
63
69
27
25
50
45
81
86
50
56
67
60
91
18
102
79
101
101
61
74
82
126
60
49
41
85
108
95
38
92
58
1
26
0
55
105
113
37
65
46
73
3
34
37
39
37
57
0
68
107
22
69
27
116
62
53
31
86
95
35
33
52
40
88
102
38
80
58
29
57
85
15
92
85
61
54
80
56
53
134
0
43
33
5
0
101
22
46
47
38
99
68
75
47
33
36
71
85
52
77
53
86
85
80
40
91
60
98
54
106
15
84
109
106
71
115
21
110
102
103
109
83
102
102
71
65
111
100
35
35
20
128
72
62
45
90
80
106
69
98
84
44
97
62
112
22
68
84
69
71
71
82
70
116
93
81
-1
64
28
70
92
55
65
53
74
65
39
61
55
17
113
49
34
81
59
36
85
55
59
33
32
39
57
47
52
11
50
34
33
27
54
89
88
