120
108
94
96
95
122
112
115
125
113
84
112
89
82
89
69
97
117
89
87
87
168
82
90
79
94
63
77
95
88
92
77
55
62
75
91
78
61
57
69
67
65
77
81
67
71
46
26
66
66
34
34
43
71
94
49
60
73
72
75
100
91
70
116
128
51
87
105
100
92
68
114
69
109
98
83
86
96
75
100
82
40
43
20
116
89
89
105
118
75
78
100
67
94
68
66
110
196
132
29
129
102
85
130
78
157
75
144
102
146
144
115
120
142
147
141
131
132
128
119
116
141
126
164
114
185
178
95
48
95
107
159
123
182
180
182
151
233
171
195
185
182
129
189
203
219
144
184
121
146
152
150
117
166
195
204
113
126
148
120
179
156
185
138
196
107
177
96
187
157
232
169
221
163
198
136
165
167
227
227
207
201
203
246
105
130
111
73
116
64
75
61
63
43
90
93
83
87
140
86
22
179
182
180
215
94
197
169
218
189
130
231
145
211
212
210
121
180
136
123
169
192
140
153
111
134
123
102
125
242
163
139
110
111
206
140
195
228
77
91
98
129
185
95
214
175
182
210
204
191
113
179
176
186
85
148
189
97
266
250
258
248
199
103
122
70
72
81
82
51
54
72
66
78
77
63
116
79
76
68
122
65
89
66
105
99
101
79
98
213
135
65
157
169
77
84
107
111
184
72
109
183
138
191
227
188
131
87
154
142
232
67
231
95
67
35
49
204
190
102
60
206
102
84
158
124
143
156
106
110
163
63
9
53
113
131
75
101
95
93
112
120
219
185
181
86
89
115
20
13
8
124
90
72
109
115
124
225
175
148
182
262
132
110
160
105
127
139
225
93
124
145
58
39
175
171
180
233
129
203
71
199
210
198
34
106
73
145
120
201
215
201
203
203
180
150
172
70
253
133
191
169
105
167
174
206
106
185
185
184
167
96
123
85
220
136
133
102
237
214
174
193
198
156
202
260
98
109
158
158
161
110
65
153
114
119
128
108
128
138
105
244
9
176
46
133
243
243
149
139
209
178
211
120
123
189
197
184
189
163
107
80
197
140
208
108
167
191
92
119
133
124
88
115
199
160
217
164
123
134
213
126
149
210
166
152
86
12
147
213
258
52
210
186
179
92
16
95
127
98
120
136
135
103
121
70
60
27
82
51
94
58
48
91
84
92
107
189
177
102
180
151
120
174
177
170
166
138
80
173
126
142
118
133
167
46
226
191
164
104
94
103
67
71
109
83
78
171
155
102
171
164
132
140
6
48
178
94
193
170
78
128
175
160
116
26
127
47
159
148
132
107
101
101
98
104
139
64
179
107
83
120
153
82
91
92
212
180
138
128
221
94
43
23
34
113
29
96
138
92
150
132
166
94
171
172
182
166
125
173
142
118
132
193
137
147
257
109
193
151
7
95
67
71
150
169
80
115
109
181
102
160
96
92
133
140
42
129
122
154
87
125
132
144
172
99
80
113
109
181
126
137
195
186
126
172
143
70
120
58
155
120
123
149
194
249
222
241
225
163
114
236
155
79
92
134
166
86
88
147
188
182
176
162
173
65
179
117
153
127
129
130
146
187
116
152
141
66
72
78
101
108
145
157
131
173
198
108
123
90
106
74
137
105
103
106
234
119
151
152
149
110
105
144
204
201
141
199
97
93
56
177
162
106
125
175
175
149
176
157
146
113
111
92
151
109
153
151
80
153
151
56
88
195
135
92
62
132
135
165
151
116
131
134
124
179
141
168
124
132
48
48
99
133
86
97
208
203
141
83
57
39
156
96
151
115
138
152
143
131
107
122
196
135
129
101
77
150
147
110
166
101
102
92
133
125
201
147
115
121
144
92
169
121
122
157
136
109
121
127
142
125
119
59
166
149
123
140
149
56
109
140
40
113
148
140
168
144
144
239
195
178
86
95
119
116
129
89
100
102
131
91
157
147
90
108
103
120
117
160
174
143
149
83
156
123
171
168
168
151
221
240
248
113
122
87
160
220
220
128
113
65
171
147
176
131
187
210
122
163
169
118
48
87
156
139
131
139
181
194
196
103
167
126
52
107
118
103
130
-1
159
145
127
159
124
48
18
82
165
130
144
69
76
81
74
124
129
176
85
94
31
111
18
128
114
123
88
139
181
127
125
157
122
199
163
36
90
169
110
140
158
107
38
120
114
167
125
143
117
115
153
172
86
141
149
154
148
58
129
126
115
95
105
176
135
130
135
114
102
113
90
71
88
88
120
102
86
90
192
81
70
5
123
185
146
110
150
127
148
209
79
135
110
110
166
133
147
162
21
72
87
157
124
99
149
97
81
103
108
98
139
122
124
114
161
119
114
129
161
140
162
214
148
36
187
101
126
53
126
106
56
78
137
100
122
132
144
106
113
97
99
98
117
136
94
147
87
39
123
140
234
74
46
92
127
120
118
107
121
112
173
98
65
62
137
185
136
93
148
101
132
184
57
102
139
80
140
94
195
110
9
114
83
86
85
72
110
86
74
110
118
105
157
96
86
110
149
125
120
98
112
101
151
107
66
91
128
89
91
116
18
140
189
177
92
111
123
95
65
94
123
184
78
179
145
109
102
85
140
67
68
107
138
123
88
82
133
172
115
109
31
64
61
89
87
86
145
237
156
127
23
93
99
108
115
55
135
189
144
171
118
152
93
149
95
59
156
73
25
31
16
83
88
117
22
113
114
107
73
62
78
73
83
86
35
173
118
92
92
58
115
50
75
125
104
120
143
106
90
97
73
121
47
87
104
50
57
74
51
116
88
67
83
82
92
81
136
45
111
49
63
5
102
22
70
80
59
66
165
110
70
88
53
74
150
59
69
51
85
86
124
83
81
60
81
64
70
19
110
85
104
75
99
8
101
109
105
118
75
99
76
80
74
103
103
43
64
39
111
113
58
68
68
92
71
72
69
84
55
68
160
109
56
74
95
67
56
67
70
73
102
99
66
58
61
43
52
70
59
70
62
45
54
42
55
56
19
106
25
20
76
70
36
65
69
58
43
48
41
53
53
57
60
44
23
36
18
25
75
87
