185
174
131
138
165
180
203
199
207
190
115
178
126
113
120
104
136
165
148
123
130
228
139
130
78
118
60
85
102
107
123
90
67
112
103
123
96
47
59
65
62
66
100
106
105
98
64
32
84
89
33
33
47
79
97
47
64
78
68
104
149
141
96
187
209
73
128
154
148
136
93
165
116
139
129
100
101
139
114
138
122
91
59
39
162
142
141
162
181
97
122
155
89
124
73
87
161
198
158
35
125
217
208
259
143
334
182
282
210
269
254
225
284
319
301
308
294
296
214
207
235
300
306
412
303
313
353
225
219
166
263
350
290
346
350
346
339
457
367
372
429
334
286
369
426
417
298
335
247
272
260
240
198
271
337
312
223
262
281
249
287
369
369
204
319
224
290
221
338
331
399
301
395
268
398
214
323
368
355
403
328
342
363
466
233
221
225
147
169
151
160
130
118
103
140
161
126
186
214
165
67
256
282
334
363
249
267
288
306
316
188
362
266
354
348
369
210
267
202
204
160
251
201
192
219
254
236
192
308
516
247
169
198
204
364
203
275
277
178
138
193
282
348
142
410
306
319
294
371
342
148
340
270
283
131
204
267
160
364
356
356
348
377
150
171
117
131
169
136
99
108
106
93
137
137
105
180
146
136
119
195
132
171
122
148
144
163
147
180
318
204
112
272
234
154
74
172
177
201
136
215
312
203
271
388
231
207
199
298
218
310
81
344
162
95
42
92
355
307
187
127
354
135
147
227
216
197
228
112
136
291
126
27
123
159
181
117
166
160
152
142
279
283
254
256
143
162
157
19
21
11
167
119
114
193
168
210
391
296
217
321
322
218
162
300
163
202
194
377
137
169
206
90
71
272
279
338
313
200
303
115
264
276
250
35
144
94
177
177
374
256
1167
1181
-1
267
162
195
205
220
181
264
266
149
264
252
334
180
289
257
254
241
146
168
112
296
165
172
166
386
299
212
212
214
309
241
315
152
186
253
253
233
148
139
225
206
171
184
189
155
185
196
315
10
293
63
202
241
369
221
232
290
259
359
201
196
238
231
312
250
150
148
93
307
152
306
143
246
258
116
170
161
160
178
137
295
278
278
217
169
175
278
157
220
265
221
198
126
29
196
244
284
57
305
271
291
113
66
113
174
88
116
142
142
121
154
61
58
24
78
58
89
63
59
99
98
116
126
195
173
137
288
206
162
229
237
213
234
201
95
197
199
208
173
165
228
83
296
211
170
133
134
110
80
77
140
97
106
197
177
143
207
156
171
163
25
74
224
95
182
206
113
184
221
211
180
18
206
104
216
207
195
159
123
132
130
127
212
100
190
180
139
135
202
112
111
103
256
203
186
142
228
95
39
36
44
147
33
167
144
116
165
243
174
115
146
208
192
221
180
231
177
137
190
233
169
213
314
141
298
199
8
84
69
65
197
183
92
122
155
235
140
176
120
107
201
174
39
176
162
202
123
156
176
157
228
155
120
183
170
229
175
177
207
178
175
149
188
118
159
75
203
148
164
201
271
282
257
272
282
150
186
273
149
93
118
210
297
83
116
186
217
196
158
148
198
100
187
180
203
186
181
186
172
192
166
183
170
109
97
116
117
124
178
174
199
178
203
165
122
114
109
84
173
150
177
117
271
130
222
210
219
161
148
206
215
263
190
237
107
138
84
192
210
117
171
138
198
190
220
248
155
172
162
140
196
146
204
222
94
186
188
76
160
295
203
139
85
195
171
225
174
172
199
201
183
224
157
311
128
188
53
66
114
142
123
154
209
205
205
120
69
56
160
100
209
158
208
217
220
167
136
154
206
161
147
113
97
138
174
155
200
135
166
181
200
147
315
178
139
157
186
101
256
167
143
222
177
117
171
156
146
129
123
58
139
169
156
200
208
72
168
159
38
151
211
177
149
153
193
220
254
218
120
122
133
182
195
114
130
148
184
144
191
121
143
189
145
147
139
225
281
162
201
101
207
159
228
216
207
233
215
212
230
163
171
137
218
264
206
162
170
69
179
179
185
191
258
332
159
166
195
139
88
119
182
166
122
175
245
203
207
146
179
154
51
166
139
124
143
203
164
210
142
166
164
111
38
85
215
185
172
100
93
101
107
169
178
271
130
138
43
142
16
150
137
142
143
181
158
131
159
193
163
152
240
33
86
224
151
176
145
140
41
141
178
229
156
193
221
158
194
200
93
187
202
153
156
88
164
176
178
141
144
131
177
151
198
166
165
159
118
104
92
111
158
121
111
114
204
90
76
5
160
158
179
138
191
149
157
187
103
115
102
161
230
184
198
226
31
100
157
236
173
133
156
152
106
142
145
134
169
160
168
161
211
121
133
148
212
188
210
232
161
40
217
151
167
52
118
130
65
110
207
138
157
160
152
147
148
130
139
147
130
213
124
143
126
32
129
164
159
87
54
121
159
163
140
129
149
124
191
138
109
92
157
164
186
133
189
132
133
183
54
142
164
105
201
136
167
149
13
170
108
129
102
155
147
141
89
135
139
139
120
139
122
166
146
165
115
150
145
123
220
139
90
111
107
106
91
159
37
149
251
225
127
157
149
112
72
108
155
183
99
283
153
146
138
105
147
81
76
142
165
148
127
109
123
210
160
86
33
76
74
136
140
114
168
261
143
143
34
176
144
144
176
85
129
212
197
181
129
151
111
187
147
73
227
116
38
35
14
110
128
159
28
134
126
144
98
83
93
78
116
88
36
151
152
97
101
48
156
81
89
138
137
144
98
83
162
97
95
142
48
115
127
54
76
99
52
148
112
82
146
101
118
102
197
58
135
73
74
8
136
23
78
88
110
92
169
145
76
124
49
97
180
75
70
94
158
106
157
102
112
90
112
77
89
29
138
100
138
100
166
11
150
157
134
146
140
133
113
93
90
130
123
60
53
34
144
153
104
92
108
109
101
102
104
135
58
105
165
137
52
125
120
90
89
90
89
126
124
153
101
85
86
54
75
123
76
86
78
77
65
50
76
57
15
147
43
34
110
72
47
86
84
79
77
71
44
79
59
71
58
56
30
46
23
34
107
105
