15
12
11
11
15
22
18
15
17
25
16
14
9
10
12
11
12
13
12
10
2
10
16
16
11
18
14
5
11
10
14
26
22
30
21
18
15
19
10
6
10
8
18
16
11
14
10
10
18
15
11
15
12
12
8
16
9
17
14
15
14
0
2
16
32
3
14
21
31
42
25
40
36
33
34
41
36
35
20
50
33
8
37
43
20
39
21
16
29
93
14
13
82
6
3
20
15
12
7
0
9
12
13
21
12
47
7
23
56
27
44
18
15
37
21
34
17
28
14
14
52
43
32
45
26
47
34
11
5
12
12
50
58
46
44
44
49
16
47
40
38
6
39
49
42
52
27
38
23
18
20
35
23
34
28
26
21
13
35
30
17
39
42
25
48
21
32
32
44
44
50
41
43
31
40
52
47
40
41
42
30
43
42
14
28
24
38
16
12
8
10
8
7
5
13
10
27
14
28
21
3
44
33
50
54
36
30
31
36
36
14
47
27
44
40
45
22
15
18
25
29
31
29
14
32
17
18
37
50
11
39
16
18
11
41
21
35
22
18
21
32
41
48
7
49
39
40
25
47
43
38
44
29
28
49
34
22
20
50
51
43
45
46
38
13
8
10
10
9
8
12
10
8
15
16
9
17
12
9
14
36
1
23
8
45
21
13
9
48
43
27
20
10
22
14
13
31
41
26
28
43
15
28
20
44
5
42
15
49
46
42
29
41
50
72
82
43
36
40
9
5
31
9
10
17
18
67
54
18
24
38
42
24
4
43
28
34
26
25
8
7
14
51
40
51
47
39
22
68
110
36
27
47
54
27
17
15
47
34
36
51
11
47
45
11
19
38
39
45
28
34
33
10
12
35
19
39
41
58
18
7
25
13
21
3
18
16
38
21
42
45
13
13
13
11
30
23
28
28
34
26
37
40
49
38
30
30
38
20
15
11
35
27
12
23
46
36
55
37
46
23
28
26
52
24
44
26
16
27
26
16
11
18
33
51
17
17
31
27
9
35
45
39
41
15
20
21
41
33
29
42
30
39
18
16
20
29
33
20
16
20
5
37
15
40
2
47
49
48
48
56
52
25
40
21
38
46
56
45
50
38
34
27
22
61
51
50
41
43
31
29
11
37
39
40
40
0
24
38
20
15
19
16
18
15
13
10
1
14
1
12
11
17
12
12
24
43
24
22
68
22
49
41
52
44
31
50
51
11
44
52
55
43
43
36
13
33
22
15
56
55
73
70
77
60
63
49
53
47
33
46
29
56
61
1
12
50
15
17
37
54
51
60
57
47
2
13
10
61
54
50
44
55
63
63
46
31
42
30
36
15
40
53
64
55
58
24
13
49
54
17
14
1
0
12
42
7
5
8
54
20
36
20
51
21
44
18
21
42
23
11
16
52
36
34
25
25
20
30
27
48
13
10
6
56
18
68
59
20
25
38
23
24
23
12
34
7
43
42
32
24
28
28
11
14
22
36
27
28
13
10
45
20
21
51
17
26
42
39
32
44
41
20
19
15
11
30
19
23
23
28
15
25
57
71
24
34
27
33
43
34
23
25
19
25
48
33
37
47
43
47
43
41
21
38
42
16
34
33
13
22
6
46
25
47
15
25
34
9
56
35
14
53
56
14
14
37
19
45
35
48
45
40
47
9
14
16
19
40
25
1
24
35
13
33
18
40
30
28
39
20
16
41
42
49
17
42
40
14
48
24
9
9
6
35
29
16
42
38
23
23
45
46
45
48
13
48
37
9
18
9
43
31
44
16
16
25
20
51
15
11
8
27
18
40
51
41
42
45
38
29
35
10
52
57
49
43
10
44
55
6
28
16
16
55
32
29
24
38
48
44
20
43
41
30
48
50
3
50
52
22
21
16
27
6
0
26
45
53
82
7
16
7
34
41
52
18
43
36
19
15
19
19
40
25
23
41
57
43
14
35
9
49
14
18
15
38
27
37
22
37
40
46
42
49
42
8
9
25
47
16
21
17
21
18
27
25
29
30
50
36
63
22
39
27
31
42
16
39
23
17
25
19
35
38
39
46
41
20
29
29
19
25
45
12
32
39
42
22
9
19
29
21
22
36
13
1
6
13
32
47
26
22
28
37
44
35
30
38
22
46
41
0
52
42
41
32
29
22
18
52
17
21
13
41
62
14
30
22
42
16
28
8
36
19
25
35
42
23
40
40
16
47
42
8
23
12
21
30
44
39
32
28
32
45
40
39
37
33
45
31
8
17
24
32
45
45
47
34
45
42
57
45
17
20
39
40
20
20
18
33
18
11
41
14
32
43
16
5
8
25
31
35
41
38
43
29
28
20
38
49
20
39
24
43
14
6
25
11
16
9
15
36
0
35
16
45
58
15
23
9
28
13
23
34
32
23
37
34
26
39
29
43
5
7
27
9
44
12
41
16
69
24
16
38
11
37
29
34
18
20
31
24
31
15
15
36
27
19
28
21
33
11
36
14
23
27
31
22
38
-1
41
24
21
49
19
37
12
56
41
10
46
14
30
41
0
27
36
8
41
43
39
35
6
53
18
30
19
12
25
0
13
23
13
39
44
24
25
40
30
27
16
21
31
16
40
35
39
25
58
36
33
20
17
21
24
16
17
19
7
68
57
57
15
21
15
11
7
18
28
48
21
12
32
26
15
28
17
23
10
24
5
11
34
34
7
12
12
1
42
1
22
34
17
58
17
20
24
7
14
11
21
15
14
0
24
38
5
46
5
46
21
53
4
26
30
10
12
12
41
15
32
7
27
10
54
23
27
5
13
29
25
17
28
18
32
21
9
5
15
14
5
31
53
46
22
14
22
15
29
28
10
15
34
11
37
47
10
17
28
20
6
30
19
34
20
29
38
14
34
29
22
16
15
23
16
23
18
20
13
23
20
22
22
14
10
13
5
26
9
7
8
28
18
30
42
32
21
18
20
13
14
10
17
9
37
33
43
42
15
22
16
19
12
36
11
27
7
23
23
25
5
25
44
25
22
49
11
19
16
17
28
15
11
21
25
13
7
23
23
23
23
12
18
23
20
10
15
28
23
