87
68
65
64
82
97
88
75
102
106
57
83
50
55
49
41
57
85
87
66
60
88
59
59
36
61
34
41
52
50
37
67
56
85
63
62
52
37
23
28
26
30
43
43
37
43
20
10
34
31
14
13
22
38
40
26
26
48
31
65
90
58
33
113
145
21
71
96
128
154
115
171
110
119
122
100
113
133
59
150
149
71
91
115
113
126
88
79
127
143
70
69
145
49
29
52
73
101
64
7
49
73
58
102
43
179
42
123
145
133
153
89
114
172
144
150
139
169
71
74
180
188
153
190
121
204
203
71
48
49
70
207
184
213
216
224
207
160
239
231
200
89
153
239
217
239
109
157
128
110
106
131
105
145
159
170
118
113
158
118
157
216
190
95
192
127
151
133
219
196
212
190
225
161
213
210
177
225
205
210
187
218
194
178
116
108
156
81
55
43
50
37
38
52
94
79
111
88
156
76
9
228
194
191
195
158
154
181
157
203
78
212
187
236
247
235
133
119
126
141
103
120
107
80
166
145
109
166
175
138
147
77
116
89
230
118
154
129
83
82
121
184
202
47
255
215
226
155
220
219
125
187
177
172
163
148
137
76
213
219
203
199
222
115
65
48
44
37
41
25
33
34
34
44
65
33
113
51
49
35
152
31
66
38
115
91
79
41
146
198
125
74
82
139
93
42
111
169
82
69
164
139
115
136
221
62
107
89
205
126
206
92
213
159
144
69
128
175
204
68
36
220
65
64
115
102
200
226
68
75
172
155
77
53
147
129
90
153
122
52
63
72
194
180
218
154
175
113
38
39
7
100
118
150
148
73
110
225
205
150
180
122
204
193
92
97
172
196
234
75
158
153
47
31
147
118
209
190
194
146
43
113
103
114
1
91
75
170
105
250
209
114
113
113
110
128
127
125
117
149
177
159
93
213
160
196
123
176
150
147
136
133
146
55
128
176
130
172
210
185
126
104
120
209
123
180
113
135
175
173
105
91
97
185
176
133
100
137
87
49
132
182
84
187
34
113
123
211
188
186
205
143
201
123
118
120
146
219
125
65
111
42
216
74
223
46
233
190
123
169
147
173
130
129
172
206
216
195
161
160
190
147
170
142
218
166
106
111
164
131
141
34
183
242
168
132
9
82
149
48
51
72
73
64
68
32
26
4
36
18
49
31
39
49
47
79
130
90
92
136
139
184
151
210
218
191
211
169
63
153
205
233
191
144
154
52
136
115
80
144
152
141
113
110
134
121
122
189
174
136
180
92
166
152
3
43
203
65
98
192
168
178
192
219
184
5
79
51
222
223
217
206
142
151
152
112
139
129
126
146
84
124
186
144
130
123
125
95
163
158
110
44
11
7
18
139
22
49
54
134
78
183
97
147
92
179
94
124
140
124
87
94
185
190
144
143
149
99
178
116
10
40
26
25
195
102
114
130
99
121
118
91
62
60
65
145
16
179
199
129
120
156
132
66
91
116
96
164
164
78
66
158
103
89
172
84
150
154
152
77
220
199
86
97
113
119
168
130
141
98
116
115
93
129
150
143
224
112
99
155
204
112
116
83
123
128
132
195
207
201
208
203
139
97
177
137
91
95
106
58
100
45
174
105
231
79
112
132
85
110
114
64
183
150
84
49
151
92
239
206
279
181
136
246
103
120
119
134
80
91
23
117
142
49
139
72
116
102
138
175
101
108
173
163
210
105
217
215
50
151
81
32
74
92
132
113
71
184
160
113
108
237
236
220
185
114
156
228
52
126
45
107
86
143
86
82
119
105
234
56
30
25
101
89
206
180
224
196
237
225
131
147
103
135
158
104
113
63
181
168
91
85
69
63
207
170
179
135
136
138
193
74
239
173
154
224
201
25
208
150
97
126
67
66
50
50
153
229
202
99
85
81
8
141
211
171
103
164
177
105
138
130
130
101
106
170
193
130
157
80
199
69
193
51
135
79
178
135
111
107
222
145
217
98
268
142
94
83
130
204
103
111
107
100
108
102
112
143
144
177
208
93
93
199
159
194
188
134
192
94
120
160
80
118
193
154
151
197
117
137
138
117
104
177
27
113
118
135
99
76
89
132
79
86
197
51
9
29
110
133
185
72
78
87
159
181
192
229
144
121
149
123
5
147
135
125
166
128
86
68
166
85
76
81
235
79
43
159
139
211
83
141
17
154
132
188
197
202
128
146
231
110
97
221
71
114
65
94
184
214
211
141
168
117
183
155
231
191
203
207
98
54
78
96
135
149
147
173
128
106
104
7
201
93
114
136
191
128
96
114
119
75
50
190
143
195
228
150
3
42
91
192
190
155
147
163
109
155
114
138
180
140
186
126
236
68
62
135
85
87
93
106
137
8
153
81
189
99
81
108
34
152
130
96
182
155
123
162
173
123
149
152
140
70
67
126
74
60
58
187
75
113
63
66
177
95
102
101
114
83
118
170
88
62
77
61
201
110
91
72
105
138
28
170
93
113
174
86
101
187
23
183
138
82
120
90
167
62
105
133
45
164
66
174
159
44
101
206
64
180
165
163
191
54
127
128
112
120
49
178
7
80
196
103
163
185
108
99
95
116
183
98
83
198
92
151
173
135
113
103
88
145
105
68
67
114
70
109
116
27
36
86
90
68
110
61
95
93
93
155
27
108
72
168
148
60
123
118
147
69
86
56
86
193
180
31
79
47
13
35
3
80
150
78
79
97
84
113
37
58
58
56
96
41
5
100
177
53
119
16
206
94
122
56
150
159
54
53
76
86
86
165
37
113
70
43
83
109
25
116
129
74
73
148
71
104
173
42
71
58
51
0
163
77
89
61
67
117
118
140
83
43
44
118
104
109
129
33
114
121
106
47
186
69
181
79
135
12
101
265
283
94
120
26
113
89
105
112
106
254
-1
102
99
125
103
35
69
21
167
76
60
60
176
112
155
140
135
114
62
130
112
145
42
89
71
116
114
130
126
133
160
151
120
102
112
28
124
104
109
104
94
74
101
78
105
80
31
116
67
69
131
94
51
91
113
124
75
49
52
79
75
81
50
88
45
54
41
78
114
112
