83
69
60
63
70
114
91
97
103
112
56
79
61
59
69
50
78
107
75
62
44
109
81
74
49
90
47
47
60
60
61
70
47
85
62
71
66
51
37
39
43
43
59
53
57
56
38
19
50
52
23
30
43
51
54
38
32
67
53
57
73
40
38
84
133
38
65
79
96
108
76
97
80
88
83
75
76
110
58
103
100
42
74
90
64
77
60
92
87
90
59
93
102
52
28
60
78
87
60
19
80
129
99
164
97
246
84
247
209
249
276
193
188
227
204
223
189
191
124
125
235
225
215
246
194
255
219
159
80
97
128
272
278
252
255
259
268
189
235
234
233
133
203
248
190
234
139
176
156
255
247
258
198
231
183
248
119
98
239
238
183
247
222
224
286
143
270
212
282
272
255
238
213
197
210
213
201
224
256
215
185
233
197
158
151
199
160
106
104
78
91
82
75
62
118
84
113
163
153
132
42
164
170
206
256
146
232
212
263
245
180
222
171
219
213
218
130
100
98
98
154
161
122
78
181
120
117
151
236
159
259
104
159
90
225
101
302
247
173
92
149
216
246
94
220
215
209
259
239
238
182
185
120
149
127
215
149
169
274
281
289
286
238
178
94
88
82
88
84
53
55
77
72
83
97
57
98
82
80
98
128
66
138
68
126
134
87
89
160
230
119
49
97
152
95
56
135
143
156
92
193
118
211
115
234
71
187
124
204
284
237
45
256
150
122
50
112
222
160
120
115
216
79
107
113
122
185
195
88
89
188
122
54
55
197
84
69
92
105
60
85
176
284
241
177
153
163
109
36
30
12
89
97
98
101
165
103
218
177
175
241
138
204
178
154
170
100
124
216
129
135
125
67
53
162
159
203
220
207
117
69
107
99
114
18
70
58
112
74
209
252
155
156
155
92
120
125
137
158
121
143
201
166
169
227
218
126
221
135
114
113
149
115
77
129
109
92
158
233
226
111
161
130
201
120
265
90
92
128
129
97
90
104
140
121
92
88
197
-1
333
238
228
110
190
50
105
142
208
122
124
192
226
256
86
84
104
149
132
121
128
97
59
197
68
185
58
150
149
116
138
193
109
157
83
155
195
227
125
178
166
213
137
129
134
130
116
83
100
134
156
134
49
229
178
180
91
22
85
139
81
68
78
75
61
71
57
44
7
63
27
63
45
45
56
66
85
85
114
88
110
121
162
157
160
163
157
169
152
78
200
144
180
120
114
203
67
176
111
88
96
89
103
75
73
103
90
83
173
162
130
164
143
145
137
7
27
190
70
122
158
101
115
163
157
108
21
147
78
171
140
141
136
92
89
89
80
142
147
151
123
72
106
144
91
97
89
139
121
109
123
162
63
13
10
32
89
11
50
85
93
179
170
127
126
104
157
105
88
122
113
107
76
124
132
119
93
217
101
148
106
13
66
51
61
161
96
90
98
96
142
174
174
107
99
90
136
27
135
131
132
112
92
85
66
83
74
140
86
93
77
115
200
107
102
197
97
144
126
99
83
159
122
117
131
104
122
158
152
129
96
131
122
124
77
85
108
179
85
113
131
187
89
88
107
107
116
134
111
134
119
123
117
144
89
145
129
149
120
121
85
158
109
110
95
143
110
124
163
61
99
121
50
130
91
83
72
168
72
139
118
141
101
88
144
113
91
119
116
97
76
62
101
117
48
136
96
157
159
179
192
108
92
119
111
130
86
131
148
57
153
95
40
117
127
242
68
102
159
117
121
79
135
157
165
184
101
141
174
79
99
38
87
76
171
80
107
116
111
134
107
58
64
88
83
121
130
153
130
124
126
107
109
116
140
124
108
88
92
161
190
84
135
119
123
126
139
151
133
103
99
129
67
137
120
94
143
111
43
141
152
131
96
110
104
85
44
105
111
116
72
81
124
20
92
135
140
122
141
136
126
103
90
84
90
123
118
149
81
92
115
117
62
134
72
73
102
116
92
115
110
179
183
140
110
146
91
96
90
122
160
130
127
142
93
90
106
113
123
156
105
138
85
106
128
119
116
174
145
133
91
118
85
83
77
122
122
190
130
101
122
122
72
112
98
47
131
91
129
138
128
88
93
98
85
128
96
19
32
114
156
127
58
56
59
94
111
118
192
77
77
93
136
3
135
129
113
99
128
115
78
100
94
91
120
154
48
51
244
93
140
74
85
31
79
139
99
106
113
132
166
145
86
93
122
89
111
93
91
129
116
101
79
84
115
106
133
122
104
92
99
99
72
96
59
88
109
97
85
174
100
96
9
100
114
99
78
135
101
85
116
158
102
68
141
75
132
169
91
12
52
139
119
95
88
149
97
125
120
101
126
141
127
86
78
123
60
67
118
82
72
69
115
143
11
233
122
125
62
89
89
42
96
80
82
109
108
120
107
93
122
80
104
121
110
63
141
66
40
65
130
120
88
85
92
107
88
113
80
157
78
113
101
143
72
77
93
111
75
61
106
98
105
49
107
109
90
105
103
109
98
27
115
67
78
95
99
114
106
102
93
74
82
76
112
95
23
124
151
77
90
92
92
161
77
73
75
105
70
51
79
16
87
157
127
92
105
79
92
89
121
92
135
69
133
95
107
99
93
101
70
93
151
128
126
164
80
73
72
72
47
36
71
68
55
70
125
91
98
94
103
16
114
96
96
107
89
104
93
77
62
114
81
75
129
102
57
120
52
21
25
9
131
64
94
52
97
53
147
44
66
60
63
73
51
9
94
109
40
81
55
102
75
90
56
73
98
96
69
74
83
54
96
22
78
71
50
59
92
32
84
67
75
90
87
98
75
102
25
50
58
44
0
88
43
75
71
77
62
93
80
58
43
54
65
74
57
84
59
111
81
150
56
106
49
115
157
78
15
54
93
85
49
106
19
83
86
95
92
77
76
87
72
70
72
69
55
45
29
90
60
53
41
102
86
101
76
69
96
73
74
84
79
45
57
61
60
66
58
72
83
86
79
73
51
64
35
66
47
56
62
52
40
63
64
58
57
24
90
42
50
71
85
53
54
72
55
42
24
54
35
57
49
45
56
28
34
19
58
75
99
