122
94
110
104
111
139
122
116
128
130
91
121
87
80
87
78
106
112
97
83
27
98
88
70
59
79
55
47
76
70
82
93
65
110
59
70
66
53
39
42
52
48
55
48
39
49
26
15
35
41
16
13
29
40
42
33
41
69
40
104
124
13
18
137
148
21
110
128
138
141
133
141
119
126
109
112
109
142
76
152
163
76
104
117
93
120
126
106
133
120
103
99
171
27
13
66
105
98
40
0
91
135
93
144
86
202
76
158
199
170
208
132
151
184
149
174
162
167
121
114
240
190
155
202
149
220
197
109
46
89
107
222
229
215
210
209
239
143
241
228
227
101
174
246
223
261
141
197
157
161
152
183
153
184
173
200
151
92
198
140
161
194
207
166
229
127
176
128
219
218
261
239
222
184
198
246
190
214
244
229
177
220
208
151
150
164
157
89
118
63
79
65
65
49
106
98
162
105
132
104
23
224
174
218
221
115
220
197
226
218
124
246
158
261
250
274
184
163
129
163
159
151
123
59
172
120
143
170
237
139
241
92
135
136
234
149
230
172
129
96
161
229
248
65
280
260
224
245
236
219
182
206
174
190
236
166
128
98
301
295
283
279
233
166
105
68
81
83
74
47
63
63
55
84
85
59
102
83
78
62
169
52
114
77
130
121
147
84
202
264
147
86
87
123
139
57
145
168
142
132
233
134
141
150
261
40
219
92
237
259
252
68
268
215
185
81
181
237
182
94
53
219
139
78
173
156
269
266
81
119
183
180
71
76
213
126
98
136
128
69
85
142
258
215
238
273
207
174
29
40
7
96
167
204
142
103
175
270
196
171
217
114
260
240
117
127
172
184
259
134
177
196
70
37
179
147
206
223
298
169
74
114
107
111
7
94
79
175
108
231
292
140
144
142
137
136
134
102
159
172
181
226
160
230
190
208
173
249
178
150
148
175
169
69
147
173
127
271
266
251
175
160
164
219
148
266
118
127
186
186
158
65
105
158
184
142
158
152
151
94
239
277
99
235
42
144
142
240
191
175
252
168
239
148
151
127
162
218
126
133
144
52
212
78
235
36
255
207
188
235
253
182
107
164
170
209
292
222
274
239
285
153
186
139
268
212
130
117
221
159
157
43
211
304
187
143
13
93
195
65
67
85
84
62
85
60
52
6
68
22
77
54
51
65
68
103
127
120
115
166
143
235
273
271
283
190
287
280
73
246
228
283
210
190
193
77
203
120
101
178
177
179
132
119
183
150
145
244
238
198
195
168
222
222
5
56
276
68
117
237
220
226
283
268
211
4
143
68
287
254
238
281
174
166
164
146
144
195
200
142
93
180
266
160
155
147
157
122
200
202
159
56
6
2
35
152
9
32
84
157
118
202
116
226
115
264
104
117
183
167
124
96
235
228
204
130
247
155
199
126
22
84
55
35
286
116
136
166
125
162
205
173
122
116
133
289
24
259
233
163
195
186
126
79
97
87
164
152
149
109
125
299
123
134
292
105
156
209
182
132
287
241
137
169
147
181
185
203
183
140
134
168
125
135
153
115
209
153
169
232
269
114
132
112
146
170
144
217
230
232
245
239
182
109
284
184
127
153
158
95
151
85
219
100
230
109
151
186
54
150
157
73
227
155
116
79
168
101
252
236
261
185
182
278
131
135
144
144
114
93
41
144
190
54
204
109
188
180
179
209
112
126
194
194
218
109
236
295
70
217
141
61
109
70
199
129
101
291
186
166
108
236
292
282
319
148
220
195
101
142
49
191
90
243
102
73
158
148
268
73
40
38
112
111
244
253
284
252
242
231
177
184
124
236
203
147
145
97
255
313
105
135
109
108
232
191
210
218
185
204
220
78
194
198
170
290
236
32
288
267
165
175
101
134
84
15
191
231
238
121
78
93
29
187
289
264
144
243
252
145
156
128
130
173
145
159
289
142
163
119
230
123
206
80
107
99
190
170
212
158
230
274
258
136
283
187
131
118
145
276
162
152
146
121
126
136
156
180
177
226
246
139
116
209
169
221
267
161
249
118
157
188
98
140
200
209
240
212
153
181
181
114
145
193
48
125
120
186
195
107
97
186
127
105
205
70
6
33
140
177
271
91
86
95
203
187
222
247
146
152
183
204
0
208
193
180
205
144
128
87
219
144
174
130
287
98
65
206
138
261
88
181
28
148
143
179
195
205
139
269
271
107
129
238
96
125
118
206
251
228
215
175
162
160
192
300
260
187
183
188
131
109
167
126
151
172
160
156
215
137
135
15
207
118
120
127
245
178
120
152
191
115
52
258
164
235
315
154
6
47
159
206
191
152
204
183
199
222
184
174
262
203
179
137
253
74
73
168
125
115
78
135
253
6
214
142
250
123
106
122
45
199
135
122
212
176
176
228
190
164
158
163
241
88
60
202
99
82
74
254
122
161
88
116
232
135
164
185
146
152
140
157
128
116
106
110
214
153
98
138
122
166
40
209
145
158
180
178
137
207
33
225
125
114
134
114
208
106
151
159
119
198
97
199
179
6
119
212
86
177
173
177
191
95
150
131
203
176
66
167
6
96
232
102
195
212
102
149
126
256
174
167
143
207
100
199
174
160
155
134
120
-1
141
129
108
149
82
86
96
48
81
109
101
99
137
121
120
111
98
181
17
133
142
188
208
109
128
115
174
93
107
83
128
251
211
56
124
89
1
57
0
120
169
134
107
158
74
165
67
75
66
74
102
75
1
123
192
36
136
44
211
128
157
54
170
182
91
71
109
103
104
180
40
124
123
61
117
144
36
141
102
95
86
205
141
112
169
38
70
54
68
0
171
88
131
102
99
109
112
148
99
56
66
140
98
112
131
55
129
145
161
90
205
80
221
156
128
19
93
168
154
82
125
27
140
140
140
139
97
113
145
139
131
122
132
62
62
33
170
82
80
53
200
120
198
127
113
106
95
111
85
146
46
89
98
127
127
139
134
99
157
134
129
86
127
51
128
94
102
111
91
65
115
112
111
121
48
111
124
120
132
145
98
86
114
109
51
44
62
80
109
88
70
96
40
75
31
64
131
197
