182
134
147
149
156
193
191
169
198
194
120
155
108
120
109
97
140
144
160
116
60
120
140
140
84
111
75
72
117
102
106
136
98
175
109
112
105
80
62
74
68
69
88
83
69
72
49
32
58
66
37
33
44
72
62
68
65
103
57
120
132
24
32
184
234
29
139
151
215
233
175
201
164
156
157
143
140
201
112
228
254
108
144
195
131
159
171
116
207
174
104
117
262
40
31
104
137
137
58
4
141
203
177
246
141
313
153
232
362
269
308
186
262
319
251
291
287
310
189
166
453
349
300
367
279
387
336
179
136
167
196
395
465
368
354
366
466
244
411
399
408
146
359
444
380
413
265
323
243
225
201
231
220
263
263
263
325
210
328
266
261
350
344
211
324
245
289
236
373
363
386
333
384
291
345
484
285
410
355
345
291
350
336
248
235
240
302
168
169
111
142
132
135
128
200
221
246
147
250
188
44
352
339
333
392
270
258
319
284
323
163
349
282
369
339
355
283
184
155
224
208
212
218
96
283
247
221
302
430
199
321
172
250
213
389
183
279
214
155
185
245
412
409
132
421
326
360
281
371
356
276
335
226
236
391
289
220
149
354
346
331
338
387
271
153
123
123
127
120
97
116
113
103
138
174
102
175
148
137
107
290
83
179
135
237
182
160
132
366
356
190
102
128
185
183
100
265
264
172
222
426
200
221
193
374
58
374
149
426
324
376
99
364
406
243
132
269
327
373
159
95
350
131
133
208
219
358
347
137
118
259
328
139
132
386
153
132
212
216
116
127
205
334
302
311
364
367
181
60
65
17
112
245
260
214
157
190
381
325
293
333
171
650
-1
190
175
200
250
412
206
231
225
118
83
293
201
361
340
333
175
135
178
154
158
23
115
132
221
142
382
340
164
162
162
152
160
193
202
201
205
221
301
269
330
242
259
278
335
208
187
174
227
226
94
199
202
173
393
350
338
194
192
231
337
198
305
164
167
261
260
150
158
191
264
285
173
177
269
178
99
348
332
249
339
62
194
186
360
269
242
321
215
327
209
203
160
229
308
170
153
187
88
319
98
378
66
369
289
230
256
256
248
194
179
264
341
411
274
385
251
326
182
224
204
330
275
164
220
234
226
206
73
274
334
295
200
22
123
236
76
69
91
82
81
101
71
64
12
73
28
104
87
88
75
86
129
184
133
121
212
214
336
381
307
307
266
323
282
82
271
329
354
290
227
256
134
205
158
119
214
208
184
153
160
204
167
190
275
259
243
244
195
222
224
17
97
327
99
141
259
311
300
308
308
232
19
196
96
315
318
317
347
205
195
195
165
252
306
212
241
181
188
260
193
189
175
211
141
221
224
197
64
10
3
44
192
9
67
96
177
125
313
142
284
143
275
136
157
194
206
128
154
249
267
263
220
261
154
274
160
26
102
52
40
297
133
152
174
186
187
242
206
145
141
149
280
55
316
325
268
222
228
160
105
136
161
239
246
222
107
159
302
146
147
290
115
223
327
249
149
345
293
236
251
180
203
209
223
219
146
223
202
148
163
184
223
352
154
202
245
356
142
143
118
176
241
184
268
256
296
283
287
252
137
326
197
158
238
218
132
157
89
241
128
320
123
187
296
74
169
180
109
229
199
167
126
246
160
297
254
340
229
208
345
138
169
224
170
119
137
69
152
211
54
219
118
219
198
212
283
141
179
290
268
290
155
301
320
85
221
161
87
160
115
236
170
130
312
233
190
137
381
369
358
330
148
229
316
131
169
101
203
107
213
122
115
163
161
343
131
68
74
122
164
292
291
300
272
340
277
223
202
122
225
206
152
177
100
269
314
100
160
117
129
350
239
266
225
189
191
255
82
276
231
199
338
267
35
309
282
156
166
160
165
71
24
189
264
259
130
115
113
34
188
311
241
140
272
294
164
179
176
178
156
174
225
302
175
192
158
247
163
253
75
151
148
206
220
173
197
307
237
291
162
341
206
129
126
184
309
144
150
142
132
137
241
198
206
188
220
320
136
136
250
192
258
317
170
276
125
157
221
152
187
235
228
220
282
159
207
205
145
171
227
69
184
133
193
152
110
108
226
155
134
276
99
15
37
146
243
250
116
116
121
252
210
253
297
186
181
309
195
1
209
207
180
199
247
136
117
202
172
181
137
303
120
82
218
186
290
91
212
34
188
196
204
230
239
216
307
251
139
131
244
125
149
114
178
306
250
254
188
219
180
209
241
291
206
220
225
137
111
119
158
172
203
186
191
238
156
144
25
247
117
151
144
258
168
128
146
248
100
62
312
160
267
311
168
20
64
232
249
231
196
215
236
238
210
171
215
237
204
202
145
282
71
96
208
125
115
88
152
205
5
203
186
250
151
123
158
57
227
138
150
224
173
168
245
225
170
171
236
242
93
78
168
143
111
79
233
112
149
120
147
219
160
162
170
180
121
126
205
198
107
92
105
226
139
106
117
150
203
62
213
175
187
215
164
134
228
45
328
173
157
175
169
208
116
151
188
126
201
89
223
208
10
146
270
77
188
176
186
302
119
173
165
205
171
60
209
13
99
259
127
218
218
130
123
126
223
179
135
141
255
124
201
219
177
146
158
122
240
139
136
133
138
81
101
128
39
83
115
110
115
149
128
113
109
100
208
28
155
145
210
188
137
162
140
172
83
119
81
135
289
212
67
153
116
5
73
2
127
190
163
143
140
84
198
67
103
76
65
113
88
5
123
204
39
138
54
233
152
146
46
168
200
71
71
110
89
124
181
70
167
88
60
132
187
40
158
124
110
102
190
134
128
207
38
73
86
83
2
213
112
109
86
107
133
141
168
85
51
66
139
126
131
181
91
152
139
140
86
215
95
212
147
176
28
111
221
190
119
159
37
138
117
136
137
125
151
193
147
137
131
101
71
78
35
187
95
100
57
199
159
185
139
147
153
92
178
95
149
49
109
85
133
147
144
151
127
166
139
127
127
138
47
157
94
123
114
111
91
130
96
121
103
48
160
109
100
125
111
78
87
118
126
74
42
59
92
97
95
64
94
68
64
49
167
157
209
