164
134
128
121
135
176
160
148
167
163
120
147
112
93
112
92
127
158
140
97
119
201
122
108
72
107
63
63
92
83
100
104
81
129
89
100
90
67
43
54
52
50
78
87
72
75
36
27
69
67
26
26
45
53
91
42
46
84
64
110
131
159
82
144
207
47
126
140
146
162
137
188
143
164
159
113
141
178
89
178
175
88
123
128
149
142
126
122
167
151
110
134
149
100
76
74
134
187
152
37
120
198
152
231
145
364
137
269
257
334
333
229
265
357
336
370
291
321
163
167
357
364
341
377
261
405
410
208
150
131
181
391
381
496
470
462
409
453
471
508
443
284
288
477
486
521
342
404
221
307
297
381
295
376
367
404
203
218
334
294
353
425
403
232
351
229
429
296
493
409
512
488
527
303
394
340
346
417
478
488
413
484
446
422
231
247
230
160
152
106
150
115
110
101
173
144
161
189
233
184
63
327
341
356
450
259
402
378
379
499
193
493
366
581
558
567
192
223
196
186
172
232
175
172
284
270
194
272
368
412
363
131
215
183
569
178
396
335
179
163
204
384
387
109
584
505
468
457
480
458
234
443
291
284
228
243
312
198
475
508
479
473
480
233
147
105
103
117
109
68
78
96
85
107
132
86
173
108
97
111
240
99
167
104
192
198
146
106
249
489
208
101
199
297
164
70
208
237
207
138
301
299
225
234
527
177
257
218
381
279
491
107
506
243
171
70
166
469
373
152
95
538
120
145
223
173
333
330
112
125
364
218
83
108
292
151
113
205
167
107
124
231
365
323
292
237
257
167
34
37
14
154
149
175
193
159
166
559
425
301
361
290
290
259
241
247
201
237
529
180
209
214
104
68
321
279
444
461
313
331
96
216
218
212
24
130
100
214
169
500
380
330
334
334
239
155
205
283
241
221
290
368
224
298
413
-1
241
445
299
282
266
235
207
110
261
205
190
269
457
400
209
237
247
383
260
455
208
232
243
242
189
154
172
304
229
191
163
299
218
166
270
463
111
391
63
187
241
471
264
244
444
365
484
166
165
228
253
318
290
139
156
89
467
154
391
132
341
268
149
265
213
191
246
172
331
427
433
263
271
240
381
191
249
279
302
234
150
127
226
282
288
65
440
413
335
152
28
124
248
107
109
156
151
120
154
59
53
17
68
38
80
59
55
103
93
125
181
201
203
175
291
289
270
323
328
263
357
271
104
291
265
269
249
199
309
92
354
251
185
207
195
184
126
131
197
146
157
264
236
228
247
193
241
212
16
58
315
111
231
350
190
250
270
289
223
17
204
125
320
282
285
242
195
192
187
171
245
238
302
214
128
201
255
162
164
156
271
225
251
193
282
102
44
39
39
183
32
123
126
177
196
329
192
222
156
310
198
223
239
226
149
120
245
311
256
242
415
145
366
185
18
93
64
63
278
211
161
179
167
299
237
247
137
133
187
261
40
270
258
271
229
295
263
175
225
194
224
254
250
223
161
263
201
210
270
161
304
215
237
100
296
241
181
201
276
313
321
330
302
186
187
293
176
152
176
258
391
149
177
263
378
216
200
193
227
157
221
246
300
232
248
247
211
190
265
192
251
179
183
107
187
118
221
185
264
230
231
255
125
170
166
81
237
169
166
109
319
180
337
309
361
213
173
310
271
266
193
253
125
120
76
213
286
119
246
176
244
219
281
335
189
152
230
234
287
128
288
338
89
263
243
66
167
306
266
174
135
294
185
263
176
268
320
299
275
263
198
387
117
187
61
167
121
216
148
178
242
247
286
151
63
67
199
124
249
218
312
307
318
307
239
196
245
199
180
145
134
177
281
255
208
183
169
167
267
260
381
275
175
192
279
102
305
255
200
323
239
88
267
272
187
250
138
164
141
163
243
263
291
128
143
204
43
196
272
207
198
274
308
243
265
232
212
155
236
203
284
152
187
150
284
123
239
114
184
176
211
234
188
232
419
259
328
143
299
190
239
224
265
301
250
240
252
202
216
162
265
287
264
232
290
116
198
282
239
263
374
328
253
181
248
221
163
137
294
211
211
278
235
271
269
175
224
222
46
225
162
149
203
206
168
262
160
185
243
140
24
80
272
312
246
95
101
97
210
232
219
448
178
225
173
161
22
180
174
166
215
291
180
113
215
186
160
167
360
82
90
392
228
313
156
182
39
220
277
277
266
264
242
252
272
201
145
267
154
212
206
182
246
244
237
181
230
195
260
249
291
242
229
237
168
118
134
191
216
178
178
179
274
138
133
15
235
199
212
151
261
205
180
232
215
172
99
243
208
268
285
211
14
69
219
339
246
179
233
213
192
234
227
193
260
215
230
177
281
108
142
204
182
196
205
228
229
47
295
161
253
120
183
159
56
189
199
203
247
244
217
221
227
195
172
196
209
207
117
206
123
78
127
242
187
143
86
134
231
180
148
202
211
183
216
208
189
115
162
155
249
170
180
151
164
232
53
205
166
153
227
186
215
226
30
258
181
158
157
153
199
180
142
187
123
198
129
218
189
177
216
264
138
201
200
190
305
126
141
185
176
211
91
209
18
174
371
299
187
245
190
144
118
194
238
255
131
334
143
192
212
155
229
131
130
208
228
215
167
171
127
200
172
72
48
122
101
107
173
129
210
253
146
263
32
182
153
217
192
135
180
216
193
166
165
212
133
253
190
70
169
105
37
56
16
151
167
171
93
206
144
213
136
112
106
93
204
92
38
183
230
98
151
52
225
156
145
115
194
265
108
86
148
116
112
224
43
171
130
60
113
152
51
178
134
107
154
174
157
125
222
102
132
91
126
2
203
88
120
104
119
120
221
217
105
114
66
137
216
122
131
80
189
170
231
114
193
94
202
125
129
21
148
186
206
120
216
21
154
140
137
141
158
191
196
144
140
131
124
70
79
36
182
135
98
90
178
157
156
145
142
163
102
139
176
185
59
121
97
128
133
131
137
211
162
197
137
98
133
63
144
121
123
118
106
78
122
91
109
104
30
144
78
70
136
122
78
114
127
114
106
59
61
104
96
102
94
88
45
64
35
86
147
184
