208
175
164
165
171
239
221
200
236
233
152
184
147
140
154
133
173
187
189
133
107
210
174
132
96
156
84
91
122
116
135
135
104
167
124
135
120
70
62
69
72
87
111
101
84
90
64
29
78
70
41
42
50
77
88
68
63
107
90
139
153
81
71
194
254
76
155
173
196
218
165
200
159
176
158
148
147
204
108
197
240
109
130
150
145
152
152
150
209
142
108
153
178
102
55
89
158
198
120
36
160
340
278
405
264
445
254
431
397
-1
557
398
462
521
480
451
446
470
294
290
424
486
439
473
375
535
473
350
262
275
307
466
413
452
444
426
422
413
395
373
346
298
384
369
349
403
183
257
346
447
415
381
395
424
392
473
344
269
443
372
544
411
414
401
409
353
363
310
451
442
374
345
355
353
397
354
356
361
419
340
400
393
342
309
363
412
345
255
270
203
243
220
240
246
300
238
236
288
286
337
145
347
332
359
364
293
341
402
358
384
299
336
382
375
364
340
269
191
203
207
235
260
225
139
408
310
254
343
344
323
398
207
348
284
352
205
338
340
277
208
294
399
351
158
346
342
308
339
340
339
255
285
262
294
222
388
283
283
368
361
357
340
331
247
215
202
188
219
210
168
174
187
149
227
226
188
219
219
204
177
317
172
281
212
231
264
198
214
277
349
216
110
209
336
230
102
237
234
259
168
262
233
330
216
353
121
242
256
330
335
381
99
354
268
129
64
194
314
278
251
194
336
155
220
279
224
291
280
140
136
345
247
118
166
325
158
135
206
197
149
179
303
354
330
295
230
308
188
45
28
8
150
152
161
203
226
241
346
297
235
376
253
315
269
318
214
202
232
318
248
229
239
166
129
254
332
307
302
266
231
154
179
157
194
47
131
117
181
142
319
329
266
270
269
211
186
189
322
202
232
260
303
204
276
302
334
327
321
250
226
214
229
204
142
197
184
169
260
345
294
179
193
171
344
164
312
160
187
248
246
160
183
296
268
198
192
188
208
249
189
330
329
107
296
58
207
205
287
262
236
324
285
338
198
199
177
200
263
174
193
190
114
304
97
315
116
251
237
156
245
261
191
233
109
291
290
278
195
254
211
325
217
217
198
209
159
109
136
235
199
215
71
288
267
244
118
74
133
201
108
76
80
93
65
100
72
62
15
82
43
118
79
54
66
81
130
128
140
122
129
230
276
238
227
219
277
236
228
107
233
212
235
184
166
234
158
246
167
113
125
119
122
91
113
145
112
117
246
249
162
208
179
235
190
51
84
259
97
143
209
156
169
194
230
154
32
287
183
248
260
232
229
119
112
118
106
244
197
173
191
142
134
180
124
114
97
174
135
159
151
222
71
22
13
45
137
23
127
154
123
187
305
167
177
137
216
129
135
184
201
157
149
178
212
165
197
253
198
242
173
13
108
87
81
219
125
104
109
180
158
208
186
150
134
153
166
48
186
177
155
166
146
121
132
157
118
176
136
128
143
203
228
145
123
246
130
188
207
158
120
230
167
208
216
170
181
231
183
160
123
197
182
121
104
104
236
273
111
146
171
274
139
131
122
140
167
167
169
188
155
173
169
182
125
224
199
144
163
176
151
184
144
156
119
226
121
157
219
88
123
110
105
171
137
193
141
219
93
209
177
227
142
121
211
149
163
214
189
134
128
131
132
141
50
157
101
177
175
211
250
145
177
177
178
188
148
194
213
85
201
106
86
249
229
297
113
119
214
223
181
118
209
256
236
260
167
174
290
154
187
80
117
117
175
109
165
158
167
196
105
92
88
120
135
175
168
214
182
200
187
164
162
153
172
146
151
110
111
193
233
140
131
199
218
215
190
279
179
137
151
195
99
228
165
144
214
179
59
215
174
123
130
159
96
122
75
148
174
181
87
152
159
46
139
183
179
181
173
185
169
170
164
105
154
135
243
175
117
127
197
178
166
234
83
140
213
179
125
140
193
279
190
208
114
228
126
136
144
157
199
135
142
172
97
113
166
141
184
179
150
228
82
128
176
165
171
246
248
167
123
126
111
82
143
173
157
185
181
144
149
149
89
134
136
56
169
143
140
138
146
125
141
126
134
169
130
47
40
168
223
166
105
107
119
143
168
165
285
109
98
132
159
11
157
136
133
163
163
142
132
142
154
188
131
240
72
68
319
139
210
107
121
37
109
186
173
156
172
240
216
169
133
96
179
152
149
94
118
184
163
156
120
135
135
192
180
181
147
150
150
104
120
107
69
139
124
123
122
211
100
81
6
147
149
145
118
181
128
121
140
200
104
75
192
136
180
225
147
19
83
205
191
150
129
157
145
143
176
139
153
189
212
126
123
189
65
91
146
124
136
113
178
176
14
234
176
185
78
99
140
62
138
141
81
164
127
165
154
137
144
121
149
161
148
99
146
165
59
91
167
120
101
82
152
149
164
177
113
244
109
127
136
253
98
137
113
150
101
100
140
114
132
60
142
160
120
161
176
154
152
27
182
97
86
114
141
134
132
103
119
114
118
85
159
115
39
134
188
71
133
134
135
268
119
93
110
130
109
71
119
25
115
241
194
123
137
107
96
73
147
144
166
102
209
140
117
134
105
144
86
97
170
176
130
149
93
88
114
99
69
45
89
87
114
95
143
103
161
111
138
30
189
125
130
187
153
118
139
148
112
106
93
125
205
169
94
201
108
44
32
15
168
113
151
63
106
81
181
39
71
63
71
65
91
13
113
139
49
107
75
145
108
104
78
113
138
87
70
100
90
104
123
59
134
109
62
65
133
39
171
107
79
155
112
117
92
196
14
79
67
34
5
128
45
82
88
120
103
150
102
75
69
54
99
142
82
130
142
196
105
225
68
140
87
152
107
111
19
91
141
142
101
218
26
153
141
152
151
155
142
133
84
80
134
107
59
72
28
163
106
124
56
129
121
129
99
113
162
67
131
118
144
40
101
100
90
99
78
95
143
160
122
123
93
82
45
102
83
78
81
66
78
71
65
78
69
29
148
61
59
111
76
46
83
95
69
46
33
61
60
69
67
47
73
38
43
29
166
126
183
