142
103
120
120
114
162
141
128
147
133
93
133
111
99
98
77
116
117
108
108
47
105
116
86
62
84
64
59
80
75
79
73
61
101
69
68
73
49
50
48
55
55
53
55
53
50
36
21
38
42
21
17
26
48
38
34
49
60
33
120
132
20
14
170
130
24
122
149
152
153
141
159
156
130
149
126
112
158
96
143
166
105
86
110
113
117
142
113
159
89
119
106
124
19
16
57
94
102
26
0
91
255
193
283
205
224
198
237
224
230
240
187
269
227
196
222
225
218
203
191
213
202
225
258
194
288
198
185
163
279
225
211
206
242
219
197
188
190
174
183
173
127
219
193
178
219
91
128
215
174
167
168
200
153
223
255
278
186
250
161
235
204
210
195
187
228
137
168
189
189
193
176
181
219
194
258
182
164
195
180
230
218
213
214
241
268
242
264
234
180
250
227
203
209
222
198
227
158
152
228
117
370
190
182
148
148
145
224
183
196
175
178
202
175
178
173
233
168
170
198
124
145
108
60
194
191
179
247
180
165
171
127
219
238
190
167
153
192
167
172
191
198
179
89
183
170
153
163
153
163
134
147
253
295
221
214
156
121
186
181
187
180
151
143
139
235
212
200
209
208
197
220
164
241
205
181
195
218
202
170
322
203
217
213
184
197
181
229
181
191
113
90
188
196
-1
67
159
136
155
133
183
142
179
174
161
27
193
155
168
180
181
75
184
276
74
37
131
143
171
192
103
154
128
162
243
179
223
224
92
144
182
287
141
216
201
136
108
171
164
108
117
168
156
146
225
208
158
182
30
24
14
102
107
135
188
138
207
199
156
107
213
117
195
183
178
87
166
173
180
163
194
219
220
161
211
150
130
159
204
191
115
101
86
105
26
94
99
145
134
161
174
156
157
154
198
132
102
132
99
195
204
127
113
186
168
164
265
154
220
187
187
205
165
60
101
123
105
173
176
175
171
116
87
162
99
181
138
162
187
192
146
102
198
177
171
203
183
108
95
79
169
175
65
131
31
154
111
147
189
171
157
114
149
193
189
105
99
220
100
114
172
77
156
53
195
87
184
185
135
209
177
137
93
91
190
146
196
151
165
143
163
140
186
85
148
124
73
92
189
80
112
42
156
204
148
66
62
118
144
53
35
46
56
40
54
54
48
4
43
26
74
56
42
32
36
69
70
70
62
95
141
172
178
180
177
202
182
187
68
166
158
194
139
140
129
198
145
93
64
85
88
82
53
65
95
71
77
166
171
127
134
105
146
115
54
75
184
44
84
154
125
132
158
161
132
13
233
138
198
209
185
169
89
90
87
89
168
103
117
128
109
85
164
78
76
82
102
88
151
137
126
37
7
3
37
95
12
92
85
75
81
161
87
150
88
160
78
73
112
176
140
97
150
158
121
129
163
174
129
93
11
98
66
16
166
82
72
84
155
86
124
73
96
93
113
140
31
134
120
87
121
99
101
75
124
93
111
85
81
92
114
170
77
92
194
67
81
179
136
109
163
126
114
125
78
96
136
93
86
76
85
100
58
65
74
178
133
92
125
168
155
76
70
74
79
131
72
121
150
122
139
136
106
78
142
165
64
85
96
100
134
114
97
66
178
70
89
132
57
78
78
80
126
127
130
108
117
34
171
131
161
113
91
172
102
123
111
105
86
115
213
69
108
27
116
79
112
124
98
115
61
157
132
130
142
122
144
183
55
154
33
77
162
79
153
119
76
184
175
138
62
163
159
157
168
110
140
135
105
159
56
122
85
137
59
75
97
106
156
60
65
56
61
80
162
150
152
162
150
143
113
104
86
137
132
89
98
64
185
165
94
84
128
175
146
113
186
149
110
106
151
71
154
106
112
166
132
22
159
153
84
88
87
61
63
15
110
127
120
46
111
55
36
97
155
112
81
141
137
111
94
101
64
128
91
179
152
77
93
126
141
167
167
42
118
146
114
91
118
138
139
159
172
68
162
87
84
74
91
188
82
78
74
62
58
91
53
117
93
110
158
44
81
116
103
142
167
147
124
60
68
90
37
146
130
117
126
146
107
97
95
51
86
105
34
122
91
104
109
77
55
103
91
79
133
87
15
26
86
132
123
108
102
107
131
114
127
132
75
69
116
120
4
114
115
92
124
85
79
70
115
116
142
86
177
45
43
144
97
154
64
95
19
86
82
165
98
132
155
137
138
75
66
139
81
70
73
92
139
120
109
89
68
71
143
139
142
97
109
104
79
267
84
74
121
64
64
63
114
55
55
8
118
76
64
79
143
106
61
68
123
54
33
136
116
137
144
130
22
39
115
105
104
80
129
105
85
126
117
101
133
150
102
110
132
39
44
87
97
121
57
96
144
6
112
111
163
62
70
134
35
114
97
58
108
109
125
99
103
80
76
110
113
73
80
114
120
46
44
119
67
63
56
125
114
120
150
97
154
75
80
93
148
79
97
79
108
109
56
116
66
95
44
103
112
87
159
181
80
98
14
166
60
28
73
96
101
91
63
80
82
94
56
109
93
6
66
147
30
94
87
85
129
75
63
87
106
85
34
92
2
49
125
110
107
113
50
83
40
112
90
106
83
116
89
86
103
61
97
58
55
139
113
77
58
77
58
57
45
34
29
62
60
116
101
93
60
86
59
91
19
124
100
87
172
93
60
66
127
67
52
47
96
134
129
60
98
86
2
22
0
76
76
128
62
80
40
97
9
45
32
46
56
80
3
61
104
22
55
49
108
91
51
32
78
91
30
41
57
48
79
94
46
71
91
36
47
84
23
124
87
58
92
104
83
49
174
3
41
33
30
3
92
43
50
62
92
98
61
67
57
47
37
82
82
37
92
123
100
70
119
37
102
74
98
51
91
19
61
95
104
68
116
26
119
106
114
122
89
95
93
56
56
98
93
50
34
26
147
58
61
36
82
66
89
56
80
94
32
89
59
130
27
48
88
55
47
44
61
77
104
92
68
75
51
38
66
73
42
52
30
63
53
29
33
43
14
119
41
41
105
54
36
67
51
43
23
26
34
49
46
41
15
45
24
24
16
101
107
180
