102
93
90
87
90
107
111
103
115
121
74
93
79
72
83
68
85
104
93
67
54
105
81
74
60
81
52
53
73
75
74
72
49
66
59
65
54
43
41
49
51
44
52
49
38
51
27
14
50
35
21
19
31
44
61
32
40
63
59
77
85
52
59
96
125
30
82
89
105
96
89
128
86
117
89
88
91
107
60
116
116
45
51
58
97
94
78
68
121
86
67
74
88
75
46
65
94
144
94
32
100
99
91
126
79
147
67
146
135
181
174
130
136
140
147
141
143
141
125
124
155
142
122
148
128
190
163
99
43
91
97
158
149
171
189
185
165
191
194
195
198
153
119
184
203
213
135
174
127
144
139
194
149
214
185
183
144
123
178
125
205
160
164
158
207
110
176
104
190
163
221
193
187
155
176
159
162
176
230
221
195
169
169
198
112
131
106
87
112
62
73
60
66
51
98
105
118
97
151
106
21
177
175
179
205
95
267
139
171
203
116
206
152
224
237
224
123
139
111
108
155
158
110
116
146
136
107
130
127
180
160
102
122
102
195
116
194
176
96
72
121
155
171
89
237
211
188
224
187
179
133
178
184
135
121
157
194
101
234
241
233
229
203
134
110
70
65
69
77
42
49
58
61
67
64
55
105
81
78
50
123
44
94
60
104
102
97
63
124
216
121
57
120
177
81
68
96
114
119
73
134
161
124
129
229
155
133
103
160
137
226
64
227
129
94
39
81
185
173
78
52
219
88
72
146
103
139
158
92
79
156
90
27
58
148
114
62
102
101
71
80
104
204
194
198
134
125
97
23
19
3
105
89
97
105
81
118
222
168
137
166
186
156
140
141
136
129
138
228
103
118
145
58
30
141
145
174
214
129
154
68
154
162
189
19
81
61
119
114
204
236
146
149
149
125
117
131
70
219
128
176
197
119
174
151
198
126
230
157
130
121
84
102
76
190
141
108
140
225
190
142
154
200
184
182
220
102
122
153
150
125
87
94
166
107
114
107
140
122
111
140
228
39
189
40
113
218
230
151
144
226
177
221
96
97
123
152
180
127
126
106
56
189
127
199
63
156
155
104
126
122
125
108
99
197
183
217
150
137
131
209
107
138
177
165
132
90
48
141
196
190
46
178
206
171
99
12
82
103
87
105
128
112
103
103
55
49
23
76
46
76
48
50
76
75
104
94
148
153
100
170
217
192
165
172
153
156
142
61
151
133
155
129
135
150
64
209
174
155
102
93
107
85
81
121
93
76
165
150
112
142
144
162
134
2
50
169
63
193
161
116
130
171
148
129
13
114
57
159
150
136
126
94
96
91
87
179
139
214
183
138
122
141
89
95
96
197
165
121
128
180
92
33
21
46
96
18
69
88
91
140
141
150
107
144
167
164
177
118
208
86
88
141
236
182
182
206
121
191
127
5
66
44
43
147
181
91
97
178
265
233
192
139
151
141
200
37
199
210
249
161
198
164
161
188
162
214
206
211
194
199
138
176
158
124
138
243
97
186
60
182
164
264
276
340
406
364
347
316
164
108
339
147
96
96
120
161
103
133
140
221
185
171
148
175
103
203
121
139
130
134
127
198
162
157
143
197
213
217
128
90
70
136
157
149
147
178
128
75
89
85
66
138
107
87
74
240
108
167
154
184
115
99
160
345
340
309
386
79
77
38
169
223
93
122
126
135
122
144
185
149
92
114
105
144
89
154
156
46
145
215
40
84
155
149
153
139
175
153
126
145
130
182
191
172
368
128
172
90
113
54
69
88
125
108
98
183
186
158
75
33
39
149
88
148
124
191
166
167
181
175
125
324
121
114
97
90
143
134
149
103
86
81
83
143
172
194
173
103
125
152
63
145
128
123
157
136
77
165
134
111
176
83
189
129
80
137
174
148
71
74
131
25
142
146
151
-1
182
197
308
333
337
158
78
166
128
170
97
105
99
155
73
168
114
104
101
149
170
113
153
203
129
158
76
180
108
332
318
280
143
187
201
162
209
217
96
239
284
251
137
166
71
139
159
277
151
177
157
170
149
249
176
136
84
137
118
130
141
184
201
202
149
246
117
50
106
113
104
141
168
142
187
117
152
133
48
17
78
309
130
146
75
71
80
85
118
126
214
90
180
74
101
18
113
110
92
146
134
141
93
124
146
142
190
177
48
81
190
191
159
150
156
40
175
123
169
142
136
125
164
163
185
78
172
243
226
223
126
167
135
134
100
185
200
160
144
158
143
140
145
86
72
112
138
175
90
95
87
203
80
75
4
135
214
217
92
143
105
140
179
125
212
96
153
146
166
211
129
18
39
88
180
139
108
135
111
198
129
93
104
159
170
134
127
195
121
210
212
121
101
216
269
141
32
166
99
136
63
195
99
49
123
121
164
142
133
121
161
167
109
95
142
156
120
69
128
73
53
81
163
165
93
45
69
129
130
101
149
149
161
201
108
80
52
101
138
147
85
135
80
138
178
41
119
240
95
134
94
281
143
18
131
144
170
86
74
128
83
87
93
168
113
128
131
89
75
189
146
180
108
105
111
152
122
75
155
163
165
103
119
10
161
205
157
103
112
151
86
74
133
117
170
107
192
126
109
125
85
150
67
62
144
108
136
73
70
106
138
126
74
45
75
75
69
98
83
161
163
136
167
20
112
238
109
115
68
132
171
132
138
137
183
128
170
109
51
129
118
19
30
9
80
98
135
50
113
108
129
123
93
79
82
141
68
13
155
120
91
84
49
121
108
89
96
103
162
135
97
74
67
85
107
41
96
98
58
55
97
42
112
85
69
68
95
105
78
137
74
129
61
83
0
110
34
70
67
65
70
162
118
62
67
55
68
157
63
81
59
104
87
130
112
102
52
113
91
77
18
106
104
111
68
109
21
91
91
100
97
81
107
103
87
75
101
86
58
59
30
121
96
59
59
95
91
92
78
75
94
65
102
129
111
39
75
76
63
63
64
79
85
124
99
74
84
63
36
70
67
66
69
64
39
56
51
63
66
23
84
51
45
77
71
40
70
73
64
41
38
54
51
55
55
60
55
31
42
17
46
102
114
