60
76
50
51
58
71
82
70
76
76
45
64
46
49
48
43
57
58
73
52
83
141
61
48
33
58
18
28
46
40
44
35
33
28
49
51
41
13
27
28
30
34
54
47
55
38
29
8
49
34
20
16
26
36
68
16
27
31
36
35
47
111
70
63
85
26
47
50
57
52
34
81
45
63
60
34
52
64
48
63
35
10
20
18
69
59
42
57
89
36
40
44
27
83
54
39
54
127
124
17
63
151
134
143
138
125
149
133
98
127
131
123
140
129
132
122
134
115
149
126
86
116
142
136
116
160
133
117
101
222
140
116
94
147
140
154
124
192
154
171
194
191
143
153
168
153
141
138
120
119
119
98
92
137
160
187
115
165
134
94
173
124
148
87
134
138
128
97
138
123
156
116
149
118
175
107
155
152
153
181
155
157
144
195
165
135
167
126
131
156
201
216
136
149
118
75
55
70
104
170
80
186
182
134
157
104
111
142
147
139
90
154
143
144
140
143
91
150
116
84
66
134
95
156
116
145
69
100
85
167
90
102
93
110
139
101
146
141
96
144
132
97
123
67
152
103
122
104
151
156
61
133
145
172
45
139
117
66
150
147
151
144
152
75
60
199
180
211
203
213
221
222
205
189
187
187
198
165
160
246
143
162
164
146
156
146
64
168
77
124
89
44
259
166
92
37
109
66
97
85
72
130
121
160
148
120
87
105
105
65
124
42
130
81
42
24
33
128
137
129
93
132
39
155
159
73
65
110
48
46
118
73
2
135
55
83
45
68
70
125
153
98
135
157
110
42
37
57
12
11
7
84
46
36
69
131
85
158
120
86
102
182
86
67
139
72
87
95
147
96
67
90
96
164
161
101
146
140
49
112
73
117
118
114
27
82
44
86
86
149
119
167
165
167
163
72
87
73
117
81
139
114
75
122
89
123
57
104
116
129
117
69
54
60
126
80
83
37
149
114
96
90
96
133
100
132
83
102
131
130
107
109
97
120
67
63
75
87
50
85
80
133
0
108
43
67
105
152
89
103
131
137
139
74
77
134
121
134
125
66
53
86
138
92
137
205
121
122
32
62
66
90
74
70
135
125
138
91
46
87
124
66
76
127
100
90
48
0
84
126
134
33
122
113
115
65
105
55
65
44
66
75
70
75
72
28
31
15
37
35
41
29
22
57
45
57
62
88
84
63
125
76
35
92
97
86
77
59
42
83
69
70
57
66
105
95
126
91
85
56
59
60
36
46
69
50
40
77
62
50
86
57
69
62
47
35
74
48
86
86
28
81
91
88
71
11
112
80
85
68
65
31
59
58
55
57
107
16
97
98
56
59
86
48
59
50
112
95
81
51
126
45
37
18
18
71
20
-1
71
50
85
104
90
35
69
70
101
91
75
87
86
66
58
95
83
102
129
65
140
95
4
59
41
39
69
79
51
58
66
110
42
73
46
35
88
67
23
54
64
116
36
70
66
88
103
72
44
95
81
98
61
70
110
77
44
75
89
37
52
21
72
57
65
75
103
125
99
108
119
67
75
114
84
52
52
138
120
34
33
69
91
90
79
77
97
45
87
74
86
73
74
72
57
92
55
72
99
25
25
57
51
95
77
92
87
88
83
55
77
58
52
40
71
68
47
97
117
75
89
100
118
62
51
93
106
109
65
98
53
64
118
73
102
75
70
59
73
57
103
113
79
74
65
59
77
70
76
65
41
72
74
41
112
141
66
46
31
53
73
86
80
54
73
71
62
98
60
130
65
87
33
16
53
46
63
138
86
88
66
63
100
53
78
37
84
46
87
65
87
74
33
63
97
63
61
45
32
71
67
22
112
58
74
78
97
61
124
64
59
67
80
62
125
69
65
81
66
65
56
48
61
54
49
18
70
145
50
75
86
34
93
96
22
50
76
67
69
61
56
102
107
105
57
32
59
75
85
60
63
104
66
47
75
56
62
127
49
81
51
95
107
52
69
44
81
64
89
85
81
80
102
85
121
73
74
51
108
99
81
63
61
32
84
92
78
76
99
124
47
77
94
68
49
39
66
66
47
78
95
92
93
70
85
58
24
107
69
44
43
96
79
77
43
64
69
55
25
65
81
66
76
55
43
47
41
64
58
94
48
82
9
50
18
53
43
43
63
86
53
64
58
58
36
63
92
13
43
99
80
62
92
48
22
50
67
99
61
79
61
44
83
94
45
67
82
74
69
20
60
63
67
50
74
60
75
56
87
70
60
63
59
38
26
51
41
49
50
46
85
53
41
5
59
70
87
66
56
52
70
74
28
53
51
48
94
77
74
93
6
35
56
98
60
49
57
50
29
40
55
46
61
51
72
49
89
60
68
58
78
75
98
89
63
30
95
73
57
21
48
65
40
39
90
56
70
65
58
47
46
50
53
44
28
83
45
69
49
14
67
70
63
31
20
62
52
55
44
50
69
58
72
64
72
29
77
64
77
46
78
44
54
73
27
54
54
34
74
71
75
51
5
49
41
51
51
53
46
45
44
51
37
55
53
43
44
79
67
69
62
56
59
55
79
52
41
40
31
46
52
65
9
73
109
102
34
65
68
52
35
39
66
86
34
123
72
48
55
53
60
45
38
32
67
55
51
40
61
99
72
30
9
36
38
58
50
39
74
118
59
46
18
53
49
60
40
12
68
98
69
81
68
77
42
80
31
54
88
32
31
14
8
38
37
36
11
63
61
50
41
22
53
35
54
27
51
67
55
68
49
22
59
28
42
60
53
53
50
39
46
48
22
48
24
30
51
28
20
23
27
45
47
45
63
28
49
44
62
35
59
45
37
0
41
14
34
28
30
26
57
45
37
61
15
24
93
39
13
82
48
34
59
34
38
30
32
18
22
15
50
42
55
44
54
5
47
41
36
47
47
50
49
20
29
45
44
28
14
11
50
56
26
35
30
34
28
40
42
56
22
32
75
51
33
50
36
36
32
35
38
45
33
56
29
23
29
11
12
45
37
33
31
17
16
19
32
18
9
49
10
6
45
27
15
25
34
24
37
30
19
33
18
22
26
19
6
17
6
15
20
18
