109
89
82
83
93
116
113
102
124
131
64
94
69
73
62
63
73
107
93
81
83
131
90
79
47
66
46
57
65
61
62
72
58
89
68
75
64
47
31
46
43
35
58
60
58
55
32
24
51
51
21
20
30
47
64
35
40
66
47
76
123
58
40
142
147
29
92
182
192
207
147
223
177
204
187
167
175
190
120
237
155
85
117
107
195
195
123
126
204
196
105
87
211
47
34
74
98
118
77
9
79
89
69
104
61
182
55
142
151
151
165
103
126
169
147
153
140
171
100
92
181
186
146
201
133
199
191
94
57
78
87
192
202
206
206
201
218
179
256
246
241
134
161
255
254
270
165
195
132
122
116
121
108
168
195
192
134
122
183
128
173
196
198
120
197
127
155
130
199
193
254
236
227
155
227
210
207
218
229
248
186
197
231
202
141
127
142
67
79
55
91
67
45
43
89
90
112
75
155
97
14
220
201
201
223
123
185
175
189
215
116
255
163
257
253
240
143
202
184
190
130
145
130
97
168
151
119
163
204
171
162
89
128
103
223
213
179
187
79
86
148
195
228
59
271
230
237
180
229
216
124
236
188
193
190
165
137
102
246
254
239
242
250
121
79
62
64
70
68
44
51
47
51
65
93
47
117
74
66
52
151
48
101
55
134
96
97
63
166
230
138
128
118
145
106
63
127
180
130
116
188
157
132
203
262
83
162
94
234
183
237
135
236
187
274
145
130
223
213
67
42
228
100
72
148
138
263
229
86
135
170
153
60
58
150
216
160
176
159
65
71
101
226
195
248
214
156
150
50
67
18
203
262
269
203
93
139
263
215
156
197
140
210
191
124
101
273
276
262
93
204
231
50
36
159
136
205
219
229
173
54
131
126
131
5
174
129
273
200
245
243
158
158
157
154
226
132
101
156
171
201
200
129
274
152
192
145
207
170
162
145
123
214
75
161
299
255
219
242
236
186
142
147
196
153
213
129
137
234
235
193
89
91
189
232
140
163
170
99
74
168
215
98
231
43
131
145
238
218
242
231
166
221
161
150
143
170
243
130
124
130
39
217
92
229
49
258
212
205
175
185
248
114
261
184
201
240
362
201
318
227
228
231
154
456
507
234
101
251
147
167
47
186
327
201
329
12
152
240
75
72
94
99
84
88
47
41
5
58
27
69
49
46
63
72
99
316
119
116
303
162
189
201
342
352
239
309
271
116
217
279
295
262
325
186
59
176
126
112
362
355
353
257
208
383
243
297
247
226
259
275
128
227
377
3
73
292
66
116
261
334
392
398
381
525
8
96
48
301
248
248
227
346
361
358
353
160
154
162
180
99
380
434
321
291
312
160
127
396
340
143
64
18
12
35
272
51
67
79
306
100
192
108
264
107
280
116
130
314
157
155
94
333
197
179
142
185
119
197
148
44
56
44
33
332
122
267
317
127
148
126
120
85
87
104
203
22
215
205
185
133
157
133
81
114
112
126
181
175
116
104
218
136
113
213
103
166
167
161
154
312
220
115
135
149
157
180
169
167
126
124
167
117
266
324
133
215
150
119
263
236
133
129
104
144
154
143
315
323
345
388
369
150
129
208
234
118
95
93
86
131
61
504
127
275
101
137
154
160
321
334
67
376
316
100
65
173
96
273
256
285
359
370
277
134
160
149
159
194
174
35
139
171
58
249
97
157
138
165
192
122
125
186
182
375
154
285
286
64
216
127
60
79
104
146
129
77
247
239
236
131
227
264
262
249
142
288
201
70
168
46
214
195
249
75
87
132
129
310
71
38
34
125
96
351
341
248
256
268
211
152
382
124
401
413
234
225
95
286
212
112
121
81
83
249
148
223
157
399
-1
300
137
231
373
407
292
379
32
257
220
186
131
73
75
76
65
176
252
288
244
127
97
21
196
332
411
125
189
197
144
146
151
110
114
113
196
229
255
311
92
220
94
247
87
133
107
172
177
275
156
215
239
282
276
289
448
132
117
143
342
142
147
140
111
120
102
143
176
171
352
209
237
110
281
171
206
242
169
198
108
122
175
83
152
259
433
212
256
158
166
165
126
124
301
41
128
235
214
135
121
106
179
97
111
230
62
4
48
138
156
370
138
143
147
241
259
297
218
271
141
167
246
13
296
255
273
172
136
115
89
330
127
121
120
276
150
66
173
151
264
98
144
32
142
141
231
242
280
123
196
236
115
231
281
92
118
99
128
202
321
331
231
142
135
258
205
279
205
213
204
257
78
91
109
130
327
290
340
184
245
241
49
279
110
120
281
300
201
122
137
136
79
57
214
203
237
270
181
12
46
96
188
236
337
212
256
141
182
176
160
291
143
242
146
274
87
81
134
169
136
96
144
226
19
181
96
289
252
85
169
42
142
162
101
247
204
164
196
168
133
315
138
171
90
91
189
85
164
81
236
105
267
104
85
305
109
182
125
140
118
126
175
87
180
118
98
241
171
111
111
110
155
36
283
131
123
251
121
127
188
48
192
119
93
254
107
241
85
244
356
84
278
81
174
251
45
117
220
76
323
314
357
186
70
270
107
153
147
63
207
2
91
206
106
241
274
113
284
231
151
195
120
111
187
117
284
232
330
130
238
193
204
126
91
84
158
94
121
102
42
147
173
180
97
142
79
108
118
104
149
35
124
102
187
181
73
111
135
249
114
105
83
85
214
155
43
114
67
18
126
5
80
213
110
172
125
84
115
74
57
52
63
103
63
10
119
284
48
275
29
302
89
246
70
191
150
72
61
96
170
103
239
42
98
95
85
129
112
32
125
208
161
79
159
95
256
191
48
86
64
67
4
154
143
196
109
67
133
117
125
171
62
46
193
113
194
160
43
123
188
142
68
176
107
172
89
163
35
97
144
159
151
111
40
158
153
157
163
107
124
138
101
107
166
141
51
54
25
196
93
76
73
153
95
189
202
177
107
75
107
105
140
45
95
92
234
240
255
189
102
171
129
109
82
250
40
103
109
165
201
191
69
116
152
180
100
68
122
89
76
138
138
74
104
117
163
65
82
95
136
118
108
57
132
55
103
46
67
162
119
