97
102
73
78
84
96
98
99
104
98
70
94
60
70
58
55
60
95
77
67
52
86
60
88
69
100
56
70
88
83
50
67
51
56
103
109
97
57
70
79
60
57
116
120
120
116
74
50
104
122
48
48
70
94
105
67
68
80
82
64
69
53
62
84
115
44
64
77
85
80
64
83
58
70
56
60
63
76
60
72
66
37
41
35
74
76
67
76
94
60
53
68
64
81
57
78
82
143
99
13
80
63
54
92
47
134
53
108
92
97
104
77
90
123
107
102
101
116
88
89
107
123
108
130
96
134
114
75
51
68
74
120
106
132
125
131
135
120
118
122
113
82
109
134
110
118
57
91
100
100
92
74
72
93
95
101
80
81
115
95
101
139
117
83
117
88
109
71
130
117
115
101
116
92
122
113
112
130
119
117
105
116
120
123
110
95
101
50
66
40
76
56
52
37
72
60
59
50
91
96
19
95
111
125
123
71
95
115
106
110
85
114
100
128
117
124
90
89
82
109
108
147
129
87
107
93
91
99
110
110
102
105
90
79
122
95
103
94
55
89
87
117
126
65
123
95
108
92
123
124
91
107
91
100
81
98
97
56
119
128
123
113
124
74
79
61
60
64
67
52
49
61
59
60
75
49
75
52
64
73
85
61
72
58
80
70
67
51
87
103
93
67
75
75
44
85
105
106
134
75
93
95
85
104
114
89
84
55
114
102
109
52
121
87
56
36
47
93
99
68
43
122
61
51
77
95
108
101
109
64
102
70
19
44
92
75
61
83
94
71
93
78
108
104
88
75
82
74
21
12
7
67
82
74
97
91
110
122
101
107
119
118
115
99
109
73
86
100
124
75
86
86
40
46
85
93
113
136
102
87
50
138
119
139
18
77
53
96
72
126
104
94
95
95
89
83
126
67
134
71
90
82
85
105
93
111
70
85
81
82
85
68
85
52
134
82
80
96
117
97
79
116
109
111
143
105
49
54
98
96
77
90
53
86
98
75
71
66
70
56
82
109
29
100
82
87
97
122
93
97
110
103
116
101
99
130
128
101
89
95
82
63
124
105
114
45
97
91
80
89
85
121
91
84
102
101
105
99
88
98
107
83
76
142
103
100
75
32
79
99
125
77
110
109
105
76
7
62
91
65
78
92
102
84
107
91
81
28
89
36
124
79
87
92
99
111
73
108
107
71
88
101
88
104
95
98
99
91
51
83
100
100
88
80
94
49
80
127
109
67
70
68
52
47
71
57
78
86
87
86
95
116
76
98
2
39
94
-1
82
88
88
100
100
107
80
23
75
35
99
108
101
82
63
68
71
72
80
62
71
95
74
81
97
62
62
58
124
100
89
85
102
67
18
6
61
80
15
48
109
75
60
110
128
68
109
103
104
122
81
82
93
111
89
77
63
61
98
69
107
132
11
59
43
49
112
118
59
64
95
90
68
96
54
56
55
67
45
80
77
77
70
67
53
52
74
53
68
61
68
62
75
71
106
103
96
99
94
57
64
43
107
71
94
110
107
114
116
98
109
78
107
103
77
49
64
68
111
62
56
87
96
115
102
90
120
59
111
81
89
87
92
93
107
112
98
74
72
52
57
54
73
47
92
108
113
83
135
90
56
62
69
67
89
68
73
85
123
53
98
85
108
77
73
99
87
96
100
88
59
100
31
121
70
67
69
73
80
80
94
98
100
84
74
64
100
75
89
92
129
76
68
42
66
75
89
46
56
99
84
82
120
86
104
102
95
81
92
105
90
95
47
39
55
78
54
54
112
110
105
35
37
40
101
86
94
91
93
89
98
88
61
77
83
88
79
75
62
77
86
78
62
55
48
58
94
71
88
71
68
66
93
63
88
86
74
87
97
57
103
73
67
51
82
49
73
55
71
91
94
37
82
56
36
62
95
77
63
77
68
79
89
97
42
51
61
87
86
67
72
81
88
61
78
63
48
83
81
61
69
65
103
80
98
61
110
87
83
77
93
96
97
106
95
51
65
74
77
105
106
93
98
48
96
89
109
75
102
83
75
103
80
59
41
72
90
87
74
88
114
103
104
52
94
88
72
71
61
81
51
94
83
72
82
68
90
39
19
41
87
82
91
55
60
58
57
76
84
103
67
50
46
78
4
81
78
77
55
86
86
128
69
64
65
65
96
35
71
95
61
92
84
57
52
50
59
84
68
78
84
67
91
103
61
88
79
85
66
52
87
85
88
59
56
93
73
76
87
72
71
81
53
41
39
37
61
72
72
71
86
47
48
6
81
86
85
62
80
68
93
104
61
68
58
88
77
84
93
74
24
82
65
94
77
69
77
81
65
70
58
64
76
79
77
58
96
76
52
112
65
58
64
87
67
8
90
79
81
37
67
75
105
67
76
48
82
68
75
67
61
53
68
71
74
54
46
69
70
26
93
74
77
50
33
65
72
77
74
50
62
49
79
68
55
49
56
80
82
59
98
50
109
107
90
77
85
64
82
57
74
76
15
78
45
61
57
54
69
48
49
78
51
71
65
77
69
23
90
83
48
71
66
69
110
69
52
55
67
40
72
67
17
85
95
67
73
76
84
67
45
63
77
66
53
92
103
65
77
65
53
48
52
68
57
52
44
56
75
91
88
50
26
43
41
59
48
52
63
77
92
68
15
60
70
68
77
38
90
115
83
83
59
53
59
80
67
57
87
45
18
23
4
57
61
60
29
53
70
83
30
51
43
76
45
60
12
80
69
36
57
28
79
44
63
54
66
60
51
53
60
61
42
62
49
78
48
27
45
54
57
61
55
48
46
56
49
54
71
15
48
38
30
0
61
16
52
42
36
49
75
62
41
32
39
48
60
39
57
36
67
52
74
43
64
41
67
49
56
20
48
77
66
54
75
8
65
55
63
70
67
56
65
47
46
65
50
33
49
34
66
71
47
36
64
85
59
49
62
69
39
58
86
67
47
92
60
47
57
52
57
57
56
59
54
48
48
26
41
45
49
46
54
22
45
30
53
34
19
75
26
23
40
33
29
49
44
44
30
27
32
32
35
39
26
43
23
29
15
22
43
50
