174
124
143
134
151
198
168
163
183
191
100
152
112
122
118
93
128
180
151
136
109
185
135
111
72
95
65
77
100
97
111
123
85
133
92
102
87
77
54
64
64
55
80
85
65
64
46
26
54
65
28
28
37
58
55
60
64
89
58
119
196
78
50
240
238
37
161
225
232
263
207
274
200
214
218
194
192
266
128
284
265
136
161
196
203
207
187
198
245
242
164
139
280
53
45
75
157
147
93
4
120
158
114
220
99
303
96
237
289
259
279
173
199
277
224
269
241
264
160
146
349
299
263
347
231
350
312
150
110
139
164
333
355
349
350
343
358
266
372
370
379
182
296
388
396
425
275
347
199
199
187
234
199
258
281
291
228
173
292
216
264
327
325
229
335
220
268
231
349
309
401
342
380
265
353
355
316
340
372
386
330
354
365
291
237
233
272
160
139
104
124
86
100
98
171
159
197
139
236
170
35
365
342
315
393
231
295
297
334
350
184
409
249
400
407
391
253
320
270
292
220
219
191
134
255
229
194
280
341
261
289
144
236
169
396
265
301
307
150
161
219
337
367
100
426
352
348
315
355
338
237
333
301
319
271
278
226
149
428
418
414
422
365
236
146
94
89
110
100
56
80
77
69
105
119
68
174
108
96
100
279
92
157
108
216
158
167
118
275
382
191
127
167
242
184
81
205
286
202
177
309
226
242
313
381
107
271
139
319
306
393
137
377
333
267
138
225
322
328
160
87
374
194
120
227
248
507
441
133
208
270
284
119
90
296
247
170
266
248
93
109
170
370
329
392
319
295
260
59
72
17
196
271
340
260
155
220
407
331
259
333
222
344
327
166
163
315
348
409
167
360
315
101
54
286
227
317
351
403
293
96
196
185
186
16
182
163
329
209
382
393
224
225
224
248
281
184
192
241
295
344
286
239
481
295
315
233
321
297
266
258
225
344
110
235
335
285
372
419
368
303
227
226
315
227
376
194
226
358
357
257
138
170
315
344
246
250
233
190
132
284
375
159
324
49
205
234
385
382
354
345
254
352
266
272
206
237
370
216
161
239
74
344
109
373
99
398
390
337
366
354
321
161
301
287
319
405
388
368
415
367
316
353
231
471
375
257
187
372
222
229
59
340
470
309
268
21
185
373
107
79
111
113
93
118
58
62
6
72
39
102
65
67
74
84
138
271
169
169
315
229
363
381
491
476
441
494
406
156
428
453
510
402
372
288
118
284
185
151
292
276
292
201
191
283
261
235
461
429
320
478
198
383
385
14
97
-1
94
181
414
352
381
459
464
350
28
178
86
517
439
410
427
274
271
270
235
275
281
292
237
146
300
423
256
249
247
232
189
339
307
223
83
22
17
38
313
30
74
113
251
155
291
181
365
166
443
166
195
313
258
238
144
383
333
298
242
307
225
309
192
28
95
60
57
470
190
225
250
193
245
283
233
170
166
146
295
35
332
339
290
235
274
217
129
188
177
219
254
261
167
163
385
185
175
394
146
274
303
282
211
500
325
199
202
228
248
281
262
266
170
201
239
177
226
241
241
344
232
232
393
360
183
187
160
200
255
218
375
389
369
391
366
240
182
299
306
193
203
196
127
239
140
352
172
431
169
200
244
158
278
328
99
376
291
170
114
270
188
423
394
433
309
262
372
195
225
211
232
195
185
73
185
287
83
359
155
258
229
265
303
159
216
294
279
420
231
417
445
78
387
202
93
143
164
245
196
153
344
296
360
168
408
392
400
341
202
381
315
114
254
70
271
198
389
128
135
217
224
437
120
60
48
171
157
404
401
359
359
365
315
233
291
177
368
340
243
250
115
442
386
194
262
138
148
352
289
332
287
291
292
382
179
354
329
295
458
360
55
352
396
317
205
158
158
113
82
236
340
362
180
168
150
35
240
485
356
169
367
355
225
211
200
197
214
226
297
346
247
284
145
321
155
414
112
195
155
242
262
261
231
313
389
438
247
457
292
176
165
237
490
207
218
213
184
188
183
219
260
256
318
318
199
162
374
246
295
344
275
293
162
193
242
138
211
376
327
384
400
217
228
225
186
188
286
56
188
236
298
240
178
148
250
149
159
372
116
18
50
188
269
393
147
149
162
347
318
367
336
228
212
315
298
13
341
324
298
225
235
162
128
303
216
201
168
441
149
89
282
220
462
134
219
28
223
204
316
335
366
210
295
345
169
237
332
135
177
134
177
302
366
352
243
216
224
363
282
371
259
264
273
214
119
153
177
227
282
261
254
265
252
224
22
330
183
167
259
430
291
171
204
226
151
74
298
245
319
383
243
14
72
203
294
301
255
379
296
220
240
271
283
407
224
284
211
384
98
89
207
266
215
134
201
329
18
275
179
383
195
145
218
57
210
199
178
289
263
298
247
242
227
266
230
287
141
156
289
153
122
114
316
164
211
152
134
321
156
245
202
226
178
192
249
172
164
203
147
337
226
152
193
159
232
59
290
183
166
326
185
183
261
50
295
175
139
232
148
358
112
230
268
121
278
133
258
284
81
174
390
108
284
275
282
281
111
223
172
264
190
79
266
10
126
310
197
304
349
159
208
212
216
278
203
161
293
150
311
322
245
215
229
212
276
187
154
139
198
113
149
151
61
93
170
168
137
187
156
164
166
147
246
33
167
133
244
244
136
173
172
266
137
146
125
130
328
233
66
155
122
11
83
5
124
250
171
158
204
116
186
93
90
95
84
157
102
12
177
301
56
228
60
335
167
214
84
233
249
108
93
100
169
143
299
72
153
137
89
146
172
37
185
191
183
120
212
133
190
285
86
91
82
120
7
222
160
152
156
124
164
176
194
151
86
67
215
167
171
219
65
157
241
192
96
236
117
239
143
205
30
142
214
207
163
173
41
219
198
210
212
149
177
203
158
158
203
186
71
87
35
257
102
100
72
212
142
246
200
175
156
104
159
137
174
57
112
145
189
189
198
201
135
240
191
155
147
172
51
169
149
161
184
153
88
178
137
140
139
55
192
111
114
170
169
99
140
158
157
102
72
92
109
139
123
79
123
65
83
50
125
196
211
