103
77
70
69
82
103
99
87
103
99
57
83
58
63
48
43
53
91
80
73
73
108
67
58
38
54
28
50
53
45
51
55
42
80
43
50
42
31
27
28
27
25
40
47
43
38
25
13
40
39
11
12
20
41
45
24
27
43
35
60
106
47
36
123
122
18
83
146
186
188
128
210
169
172
173
157
152
156
123
191
114
84
100
80
202
172
96
111
181
183
80
72
174
45
28
62
76
97
64
4
68
80
61
111
44
170
48
115
132
121
145
91
114
147
126
135
130
155
85
80
194
166
137
174
121
170
178
81
57
74
84
180
185
203
204
211
209
159
238
220
217
105
148
242
249
236
147
186
115
97
89
99
83
132
149
149
110
112
150
121
126
188
181
88
165
113
140
126
191
181
208
202
233
140
177
205
162
211
206
239
151
194
201
163
106
100
143
61
63
48
67
48
45
50
88
78
95
82
120
78
10
176
154
176
194
120
143
164
161
179
90
239
150
250
232
228
108
171
165
168
107
126
121
76
132
120
106
138
190
152
149
84
98
79
223
199
157
130
65
91
111
201
226
48
241
214
222
142
213
204
124
227
164
155
169
111
103
73
201
207
208
202
229
119
73
56
58
52
56
24
31
41
37
49
59
37
96
57
57
42
131
42
81
46
117
76
80
37
145
185
120
119
104
104
76
41
121
160
108
87
180
128
100
156
225
72
146
78
211
144
183
133
204
174
225
155
109
187
182
70
46
229
68
73
109
115
250
219
74
112
146
135
45
44
146
173
155
157
142
61
58
80
185
161
178
166
142
121
38
59
9
195
299
264
204
85
117
245
186
154
173
120
179
171
115
97
257
241
241
84
177
162
49
36
148
123
192
216
207
156
55
133
113
123
8
156
124
252
179
249
189
140
135
139
123
180
123
91
131
145
161
148
111
206
153
172
93
155
130
131
123
106
180
55
142
273
258
202
217
195
138
131
147
194
147
167
114
125
183
184
145
93
69
158
225
131
126
149
80
56
134
197
85
213
39
133
133
234
179
210
218
158
223
143
136
137
161
194
133
79
112
37
224
81
198
48
200
187
165
171
142
202
120
251
173
184
207
362
201
258
187
190
198
157
425
542
243
83
197
138
141
30
185
281
163
327
10
127
231
58
58
80
73
69
70
32
29
5
44
13
55
33
40
54
59
86
338
96
103
261
147
168
180
362
371
200
287
210
88
171
263
244
263
248
148
40
140
121
94
413
386
384
297
195
329
280
332
189
175
273
232
112
170
286
5
61
266
68
102
255
342
383
294
358
469
5
76
47
226
235
229
197
407
409
405
329
126
155
153
138
84
377
368
344
325
324
152
120
401
307
114
56
10
8
19
250
53
53
76
379
81
174
98
216
79
279
99
127
267
122
138
80
318
148
157
118
150
88
178
127
38
43
29
33
293
109
284
282
93
145
122
118
70
65
79
155
19
202
222
149
147
156
106
76
100
107
109
181
187
86
87
172
115
120
167
75
148
136
146
94
264
221
109
131
133
147
157
182
175
117
132
152
93
291
363
116
216
165
120
259
209
111
119
95
134
107
135
341
277
351
374
385
155
105
201
165
108
76
83
58
88
51
496
101
241
112
139
145
152
269
308
58
392
290
95
58
153
99
294
258
268
447
548
267
122
148
125
157
137
159
25
126
153
58
236
86
127
115
142
163
106
111
183
168
391
132
282
257
57
165
131
50
76
89
130
101
79
216
179
200
113
213
266
260
186
133
228
195
53
157
37
211
148
183
87
81
135
126
311
50
30
26
105
91
352
329
236
267
259
242
152
347
122
261
294
176
198
78
238
174
90
119
67
70
219
148
176
170
303
315
262
134
173
343
455
263
389
36
253
189
172
131
82
83
63
54
208
272
307
230
119
83
17
189
291
261
95
195
185
111
166
133
141
92
110
176
202
250
311
84
259
76
174
60
113
79
159
169
171
120
227
181
268
239
270
460
113
109
142
270
145
145
119
128
137
110
142
149
143
378
232
195
96
267
163
223
201
139
209
107
131
173
98
152
248
299
157
245
154
176
177
130
132
391
31
115
195
167
101
99
95
168
81
97
219
52
9
40
138
146
296
106
104
113
221
242
301
217
359
148
154
187
8
269
230
250
147
147
86
74
351
92
81
90
275
146
54
149
147
257
70
172
31
156
127
205
280
308
102
156
227
120
209
267
84
134
93
106
189
371
393
294
155
126
231
166
266
227
267
254
255
66
68
109
130
352
361
383
149
209
213
50
368
98
127
260
249
173
136
127
119
89
49
206
196
267
239
175
6
43
105
205
286
385
197
318
118
186
142
150
239
113
267
162
294
62
77
156
132
109
93
119
146
11
147
92
247
223
86
155
40
181
149
94
262
239
139
178
189
170
-1
154
160
65
92
159
76
137
82
207
90
247
86
88
315
100
124
123
96
90
134
166
76
153
98
82
278
174
97
79
121
156
30
293
133
151
244
91
108
208
39
165
133
108
245
115
247
65
219
392
61
392
81
209
294
37
132
199
81
430
376
425
182
76
334
127
139
140
58
273
5
94
201
86
291
320
111
244
217
126
252
107
127
191
87
276
245
416
106
208
157
158
88
80
87
163
86
107
120
36
106
145
131
86
149
57
131
104
82
144
35
104
108
205
123
58
140
128
216
99
105
74
89
197
149
36
94
50
14
130
6
72
262
115
194
110
95
115
87
70
52
63
100
55
4
111
315
56
238
24
291
93
254
63
228
154
67
54
121
162
100
294
33
100
81
64
150
112
32
100
214
141
79
161
74
240
173
50
84
52
72
0
189
139
196
96
56
130
120
150
159
57
50
214
97
282
139
40
113
154
113
81
185
118
188
85
159
28
108
153
154
172
107
33
155
147
143
146
93
133
149
124
115
147
119
46
45
26
167
93
59
74
155
101
182
215
186
88
61
104
119
140
47
100
82
264
269
259
220
103
155
117
111
94
261
51
129
101
221
236
211
87
122
161
202
96
53
120
71
74
121
128
71
108
123
173
80
96
80
211
98
119
56
111
83
96
70
62
115
105
