105
82
81
78
89
123
109
101
108
114
64
91
75
77
63
56
67
92
88
90
81
135
75
73
52
61
44
56
67
65
62
70
48
77
64
74
61
49
37
47
40
36
55
60
50
49
33
21
44
43
21
23
30
50
59
36
41
57
40
72
125
52
40
125
123
20
90
179
213
210
145
252
190
227
206
180
195
183
130
218
126
74
117
88
228
209
109
114
194
223
99
88
184
57
35
63
82
108
72
12
88
90
70
107
58
157
53
125
117
118
135
87
113
144
115
121
126
143
100
91
151
155
117
164
118
177
174
90
43
85
74
170
148
189
194
190
173
170
200
195
183
125
134
187
188
204
126
149
114
104
104
115
95
139
156
154
112
107
146
101
153
183
166
104
169
112
133
95
188
160
181
168
200
135
187
164
155
187
190
189
175
180
186
172
105
106
127
64
84
52
67
48
49
57
89
98
97
70
121
79
20
187
176
180
179
98
143
149
164
188
98
198
141
218
204
216
125
186
179
174
113
126
121
90
125
123
110
139
148
154
127
99
107
95
200
245
162
153
69
76
112
162
179
48
214
181
188
147
186
171
101
181
181
182
146
113
133
70
194
203
204
193
207
93
86
57
55
67
65
36
39
47
40
62
60
44
99
65
64
53
132
47
77
58
112
92
101
51
124
186
128
126
103
128
79
53
110
154
96
71
132
135
103
192
197
79
124
74
170
127
190
162
182
141
215
102
103
157
175
67
48
183
80
82
138
120
250
220
87
129
141
115
38
51
128
213
189
158
141
74
72
77
178
150
196
149
131
125
51
57
25
280
247
246
181
73
130
212
166
126
161
140
156
144
125
101
295
279
210
76
182
181
58
31
133
119
149
184
193
175
55
130
118
125
8
220
183
307
223
204
183
139
135
138
155
192
117
80
124
175
204
144
97
223
144
151
117
140
163
158
155
112
218
60
133
382
332
160
188
173
170
128
125
164
126
168
118
128
206
207
169
94
69
169
226
152
145
126
78
62
111
176
50
179
41
140
131
186
186
242
172
133
175
138
141
133
158
195
118
93
115
42
174
78
206
59
216
187
205
171
160
221
95
322
157
160
198
322
162
279
177
192
230
143
322
384
255
66
225
132
126
42
155
250
140
281
11
162
240
56
64
88
75
61
74
47
41
8
50
27
72
41
36
51
57
78
343
104
105
289
147
160
148
302
303
214
260
197
102
179
260
243
214
256
142
53
147
109
101
317
334
308
235
204
307
281
273
189
168
197
254
105
206
318
2
87
259
62
95
232
232
289
275
318
325
9
86
44
237
242
222
194
297
279
285
306
120
121
128
127
84
292
308
250
271
254
145
110
298
234
117
59
17
8
27
301
57
66
81
316
89
139
100
190
78
239
103
128
283
134
143
81
274
156
147
121
153
101
159
130
29
50
33
30
279
110
219
285
99
129
100
96
70
72
85
138
21
164
165
118
106
137
121
86
102
92
87
134
131
110
92
173
102
95
174
83
120
131
138
121
235
165
99
118
121
130
140
153
146
109
115
139
92
249
263
121
180
133
93
225
174
115
115
88
117
114
123
272
261
270
278
263
122
94
161
192
91
78
78
66
94
61
362
96
248
97
117
104
240
230
298
65
270
291
103
67
142
80
229
206
233
260
260
228
109
137
111
126
178
192
32
113
135
59
182
85
116
107
124
153
97
119
159
140
269
133
245
226
53
198
93
64
95
105
125
100
71
177
199
205
103
198
189
189
156
121
236
164
70
180
38
163
216
219
80
73
108
123
252
65
31
28
100
90
257
244
179
205
186
179
110
269
106
260
270
227
167
88
238
167
114
93
71
70
211
120
165
137
242
281
244
172
195
271
265
255
290
34
176
180
154
110
74
50
65
56
141
203
232
191
121
83
23
126
246
251
92
156
149
117
129
121
87
113
92
182
161
274
330
87
184
88
208
64
120
83
136
126
152
131
175
193
241
196
246
275
98
103
112
245
123
135
113
78
93
94
106
141
132
248
160
158
79
220
127
161
185
145
156
90
107
120
42
154
227
230
159
208
130
141
140
95
109
211
35
102
266
173
107
110
104
133
77
84
213
54
10
47
114
125
256
121
120
122
183
246
251
176
193
105
105
193
11
244
221
225
128
126
77
87
237
115
98
100
229
107
64
155
113
245
89
111
27
110
114
208
196
213
99
136
177
104
186
208
90
97
84
89
151
261
259
189
114
107
215
139
200
174
176
177
148
68
84
87
109
260
247
265
124
214
175
21
222
86
105
-1
247
194
106
127
105
64
56
149
187
165
173
171
7
49
71
148
188
243
183
210
83
128
144
131
233
110
178
132
219
75
66
118
153
127
88
127
157
13
143
75
231
163
73
169
44
105
163
67
173
179
142
122
128
108
260
119
134
65
106
169
81
90
67
167
91
219
93
76
243
98
150
105
114
85
103
146
72
167
118
81
180
154
94
73
98
124
39
200
103
95
213
102
95
150
39
129
93
64
260
82
183
70
170
268
67
200
63
145
198
44
96
199
66
259
262
246
163
68
231
103
112
115
57
168
7
86
173
103
206
237
97
146
168
99
172
103
98
163
105
176
171
260
102
185
179
127
107
75
73
132
80
104
84
40
72
147
150
89
104
56
104
121
80
128
48
88
85
163
126
60
110
113
206
97
82
72
73
175
113
42
111
60
16
65
4
63
159
115
95
115
75
98
50
49
46
63
75
67
11
98
223
47
348
32
229
65
181
64
153
129
50
46
85
203
87
194
47
81
100
89
99
97
29
100
189
184
70
108
87
262
182
35
75
53
48
5
132
111
154
99
46
120
104
110
151
65
42
142
118
182
145
43
88
142
99
61
132
109
141
58
147
37
95
117
130
174
99
33
153
139
140
158
85
127
136
86
82
156
127
34
53
26
162
78
61
70
110
88
150
186
162
86
57
81
98
127
42
78
87
176
164
185
180
83
145
120
97
87
178
37
86
106
196
209
133
77
98
112
151
75
35
117
50
53
101
118
54
102
89
127
67
76
83
118
82
93
49
92
43
72
37
47
96
92
