203
152
147
147
173
216
206
195
239
233
125
194
121
115
117
103
136
195
180
123
152
213
148
148
85
127
75
82
119
106
112
134
108
186
117
124
112
87
49
68
60
67
104
107
90
95
46
26
75
81
28
28
41
71
100
53
55
103
70
114
142
163
116
200
309
61
138
167
226
247
168
294
200
198
208
143
170
221
118
271
243
128
140
185
207
199
158
152
255
221
119
150
258
135
72
102
164
241
192
43
138
233
196
274
135
435
168
316
358
346
383
233
298
418
403
377
372
425
230
192
483
466
416
520
378
501
506
259
226
171
251
512
532
556
579
602
633
573
656
738
682
347
405
698
722
705
488
578
290
301
282
368
268
441
473
447
316
348
390
321
386
505
504
274
465
309
451
350
576
512
684
595
712
379
556
487
475
641
590
712
493
525
606
545
300
266
339
193
167
125
164
140
123
121
204
197
228
206
355
210
50
427
479
490
632
414
476
444
448
522
204
678
409
712
668
711
276
279
240
267
231
300
258
230
357
340
276
319
538
532
407
182
283
211
733
244
422
387
175
192
291
538
589
129
-1
604
630
489
688
635
272
626
371
333
349
355
370
202
642
674
625
614
674
261
165
121
129
141
124
84
108
106
91
125
168
96
248
150
132
115
344
99
172
124
285
216
157
130
383
587
252
121
268
361
183
94
279
351
235
223
433
374
284
284
701
210
338
236
558
346
582
147
662
423
266
151
242
563
497
182
101
687
136
165
264
229
399
420
143
135
409
333
141
129
383
233
163
244
248
151
140
254
485
443
459
332
365
207
54
66
20
195
243
269
261
173
224
740
545
394
447
349
422
421
289
236
286
334
721
183
293
291
113
80
458
321
617
536
377
356
119
315
299
273
27
164
124
286
204
718
493
410
409
410
271
227
256
334
340
246
378
510
280
418
408
584
287
556
324
303
285
236
250
121
380
282
244
393
600
533
278
275
336
594
347
538
228
237
348
344
232
248
219
425
320
210
180
408
220
177
347
535
230
562
74
257
309
672
349
323
569
416
563
232
229
302
361
462
378
172
175
90
579
185
528
150
474
403
218
291
266
302
305
239
463
604
568
377
378
315
489
244
286
345
432
346
221
217
284
379
377
84
512
515
474
240
35
137
303
121
128
157
163
156
179
79
59
20
80
50
113
72
74
118
110
158
244
237
224
270
391
383
393
417
414
342
430
329
107
361
408
408
362
296
385
138
441
271
218
285
274
253
192
204
275
222
203
356
330
296
351
253
285
290
18
94
426
123
247
404
325
380
409
417
337
21
207
115
418
402
374
363
282
271
275
225
314
304
366
337
213
247
377
237
236
218
360
264
295
267
296
109
52
41
43
250
45
152
143
236
177
459
222
314
196
392
248
314
267
271
179
179
342
427
372
351
463
193
483
260
31
94
62
70
381
261
197
233
224
342
278
301
163
148
191
341
42
394
399
406
296
344
268
211
292
260
268
405
377
276
189
336
263
238
345
185
363
307
328
147
456
372
258
276
359
402
366
397
425
230
279
373
230
200
240
365
613
187
238
335
467
271
266
207
318
246
317
354
348
383
369
379
336
256
370
246
251
226
222
136
187
138
311
253
393
229
297
346
157
237
232
115
320
282
220
128
432
272
432
392
481
296
273
445
281
344
296
360
155
174
72
285
360
144
312
196
310
285
387
448
217
209
339
303
402
190
398
420
110
262
312
80
189
333
284
235
162
383
272
277
257
401
507
470
370
314
276
601
131
214
89
230
162
261
185
216
299
296
434
198
86
62
239
198
369
338
432
416
465
384
289
272
281
262
283
197
210
193
356
341
200
217
175
164
410
320
528
317
262
271
346
113
401
303
269
452
351
102
409
337
230
268
169
180
139
201
268
403
408
175
160
246
42
268
411
325
237
340
380
294
339
319
299
173
276
265
385
247
254
171
358
154
350
136
229
222
274
311
226
292
553
294
396
203
450
267
260
256
333
419
264
278
280
238
255
249
340
340
326
306
404
168
228
369
312
356
462
407
344
226
271
311
213
192
335
284
299
397
310
353
351
250
266
315
58
273
215
236
214
214
204
331
183
203
339
182
39
95
306
402
352
132
130
142
304
292
328
538
242
304
294
230
27
274
248
219
277
403
210
148
290
224
175
204
439
136
109
398
337
369
188
261
49
295
324
340
326
379
311
354
401
263
175
373
190
252
204
210
341
346
355
263
336
258
342
296
422
309
311
302
189
116
154
244
256
267
256
256
332
196
177
17
311
226
279
214
345
229
250
263
257
165
113
339
273
368
434
269
19
78
259
467
315
275
315
299
268
257
242
279
328
258
301
238
429
148
174
282
211
193
242
287
271
49
393
214
334
181
177
184
71
272
253
232
326
260
238
301
314
240
241
267
274
240
123
253
139
119
157
333
200
192
136
154
290
202
180
236
241
203
244
277
202
127
170
165
340
219
230
167
228
304
63
285
233
213
315
190
236
312
49
338
241
220
223
226
281
176
196
233
139
268
162
292
257
211
222
354
156
258
262
253
391
158
220
250
251
227
106
271
22
182
471
323
281
294
235
189
167
233
281
249
171
489
183
267
297
239
245
195
167
280
250
234
193
196
147
251
246
71
78
158
157
142
220
140
221
269
185
291
39
247
189
263
251
156
228
274
263
186
205
185
161
331
281
75
209
138
48
74
17
159
249
200
141
199
185
232
145
126
130
95
190
97
37
207
294
114
196
56
319
200
181
148
255
285
127
112
176
137
152
253
69
217
134
88
148
202
55
212
185
152
171
215
176
171
260
116
167
126
149
2
268
136
147
120
151
158
240
243
131
123
74
184
273
160
175
106
244
208
231
136
259
107
259
160
190
31
189
263
271
155
237
46
185
170
166
185
203
245
255
174
176
170
150
83
101
36
249
183
141
101
227
182
216
190
195
217
115
200
194
216
62
184
113
175
173
178
179
201
215
206
173
137
167
68
174
132
152
157
143
112
153
113
151
116
58
191
110
100
167
144
96
125
169
149
138
68
76
125
120
120
100
110
75
80
47
155
211
232
