162
169
135
148
116
156
171
162
164
134
143
154
153
129
158
140
174
138
104
124
54
154
113
150
171
148
119
134
177
167
141
104
94
93
168
161
167
137
163
127
178
-1
123
134
122
103
109
90
88
95
84
91
84
120
96
123
137
132
99
108
128
25
58
118
112
108
116
102
84
66
86
70
68
84
55
61
50
81
71
62
89
58
42
33
63
58
109
101
88
42
92
101
72
62
44
76
117
134
90
26
165
107
94
110
85
71
87
86
86
87
75
71
86
78
59
64
75
73
96
100
79
78
71
91
70
98
67
78
36
98
87
68
74
74
66
62
66
75
59
60
64
78
82
55
53
65
29
56
81
71
66
61
63
67
73
83
95
57
99
64
75
64
64
66
76
73
61
20
69
77
60
49
60
60
62
86
63
52
50
58
76
61
60
79
70
75
68
51
102
82
63
59
82
55
56
83
78
49
60
71
22
80
64
64
49
36
57
77
62
66
92
58
58
62
56
61
91
95
75
81
135
111
116
111
65
60
101
64
59
66
66
123
84
101
64
80
70
72
57
76
62
73
74
92
67
51
55
59
52
60
62
47
71
90
65
82
67
52
66
57
61
57
60
66
106
63
56
68
63
61
53
64
69
68
56
57
57
57
64
54
58
47
63
76
41
53
96
69
65
58
101
72
49
50
55
108
73
67
110
62
63
63
56
94
54
51
80
36
55
73
65
40
63
62
32
25
44
45
48
73
59
54
77
59
75
84
80
95
111
82
57
31
8
47
91
54
57
55
66
91
102
56
56
48
55
76
81
67
22
17
11
49
58
59
57
76
105
58
46
56
67
80
64
69
86
40
55
67
64
72
61
75
38
36
54
69
52
70
65
71
78
81
75
84
42
57
52
59
54
56
66
65
66
66
83
52
88
27
74
68
89
43
55
64
51
50
71
50
72
75
66
56
63
78
72
55
55
70
54
48
78
86
61
56
49
55
42
55
79
79
75
51
55
58
54
59
75
46
43
43
58
60
6
42
38
121
83
58
74
67
48
57
61
88
86
79
57
75
54
100
84
96
54
39
72
42
55
71
51
63
68
52
36
42
70
54
54
40
80
64
52
58
60
68
40
40
37
5
72
59
68
45
56
68
45
35
40
54
48
68
35
38
43
35
58
71
73
17
59
60
112
80
55
33
34
66
36
66
43
35
55
84
73
49
54
74
55
58
44
55
43
52
41
41
52
48
59
65
57
32
33
27
22
17
36
30
35
59
58
38
59
77
57
46
20
47
55
57
55
49
61
43
48
46
35
24
82
39
66
62
66
72
23
26
25
32
66
51
42
22
45
33
38
24
30
33
65
50
43
38
66
34
13
10
36
35
16
34
84
32
51
39
73
39
66
49
60
49
52
76
59
104
52
61
42
52
61
55
52
62
11
67
42
46
58
47
26
26
46
45
61
51
62
59
61
53
80
49
48
19
42
35
34
41
40
11
54
4
4
37
92
43
54
48
51
57
32
49
40
33
48
49
83
84
55
62
67
55
50
39
55
44
54
27
27
47
51
21
32
42
50
53
45
47
48
25
57
39
44
37
38
37
67
42
51
65
34
44
49
43
40
46
34
37
61
49
52
50
34
30
32
79
41
22
107
102
57
32
53
43
48
30
28
48
51
45
58
40
41
49
26
49
14
24
44
49
42
38
38
47
56
74
43
35
43
44
50
54
66
66
28
62
50
42
59
31
22
52
63
70
41
49
48
51
47
40
44
43
105
67
65
30
37
47
40
34
55
49
50
28
22
35
37
94
43
41
37
50
50
40
32
41
43
49
35
42
27
52
54
56
54
31
39
45
55
43
49
46
35
35
49
39
50
35
30
49
38
23
36
36
40
22
63
30
52
6
36
44
48
19
64
29
31
29
52
40
44
52
46
49
39
43
18
51
20
60
36
27
32
50
42
75
56
40
35
43
30
36
45
50
40
52
47
29
52
34
48
42
37
54
49
49
67
22
25
60
40
52
51
38
36
21
48
48
41
38
43
46
34
41
36
26
3
46
47
33
47
47
42
47
47
7
43
26
52
39
29
38
42
65
53
23
58
49
42
8
42
13
36
34
41
46
43
42
21
46
40
38
30
28
12
39
7
36
41
27
27
30
50
81
32
61
77
46
47
19
35
53
17
47
47
34
19
19
36
45
24
27
52
48
33
43
29
38
60
34
41
26
45
32
30
34
28
47
35
41
34
32
30
41
29
37
37
20
47
23
24
21
47
30
20
6
31
36
39
36
43
46
31
43
40
43
39
45
40
36
45
37
39
103
43
38
32
33
41
31
44
32
31
42
44
55
29
31
45
31
25
53
59
65
36
52
50
2
42
49
38
16
33
45
61
34
59
12
36
32
44
32
37
33
25
41
48
33
40
50
89
17
30
37
47
23
27
39
32
57
56
33
50
30
37
32
50
40
66
51
36
25
36
38
33
44
64
37
49
31
45
49
42
32
8
52
21
22
28
33
28
30
23
30
57
28
36
33
24
0
33
48
21
26
24
30
54
44
20
25
45
15
30
27
52
31
47
48
28
26
26
31
19
36
29
38
30
51
53
24
37
26
30
23
23
48
43
29
36
28
36
36
23
34
21
20
19
52
32
38
33
59
37
41
28
33
40
32
48
30
31
43
34
43
30
31
36
39
42
84
67
42
25
14
3
35
24
55
12
30
20
53
0
24
22
35
4
79
9
35
31
15
27
37
36
18
27
23
26
40
36
32
27
28
32
24
47
43
37
21
23
42
17
58
21
24
25
27
35
20
53
0
25
20
0
71
29
0
21
23
30
28
30
32
18
25
22
23
45
18
36
36
37
21
35
23
22
47
28
37
29
13
29
28
34
29
43
7
40
47
41
46
24
28
30
24
23
35
39
17
32
19
37
32
25
24
25
36
31
20
25
38
21
35
34
41
20
26
45
22
18
19
25
20
34
20
23
29
18
16
21
32
15
16
18
18
21
12
21
19
11
52
12
12
17
16
13
23
19
18
5
13
18
11
16
19
5
16
13
12
7
15
33
42
