183
159
172
170
154
146
156
151
151
128
137
148
172
151
139
146
160
110
107
141
95
130
121
99
96
88
52
86
106
108
129
84
51
92
76
82
75
45
70
71
70
78
60
59
62
48
49
34
46
44
34
33
31
60
58
57
63
59
50
157
159
22
32
161
115
21
127
122
102
88
95
71
85
84
60
67
52
88
85
62
120
97
58
10
70
70
148
109
137
41
118
91
61
52
35
76
108
99
59
3
169
278
279
214
219
115
290
155
169
154
164
144
177
140
135
124
149
152
190
156
156
132
123
149
164
153
139
128
93
214
181
143
121
142
118
123
118
144
112
116
130
143
165
106
112
112
49
117
153
120
108
94
127
126
135
123
256
134
138
111
144
128
133
119
110
166
84
57
115
125
100
90
106
111
129
149
111
104
112
97
131
100
121
154
136
155
151
127
279
183
140
143
217
172
153
250
166
118
110
134
58
139
127
103
110
75
89
144
98
119
133
112
139
113
102
110
235
199
182
178
108
115
120
65
137
111
199
125
114
110
101
132
137
203
102
124
94
103
91
147
122
135
119
189
119
94
103
99
106
103
82
97
145
134
128
129
105
91
90
91
97
94
93
100
147
128
139
123
155
145
130
107
151
139
126
127
118
134
119
93
114
218
122
175
101
110
219
169
119
114
101
91
77
107
115
68
118
112
111
92
138
115
118
170
107
64
160
88
115
113
115
38
105
118
42
16
66
91
106
146
107
96
171
133
125
152
138
124
91
126
84
87
27
127
128
73
51
95
130
134
140
112
101
99
101
102
128
105
19
11
8
80
105
107
109
92
196
107
92
79
107
116
137
135
140
60
88
97
108
92
100
115
85
99
113
115
88
105
134
141
-1
77
74
87
26
81
104
82
79
104
90
114
117
115
167
80
85
50
73
111
142
76
92
123
77
96
128
88
121
114
120
93
107
57
74
78
77
118
95
87
95
91
76
100
68
91
83
104
132
130
128
70
122
112
113
106
120
69
69
74
111
100
0
85
34
113
97
102
136
126
108
79
100
147
150
82
85
127
68
81
133
127
92
40
120
91
120
109
74
107
111
82
74
59
120
91
104
77
145
83
95
78
97
74
86
73
48
0
107
86
83
35
80
106
66
48
78
81
80
52
33
37
43
32
44
49
50
13
49
31
70
65
40
37
37
66
52
56
52
48
132
126
117
96
102
113
102
105
87
89
89
94
89
57
73
102
86
58
44
48
46
39
31
30
55
40
58
101
81
87
83
79
89
75
65
84
96
50
61
103
99
87
78
89
69
13
136
94
117
106
103
110
52
44
42
44
110
76
51
34
57
61
72
38
41
39
85
53
69
65
90
30
7
4
18
51
16
73
79
52
81
99
64
59
58
100
62
59
83
136
96
99
89
93
70
75
104
89
73
65
6
71
49
54
90
52
29
39
57
85
98
89
115
108
133
89
84
100
112
42
51
57
37
77
67
17
93
19
16
59
139
112
57
60
97
61
75
81
56
37
93
101
126
110
81
95
83
94
85
57
86
67
53
32
35
102
91
36
66
83
98
49
47
55
66
30
64
91
84
79
82
84
83
44
106
86
47
83
76
52
79
91
64
46
95
58
60
69
74
45
49
61
76
33
95
112
76
63
98
88
87
64
42
88
52
70
86
73
63
62
93
59
21
29
84
47
68
56
72
83
51
125
85
73
87
61
92
103
51
98
57
88
111
92
94
43
47
93
88
106
48
104
112
111
92
59
69
91
117
97
58
18
52
69
40
52
65
61
94
53
42
37
52
80
82
79
80
103
87
81
66
82
60
65
58
60
38
47
80
104
109
55
65
72
99
82
98
92
54
54
83
52
96
72
58
104
78
30
81
85
70
51
89
54
56
10
77
80
88
25
126
54
11
56
99
75
68
100
100
68
66
59
40
75
34
109
91
39
52
74
81
121
85
41
72
76
79
35
70
79
70
78
96
47
105
63
74
81
61
93
60
63
76
42
49
97
77
70
72
67
99
29
51
74
61
82
86
88
83
52
60
41
13
56
82
64
74
82
76
70
71
11
60
58
37
68
52
59
70
71
41
34
64
50
72
26
17
16
55
72
74
58
54
56
27
76
76
79
58
40
0
55
1
59
54
59
62
69
54
59
64
88
121
55
108
19
36
79
23
94
44
71
16
29
64
92
74
72
77
93
80
57
41
77
101
45
43
39
77
72
75
60
61
52
62
81
83
77
71
75
59
58
49
25
83
53
53
48
75
36
33
4
67
54
57
55
77
72
48
71
82
46
29
90
87
71
81
78
6
35
89
67
74
63
73
65
74
70
64
65
79
94
56
58
92
35
53
72
103
97
67
83
69
2
74
74
78
21
42
65
42
68
115
29
69
64
74
67
65
68
55
90
77
83
74
64
140
13
44
56
60
34
39
68
58
90
66
45
79
29
56
71
101
51
82
53
70
62
45
77
46
63
41
62
70
50
88
85
60
68
7
94
46
45
36
54
57
53
32
49
79
51
44
68
43
0
51
92
52
56
53
57
97
110
35
34
62
26
30
66
27
45
86
84
71
55
44
47
35
64
64
70
61
74
54
54
67
54
34
25
38
74
66
50
56
43
40
45
43
34
18
27
27
73
60
62
49
89
40
68
23
63
63
60
87
35
53
57
75
61
50
57
71
99
87
69
106
45
6
13
3
49
49
100
1
64
32
65
2
27
31
30
14
59
12
50
66
25
46
61
67
33
32
38
53
64
42
33
54
42
60
50
29
66
69
34
40
67
26
84
37
34
53
58
63
36
100
0
45
27
0
12
75
0
27
38
75
43
55
52
29
43
32
36
73
26
37
84
63
39
60
44
47
56
66
58
59
13
54
49
41
45
72
4
65
78
74
67
41
62
43
54
37
55
63
31
31
26
77
57
45
35
60
52
54
36
46
58
30
78
54
59
22
43
72
33
37
33
39
40
55
59
51
58
32
19
49
58
30
37
27
45
41
19
33
29
7
86
23
18
41
35
25
42
32
37
10
32
18
23
34
27
16
27
20
18
12
55
68
70
