211
164
140
137
167
222
196
191
229
228
118
179
121
121
105
108
121
170
183
128
165
233
150
137
79
140
73
79
117
108
103
134
104
164
112
131
115
74
53
58
63
62
108
109
93
106
54
28
87
86
35
33
47
71
102
60
55
98
69
123
139
159
127
187
302
68
135
165
199
224
162
242
178
184
177
142
160
219
115
234
220
110
136
191
188
180
152
145
214
207
109
135
196
142
77
93
145
219
195
55
139
275
221
365
167
551
192
368
388
426
440
271
366
510
465
459
415
481
215
227
536
535
493
550
454
586
596
302
240
177
286
604
596
672
715
-1
685
608
667
634
638
339
455
648
604
596
401
474
320
373
360
465
294
490
468
458
279
330
425
364
413
615
553
298
484
312
526
420
694
631
567
520
611
427
553
476
480
638
545
582
481
605
576
457
347
320
359
208
180
145
200
153
143
142
231
190
222
272
333
241
79
474
468
511
512
426
405
495
468
537
224
552
435
618
587
592
259
237
228
231
238
317
247
210
396
365
258
359
547
470
427
187
284
233
620
243
461
329
218
212
270
533
544
131
602
565
575
455
604
537
303
511
341
333
303
344
379
205
534
578
540
494
608
289
168
142
137
152
148
97
120
126
106
139
165
112
244
147
138
148
339
122
189
146
295
219
174
131
383
481
242
119
251
356
197
90
257
315
232
193
404
339
291
261
585
183
312
265
526
356
513
128
583
345
210
111
233
489
452
189
143
580
117
168
262
205
380
393
148
132
527
308
145
126
374
185
150
240
229
149
143
300
450
410
379
281
361
167
57
55
15
179
202
228
250
201
204
554
464
393
502
319
417
366
342
289
258
316
575
211
255
250
121
91
439
365
498
527
372
340
123
262
225
253
33
151
119
254
194
590
409
348
347
346
250
196
254
415
279
233
318
407
260
349
430
462
269
413
293
267
256
262
246
134
275
253
225
345
498
436
197
292
267
544
283
465
220
212
302
304
216
213
253
389
295
209
172
344
259
181
346
433
202
446
82
233
265
523
309
315
444
390
481
210
205
269
346
383
319
161
186
92
484
146
478
122
399
322
185
288
253
248
381
203
398
462
445
317
337
274
412
227
272
345
335
284
186
190
280
284
320
69
448
414
399
176
57
143
268
109
111
138
130
118
137
76
60
23
86
42
112
71
69
106
121
164
199
217
190
220
334
362
321
336
337
301
353
281
93
287
353
328
300
212
330
143
337
238
187
222
223
207
153
159
213
182
190
287
284
226
286
218
270
244
34
82
343
131
200
318
237
308
285
324
277
20
232
128
343
347
344
293
221
212
213
178
257
268
292
315
176
195
290
195
194
182
282
216
271
226
286
86
36
19
42
209
38
154
150
217
219
436
218
229
164
323
192
228
219
245
181
161
268
312
264
280
376
163
419
234
23
94
68
64
310
207
162
191
200
272
274
251
152
143
163
255
38
292
295
318
241
269
228
198
254
234
238
294
287
201
181
302
222
198
302
151
323
274
246
112
337
288
219
240
279
292
365
327
306
181
250
273
192
168
206
288
483
159
198
277
367
211
219
174
249
222
233
253
294
271
284
288
279
205
312
222
216
226
229
132
192
133
242
192
333
184
247
339
146
177
179
106
283
242
192
136
327
190
348
296
386
257
218
365
231
264
249
246
139
156
88
219
309
115
236
150
237
229
300
353
188
190
276
256
317
171
301
317
94
259
199
79
203
281
302
180
157
282
250
225
189
328
375
351
299
232
229
459
123
206
80
165
144
223
149
191
238
245
347
156
93
75
187
167
294
257
353
309
344
351
217
222
206
216
223
166
179
166
287
289
188
185
204
205
375
261
375
236
210
201
277
115
357
267
239
329
276
74
315
261
164
205
158
161
136
155
213
313
289
153
174
199
42
209
313
244
185
263
293
223
251
244
220
170
215
268
291
202
212
184
279
166
284
99
180
259
247
246
190
241
439
236
360
161
358
223
193
198
278
324
219
215
227
210
213
220
262
282
254
245
315
139
196
279
271
296
374
325
273
183
221
228
196
163
262
214
226
286
243
299
297
193
234
224
57
286
192
185
158
182
175
238
151
177
272
207
45
73
235
315
252
118
122
123
235
262
257
507
212
205
220
192
19
220
200
185
241
340
177
146
221
155
146
151
367
113
93
381
242
303
142
203
56
245
293
269
271
283
289
246
321
218
145
290
151
209
170
156
252
274
277
195
245
197
278
242
326
267
271
252
162
116
127
166
189
214
216
207
280
167
144
19
264
182
222
190
267
169
194
210
216
137
106
265
203
295
344
230
17
94
266
351
272
208
233
239
210
223
199
225
255
202
225
175
328
117
131
244
166
163
189
217
219
28
307
197
266
137
160
171
67
204
193
181
251
221
200
212
244
171
211
219
203
192
126
194
134
86
128
252
154
163
117
159
243
175
172
170
258
171
210
208
198
124
158
135
257
186
167
142
204
253
55
233
195
192
235
203
194
264
44
283
175
151
181
216
219
184
165
202
100
221
109
238
217
131
202
312
109
231
231
208
391
128
180
209
169
179
95
229
30
161
360
296
219
251
201
148
132
189
236
207
142
382
176
194
226
188
220
159
129
209
223
185
216
160
131
187
194
71
58
141
137
117
186
140
183
230
152
227
37
235
165
214
209
164
197
230
207
154
158
134
118
292
223
77
196
107
60
63
21
165
197
175
124
161
132
232
103
107
102
90
166
103
30
173
241
83
178
50
260
167
158
112
202
222
99
87
176
140
113
200
64
185
122
77
118
167
60
195
168
127
208
182
165
141
240
76
118
96
114
5
221
113
128
110
135
141
191
199
114
108
72
149
210
147
151
98
213
156
218
111
228
108
224
126
186
29
142
235
234
127
236
33
174
163
164
170
193
208
224
134
146
167
125
78
87
38
215
164
132
86
197
188
178
167
182
209
92
175
196
184
64
160
114
156
156
143
153
215
185
185
152
125
145
63
161
119
131
136
123
106
133
96
128
103
47
191
90
86
144
114
82
107
135
129
116
64
74
114
94
111
80
103
67
69
38
135
151
200
