110
103
99
100
91
105
109
110
110
100
86
102
107
89
99
98
113
94
67
94
36
101
98
77
66
76
48
61
78
70
109
78
56
91
66
83
75
64
51
67
66
62
63
60
58
51
42
28
43
43
34
34
33
50
45
49
58
65
45
82
93
10
18
103
112
19
81
86
89
111
73
94
82
75
68
65
50
82
74
93
102
43
80
55
64
71
91
90
98
80
91
96
110
35
28
66
100
83
47
1
112
147
132
145
118
153
135
160
184
150
163
110
138
155
117
142
122
124
151
125
186
150
145
203
138
171
164
85
54
144
138
182
174
178
154
152
154
124
141
152
162
96
210
161
148
161
86
162
146
158
156
138
146
135
146
152
145
66
172
142
107
147
167
153
200
111
129
117
156
156
149
134
138
150
176
169
155
135
157
146
129
147
171
117
138
165
179
81
169
81
84
85
108
64
96
146
117
85
145
112
26
160
136
176
162
100
132
183
172
151
137
191
109
157
157
153
133
131
120
127
172
137
121
54
136
79
163
115
152
119
173
113
112
147
151
112
162
141
88
115
144
159
178
139
163
139
134
141
138
140
138
134
92
124
155
144
99
100
195
204
200
191
152
150
144
71
78
81
91
75
75
74
74
101
107
64
107
90
80
74
132
73
139
99
114
117
116
118
151
150
97
65
78
83
96
65
131
110
117
113
164
112
160
116
153
57
192
80
143
191
161
36
144
148
83
42
90
136
127
142
67
132
126
69
92
135
163
168
71
134
136
112
34
65
168
86
58
85
105
82
117
112
154
148
156
140
144
121
29
24
12
77
126
132
75
143
125
161
101
121
180
96
156
145
123
95
82
124
146
112
121
113
51
53
146
121
123
176
161
109
115
92
75
91
15
74
93
120
81
144
141
119
121
120
120
103
100
60
121
114
120
117
145
135
156
137
141
139
101
90
95
117
102
48
113
109
103
184
180
161
114
131
112
160
110
178
67
70
100
99
100
66
105
117
117
83
97
105
107
85
132
162
62
138
42
112
113
165
117
116
135
98
140
114
116
107
110
130
97
105
108
87
134
49
165
59
132
176
126
142
178
123
79
83
112
134
178
136
195
139
148
125
103
114
134
101
83
64
137
106
108
47
162
156
124
82
6
82
107
70
50
47
52
45
58
55
53
11
51
41
70
67
48
47
47
79
74
87
87
104
81
280
250
139
159
141
145
122
74
191
122
141
112
103
120
71
144
91
69
88
82
91
64
52
102
81
82
156
151
114
151
135
125
111
2
55
170
54
84
124
114
116
155
139
112
17
106
53
150
135
121
134
79
91
88
79
150
190
215
155
142
89
126
83
77
68
108
77
119
128
110
44
7
4
30
104
6
46
95
95
121
131
93
115
90
155
74
67
101
217
100
93
123
218
202
175
157
91
119
93
9
99
62
55
148
78
63
86
224
288
353
423
-1
577
186
180
57
199
175
175
163
157
183
197
185
204
328
122
131
151
219
156
88
100
152
75
214
116
180
83
138
156
262
242
193
227
244
230
188
79
94
150
102
63
78
88
106
75
161
122
134
79
93
75
96
152
103
106
106
102
111
120
184
72
172
113
183
303
303
117
133
87
97
77
115
89
109
128
65
99
90
66
116
94
82
102
137
98
132
127
116
97
74
116
144
165
178
160
108
65
45
84
160
34
134
87
137
125
131
111
76
105
115
105
112
76
108
124
68
123
239
73
88
68
131
145
223
170
92
107
75
115
172
194
158
129
122
129
122
98
47
81
81
129
105
57
105
102
116
69
52
43
82
99
112
120
155
156
134
120
136
92
138
117
136
103
89
58
131
153
98
126
87
86
120
141
117
153
101
85
103
81
127
99
79
129
109
28
136
140
100
129
114
300
64
5
105
133
124
59
92
61
15
113
121
116
139
188
182
143
121
151
142
143
131
97
123
82
89
78
131
87
119
57
55
73
143
126
113
90
117
135
129
90
123
97
163
167
139
150
113
116
108
186
161
113
182
172
141
96
143
66
89
116
130
122
124
109
130
79
156
106
213
80
112
104
153
109
92
112
112
96
133
96
45
97
94
106
138
96
61
131
108
102
107
59
4
23
105
119
108
72
73
71
79
91
110
126
69
149
74
103
5
110
113
103
114
80
90
67
103
161
182
87
143
52
44
134
116
125
57
118
18
137
77
125
100
115
105
164
120
68
82
111
212
114
172
120
126
95
99
93
97
119
119
122
109
95
103
106
79
55
110
119
160
95
90
71
145
77
76
6
88
135
92
70
105
102
66
98
108
80
34
143
82
113
146
72
11
38
136
95
85
81
130
88
239
114
107
104
115
151
94
82
125
44
132
130
93
87
117
135
125
2
117
123
94
59
98
77
39
91
86
145
95
106
133
121
111
110
70
138
189
68
68
106
92
36
54
116
91
73
64
84
86
126
104
139
93
120
119
78
110
63
97
81
105
77
55
115
87
127
50
92
138
111
102
90
126
113
24
127
97
155
77
74
105
75
86
87
162
85
68
116
80
0
109
116
98
80
82
76
126
121
68
109
143
71
37
73
13
53
95
78
81
95
72
72
66
123
82
116
115
117
67
111
85
76
169
74
83
122
108
83
95
68
59
57
66
46
42
61
61
80
49
102
83
92
71
117
15
86
147
87
95
69
82
82
67
61
106
116
91
112
117
69
113
99
1
26
2
69
81
125
43
79
53
107
76
53
46
49
96
68
2
79
94
27
67
135
95
106
66
41
86
115
63
56
52
90
66
86
29
105
74
44
50
93
28
77
57
42
76
92
77
58
84
80
50
32
115
0
83
36
63
69
91
48
82
88
69
47
49
69
74
47
73
54
72
66
97
109
68
42
84
109
77
16
49
63
65
61
67
11
57
73
67
62
46
47
62
80
62
51
58
54
47
31
74
49
45
27
72
65
81
59
58
79
59
70
69
53
30
63
66
58
56
58
64
50
54
68
60
48
52
34
65
37
40
39
39
33
59
49
49
49
23
75
46
39
46
55
37
40
55
45
23
22
44
24
46
42
36
40
32
28
16
76
86
97
