146
118
111
106
110
161
134
119
144
141
88
126
84
93
84
76
89
122
114
101
88
143
96
84
53
87
41
64
79
80
78
91
61
117
75
87
70
53
41
50
45
41
70
69
62
57
33
17
43
48
21
20
30
54
57
36
41
71
42
106
166
59
43
167
182
25
126
198
223
246
181
261
213
223
206
200
197
234
144
236
177
115
136
127
227
210
141
149
218
234
125
108
233
52
32
73
110
134
78
9
93
126
87
157
82
242
69
189
184
171
208
139
169
225
183
204
194
212
113
113
258
236
198
256
162
259
243
122
77
104
117
252
259
268
279
283
281
220
299
291
279
134
198
299
291
312
172
227
171
151
152
153
133
187
215
214
155
138
227
162
195
254
233
137
240
165
196
181
256
243
271
284
306
216
246
279
230
264
273
288
238
271
261
223
166
170
200
97
105
71
91
72
64
66
118
122
149
121
180
123
22
268
230
244
256
152
221
213
225
249
116
312
233
339
327
321
173
214
236
232
159
180
155
108
198
174
156
202
263
186
211
115
152
133
290
291
222
194
99
140
148
268
281
87
320
294
285
226
274
263
170
277
234
232
237
174
168
104
294
295
282
278
292
173
110
76
82
84
87
50
53
74
72
80
96
67
139
84
89
71
190
69
117
79
146
116
126
77
201
292
157
153
126
168
126
67
172
214
159
137
249
184
164
204
288
94
194
119
286
209
288
157
271
243
255
156
148
236
238
102
61
280
101
84
165
168
360
298
108
169
216
181
71
72
223
213
185
233
198
81
90
120
252
224
250
226
204
181
65
74
21
213
291
408
229
127
177
317
246
200
224
168
240
229
160
121
324
355
313
111
262
249
74
50
203
162
242
281
331
223
76
169
145
159
8
173
157
336
217
307
259
171
172
173
176
234
170
131
195
218
260
193
166
295
204
237
158
222
197
185
181
176
265
79
184
314
298
291
273
251
185
184
181
248
195
245
162
171
245
243
197
100
112
220
296
182
175
190
130
100
180
279
111
260
52
179
175
295
243
318
255
190
274
195
200
166
202
263
172
120
170
57
285
101
277
64
290
250
230
252
212
276
142
292
236
242
294
481
266
348
261
258
308
192
534
471
249
115
264
177
199
48
246
405
232
351
9
158
327
75
72
110
99
94
105
60
41
7
65
28
85
50
54
80
78
110
373
152
144
293
206
240
268
512
517
283
408
264
134
259
358
332
323
288
181
76
214
172
140
387
374
390
296
222
357
311
378
262
243
379
313
167
264
367
5
88
376
89
136
383
446
547
404
509
503
10
137
76
334
311
318
287
376
364
370
336
184
207
215
200
122
371
574
311
322
323
181
160
499
392
168
65
17
9
32
314
44
71
93
381
110
234
149
309
127
406
146
163
365
186
179
115
426
237
217
182
211
141
234
162
43
71
51
49
421
153
305
306
147
206
185
168
116
109
109
219
33
275
271
211
189
229
164
109
153
134
176
206
216
119
132
250
141
160
257
108
216
206
202
149
338
267
150
179
182
189
220
217
210
145
170
184
129
299
366
162
270
212
173
350
288
150
160
129
187
171
187
427
437
462
516
535
214
142
272
241
143
135
145
92
163
84
442
133
326
137
185
192
169
286
349
78
-1
335
138
91
212
129
358
346
371
456
415
335
158
188
179
175
192
184
46
170
202
68
323
124
176
158
181
207
147
160
243
230
504
169
386
329
78
236
158
81
111
128
174
148
105
288
229
277
143
287
335
328
267
179
312
244
82
203
59
285
194
258
103
98
171
178
423
81
47
45
139
129
428
418
299
354
318
293
196
473
152
331
388
227
290
104
343
271
141
156
96
112
297
222
237
222
335
376
405
144
256
543
465
349
509
46
310
262
204
181
112
123
97
55
237
334
378
240
151
99
26
237
405
364
138
247
266
161
190
176
163
150
169
249
268
289
347
111
313
114
270
79
152
128
200
190
252
159
268
293
377
253
350
387
152
143
197
399
176
185
159
152
161
141
176
204
192
444
286
216
135
361
217
267
265
200
257
130
159
197
116
194
348
338
246
328
182
220
219
150
164
389
42
152
253
236
155
137
131
190
117
121
289
76
10
51
171
175
401
127
138
148
282
356
405
273
350
164
220
237
7
315
279
279
191
183
125
116
413
139
138
127
370
179
69
196
191
361
105
192
35
187
168
258
366
368
161
221
315
153
233
339
113
170
126
153
232
466
441
349
182
180
339
244
317
265
275
296
281
109
108
137
191
372
350
351
213
231
222
49
411
138
154
270
343
264
157
167
166
124
70
269
220
273
303
214
13
62
145
242
297
386
248
406
175
208
218
202
344
180
285
189
352
82
88
206
176
155
104
161
217
14
206
133
340
240
120
195
50
198
194
125
305
284
198
221
219
195
392
180
222
90
131
223
118
156
98
266
119
264
117
113
395
143
197
142
156
140
163
225
125
217
150
107
289
225
126
115
158
196
47
380
156
172
293
128
137
234
53
229
143
128
291
135
284
89
221
368
98
369
102
237
335
42
162
278
106
406
392
392
252
101
289
164
179
156
69
275
9
115
233
140
331
363
142
242
217
175
245
151
155
248
134
312
274
330
145
231
211
227
132
107
117
193
101
139
141
61
119
165
163
114
164
98
137
134
114
203
44
142
120
212
185
86
164
179
249
123
120
104
120
240
199
61
143
85
13
134
7
101
276
158
216
146
113
163
83
85
71
79
127
85
6
148
418
59
243
52
389
134
255
77
250
211
81
72
126
181
129
352
55
140
119
88
146
131
39
154
219
163
106
204
100
265
245
58
84
72
91
0
191
162
203
118
92
152
141
178
155
62
63
263
123
237
174
55
138
209
156
84
227
135
226
114
201
39
126
186
200
180
153
35
201
195
192
202
131
162
183
148
135
192
160
54
69
33
219
111
84
72
200
142
208
213
188
132
90
144
126
187
57
122
107
227
239
240
212
125
187
155
140
113
230
54
154
143
220
193
184
97
167
155
182
112
70
175
96
86
163
154
83
138
140
186
96
85
97
156
115
135
70
126
81
100
60
76
155
154
