67
52
46
49
56
65
65
60
62
72
42
58
38
46
35
34
41
68
53
49
42
72
47
48
38
57
36
39
46
43
39
54
32
46
54
61
52
44
34
38
35
31
58
60
51
59
34
27
50
62
27
25
40
52
66
31
35
50
47
45
51
52
49
60
85
18
42
60
66
60
49
84
53
71
59
56
52
56
49
71
55
32
37
32
73
63
48
55
73
61
41
50
57
58
78
101
55
102
88
19
60
42
39
62
34
95
35
73
64
65
72
55
62
78
68
77
72
85
62
67
70
85
72
98
63
86
93
46
23
48
47
92
79
105
106
117
97
138
131
131
131
110
81
127
145
158
115
117
72
73
73
73
58
107
101
112
67
76
84
57
104
92
104
58
112
59
96
68
101
90
135
123
142
76
127
85
111
132
133
155
125
106
121
152
62
59
69
40
51
24
36
31
34
25
48
44
44
42
86
60
3
102
122
115
128
62
113
83
101
122
54
133
81
146
149
146
71
98
70
74
99
117
88
87
66
88
62
71
84
147
67
71
52
53
128
80
109
109
47
47
69
77
115
41
148
125
132
104
122
128
72
122
112
102
67
82
113
42
145
144
134
137
128
56
49
39
42
38
42
27
29
35
37
43
51
35
77
46
49
33
76
31
45
33
75
56
45
35
70
125
83
35
89
105
39
57
68
83
72
50
74
111
63
104
150
166
74
43
106
70
119
42
132
66
56
29
36
120
132
44
28
131
44
51
86
68
84
104
84
45
98
56
15
27
62
75
48
63
64
44
57
58
121
115
123
62
58
60
19
15
6
74
70
54
79
57
63
136
123
77
103
132
92
71
85
68
88
89
143
40
67
79
29
25
93
83
124
134
82
120
35
158
169
161
14
64
40
93
75
139
125
119
121
121
100
80
102
42
213
61
104
105
57
111
81
108
59
115
99
98
99
50
71
47
171
88
76
65
136
112
100
121
190
113
209
121
67
72
98
98
86
59
40
113
86
63
55
85
60
58
62
127
28
117
90
77
165
149
99
83
135
116
121
66
67
102
112
123
116
73
58
30
123
272
124
63
112
117
65
67
69
95
63
79
101
125
129
101
58
86
114
72
80
160
114
99
65
28
79
137
172
79
97
131
112
70
5
48
87
138
265
270
261
284
249
62
56
31
79
52
54
51
93
172
144
134
67
177
173
72
121
88
66
108
99
85
112
91
39
89
85
93
81
86
106
34
129
174
243
65
68
71
52
51
77
56
66
100
87
62
108
100
85
90
0
25
98
76
178
105
69
97
103
104
84
14
62
28
104
89
86
67
74
62
66
68
120
40
96
73
51
69
96
65
58
56
208
163
79
80
106
204
100
58
56
74
13
60
63
67
69
88
151
60
118
98
207
154
60
86
64
65
94
113
99
100
124
57
131
151
3
47
34
37
91
247
54
73
63
113
62
64
44
44
72
84
24
81
88
121
56
82
88
49
82
59
51
91
89
87
59
64
188
171
74
211
111
45
80
35
109
88
62
70
138
150
147
143
156
174
75
154
155
60
70
82
117
52
56
95
119
238
184
176
213
45
166
93
98
90
93
82
87
193
83
83
108
52
56
38
45
43
97
230
94
141
218
77
59
63
64
45
82
67
50
44
186
84
108
105
114
84
77
96
124
130
77
145
59
58
25
196
101
234
88
163
108
94
103
105
126
59
72
62
97
63
99
99
66
91
97
23
46
93
77
59
47
88
79
88
252
77
96
80
68
136
92
117
56
70
35
37
63
74
61
76
178
174
99
46
25
25
243
67
103
87
91
103
104
92
72
74
117
81
75
53
68
152
77
60
76
51
51
53
99
92
109
73
74
87
97
55
109
75
71
108
98
114
90
89
68
68
54
36
109
99
66
110
105
43
56
79
18
69
113
93
121
76
92
138
121
128
58
43
79
68
91
64
71
60
95
39
89
204
58
66
74
86
75
95
117
74
105
54
105
84
117
105
156
109
166
153
129
69
82
57
115
156
147
81
86
49
180
94
141
77
117
90
83
237
118
82
31
65
83
84
67
102
173
179
183
71
128
88
53
59
76
71
68
119
208
96
86
105
96
40
11
173
121
80
102
51
56
54
42
87
81
115
73
64
37
68
43
77
75
72
69
93
117
84
80
81
46
109
117
32
126
99
81
94
192
75
62
81
81
102
87
91
58
68
105
166
53
104
75
121
81
47
86
94
90
70
85
158
82
76
109
80
86
91
54
29
48
64
74
59
70
66
104
50
49
3
91
118
126
75
102
75
171
159
54
110
145
76
100
104
89
93
19
55
46
112
87
70
86
78
63
65
68
69
91
68
80
78
105
-1
61
100
86
67
102
135
75
84
114
58
91
42
87
64
47
62
89
79
94
81
74
75
80
70
62
70
79
82
41
71
42
25
74
87
123
58
34
50
86
59
66
61
60
66
105
86
42
43
63
125
91
60
174
53
135
146
44
77
70
56
96
49
130
84
14
81
59
70
57
50
83
53
55
65
52
76
126
68
66
78
103
86
63
76
82
73
93
56
64
49
65
67
207
72
6
118
110
95
66
87
133
55
48
58
83
91
43
123
141
69
81
71
66
55
43
74
68
63
41
59
171
123
133
72
25
49
47
52
64
29
81
118
182
82
18
62
55
81
70
28
127
155
97
123
74
83
45
92
64
32
63
39
15
19
12
53
78
59
27
63
174
61
40
56
60
117
65
42
24
122
82
76
73
19
85
38
61
69
68
82
113
107
48
52
42
71
29
59
52
33
46
59
77
67
57
50
39
55
51
55
67
37
69
47
44
0
70
18
48
48
32
48
96
78
36
51
40
53
93
45
51
36
61
58
60
45
52
32
61
49
60
14
69
70
71
45
56
7
55
50
55
66
56
57
68
46
56
54
49
26
44
29
68
64
32
43
55
64
57
58
68
55
41
53
92
57
59
68
47
48
52
44
59
46
59
66
52
42
45
21
49
42
52
52
47
25
43
34
52
38
16
64
26
21
46
50
37
46
57
54
34
35
33
37
39
38
29
45
28
33
21
16
55
43
