68
53
53
52
54
82
71
57
73
81
38
57
39
46
41
31
44
63
58
59
58
95
58
49
33
55
25
39
38
37
39
54
41
59
47
51
38
37
27
32
29
28
41
47
39
44
27
18
38
40
16
17
24
38
35
23
25
50
31
46
67
41
29
84
110
18
59
108
129
163
96
176
125
141
163
121
142
131
88
168
93
36
114
83
144
138
65
85
130
196
59
60
165
39
21
52
50
68
54
5
47
62
44
89
49
154
38
102
125
114
128
74
83
152
111
126
105
130
65
70
161
150
117
158
96
163
156
56
36
58
53
166
183
169
179
181
189
116
206
200
186
89
137
198
193
210
114
166
107
98
86
114
89
121
138
137
88
68
146
108
112
164
154
86
151
92
131
109
180
164
185
184
206
132
162
186
138
177
181
197
147
182
172
119
114
106
131
64
61
31
63
41
32
30
68
63
78
67
116
89
9
152
142
159
186
95
132
147
154
165
69
207
147
218
206
204
101
111
115
121
95
110
109
71
117
100
79
126
166
117
146
66
82
61
197
156
151
132
61
74
100
180
189
41
223
197
187
158
190
176
128
194
135
132
158
112
113
72
194
206
201
184
190
117
60
49
52
48
57
30
34
43
47
51
71
38
91
62
53
40
121
36
82
44
108
96
60
42
151
181
101
85
79
89
73
39
100
128
99
81
160
109
103
105
192
60
134
79
180
124
183
114
193
169
220
150
94
174
160
53
28
192
55
54
84
86
215
177
60
84
140
122
38
32
137
160
123
129
108
46
49
66
173
144
163
156
124
114
66
76
20
239
227
233
141
89
76
213
170
134
152
89
169
175
90
89
199
211
214
79
147
139
45
32
141
99
168
190
212
119
36
98
82
87
3
145
109
214
144
211
172
101
101
102
102
147
94
70
120
131
150
144
128
168
145
157
101
159
126
110
104
113
148
45
114
261
223
182
192
180
128
123
115
160
115
181
113
115
133
135
105
58
73
146
183
95
86
123
95
58
108
180
88
185
38
95
107
206
147
177
177
137
181
87
86
85
122
157
107
73
87
33
178
67
184
50
193
162
146
144
144
173
94
224
125
153
207
295
173
243
166
157
167
132
317
358
195
85
161
104
128
40
173
252
148
288
3
127
220
52
59
77
62
57
65
39
35
5
40
17
49
40
31
52
51
64
362
90
85
347
116
146
173
257
276
179
237
163
81
171
217
194
190
237
140
46
145
99
77
420
415
451
306
255
344
385
262
157
156
210
198
89
157
259
1
56
232
57
87
217
219
276
248
311
287
3
65
44
202
169
194
167
369
350
352
311
117
151
151
134
67
302
292
364
442
433
127
105
276
216
103
50
9
5
23
248
38
51
63
367
80
158
79
200
83
224
82
98
273
101
125
67
251
143
155
117
153
72
174
101
44
39
34
31
271
95
348
387
90
135
133
121
77
68
61
142
18
178
170
145
123
161
113
56
81
96
118
140
142
75
74
162
86
100
156
65
156
133
137
96
220
177
90
106
98
122
140
145
140
95
96
122
91
422
404
115
196
118
121
210
199
89
93
86
104
108
111
236
257
225
288
272
114
89
171
144
113
99
93
51
89
55
310
89
206
84
115
134
149
276
279
42
291
286
64
51
135
83
241
200
235
250
259
211
110
119
103
120
158
142
27
100
153
52
172
84
131
123
122
155
85
84
162
147
272
111
220
220
53
152
102
51
60
88
109
104
72
198
158
157
98
174
201
203
159
114
198
169
39
124
38
168
204
171
67
68
106
105
243
56
26
31
80
60
242
228
196
219
195
180
135
256
86
239
245
196
138
74
228
168
90
118
59
76
185
139
155
150
224
254
228
138
173
271
301
219
277
30
192
179
160
125
57
84
58
46
153
212
224
261
99
72
14
153
241
224
86
176
180
98
107
113
117
92
119
143
179
361
286
74
183
52
173
59
94
86
128
133
145
103
190
185
217
231
208
269
89
89
126
241
112
120
115
108
124
85
121
133
127
262
187
240
90
205
139
163
185
115
181
93
114
131
94
139
213
219
159
191
111
132
132
102
103
231
33
108
249
144
116
85
79
143
76
80
164
60
4
36
109
123
242
105
114
122
180
202
224
188
213
98
134
158
2
225
192
186
111
122
85
67
246
76
71
86
217
143
54
116
128
227
75
132
26
138
107
156
197
199
97
151
193
90
210
205
72
111
82
105
159
259
260
177
125
108
189
152
183
164
161
175
165
50
82
104
116
291
267
311
143
287
257
37
231
92
95
260
212
160
97
95
116
80
49
169
129
183
190
112
6
37
91
158
189
237
161
208
114
152
130
135
218
109
177
104
208
57
55
129
93
82
68
99
144
4
135
82
198
262
78
143
36
137
112
108
181
175
125
149
141
130
245
106
138
61
64
154
55
166
68
184
93
293
81
72
231
83
117
112
101
97
106
132
74
162
81
64
193
126
76
78
95
142
30
193
95
124
154
93
105
141
49
136
115
92
-1
96
165
56
243
285
59
225
66
163
204
32
108
171
73
253
236
253
155
60
337
111
125
125
58
149
4
86
165
86
179
207
88
157
242
124
160
101
111
158
84
193
155
263
97
251
203
134
97
74
66
129
64
83
88
38
113
163
163
75
112
65
99
78
77
147
32
86
79
141
100
56
100
95
140
75
95
76
70
159
114
37
80
44
12
116
1
70
150
82
176
119
66
111
76
59
38
58
91
43
6
95
245
42
266
32
244
93
259
46
167
134
46
48
83
154
80
201
31
82
75
82
93
88
27
74
175
166
69
127
66
246
133
44
56
54
69
0
141
166
216
85
51
111
81
122
135
50
46
147
83
254
123
34
83
154
96
65
151
81
147
82
123
37
79
127
123
166
79
29
115
108
110
121
77
110
120
106
108
123
90
35
41
26
134
69
42
59
131
85
137
228
125
94
64
81
93
104
46
67
64
215
218
226
196
81
105
100
79
64
211
41
93
75
215
180
158
51
107
172
157
80
69
90
61
63
90
100
66
83
93
110
74
59
100
140
79
87
58
90
62
90
50
47
94
88
