213
168
165
164
176
254
211
195
234
232
129
199
133
146
125
121
148
168
183
145
170
250
171
150
97
167
90
86
127
119
121
138
96
158
117
131
114
71
68
75
69
76
105
105
85
86
58
25
70
63
37
42
45
75
85
58
59
111
75
141
168
182
86
202
266
40
161
213
222
231
197
261
196
213
206
169
185
247
119
209
241
122
133
160
195
196
166
149
224
179
117
149
172
98
63
79
146
196
184
28
126
272
194
326
194
409
182
344
291
400
394
262
372
427
389
378
384
395
213
210
383
407
364
416
333
495
454
263
194
207
234
414
397
496
488
481
378
550
529
505
470
351
322
445
481
528
314
376
310
293
281
332
323
396
461
481
314
285
390
299
485
436
417
305
393
314
360
290
470
403
492
468
563
376
468
397
380
437
495
468
-1
483
439
484
278
336
308
233
237
143
204
173
167
174
256
207
251
245
312
231
91
449
437
374
442
309
385
399
373
482
243
461
431
523
486
487
259
292
260
237
196
243
189
184
343
385
234
350
336
426
349
163
301
267
473
232
328
411
220
184
247
398
358
140
493
467
424
395
377
367
217
437
417
378
254
344
429
224
419
442
437
419
425
238
184
158
145
170
175
117
133
145
135
162
169
130
224
151
155
141
308
124
180
174
218
213
164
148
257
490
225
130
233
423
230
91
186
265
219
142
290
335
295
310
439
183
216
255
374
273
525
137
446
295
154
74
163
401
444
203
114
462
137
179
321
220
344
354
133
154
382
235
116
139
294
231
157
249
222
132
154
245
379
359
394
239
288
217
46
47
20
201
146
187
260
175
251
493
420
237
378
350
309
291
303
189
256
298
466
170
268
286
147
87
356
328
370
380
304
396
131
227
244
253
35
154
128
264
218
424
397
326
329
328
329
216
198
292
250
264
410
353
191
383
320
413
337
384
339
322
306
216
245
127
260
228
235
267
438
406
288
208
212
344
233
409
253
285
341
346
232
176
249
436
277
221
212
221
185
175
261
398
103
360
65
233
266
412
371
320
408
283
370
224
224
221
235
405
270
167
207
106
399
143
455
179
354
316
178
274
241
260
245
168
362
350
407
293
261
234
374
216
291
248
279
226
141
129
300
275
261
59
329
416
336
136
50
163
242
109
111
140
142
128
148
66
57
13
80
40
123
67
60
102
92
126
166
164
171
182
375
296
257
331
328
334
338
281
104
258
272
287
239
228
296
138
348
214
168
181
175
162
110
134
172
132
142
287
284
182
271
169
281
222
28
94
330
105
206
308
199
236
274
292
222
26
268
165
338
324
303
245
164
162
156
153
292
208
277
241
159
159
249
147
155
147
240
201
233
207
269
93
53
41
44
174
36
155
132
149
187
321
192
201
163
304
166
204
217
288
192
143
252
328
245
336
335
203
341
190
20
102
67
60
281
201
134
154
208
248
189
165
129
120
190
223
45
226
231
250
194
257
254
174
251
183
174
203
202
220
195
257
195
173
263
167
232
225
242
119
299
238
180
206
235
242
307
237
234
165
178
240
151
131
144
339
389
143
177
254
362
189
170
169
207
163
187
249
285
219
245
225
183
204
236
237
156
162
140
128
185
154
209
172
298
171
196
226
146
148
150
108
238
178
214
122
276
151
312
288
335
213
152
299
201
246
214
246
140
173
102
201
236
110
207
155
209
182
254
311
187
205
254
223
270
186
288
294
83
277
172
84
230
346
254
199
111
246
262
271
177
268
288
280
250
242
197
375
131
244
79
142
150
206
122
185
207
204
304
124
86
53
170
130
257
206
272
279
290
249
197
208
189
211
188
149
156
168
252
257
232
147
168
179
320
232
405
263
177
186
246
118
334
219
205
327
247
85
233
243
169
203
134
86
134
153
210
277
292
99
172
186
37
181
280
216
195
234
280
230
221
228
177
177
172
277
267
154
179
155
271
187
324
105
208
191
211
199
171
269
369
229
319
129
320
168
188
185
222
302
198
186
195
158
167
163
180
260
244
220
258
105
179
268
227
220
335
342
235
162
174
203
91
178
260
204
194
263
216
238
239
135
168
192
53
188
187
159
183
207
170
220
131
168
238
169
41
76
219
289
231
139
137
145
183
222
215
372
161
176
167
173
26
188
171
147
205
243
164
126
209
200
188
177
347
75
88
309
204
305
156
159
35
213
252
287
227
237
248
218
259
177
125
270
158
168
145
140
230
228
223
164
214
160
283
184
289
234
224
218
133
137
118
160
211
162
164
161
244
121
102
14
228
162
164
175
259
193
140
184
182
130
96
216
216
244
278
246
19
76
174
294
233
171
219
188
142
191
189
169
264
226
193
184
298
125
115
164
209
210
184
231
221
48
263
153
250
95
117
179
64
162
225
160
232
197
207
201
196
151
151
178
202
191
131
195
155
76
112
229
151
115
86
131
220
168
175
169
289
155
177
175
200
96
201
146
218
161
185
164
131
197
49
189
164
138
265
195
187
203
30
231
166
111
147
131
192
152
120
165
105
179
119
192
159
166
153
250
114
179
187
165
329
119
116
166
174
182
97
198
22
143
361
349
177
221
148
122
97
168
217
216
108
297
152
170
182
139
204
115
101
177
226
162
129
124
127
162
133
75
45
119
120
140
163
128
150
244
146
209
40
205
128
178
197
141
136
179
221
146
137
155
134
247
188
92
185
115
25
41
19
130
166
171
78
163
116
167
82
67
80
73
130
90
37
139
209
74
141
63
226
122
127
122
173
217
101
83
104
109
117
201
65
136
136
73
90
126
40
213
153
99
142
135
152
113
266
67
118
88
86
3
167
68
92
115
110
122
192
162
100
106
53
131
221
108
144
100
181
143
197
88
186
106
181
87
133
27
161
182
210
132
220
34
175
160
171
185
155
196
187
108
111
183
141
63
82
28
208
122
106
85
154
121
147
124
133
168
69
155
153
199
47
94
111
107
106
101
123
148
197
179
142
123
96
46
113
125
89
99
86
97
87
69
88
74
35
189
69
59
155
116
49
115
106
95
75
54
65
72
73
90
61
81
43
48
30
126
157
213
