97
83
82
76
81
115
97
101
94
84
70
88
86
81
83
65
98
99
71
77
48
110
80
49
41
59
43
36
55
61
79
52
44
60
43
47
38
27
32
37
36
46
35
41
33
33
27
12
30
30
18
14
18
30
36
21
33
44
32
79
94
45
24
128
92
18
89
108
102
84
88
90
68
92
74
79
70
105
70
95
81
45
52
34
98
79
92
92
106
48
82
72
64
20
26
45
85
84
50
4
75
132
98
141
100
127
102
172
112
144
134
148
149
127
123
124
133
101
109
112
122
105
125
136
113
147
124
101
73
121
122
118
122
139
120
133
106
155
118
129
130
112
111
124
128
139
91
115
119
120
118
115
113
117
139
168
132
110
166
93
162
113
111
130
130
114
122
90
130
123
130
119
118
123
142
133
127
101
126
126
154
129
137
152
128
148
124
88
123
93
92
100
98
77
107
110
110
94
84
96
42
163
130
102
143
82
109
125
137
145
130
159
126
128
140
120
145
152
146
125
93
100
74
89
106
120
130
111
108
157
118
83
101
123
132
127
130
196
86
82
89
124
104
82
138
107
110
118
121
121
82
112
166
210
86
141
103
102
157
152
149
148
114
89
99
84
88
96
90
77
77
78
78
90
80
65
78
81
77
103
105
87
96
95
76
85
137
115
85
122
95
67
131
131
114
46
88
85
92
59
110
137
154
170
117
55
114
89
100
126
128
46
123
96
46
24
59
112
106
144
92
123
125
95
145
154
122
165
58
106
94
84
24
77
106
114
65
95
115
58
96
105
136
141
161
93
86
129
14
9
9
84
85
88
97
117
143
137
104
75
112
120
99
89
131
62
93
122
126
94
142
115
82
52
115
109
113
112
116
143
91
80
88
97
16
81
77
96
109
122
130
124
124
124
178
124
70
59
102
122
185
90
72
143
109
118
118
99
183
168
172
138
110
62
90
92
88
94
145
124
133
81
84
104
80
140
91
120
120
120
120
55
92
109
95
139
132
87
109
145
106
142
13
96
28
107
85
117
121
127
112
108
126
125
136
87
84
144
82
80
116
61
124
56
130
109
125
165
84
122
138
98
70
68
126
108
146
88
130
117
125
117
137
80
106
77
54
19
117
86
92
27
125
122
100
58
23
88
118
52
46
58
62
45
52
32
35
8
36
22
58
38
31
41
42
46
59
80
65
66
112
119
118
125
123
165
112
100
85
205
94
123
72
82
111
66
112
70
66
48
51
57
32
32
70
46
51
126
128
88
148
74
112
85
14
67
140
47
67
126
63
82
111
124
77
11
144
81
114
110
98
88
50
55
51
52
132
73
114
62
61
68
91
41
52
49
89
77
85
67
112
37
16
11
20
68
8
95
68
52
86
90
84
79
67
113
77
61
93
127
128
83
86
112
86
84
122
139
95
73
5
61
46
40
105
79
40
43
71
99
75
80
87
89
100
86
29
81
86
58
63
78
69
83
97
40
70
57
51
86
108
141
71
71
125
59
65
83
74
58
115
84
98
100
85
111
101
100
93
63
60
103
69
50
44
97
94
47
68
97
116
66
63
65
75
54
84
90
109
90
84
88
72
71
91
106
89
52
61
59
148
-1
84
63
99
73
71
64
68
68
79
62
84
62
92
72
95
49
107
92
111
71
62
97
92
80
74
80
65
78
60
73
71
41
103
69
89
87
120
111
59
155
79
62
94
103
101
98
48
132
69
61
92
93
102
54
35
97
99
112
76
81
94
111
95
91
103
99
81
130
38
53
52
95
59
92
71
81
94
67
58
48
57
59
96
83
94
96
97
78
75
76
90
98
84
71
53
64
106
96
134
107
75
82
91
90
103
93
70
61
105
70
125
76
81
101
91
34
82
80
100
69
83
44
73
53
72
85
93
33
92
80
18
67
102
83
70
98
105
83
88
80
55
59
55
115
91
57
57
71
92
102
107
65
70
75
65
66
82
98
96
107
107
81
97
69
77
85
73
118
82
88
97
66
74
61
79
88
82
77
90
33
68
95
72
81
100
121
74
65
71
56
14
79
92
80
143
101
81
75
75
40
62
79
28
77
70
90
84
108
64
67
64
65
98
42
8
34
82
88
90
58
52
62
52
90
77
91
55
61
30
87
2
91
85
69
62
58
67
60
72
127
108
74
120
20
43
118
49
92
60
55
19
50
70
102
77
75
91
84
80
67
62
85
76
75
65
63
68
80
77
66
60
68
101
77
91
73
71
60
73
78
62
51
74
59
67
48
79
47
40
5
68
69
77
61
95
77
59
76
83
59
45
85
91
94
89
91
10
29
80
86
71
64
119
78
57
81
80
75
93
98
75
80
94
43
45
66
107
82
76
83
89
15
121
75
81
18
50
94
29
56
78
37
79
84
120
60
63
79
51
84
72
77
56
106
104
19
45
89
72
31
52
68
65
107
75
66
92
63
67
80
77
51
107
68
87
55
62
117
55
76
32
75
72
53
92
106
65
49
6
76
41
35
55
52
65
48
47
64
57
58
62
64
62
29
58
106
45
56
58
60
103
82
34
57
75
51
43
59
5
57
98
92
63
72
47
71
41
65
79
99
52
93
64
76
78
44
85
43
64
85
76
58
77
60
45
63
51
45
23
32
34
73
58
70
68
88
61
69
15
62
60
67
77
54
51
68
83
60
64
62
63
83
81
49
84
50
7
17
2
60
51
89
13
82
51
67
15
25
36
31
31
49
16
62
67
31
52
63
72
37
40
42
52
67
54
49
50
53
58
79
24
53
84
35
26
62
19
95
47
49
55
48
54
43
109
15
52
36
17
4
60
8
34
41
47
56
59
55
52
41
30
50
74
32
44
64
58
65
85
47
47
50
56
52
45
11
61
47
57
52
83
13
77
87
86
88
41
58
45
45
37
69
74
40
29
20
81
50
43
36
42
50
56
47
48
63
39
57
55
78
32
41
69
35
32
28
42
45
65
60
49
52
38
23
47
53
33
28
35
45
35
24
31
31
8
104
23
22
52
37
22
53
44
36
21
25
23
26
29
33
21
28
13
21
13
52
61
77
