204
147
143
147
159
220
188
172
208
182
112
164
106
123
106
95
129
196
174
147
89
157
136
118
74
107
59
83
105
101
114
108
78
128
106
113
107
71
54
68
58
61
85
90
81
68
51
32
53
62
34
35
44
73
61
59
56
89
51
141
234
44
36
272
207
42
181
265
300
300
260
335
254
239
268
264
231
321
179
306
281
204
162
159
240
220
205
223
309
185
191
146
258
56
35
82
148
153
63
8
114
165
118
210
93
240
86
269
230
229
243
188
243
251
237
244
263
261
149
131
251
262
246
294
233
318
269
152
137
134
170
286
295
288
263
255
274
232
254
270
240
130
230
272
259
293
114
164
201
158
169
162
168
172
263
257
229
196
288
169
225
250
246
215
256
236
182
217
248
223
228
208
251
238
282
289
253
245
224
248
268
227
264
255
189
203
236
151
127
97
109
96
101
113
175
189
201
137
206
143
36
304
258
239
261
209
179
237
228
228
179
264
227
278
268
249
276
273
262
332
175
172
147
115
226
202
224
244
251
210
206
147
236
175
252
298
177
261
142
130
163
266
259
103
293
219
219
184
240
238
162
216
297
320
208
263
176
140
284
275
276
283
233
161
140
83
79
109
98
63
77
93
75
102
119
79
112
95
97
84
240
80
105
101
114
94
176
111
185
236
178
186
151
192
194
90
175
245
168
125
221
200
221
274
245
76
162
136
225
237
254
151
239
251
175
81
166
215
226
162
99
232
205
112
199
273
349
328
132
242
185
212
119
91
229
294
213
310
324
118
124
135
252
217
287
243
249
317
65
53
31
184
245
259
295
141
239
298
225
158
248
182
265
231
185
110
300
342
281
125
-1
337
113
55
179
200
204
213
282
229
100
157
158
157
19
187
171
262
213
257
253
170
170
169
182
348
144
170
175
298
331
163
160
376
215
209
249
187
263
234
232
208
319
90
153
243
246
251
268
248
307
140
128
258
148
235
162
195
303
303
196
151
151
217
322
256
244
169
135
109
198
223
114
198
39
210
140
234
326
337
221
157
228
298
303
137
146
309
118
141
277
82
241
87
260
59
256
342
259
279
293
265
139
187
244
218
246
279
246
291
224
327
341
131
325
252
167
132
320
128
154
59
217
282
214
168
20
213
263
76
57
82
92
69
81
63
51
11
70
40
106
61
57
61
74
108
169
113
109
207
171
252
214
311
321
404
314
266
176
285
320
394
270
248
209
113
153
129
101
175
171
170
102
131
185
137
177
374
337
243
363
152
253
271
13
116
360
86
109
271
265
275
314
320
258
27
174
101
313
352
303
296
179
169
175
161
237
171
153
207
166
185
293
148
137
144
147
126
257
214
144
61
15
5
34
207
48
67
108
175
111
216
132
253
131
269
115
128
236
226
259
161
268
213
147
204
186
231
175
148
14
89
53
59
343
124
120
150
215
128
155
118
121
113
115
159
34
208
197
162
133
148
125
93
131
148
131
168
146
104
153
244
127
114
269
102
149
217
179
175
303
192
179
178
123
139
172
135
135
110
143
164
101
136
137
182
223
134
142
257
202
136
136
106
141
198
140
240
269
262
278
264
178
125
201
308
96
108
110
135
221
142
247
129
343
97
152
149
145
188
207
97
262
205
175
106
186
66
272
230
269
230
191
264
134
171
185
170
172
201
55
139
159
51
219
107
187
167
188
200
110
262
197
191
274
272
266
267
73
272
67
116
158
102
180
136
91
233
343
242
121
289
283
261
226
146
308
224
105
254
69
173
168
264
70
91
147
151
274
68
53
42
111
119
292
300
241
221
246
200
153
209
132
248
259
209
170
92
299
251
156
137
96
117
258
184
246
206
202
204
251
154
269
228
201
261
260
54
257
219
175
99
130
76
84
48
140
232
238
93
190
87
33
168
294
254
118
197
188
157
146
176
105
144
130
334
215
152
197
116
208
163
301
72
163
150
179
140
177
171
207
255
275
169
285
206
124
118
157
299
131
142
123
93
91
132
109
173
169
235
233
107
126
227
157
194
213
213
212
106
96
135
60
237
240
233
246
239
147
160
157
108
108
216
49
112
200
286
152
124
111
136
113
111
248
87
25
37
134
174
263
148
161
169
224
220
281
205
157
81
194
243
7
258
232
225
158
123
107
117
222
183
184
125
258
91
71
201
144
263
90
127
27
116
122
251
214
239
211
190
200
121
156
236
108
124
78
106
193
259
257
200
126
127
259
160
223
166
174
176
140
125
94
93
170
188
181
186
145
134
117
10
242
123
130
182
300
182
114
128
127
72
53
214
191
222
245
182
26
69
116
186
188
181
236
218
117
181
150
166
250
187
177
185
268
67
62
146
165
176
82
150
204
10
197
127
263
95
93
234
54
152
152
80
199
171
224
177
145
137
177
189
187
69
135
179
179
85
104
221
106
119
96
99
213
157
245
117
177
80
126
150
119
124
158
97
206
167
101
182
108
156
60
218
161
123
273
125
111
152
34
190
95
67
147
118
215
83
122
178
77
206
85
180
171
18
112
232
53
200
186
186
197
114
136
129
183
103
48
168
9
73
176
106
230
236
104
158
122
140
176
109
115
192
131
204
193
135
120
116
151
177
142
70
93
131
80
104
108
49
53
108
117
132
130
114
76
95
120
140
39
181
98
154
203
104
119
127
240
102
94
72
121
211
193
63
139
103
10
39
6
94
170
157
93
120
80
125
13
54
49
71
79
97
5
107
207
39
149
59
238
122
123
54
153
146
56
71
90
121
144
187
66
115
105
77
94
135
29
170
164
116
101
141
82
121
258
8
64
56
39
6
133
70
98
94
94
171
104
101
110
42
43
154
109
100
199
60
171
160
169
52
152
128
149
80
185
29
102
169
169
156
169
57
229
213
217
229
141
166
158
92
79
191
175
54
63
27
259
98
97
50
145
116
181
121
157
143
59
170
84
167
31
102
121
115
126
124
132
103
196
146
128
135
116
45
112
138
115
124
83
117
94
83
103
73
32
228
71
62
150
112
48
158
106
99
52
59
70
96
74
86
21
99
40
48
34
146
189
178
