122
94
87
83
88
125
119
103
130
123
61
97
65
75
69
63
74
124
90
91
80
128
82
77
48
68
45
61
67
65
66
71
52
96
71
81
77
57
35
46
39
35
73
69
60
62
36
15
43
55
16
18
32
56
52
36
42
76
44
80
125
52
38
153
157
32
92
168
184
213
147
237
184
201
206
185
191
209
127
220
163
82
110
124
187
188
114
141
208
221
116
102
229
49
26
69
92
119
70
4
73
90
62
118
54
203
45
159
167
146
180
97
127
189
154
175
156
174
94
82
205
201
172
228
144
228
204
93
67
81
83
223
214
226
226
223
234
157
250
245
232
104
183
261
241
279
141
196
137
135
119
129
114
166
194
191
137
123
202
133
152
215
220
147
229
143
176
160
229
204
254
212
241
193
229
226
209
218
224
239
188
218
255
182
161
152
191
94
81
55
84
61
56
53
105
92
117
82
162
104
8
224
201
214
243
154
188
195
228
215
114
259
164
257
253
261
164
188
168
188
145
165
138
91
166
139
122
159
235
163
183
105
141
98
231
231
198
188
85
103
154
206
245
67
283
236
227
183
233
220
157
224
176
201
196
176
143
101
306
294
296
298
251
140
88
65
57
63
74
38
48
53
54
66
85
45
114
71
63
61
173
52
103
57
144
99
94
69
171
246
139
112
118
146
132
58
141
181
162
120
208
157
144
178
249
84
184
82
230
210
234
118
230
205
228
128
147
225
217
91
49
229
103
67
149
149
289
265
89
148
187
175
71
56
171
236
163
185
172
68
87
98
243
224
255
204
170
196
56
79
16
211
247
283
211
130
137
281
219
171
242
135
220
206
127
113
272
280
274
99
259
227
55
40
174
151
203
245
235
153
58
152
128
145
9
176
123
279
163
253
239
147
146
147
141
303
139
123
182
173
218
194
173
273
209
180
150
206
172
161
147
151
222
70
172
288
243
226
272
262
212
167
151
223
160
259
115
135
217
218
164
108
92
177
241
147
160
163
124
83
162
244
119
221
49
157
140
256
201
251
234
177
226
167
152
147
179
235
148
117
139
50
229
83
262
54
251
257
250
231
261
267
119
265
179
205
265
407
210
352
236
279
237
157
467
442
213
119
282
153
170
52
240
324
214
309
8
154
255
74
70
86
90
80
87
56
44
3
58
26
73
46
54
62
72
97
309
115
119
318
147
237
230
386
398
260
318
263
159
291
295
344
263
332
222
62
192
135
108
352
344
333
256
196
387
250
292
298
278
270
336
148
238
394
3
67
340
79
127
267
312
388
449
383
459
18
115
51
305
276
258
239
340
368
369
316
163
163
193
191
104
330
469
289
281
294
158
127
454
403
154
64
12
9
40
303
42
61
108
323
123
201
131
264
123
313
121
140
315
168
187
110
357
211
187
146
216
143
212
154
34
68
46
37
369
142
271
312
150
187
174
175
136
131
88
205
27
210
212
192
157
168
146
79
117
133
157
177
171
102
101
260
136
133
269
103
199
179
180
175
300
215
122
144
135
158
203
191
169
117
153
153
112
255
308
133
214
185
171
299
233
136
134
110
149
198
160
298
321
332
386
385
174
139
221
256
131
142
141
81
186
84
452
120
289
120
159
153
163
401
359
71
388
321
117
77
195
108
287
259
293
387
371
295
126
158
152
155
234
187
35
156
222
68
278
115
202
191
195
212
116
143
207
191
376
181
278
279
77
240
149
61
90
110
173
132
114
268
230
219
122
242
259
257
235
140
420
208
82
172
52
231
225
323
87
93
158
165
306
79
47
31
124
102
336
346
256
271
254
226
146
339
125
486
-1
286
270
88
308
233
113
161
92
102
248
166
219
193
388
413
303
174
223
360
341
276
354
42
258
275
240
145
115
127
86
57
175
256
308
206
137
86
25
192
310
370
114
235
220
149
143
152
121
138
159
210
238
236
295
102
226
84
245
82
124
106
193
170
260
157
218
277
295
303
302
415
118
117
160
323
158
174
154
141
137
120
152
204
196
349
217
308
125
277
182
190
229
186
218
113
138
172
120
187
246
420
264
255
147
184
184
140
155
306
41
141
267
279
178
129
109
174
124
131
242
87
13
43
139
188
346
138
149
162
241
248
286
227
271
138
175
319
8
404
357
365
171
145
138
97
349
133
131
129
293
156
63
186
147
285
82
154
28
155
142
227
257
282
146
208
232
122
296
250
93
126
106
130
218
300
310
239
144
151
285
221
247
206
221
215
272
86
126
109
136
368
330
320
204
251
270
43
290
122
123
270
323
220
126
147
138
104
53
224
179
232
263
174
11
60
134
195
228
352
261
269
158
182
170
167
300
161
222
160
282
75
73
171
148
142
93
144
266
11
213
110
269
222
99
198
51
149
133
137
231
213
209
188
162
146
294
162
206
78
96
250
87
137
103
262
132
277
107
92
284
115
216
148
149
111
147
169
96
188
138
107
242
177
107
140
125
188
57
267
138
156
238
127
134
192
57
195
118
100
245
111
313
75
270
348
80
289
101
181
253
38
138
221
77
358
328
318
200
88
259
125
185
127
63
194
9
100
203
108
249
268
124
360
259
169
208
140
128
202
122
292
216
293
165
245
232
203
159
104
104
165
98
120
121
47
137
200
215
92
128
106
114
104
119
155
30
118
100
167
160
77
137
144
242
108
121
80
101
231
157
44
125
68
16
107
4
95
189
117
166
141
90
136
74
71
57
69
119
76
5
130
265
47
251
40
286
119
270
69
177
163
81
76
100
238
102
248
47
112
104
108
117
119
29
105
211
187
99
166
103
221
202
55
71
62
98
0
159
147
212
117
77
136
122
135
210
55
64
181
97
170
167
34
123
197
151
73
178
97
193
109
164
33
92
160
154
149
108
41
166
155
163
174
109
113
158
115
124
168
136
56
60
28
186
85
66
66
156
120
184
203
178
118
80
114
102
129
52
98
92
237
247
251
184
112
160
129
111
81
239
53
119
109
153
181
184
83
124
187
172
102
67
133
94
87
137
156
78
100
126
137
84
72
133
130
118
111
61
129
63
107
50
75
144
140
