184
149
150
145
160
194
178
151
198
181
130
170
124
129
113
98
134
145
147
134
148
206
150
120
85
126
63
76
102
105
100
110
78
140
105
117
92
59
55
64
54
58
98
98
80
80
51
34
76
83
39
33
45
78
113
57
54
84
78
151
166
146
106
188
234
56
160
177
181
222
181
232
182
190
181
148
155
214
108
206
227
119
144
140
183
169
156
151
192
159
122
131
163
133
83
74
119
181
161
59
104
236
183
281
171
392
175
299
254
382
345
239
300
386
382
394
303
361
202
219
369
431
357
408
325
528
443
239
221
190
216
390
328
470
450
435
369
420
421
415
382
251
299
428
375
394
216
273
273
280
277
304
316
338
351
440
287
318
371
306
445
440
392
278
338
264
312
289
443
382
357
340
435
317
367
397
317
380
346
341
431
370
407
377
258
281
281
238
203
139
202
178
171
154
243
217
202
222
271
223
101
411
428
329
359
283
261
381
292
429
188
360
-1
419
361
378
220
236
247
216
158
218
200
157
286
369
203
350
293
327
286
137
247
254
381
225
279
293
188
181
220
345
334
126
409
331
336
295
345
324
196
340
321
317
245
292
301
212
307
324
332
321
314
196
164
162
150
139
159
121
133
131
136
152
182
122
261
148
160
138
303
131
181
166
221
211
165
143
222
354
190
132
197
300
202
77
171
269
203
128
270
313
246
244
315
144
250
275
371
225
382
116
323
278
150
79
147
291
388
175
118
386
130
159
266
190
324
304
110
134
374
221
92
146
280
173
143
240
196
112
127
228
277
262
272
197
252
171
44
37
20
166
153
195
221
172
226
355
347
250
322
251
328
282
284
219
243
278
377
172
227
220
136
100
287
275
289
330
272
287
139
181
180
188
29
145
104
228
180
340
295
265
265
266
245
180
193
308
174
250
297
258
178
281
343
366
358
290
272
270
249
230
220
113
202
214
198
251
320
279
192
182
169
340
190
286
208
239
257
256
189
156
224
339
241
235
180
213
171
157
217
299
83
292
64
191
195
335
271
277
298
242
300
193
195
202
224
316
209
135
176
101
358
107
371
148
308
257
144
248
204
227
260
145
336
287
326
231
251
213
276
188
253
208
232
203
132
102
231
191
225
59
287
323
256
134
40
148
217
91
80
106
101
89
120
61
53
32
76
34
88
62
55
86
80
121
165
150
138
156
312
266
238
264
261
260
293
209
106
229
241
257
206
184
232
122
236
163
122
166
165
161
115
133
160
140
157
244
207
202
218
154
196
188
34
77
249
100
150
272
200
232
214
269
208
27
264
178
265
257
259
222
157
156
156
137
217
182
213
230
136
158
225
134
140
138
189
156
222
179
216
72
30
18
34
157
37
143
135
169
180
290
169
186
132
257
154
151
205
216
174
117
219
240
202
250
242
163
259
166
13
83
60
52
233
163
119
144
170
194
178
166
109
109
152
179
47
218
211
187
182
225
189
185
199
159
149
163
166
176
164
218
155
142
210
128
221
196
180
90
241
198
161
159
178
207
245
200
204
148
168
202
126
121
140
273
338
122
136
222
308
150
145
141
173
131
165
210
232
209
235
234
157
140
216
186
157
151
147
112
159
126
182
132
255
134
164
211
129
132
130
82
233
186
156
117
221
117
259
239
301
191
151
276
177
197
189
193
133
140
107
170
176
79
174
116
148
136
198
253
153
173
215
213
228
132
241
258
87
192
128
77
183
262
214
141
125
231
211
216
137
250
289
273
218
192
180
317
112
196
66
130
125
175
137
163
158
155
264
124
85
66
133
119
241
195
236
245
276
284
185
180
152
168
164
142
118
123
234
207
166
124
156
166
257
185
335
186
157
163
213
97
274
212
181
261
219
62
228
182
135
176
115
93
112
99
181
233
237
101
174
141
38
157
244
192
152
194
227
166
199
181
152
156
165
234
209
147
169
144
226
158
229
79
175
201
183
154
148
202
292
177
260
115
259
157
157
153
191
242
156
148
160
132
134
142
157
208
172
191
257
90
133
230
183
232
287
265
179
125
141
161
111
142
219
172
161
223
164
187
188
98
146
172
51
204
162
135
124
145
132
157
117
143
196
123
29
52
189
225
190
121
112
113
172
201
203
313
145
139
141
143
13
161
156
146
183
215
126
103
182
144
178
121
286
81
73
273
193
246
122
129
36
153
202
233
206
227
221
181
213
141
114
232
134
144
126
112
186
202
208
162
181
140
235
179
228
201
213
207
129
130
100
114
185
154
155
154
191
110
101
11
200
129
144
141
216
154
138
141
169
101
78
192
184
209
253
191
20
67
149
225
202
151
174
182
138
177
135
146
202
215
173
141
259
81
120
150
140
161
132
170
170
26
188
143
204
93
102
158
70
169
179
97
190
173
181
146
169
138
150
161
160
147
130
146
161
65
98
182
111
101
83
116
172
163
150
124
242
118
157
166
180
87
147
100
197
132
116
118
134
149
44
183
141
135
209
151
139
198
27
212
138
93
147
130
158
123
102
152
100
165
86
196
160
96
156
234
90
182
177
164
327
114
125
162
138
138
72
182
17
121
260
226
156
183
128
119
87
143
191
149
107
227
140
153
180
136
162
99
100
158
180
116
125
110
103
136
114
56
52
104
108
117
134
117
126
180
116
178
38
164
124
160
174
106
121
164
163
126
114
126
128
229
198
75
166
114
47
43
20
130
143
148
79
124
101
139
60
78
77
77
97
77
23
108
190
66
122
57
194
121
115
84
143
178
81
57
106
99
125
176
40
128
100
64
85
127
51
191
136
85
140
127
122
100
219
45
91
74
65
0
140
63
95
87
104
114
151
130
96
69
59
120
158
110
129
106
146
124
167
71
178
116
152
99
127
28
115
184
196
114
183
26
167
144
141
150
126
166
187
109
102
156
119
60
71
32
168
126
84
89
145
128
130
121
137
155
64
143
116
184
53
111
92
102
114
105
108
181
152
144
116
110
97
38
103
119
86
96
75
85
81
71
98
64
29
174
68
52
124
86
51
105
97
89
69
50
58
80
64
70
47
75
48
48
31
91
129
162
