70
70
45
44
63
76
83
67
88
81
42
70
39
39
39
29
40
87
65
48
57
82
47
58
42
65
25
42
47
46
49
40
27
39
72
73
66
44
40
40
33
30
80
79
83
83
36
24
49
67
27
22
39
57
67
39
40
57
47
43
57
52
54
71
102
42
45
63
75
74
42
81
64
69
63
57
59
63
57
72
52
35
32
21
73
68
47
70
77
63
55
69
51
69
43
60
73
124
84
11
70
49
43
76
34
106
39
109
69
91
92
81
85
104
94
104
102
109
63
56
83
103
99
130
84
113
106
56
51
55
65
106
97
124
121
128
131
125
139
156
144
90
101
153
153
154
85
98
76
78
87
72
50
86
114
124
66
91
106
74
97
117
129
69
114
86
117
76
125
101
140
100
145
101
151
94
138
141
120
155
112
119
132
148
86
75
91
49
51
18
54
34
36
25
56
52
47
47
89
60
7
93
124
125
138
81
108
99
125
113
74
149
98
143
146
145
78
94
85
91
96
143
112
88
89
87
84
72
118
148
89
88
70
52
138
93
118
110
45
63
68
105
135
60
157
110
123
97
149
151
59
133
96
102
64
76
101
55
151
154
156
162
145
57
68
38
41
46
48
28
31
43
40
41
48
33
68
51
47
43
70
46
49
38
62
55
47
43
63
112
88
53
111
84
44
57
83
83
109
52
72
120
76
96
140
129
80
61
109
82
116
50
139
73
69
26
27
127
114
59
32
129
45
44
72
81
104
103
75
60
96
53
12
30
71
82
59
84
76
63
70
74
122
100
95
55
68
75
21
9
4
74
68
51
90
91
80
164
108
108
115
122
105
79
95
66
104
102
144
49
104
92
30
29
92
99
133
150
95
112
44
160
161
128
6
74
49
93
69
161
102
129
129
129
83
90
110
66
156
79
92
103
82
112
112
127
51
104
89
86
90
63
88
53
163
80
82
65
160
132
88
131
121
140
149
121
57
59
102
99
88
86
33
85
97
67
62
84
65
67
73
129
23
128
59
96
114
158
91
98
132
125
139
86
77
133
119
115
125
81
62
44
133
108
124
47
101
103
66
79
80
86
68
81
136
110
123
114
69
98
127
89
94
142
124
108
70
24
76
106
169
48
133
126
124
67
3
48
93
56
69
96
98
86
102
49
42
9
63
32
68
44
50
73
81
96
74
118
121
79
94
72
63
109
120
99
112
92
53
103
100
108
104
81
118
38
115
109
107
81
80
74
51
49
81
70
71
90
87
89
101
120
70
82
2
21
114
93
103
101
64
108
113
102
99
22
69
26
103
97
98
66
80
82
83
72
95
49
77
106
65
79
107
69
65
71
151
118
108
88
110
59
18
10
21
78
19
67
105
81
68
103
122
73
115
103
136
142
92
102
79
95
102
95
74
82
113
56
131
141
7
54
40
58
111
131
58
70
89
130
78
106
54
49
84
85
28
92
86
122
59
69
59
63
85
86
77
104
98
83
62
90
126
128
90
101
131
42
62
32
116
84
71
89
112
126
143
124
134
103
95
148
98
58
72
73
118
59
67
105
91
148
134
99
138
60
132
95
106
94
97
101
118
156
95
88
87
53
52
52
65
45
105
134
106
111
140
72
81
80
77
37
98
69
65
55
166
76
120
115
121
94
91
112
112
148
102
120
57
74
31
130
103
90
94
96
114
118
120
116
88
74
69
65
107
74
115
94
84
75
90
28
50
92
84
54
69
106
86
89
123
77
111
93
94
106
111
119
57
82
34
31
61
82
47
65
131
123
110
48
34
35
123
68
107
97
105
95
109
96
59
82
107
93
103
74
66
99
97
81
78
71
62
64
96
81
126
86
85
81
97
55
94
95
79
97
101
79
108
91
93
68
77
43
96
82
68
114
105
40
81
82
18
76
99
91
81
84
89
122
120
132
55
49
76
92
98
68
77
69
97
34
87
91
59
82
99
63
66
95
125
88
104
70
103
96
108
103
121
99
146
145
125
97
94
63
112
141
143
97
98
50
109
94
136
88
121
126
99
129
112
71
64
69
87
103
75
93
157
135
136
89
113
85
42
76
76
93
64
123
99
95
92
116
94
46
19
49
101
97
98
46
54
53
56
85
95
122
77
53
31
85
6
98
89
95
63
105
101
90
86
73
58
92
109
28
74
100
79
87
106
81
33
64
65
117
95
100
89
82
104
127
67
105
78
115
78
38
104
99
103
79
68
121
88
82
93
89
96
89
71
42
48
49
59
81
86
75
107
63
55
3
93
116
117
67
101
67
139
148
49
77
74
94
102
118
100
94
15
80
63
127
95
84
87
88
71
85
66
70
90
80
83
94
117
74
64
120
85
73
101
112
78
18
117
69
87
37
90
70
48
73
86
87
92
82
81
82
73
73
82
88
69
81
64
75
52
27
-1
102
116
59
40
65
86
82
76
60
72
58
113
70
38
44
59
95
95
68
135
54
117
142
49
93
99
95
87
62
87
76
12
77
50
85
68
75
89
57
57
78
52
90
111
83
83
55
105
87
74
90
82
80
86
85
59
56
69
45
64
81
9
95
113
80
77
92
121
78
57
68
92
90
69
136
118
88
72
78
55
47
60
74
72
66
58
66
122
128
133
59
22
47
44
51
64
45
92
112
116
69
12
81
79
66
89
31
118
146
107
130
100
80
67
95
69
33
103
46
16
26
4
50
77
71
21
66
102
77
43
52
53
85
69
64
13
118
82
55
66
22
91
57
72
97
83
71
75
77
82
66
42
73
26
72
57
31
46
54
53
57
63
57
60
65
58
59
81
37
68
48
31
1
67
15
56
48
43
56
72
64
43
47
49
51
69
46
41
31
94
67
92
54
71
45
73
53
57
13
52
68
67
62
78
6
73
71
72
77
77
67
58
48
52
65
58
40
38
37
83
90
42
47
73
84
67
59
65
68
41
67
97
70
51
106
70
61
56
51
56
52
55
74
59
45
58
41
43
49
47
54
55
34
49
37
50
43
13
71
29
24
57
54
35
49
60
52
42
39
32
49
48
43
37
45
23
30
18
14
46
46
