197
163
156
153
161
215
202
188
222
205
130
180
134
129
121
109
140
177
180
139
178
218
154
136
80
132
74
92
108
110
116
132
101
161
109
125
113
89
54
75
65
60
118
118
96
105
52
33
89
99
29
33
42
71
121
65
66
117
69
132
165
153
114
202
285
67
140
180
201
230
158
254
193
193
202
144
168
206
124
244
212
140
133
143
185
184
154
165
237
192
129
165
203
143
95
96
154
227
188
53
126
226
182
275
143
435
155
309
320
342
330
217
298
390
376
395
340
393
213
216
424
423
397
513
382
495
512
235
220
167
236
474
456
574
564
576
552
479
561
572
577
288
381
665
576
592
414
454
295
310
300
365
300
406
453
436
294
373
375
297
396
506
512
271
418
298
425
348
533
478
529
444
552
419
514
440
505
555
462
549
439
477
-1
557
277
269
346
204
185
136
186
134
141
126
206
211
209
205
309
195
68
439
469
459
495
379
347
424
429
503
211
574
407
531
514
522
255
264
247
271
200
291
246
218
316
341
255
317
474
459
365
166
259
254
541
257
406
335
175
212
270
445
512
127
606
474
496
389
511
475
253
528
312
368
303
324
331
216
498
485
499
467
519
241
179
131
133
147
151
97
112
99
96
135
179
98
244
138
135
117
321
130
196
133
258
204
179
141
347
470
235
122
248
292
213
86
259
301
251
205
399
366
261
285
484
180
346
256
515
305
450
132
463
374
216
114
188
454
462
180
108
514
151
156
279
244
369
382
126
146
412
289
119
117
345
209
161
238
227
145
141
265
377
351
372
298
321
203
52
74
20
180
227
254
261
176
224
576
420
382
424
298
389
336
314
231
282
297
606
195
264
269
132
81
432
339
415
501
369
354
121
285
253
240
39
167
124
262
203
556
380
363
363
363
246
209
240
325
269
231
302
366
280
350
397
446
302
414
289
274
261
242
265
131
307
244
217
359
472
443
242
295
265
460
286
423
196
206
311
313
240
240
193
375
308
230
206
318
197
157
277
390
169
424
82
250
264
496
306
317
430
323
413
234
224
301
336
416
363
176
181
94
460
153
518
127
400
354
205
291
263
264
280
226
436
455
465
336
320
264
386
232
263
311
361
303
185
163
288
284
321
74
433
420
390
204
47
144
279
97
109
127
136
117
146
72
57
29
75
46
113
75
73
101
104
153
207
192
178
246
318
381
352
359
368
279
390
300
112
334
340
342
307
249
364
123
367
227
166
238
220
213
153
164
220
181
184
304
286
269
301
207
248
246
32
85
365
120
203
338
261
315
344
332
296
34
255
130
365
335
312
297
236
242
239
187
271
245
324
314
171
209
315
205
185
180
288
217
291
240
260
86
39
23
46
216
46
144
164
193
208
395
215
263
167
360
199
229
242
314
192
172
314
365
311
303
367
185
367
239
26
99
73
61
310
201
164
201
254
311
240
293
171
154
196
275
42
307
305
305
268
296
249
260
299
273
228
289
290
254
181
307
219
212
314
148
299
256
271
138
328
306
219
232
279
304
362
337
333
173
238
301
194
161
202
287
457
161
224
352
354
208
215
184
234
232
242
278
281
296
316
313
276
215
300
244
203
222
197
138
193
137
272
182
309
182
242
290
143
204
196
113
261
269
218
141
332
206
369
329
349
270
238
360
236
314
259
254
151
163
90
226
324
114
288
163
252
225
275
329
173
202
270
274
317
182
322
351
100
249
250
77
172
312
257
212
180
339
239
253
194
319
374
360
297
243
265
414
139
208
87
189
158
237
162
184
236
244
380
164
92
72
193
163
327
302
368
365
403
342
191
218
196
244
255
169
193
151
303
278
186
190
198
206
349
222
426
261
244
231
276
126
322
258
222
344
290
80
335
282
182
215
181
159
130
155
206
336
316
139
163
166
46
248
331
249
169
271
293
237
260
254
215
190
221
248
307
215
223
167
317
158
293
103
189
214
246
274
203
248
409
240
349
184
355
254
191
198
258
365
232
227
238
210
213
220
265
287
246
240
312
136
188
294
266
357
417
350
266
170
224
249
219
180
274
247
223
317
255
294
292
203
221
273
56
263
180
217
179
203
157
259
166
206
283
165
33
79
232
309
270
131
124
140
274
236
275
426
221
223
234
215
19
245
217
208
243
340
171
135
233
188
191
176
337
112
94
318
245
294
144
232
48
255
257
326
262
319
265
241
321
201
159
304
161
202
204
156
268
284
299
208
248
202
289
260
331
264
281
275
177
139
134
184
206
231
210
201
287
170
167
19
270
186
214
186
278
195
198
206
188
120
96
275
230
294
339
256
23
97
261
379
284
219
252
248
197
217
225
209
255
202
258
218
337
121
144
224
189
188
200
216
228
34
281
189
282
149
158
172
72
214
208
182
271
247
217
212
242
184
201
243
220
204
127
213
135
109
132
261
180
157
122
171
236
186
194
189
222
177
203
226
176
129
168
139
280
230
160
161
194
251
65
249
189
204
261
206
194
264
42
307
168
141
172
230
240
198
175
197
128
244
121
257
246
166
181
306
122
225
226
210
362
138
184
221
200
168
81
234
23
129
343
260
239
268
193
178
131
194
262
186
165
362
164
227
239
189
235
180
148
208
219
180
176
181
134
194
202
75
74
144
146
138
204
139
178
242
160
203
38
235
206
216
252
151
183
222
214
166
162
142
141
285
235
70
190
135
43
68
25
149
208
199
121
170
133
206
111
102
90
91
154
111
30
153
236
97
174
54
246
194
150
114
216
226
99
80
198
132
137
219
65
180
129
91
136
172
61
186
157
121
207
192
185
137
239
91
127
104
136
6
216
119
132
116
160
135
181
208
121
117
68
163
200
134
157
101
201
168
208
113
229
105
220
122
185
34
160
225
214
132
198
38
170
154
157
172
166
180
194
140
144
159
137
80
91
43
217
166
99
96
183
170
160
150
181
172
89
151
172
178
60
157
127
142
158
140
151
179
173
187
142
123
136
65
143
112
123
131
123
104
126
89
123
98
44
181
94
72
158
120
77
109
133
125
92
64
70
105
96
99
62
105
66
76
43
121
160
209
