78
83
73
72
70
85
79
76
83
73
73
82
71
66
68
60
78
62
63
61
25
64
60
76
72
83
57
54
86
82
50
64
47
38
76
90
92
61
79
84
88
80
78
74
87
70
80
63
74
78
65
56
64
77
76
80
71
66
79
69
61
19
39
69
68
20
63
59
67
53
55
61
51
55
44
41
40
49
43
55
61
25
41
22
44
48
69
59
68
44
54
58
47
48
36
81
63
87
55
5
98
84
70
91
54
69
61
70
83
79
74
60
83
75
57
65
67
73
85
83
87
81
70
86
62
86
71
48
21
82
73
77
79
80
68
71
74
65
62
64
67
54
73
71
59
79
33
60
80
62
66
54
60
57
69
80
85
47
86
57
75
76
62
59
82
70
63
32
72
74
61
57
62
66
72
89
73
64
62
64
67
62
75
75
66
80
72
44
77
44
56
51
62
40
56
72
65
45
63
62
17
77
80
70
63
40
63
72
66
72
63
60
62
70
69
62
77
70
69
86
90
84
87
53
64
59
93
78
74
61
69
89
61
90
69
65
75
69
52
79
65
80
78
68
72
57
68
62
65
67
65
58
53
68
66
70
68
50
65
68
60
62
65
71
89
59
54
52
49
51
52
50
53
62
59
50
60
64
56
44
74
58
66
62
56
52
67
60
68
72
65
53
42
50
56
84
70
54
81
62
73
66
48
72
75
47
75
38
63
72
60
30
59
74
37
25
38
66
61
57
53
62
57
48
61
65
67
73
89
57
63
51
11
45
79
49
42
56
70
70
86
56
61
55
58
67
69
70
20
14
7
48
66
59
63
74
71
77
53
63
73
61
88
87
67
49
56
58
75
68
61
70
42
36
67
65
58
75
66
61
65
78
68
80
18
63
54
60
51
67
63
62
63
63
68
54
67
28
72
64
60
52
67
67
59
59
72
61
61
60
61
57
60
37
70
54
52
65
59
59
62
68
58
58
66
63
46
43
68
68
54
43
55
57
67
58
67
49
45
37
61
59
15
55
55
70
69
67
69
64
58
61
64
81
82
63
65
69
43
74
81
82
66
51
80
30
61
58
62
56
67
58
41
57
66
70
75
60
81
66
58
48
58
69
58
58
43
18
66
59
66
60
61
66
62
47
0
52
56
55
47
52
53
48
57
101
96
23
79
40
96
-1
56
46
57
64
50
62
55
54
54
79
67
69
66
63
71
61
35
66
58
59
56
57
59
58
60
65
53
49
41
47
33
28
50
41
46
64
59
54
59
76
56
49
0
38
65
79
57
56
59
61
71
68
56
16
72
33
67
67
62
69
39
43
43
46
69
54
46
36
42
50
57
41
45
39
68
55
51
57
63
45
7
3
50
49
2
29
69
43
47
51
69
63
73
67
53
53
53
78
57
86
60
65
55
45
65
51
59
73
7
58
44
42
70
56
31
43
57
54
67
51
67
62
66
58
76
66
61
39
44
42
38
40
37
20
50
21
17
35
82
59
58
58
61
64
49
53
43
33
66
56
77
71
58
64
73
64
58
50
54
54
51
36
45
53
51
37
43
64
63
57
52
52
54
29
61
55
51
53
54
52
64
57
64
63
35
60
53
40
45
38
54
55
60
50
60
61
35
43
38
60
50
39
57
90
74
37
55
55
56
48
46
53
48
58
60
50
53
46
32
51
28
38
52
53
50
51
53
53
55
67
53
42
58
42
59
57
86
53
30
49
45
49
62
37
41
70
51
62
57
57
59
57
52
48
55
54
94
65
57
26
47
59
37
30
60
60
64
27
28
29
54
62
61
60
46
60
59
51
48
49
46
58
46
55
45
42
59
64
39
33
46
54
54
53
62
54
45
49
61
51
49
51
46
61
55
33
52
51
43
31
58
40
54
10
45
48
60
23
56
33
22
42
70
54
48
65
59
58
49
53
18
43
32
62
52
45
49
52
49
59
65
50
36
53
41
36
47
52
50
63
67
42
63
46
48
48
48
67
52
52
57
23
29
48
49
62
60
47
50
27
59
48
49
50
59
50
48
54
47
41
17
52
49
51
60
56
61
56
56
15
51
49
64
41
42
45
45
58
55
28
57
54
59
16
4
26
36
56
51
52
49
54
31
47
55
54
40
27
22
44
1
50
51
45
29
51
45
75
41
56
59
49
57
27
49
54
26
57
54
52
29
32
40
52
44
46
49
51
50
48
38
50
51
48
43
26
47
50
55
37
36
54
44
50
48
38
40
43
40
40
36
27
50
35
37
33
61
33
30
4
47
48
46
41
47
52
47
54
50
41
35
56
49
50
55
45
25
44
50
51
46
44
53
43
52
39
42
44
50
57
41
45
51
51
31
60
49
48
42
57
59
0
53
47
52
33
35
51
83
44
53
28
45
49
55
48
47
37
33
55
55
40
41
45
76
25
44
47
48
35
32
52
44
60
62
41
48
36
44
38
51
47
52
50
43
40
45
43
47
60
89
46
57
38
52
48
50
38
11
58
36
34
40
35
45
36
34
39
53
38
39
44
40
0
45
61
32
42
42
44
55
52
38
32
51
24
47
38
18
41
55
46
45
45
36
40
27
48
41
51
40
50
65
36
46
39
35
34
29
54
45
39
41
36
48
43
33
38
26
33
27
54
30
41
38
59
51
45
18
49
45
48
62
37
48
55
48
48
31
42
50
53
56
69
62
38
5
21
0
38
42
58
15
38
40
52
1
34
28
41
14
56
5
43
45
24
33
24
43
32
35
32
36
44
40
36
31
35
36
39
46
50
43
26
33
44
30
54
35
31
30
40
43
31
52
2
29
27
4
0
43
9
35
29
35
36
40
37
25
29
33
34
54
29
38
31
40
27
46
27
37
37
39
44
41
14
33
39
38
38
49
9
40
41
35
47
32
36
31
37
37
30
40
21
27
32
49
43
25
29
36
38
38
36
39
38
25
48
46
43
35
42
47
34
29
30
36
33
38
41
30
40
32
17
26
33
30
29
27
14
32
21
30
27
14
51
22
16
29
23
21
29
26
26
9
20
27
16
25
27
12
25
19
20
11
18
38
44
