100
88
76
72
80
106
106
97
108
113
67
88
75
64
75
64
83
89
82
70
88
125
87
68
43
76
45
51
59
53
67
71
66
89
64
68
59
43
36
43
40
39
63
53
53
52
32
21
54
64
17
11
24
49
67
30
31
52
41
71
74
75
48
90
154
27
72
72
104
123
79
129
105
97
101
69
85
118
66
118
100
40
80
77
97
99
75
73
100
108
57
68
102
68
42
58
77
121
78
16
69
120
112
182
96
266
120
153
200
169
192
123
153
217
191
204
165
180
127
135
217
222
237
237
180
250
230
134
117
117
123
245
235
274
289
286
252
220
263
280
295
149
225
312
278
271
196
250
165
158
154
176
160
213
214
222
133
163
200
203
172
267
255
135
238
161
216
186
262
267
295
241
279
229
238
238
209
266
262
305
188
295
263
209
216
181
208
122
92
115
127
105
80
68
137
74
105
104
204
145
60
251
196
245
261
181
206
230
245
223
127
250
204
282
246
254
143
131
143
110
129
186
145
100
183
161
116
169
222
188
195
97
154
107
273
118
227
163
119
126
165
207
254
76
273
226
258
203
264
254
167
249
153
173
161
181
155
111
235
259
241
236
257
169
88
97
100
110
98
75
83
87
67
86
122
67
176
101
90
106
178
84
156
86
204
150
97
84
212
219
147
60
160
176
122
45
144
180
146
124
211
178
158
130
245
82
181
158
242
165
217
61
233
194
128
72
119
220
200
109
74
269
66
100
142
120
198
209
78
66
251
140
50
72
178
108
75
112
118
83
80
147
237
236
211
145
155
97
28
39
13
85
113
127
126
129
105
265
215
204
226
147
208
184
171
142
141
162
278
137
112
135
64
58
307
135
266
272
175
142
68
144
123
130
21
85
62
143
102
266
217
169
168
166
138
105
158
155
143
131
149
198
166
177
213
225
115
208
153
142
141
146
109
67
174
150
113
148
251
219
106
173
163
264
157
220
115
118
140
141
127
116
140
181
142
100
98
193
131
81
156
247
94
196
45
129
150
276
138
141
200
187
241
103
95
160
183
198
206
105
83
52
256
83
224
82
221
166
100
161
145
150
150
120
196
226
236
171
164
158
205
126
134
206
191
156
115
90
138
180
183
41
222
210
208
127
42
70
144
59
64
82
78
66
78
41
36
6
41
14
58
41
43
63
66
83
113
124
125
141
132
176
152
206
193
154
189
150
48
174
194
193
179
138
171
67
187
122
113
144
126
123
105
93
135
117
108
163
149
145
156
137
126
142
23
43
188
71
114
185
128
169
173
185
164
12
121
68
185
193
195
143
138
138
131
109
124
132
171
150
66
125
176
123
116
117
165
126
158
150
169
54
18
14
43
119
27
107
91
130
124
235
121
144
109
187
113
132
126
121
109
91
155
156
160
107
219
83
239
119
17
64
46
31
174
112
101
127
92
180
149
158
97
83
84
158
26
179
185
177
135
141
111
93
128
98
136
135
143
109
94
179
119
133
155
91
159
138
126
67
176
159
117
123
161
159
188
182
185
100
138
160
116
104
120
157
234
96
123
162
196
116
122
100
136
110
136
144
157
159
165
170
148
101
149
121
149
126
119
52
112
77
138
113
171
116
130
198
82
116
117
58
152
156
101
85
160
114
204
165
207
144
131
198
135
135
127
141
88
84
64
114
153
67
139
92
134
137
144
176
122
95
168
149
173
89
173
189
61
139
127
45
95
127
167
99
80
171
122
123
105
175
190
201
174
140
134
223
73
104
50
104
81
126
111
158
128
129
181
93
56
49
93
91
177
140
207
199
207
213
114
113
127
126
141
99
89
93
161
138
97
117
123
126
177
144
181
146
116
128
153
74
173
157
130
176
159
36
168
142
106
112
95
92
74
84
141
195
166
91
108
116
31
122
165
141
106
162
152
128
146
127
107
90
114
130
186
121
132
103
179
79
124
57
93
147
136
144
112
103
236
121
183
112
177
129
124
126
154
193
131
133
122
148
144
124
168
175
142
143
184
92
109
160
150
169
192
173
139
104
141
125
124
93
152
143
132
157
137
151
153
102
145
124
32
-1
103
107
87
107
86
152
107
112
166
98
20
48
126
171
147
72
79
82
136
138
132
217
125
136
114
118
9
127
124
108
149
190
100
72
130
73
71
80
196
69
57
163
144
161
81
122
35
118
135
146
147
145
140
140
191
129
94
157
101
132
109
96
153
152
152
131
116
118
159
159
171
155
165
157
118
82
69
78
98
125
125
110
167
105
108
12
143
109
142
102
135
99
119
129
110
87
53
145
129
165
190
126
10
47
173
177
149
118
138
142
127
134
104
131
142
123
145
95
183
59
93
131
95
84
124
112
129
14
155
126
156
88
101
106
43
122
115
111
145
132
116
119
128
129
115
111
112
89
76
118
69
51
76
139
100
106
76
114
132
100
88
108
138
104
132
127
123
66
82
96
153
110
99
85
119
148
42
136
107
116
133
119
125
146
32
162
91
89
108
149
139
89
112
114
72
128
64
137
142
58
133
171
65
145
130
130
178
80
115
111
93
98
56
136
10
126
185
130
107
157
102
99
86
108
128
125
83
197
100
124
130
129
116
117
87
125
110
101
107
91
87
128
105
39
39
77
79
66
106
93
104
136
92
119
25
103
104
134
110
66
130
139
105
101
108
66
67
164
126
47
107
38
27
49
7
80
105
88
67
92
82
119
72
76
65
59
91
45
11
95
145
60
101
35
140
91
101
74
125
122
60
49
111
103
61
128
30
100
75
58
73
91
39
102
92
69
116
105
87
84
119
48
73
66
73
5
120
71
86
69
98
77
119
117
70
70
56
95
107
88
73
74
94
90
124
70
136
59
127
89
97
21
74
127
109
81
105
11
72
78
77
84
81
88
113
84
79
74
65
67
46
25
104
96
51
53
103
105
102
97
103
145
60
82
115
93
52
86
79
98
102
96
92
127
90
98
81
53
89
46
97
51
78
93
76
52
93
61
84
66
34
82
62
59
88
72
49
57
74
78
58
37
52
70
63
76
52
74
41
48
29
62
66
120
