98
89
67
62
79
86
92
91
104
100
57
80
53
54
54
50
48
86
83
59
58
83
54
82
49
66
39
54
75
63
48
64
46
71
74
78
69
51
43
50
38
33
83
84
56
78
36
21
55
67
21
16
35
58
74
43
46
60
52
53
67
49
61
76
129
32
66
79
101
103
75
114
83
82
88
73
84
91
70
113
85
58
59
66
97
85
70
69
106
96
57
68
98
71
68
85
79
144
82
21
89
56
55
117
44
168
46
116
127
114
132
84
100
153
130
140
116
129
79
88
163
163
139
177
110
163
178
72
47
65
86
171
162
195
191
204
205
158
203
204
187
97
132
211
201
207
131
154
113
108
104
112
78
122
140
133
98
107
137
109
123
189
164
87
165
103
145
107
188
172
193
169
199
148
169
162
142
184
187
224
131
178
194
160
110
113
128
60
60
43
52
43
41
35
77
72
91
66
126
91
15
146
152
169
177
112
141
134
158
154
87
208
134
212
209
203
111
98
92
114
167
168
152
95
124
115
98
116
174
153
137
109
97
75
197
123
165
122
63
93
112
167
212
60
228
169
200
138
213
205
117
175
120
117
133
123
127
70
204
209
199
189
206
113
80
51
51
55
63
32
39
44
45
52
70
32
93
52
58
45
117
55
73
39
118
84
65
41
136
171
105
56
103
109
66
69
131
125
137
96
152
128
105
114
194
126
130
68
192
130
178
67
195
146
102
58
77
173
150
71
38
213
51
57
115
102
153
145
112
72
158
111
38
46
132
89
83
94
90
71
76
107
168
154
157
108
132
89
29
29
10
88
116
110
104
88
89
226
166
169
171
143
157
150
129
97
133
140
228
84
108
102
42
30
141
120
175
221
146
140
46
196
167
179
18
81
59
129
90
233
157
134
134
133
100
102
174
100
218
87
126
133
118
153
143
164
87
147
110
106
104
92
114
55
201
117
105
135
197
170
96
209
206
173
254
184
66
60
120
117
94
108
64
134
130
89
76
129
98
81
120
177
64
161
81
121
184
224
113
136
174
151
182
101
99
158
175
138
163
101
80
44
194
150
177
39
155
133
99
111
122
119
109
120
160
174
191
154
136
140
161
112
125
191
189
157
98
73
119
143
198
53
184
187
161
110
8
60
126
97
113
147
138
114
137
56
42
18
65
38
78
47
64
95
107
144
112
184
188
116
126
149
141
177
171
130
163
131
50
135
153
150
147
117
134
43
157
173
184
110
116
115
89
86
109
101
104
129
123
127
130
174
94
133
0
40
159
109
170
147
134
157
157
169
153
20
93
35
150
161
150
131
114
113
116
100
120
98
135
141
91
114
162
112
111
103
234
177
142
119
133
110
25
14
37
109
22
54
109
122
89
170
160
124
145
180
181
205
116
123
90
99
156
145
130
112
169
79
187
203
13
62
42
37
150
242
97
107
122
144
117
138
87
77
78
130
29
156
161
160
120
136
84
82
111
117
115
148
156
94
100
127
168
236
141
153
163
104
112
64
177
140
136
144
172
204
219
201
213
202
139
198
139
99
119
107
176
88
96
140
171
231
223
174
260
87
197
143
150
162
162
161
208
195
166
102
125
85
89
68
85
55
155
187
142
152
242
138
67
95
106
68
158
122
93
76
226
94
184
173
180
145
141
173
189
204
141
196
68
79
33
238
150
115
119
161
124
119
125
148
151
80
108
99
170
79
164
147
79
103
126
34
63
101
120
88
85
161
110
110
200
156
186
176
138
199
134
184
72
93
52
89
73
115
67
75
216
209
168
53
33
38
238
136
168
149
171
175
179
159
117
120
161
131
125
85
90
143
147
125
68
80
87
89
143
124
148
116
122
110
149
63
128
133
134
155
161
87
175
114
97
102
88
82
106
66
108
174
158
73
73
75
29
137
151
131
138
137
144
157
194
170
106
68
113
100
161
101
102
84
152
55
128
113
69
106
129
141
103
109
204
125
161
91
163
134
154
156
214
166
188
198
137
136
134
121
163
201
180
140
168
84
168
149
244
156
182
139
150
183
161
132
103
87
136
130
125
156
210
256
257
125
204
152
51
119
92
100
80
132
164
148
165
165
143
53
10
83
182
138
153
56
62
66
112
119
132
197
122
123
99
120
15
133
125
124
106
152
122
108
136
84
82
117
173
58
91
132
134
136
134
122
57
116
110
158
137
152
105
125
165
213
89
164
95
185
128
79
136
151
169
126
121
176
139
128
178
135
157
149
92
59
69
83
98
111
116
120
147
97
85
6
153
162
180
98
136
92
334
202
101
139
98
145
120
165
189
128
20
76
96
182
152
114
127
143
114
113
97
108
132
114
135
107
183
135
90
207
89
67
129
143
103
22
135
106
127
73
158
91
55
115
103
101
149
143
109
125
136
97
121
129
124
81
61
106
58
54
117
142
146
92
49
88
144
102
85
77
93
100
165
114
71
67
66
119
156
98
156
70
-1
214
43
147
154
117
131
75
154
144
21
113
91
107
95
104
134
63
99
108
73
145
133
136
132
45
184
136
91
129
125
130
149
85
100
109
103
79
107
141
13
137
165
97
128
139
230
94
86
108
143
112
93
195
195
123
124
120
92
87
72
122
82
94
79
99
135
157
182
77
38
78
75
66
80
61
138
133
175
113
15
89
122
113
106
49
183
205
125
147
124
93
81
135
117
38
103
62
17
35
9
73
122
99
67
80
184
108
76
128
68
116
99
82
5
155
141
74
93
29
143
90
90
86
119
122
118
81
113
82
69
119
42
110
56
43
82
83
77
81
87
64
79
113
79
84
112
32
92
63
64
0
125
54
76
63
58
74
106
121
71
64
60
95
105
79
74
33
100
89
117
74
114
45
128
78
88
17
84
119
112
71
97
20
86
81
87
91
82
93
105
89
81
81
67
50
75
37
104
91
48
53
120
115
111
93
96
83
65
89
139
85
69
138
67
90
96
89
96
90
98
96
84
60
94
56
95
61
86
85
78
58
79
61
91
71
27
86
57
56
71
71
56
57
93
81
70
45
46
66
70
74
48
73
50
53
30
46
69
92
