167
153
125
125
128
173
181
176
185
177
106
174
102
102
116
100
112
166
140
121
110
166
98
132
99
129
81
102
130
131
97
113
91
102
130
145
133
90
85
88
95
84
144
141
123
131
80
46
122
119
52
55
68
104
142
83
91
126
91
103
120
117
113
149
203
93
119
126
146
127
113
165
122
148
121
110
118
133
108
137
125
80
59
63
145
123
120
126
179
117
94
118
104
132
96
120
134
292
170
51
156
137
118
181
83
235
98
204
150
194
193
149
182
221
213
205
197
223
161
167
180
211
207
253
184
245
238
141
106
133
133
216
198
252
262
253
253
324
251
251
262
205
189
263
254
276
196
197
184
167
163
158
120
205
222
223
166
195
230
165
226
252
240
146
229
165
205
156
271
218
243
201
267
200
260
175
229
242
251
269
253
230
240
277
184
175
172
96
120
83
117
98
91
82
126
104
128
105
189
138
34
228
251
233
242
167
217
195
206
243
161
267
188
269
272
259
172
193
162
163
223
330
242
177
188
221
167
173
180
292
170
195
159
133
255
188
225
208
106
122
139
207
219
113
273
218
237
186
262
251
154
230
235
210
123
189
236
109
256
262
245
241
250
120
143
100
83
106
102
73
79
96
84
94
100
71
152
97
100
93
164
93
119
96
132
114
122
90
132
213
172
93
197
220
105
110
151
156
250
122
151
219
175
207
249
324
139
102
209
154
231
96
249
146
101
52
90
189
217
127
74
256
102
103
173
156
200
188
179
117
212
104
38
81
157
166
121
144
148
127
130
140
227
221
211
139
141
138
29
30
15
138
123
121
158
140
157
245
207
181
214
300
176
158
220
122
179
200
265
133
157
174
74
53
168
193
227
276
176
232
87
381
377
-1
70
116
88
176
144
273
228
246
248
250
205
152
319
128
334
144
233
173
120
198
179
212
129
184
185
173
188
120
161
102
361
168
161
140
249
192
172
268
293
207
333
210
127
147
196
194
154
182
101
218
162
156
158
141
114
111
139
237
40
203
98
182
346
252
185
197
211
214
224
161
156
273
255
230
182
182
135
83
225
200
243
107
203
186
131
139
149
150
131
129
246
209
221
196
160
180
213
160
186
306
217
172
104
48
168
215
339
76
196
224
229
110
28
110
146
138
133
179
180
160
196
83
80
59
123
97
132
80
104
138
137
187
129
251
208
127
228
189
142
180
190
185
169
148
79
157
179
179
157
144
155
77
197
286
242
113
119
116
89
99
119
108
116
175
153
116
176
214
146
163
13
72
186
139
228
161
133
171
192
201
165
35
162
60
178
205
171
143
121
115
121
111
195
98
153
183
128
130
173
104
96
100
325
234
167
138
189
119
60
35
81
131
43
114
173
123
122
180
268
112
219
176
221
276
150
188
139
160
164
199
140
191
206
125
229
281
14
113
70
56
185
260
95
99
160
187
121
127
91
90
128
135
49
136
139
190
105
132
120
117
161
127
98
171
159
147
147
148
254
210
140
196
186
115
137
73
173
127
148
181
260
256
285
240
240
206
176
272
174
77
111
152
212
95
98
149
192
245
233
217
271
104
206
159
164
165
157
161
201
275
153
161
160
85
92
104
112
97
175
219
182
195
289
138
109
108
105
113
159
143
146
141
315
116
186
152
185
146
130
174
214
250
182
240
100
120
47
267
167
137
133
180
133
116
156
172
244
146
140
110
183
138
170
152
102
135
148
59
106
174
137
102
77
155
178
174
219
145
173
178
153
236
149
217
137
164
74
86
112
130
107
127
269
269
194
74
59
46
185
165
176
146
179
171
180
161
119
129
210
149
145
113
119
198
157
132
130
83
93
102
188
143
200
128
130
131
168
92
195
159
132
166
171
145
154
118
106
103
126
62
199
172
129
186
178
71
120
125
53
121
181
158
189
132
143
216
228
241
81
93
114
171
166
100
126
133
157
108
163
147
108
157
130
135
101
164
197
133
169
88
194
132
196
191
232
177
229
226
204
129
145
125
169
230
214
155
146
74
200
156
233
144
188
202
137
202
171
120
55
114
158
147
128
164
270
259
260
120
193
140
75
130
128
122
103
198
211
162
162
206
152
74
41
116
220
137
162
89
96
105
99
139
163
216
113
112
70
124
28
132
124
122
115
141
184
176
126
147
130
157
194
50
114
178
131
158
192
106
64
115
134
168
137
157
151
115
169
245
92
162
169
181
137
85
143
155
155
117
128
172
173
114
166
139
147
141
90
87
79
80
128
116
115
111
177
85
72
8
144
157
210
125
155
100
189
216
105
136
158
138
154
157
180
153
47
107
89
186
140
122
139
140
92
109
109
103
148
135
129
128
193
161
105
187
125
136
172
206
131
55
156
119
157
57
121
124
90
96
148
95
142
133
119
115
118
92
123
131
111
129
104
130
97
51
128
139
180
80
48
98
139
132
120
102
165
94
164
107
81
74
116
184
134
93
217
89
179
218
74
127
157
93
155
100
158
132
21
141
85
101
87
92
128
76
83
116
95
133
143
126
109
109
170
160
90
139
131
131
180
103
81
107
113
93
136
116
22
170
198
166
122
138
162
91
61
92
134
131
77
202
194
119
107
106
122
83
75
111
104
92
84
89
141
232
173
135
36
78
75
96
99
82
142
216
173
125
39
117
119
118
136
58
152
263
158
205
108
134
107
163
115
70
163
88
40
30
23
75
105
130
45
105
124
114
73
81
84
92
106
126
24
166
134
102
93
43
141
72
90
134
118
122
118
94
112
94
81
117
87
119
95
55
64
98
62
141
103
83
86
86
85
86
158
43
126
70
62
19
116
36
73
63
71
87
165
120
70
88
51
81
147
67
86
62
130
87
115
78
106
70
100
64
96
27
108
113
125
89
123
25
124
116
107
136
114
105
114
69
74
120
108
53
67
38
134
135
73
71
90
119
94
82
98
118
53
108
181
128
63
139
101
85
83
81
85
90
122
109
78
82
83
45
68
91
70
78
77
58
61
50
69
53
23
126
35
31
89
60
39
82
64
72
63
46
45
71
56
56
45
59
28
41
19
59
104
122
