49
36
36
37
45
64
51
48
52
65
35
47
31
35
27
32
36
50
45
36
39
72
36
46
26
43
27
28
41
30
33
49
41
55
36
43
35
32
22
22
29
20
30
33
27
36
17
13
31
21
13
12
19
24
34
28
21
42
35
32
44
31
23
52
90
7
35
79
90
99
68
151
90
108
129
87
131
91
59
126
73
38
65
72
113
104
52
56
96
159
41
43
111
33
21
44
43
63
43
5
37
42
36
64
33
109
27
86
96
89
86
55
61
100
85
100
69
97
56
59
117
109
90
118
82
138
127
38
29
40
51
116
108
135
134
141
127
97
146
138
127
61
92
147
139
147
86
105
68
74
65
93
74
97
104
114
81
74
111
67
101
117
122
70
129
75
93
86
128
100
131
129
125
109
144
115
124
126
128
138
119
135
144
113
73
76
92
49
43
27
36
26
30
34
54
53
75
49
92
64
6
139
137
130
131
82
117
103
116
123
55
145
104
147
148
150
83
88
78
98
78
79
68
54
93
92
66
100
124
101
95
48
66
56
149
98
117
108
46
57
87
122
142
29
158
131
136
103
126
128
93
127
105
108
113
96
91
58
146
158
149
163
134
81
44
36
38
38
41
20
32
27
29
39
51
28
77
46
40
23
114
27
61
29
85
63
45
26
101
144
75
47
66
90
62
32
83
95
71
60
104
80
76
77
143
38
95
54
139
95
138
96
123
118
154
109
71
124
127
34
22
130
38
37
98
74
142
143
50
58
113
93
42
29
101
128
94
92
74
29
34
41
133
117
151
113
88
67
57
58
20
136
117
137
105
45
57
155
116
103
125
80
124
115
61
70
133
141
149
64
108
103
41
21
101
80
116
131
134
104
27
82
70
78
5
93
55
149
100
137
149
76
74
76
63
114
76
59
90
86
126
119
91
136
107
122
91
124
96
85
77
72
95
39
80
152
131
121
145
144
104
76
74
124
86
131
74
75
121
122
85
61
53
118
116
76
64
96
71
42
90
139
60
137
37
76
78
148
113
122
136
105
127
64
63
76
95
131
80
57
64
21
129
56
143
29
138
126
118
118
110
139
73
150
106
118
151
183
119
155
135
126
116
94
189
202
104
58
146
84
92
31
121
174
115
148
2
81
113
49
48
59
54
48
53
31
28
3
41
13
46
33
37
43
45
59
165
76
83
174
89
120
107
178
169
120
150
127
45
131
149
150
136
181
122
37
111
83
59
239
240
256
186
183
221
196
147
143
144
116
138
79
117
190
0
39
170
43
74
135
149
169
187
172
184
3
53
29
158
137
134
117
211
230
223
166
86
88
104
107
61
180
189
223
201
195
80
69
165
168
82
39
8
4
27
159
31
36
35
175
64
118
75
147
72
161
66
82
130
89
80
52
152
126
104
96
116
69
118
81
26
34
24
21
180
69
215
244
72
85
88
77
61
63
51
107
17
116
111
101
82
110
92
60
75
76
73
88
98
71
56
132
68
66
121
58
96
105
102
82
140
101
62
62
74
86
101
95
91
67
71
96
69
187
230
96
131
108
92
135
124
87
72
59
78
79
90
127
149
161
164
157
89
79
109
130
69
73
65
47
88
32
209
71
136
56
87
97
82
218
160
38
165
174
46
40
109
56
159
132
142
172
152
143
72
103
85
99
135
101
18
80
102
52
113
54
92
93
99
118
71
60
111
105
157
84
136
130
40
119
74
29
50
54
87
81
57
127
131
101
73
132
141
135
111
87
164
120
34
106
36
110
118
152
46
51
83
85
156
37
27
21
73
58
160
149
128
141
140
126
89
149
73
171
200
157
136
46
145
129
56
75
52
47
140
84
143
90
169
173
132
89
132
145
144
145
156
24
127
131
103
80
52
67
43
27
94
150
150
178
57
51
10
103
161
163
75
134
106
88
98
90
81
82
88
88
127
169
180
51
136
34
139
54
72
63
96
97
123
109
123
132
144
169
155
195
60
61
87
170
78
87
75
62
84
68
78
99
99
159
118
254
67
133
104
119
143
102
118
70
91
93
56
97
123
145
109
125
79
88
88
82
73
146
31
77
160
117
81
64
69
97
63
75
116
43
1
27
89
105
145
94
87
100
129
116
127
123
127
79
103
140
4
170
151
145
99
90
75
52
147
61
68
83
138
158
41
103
88
140
54
91
21
98
79
129
132
146
71
96
127
68
158
138
53
87
57
67
103
145
150
121
95
87
156
117
141
116
129
133
106
41
69
72
79
182
180
174
106
192
185
36
142
74
67
147
151
105
84
79
75
57
31
100
97
130
150
96
9
30
60
118
130
148
119
134
77
100
95
89
151
71
126
86
143
49
43
81
61
57
54
81
117
5
106
61
135
207
55
93
33
82
74
62
126
117
88
97
103
78
145
83
108
46
44
103
32
135
47
130
65
210
50
50
136
58
108
73
102
68
86
91
61
81
63
52
123
86
62
73
78
91
31
126
77
86
122
79
80
111
57
92
72
47
163
66
135
47
215
156
49
141
60
109
135
28
74
113
48
149
148
148
112
35
185
70
85
76
39
102
2
63
126
72
117
134
73
123
172
86
110
78
62
120
67
140
103
152
92
193
92
109
80
69
49
92
60
73
69
28
259
-1
558
58
74
54
71
65
74
95
41
65
57
102
96
57
86
72
111
57
60
52
53
112
91
22
55
39
12
127
2
57
101
72
137
80
60
74
36
45
34
52
66
43
3
76
131
35
144
24
138
60
198
30
93
95
49
40
50
112
59
124
24
63
62
113
72
68
20
73
131
110
59
93
63
129
93
37
44
37
47
0
105
139
153
68
44
74
61
85
114
43
41
86
81
120
94
24
69
101
74
38
109
51
91
56
84
29
72
90
106
90
55
40
86
74
72
67
58
81
86
76
64
97
62
31
36
22
96
52
26
40
80
57
87
135
100
54
46
61
70
71
32
52
36
134
125
143
142
57
86
83
59
50
141
24
65
51
102
110
107
36
68
128
96
59
65
53
47
41
78
76
53
60
76
72
55
45
84
78
68
68
43
74
58
79
28
41
80
84
