71
60
54
55
63
77
76
70
73
82
50
64
42
55
40
39
46
71
62
57
22
71
53
53
40
48
30
38
48
45
47
62
42
65
39
50
40
39
26
30
29
25
40
40
30
34
15
14
31
31
11
14
19
35
29
28
28
49
27
47
67
22
16
85
89
10
56
101
128
132
94
145
110
108
124
97
109
110
83
130
97
48
83
79
124
121
75
72
112
158
61
68
158
26
18
47
69
71
37
0
57
64
46
84
33
125
35
88
123
95
110
71
83
119
92
105
99
110
65
70
146
130
97
134
85
133
126
43
31
57
67
133
146
144
151
153
164
101
173
161
154
65
111
161
162
175
101
132
86
79
66
78
61
90
106
118
90
69
128
75
92
138
127
74
130
81
111
89
143
137
166
143
165
99
135
149
117
159
143
163
123
148
151
107
80
81
105
46
58
42
48
35
33
43
74
74
76
60
84
61
7
124
120
131
150
90
120
114
126
134
63
167
108
174
173
168
90
110
102
119
87
95
87
54
109
83
90
116
159
96
114
65
84
71
160
111
127
97
66
73
82
146
160
35
179
153
162
114
153
153
109
154
114
115
142
95
78
61
171
170
169
152
174
98
57
43
44
38
46
26
32
36
36
49
49
28
76
50
45
34
113
27
66
38
83
70
66
31
132
147
96
77
57
81
61
40
97
116
81
74
142
83
80
101
173
39
122
50
149
129
159
101
156
131
170
102
105
155
135
56
39
154
60
52
82
90
184
158
62
77
116
110
41
29
118
127
106
104
107
43
48
59
149
129
149
132
121
87
41
50
5
124
178
178
109
61
82
183
141
110
136
87
161
151
73
70
142
155
181
73
132
114
48
21
114
79
144
151
159
103
39
92
77
85
1
105
102
184
123
175
164
89
90
89
87
117
97
64
109
97
122
127
91
168
106
137
92
128
108
104
104
95
119
38
101
188
162
153
171
151
116
100
100
140
99
149
88
82
130
131
96
54
62
124
158
97
86
115
72
39
120
174
77
143
31
85
89
166
132
137
159
115
159
101
98
88
113
139
105
66
89
28
150
65
155
34
178
144
147
138
141
145
78
186
106
149
176
216
158
191
153
134
129
110
243
240
156
82
154
99
105
34
133
199
126
195
7
92
155
42
45
71
56
54
68
33
27
2
37
12
54
36
37
50
51
69
190
86
86
215
104
133
142
212
211
137
199
159
58
146
176
183
166
194
129
34
106
96
74
228
218
218
166
148
216
177
182
168
147
134
174
106
156
203
1
60
201
57
71
168
195
214
214
226
204
4
62
39
182
164
165
156
232
223
230
197
99
117
120
104
58
200
218
205
202
187
96
74
199
182
88
46
7
5
23
183
15
38
52
203
64
128
78
175
69
180
80
94
177
93
101
68
178
141
111
90
129
83
136
97
26
39
33
27
206
84
179
205
77
103
96
84
64
63
61
126
20
151
162
127
111
114
93
46
81
78
87
107
111
65
65
140
88
94
148
66
111
119
130
86
205
154
101
105
100
113
123
128
129
89
109
104
83
185
203
92
157
114
101
176
155
94
101
80
110
109
109
178
186
204
225
207
114
87
168
131
89
81
82
46
87
42
254
75
168
76
117
114
86
176
193
45
212
193
70
52
125
76
202
165
194
211
188
187
89
92
84
102
111
118
20
103
135
43
150
69
120
105
110
130
85
86
140
128
215
95
189
181
50
138
93
41
54
50
123
92
64
177
128
125
88
172
184
185
139
91
177
145
49
113
39
139
105
152
62
60
105
111
218
47
23
22
86
76
195
199
170
171
175
156
116
186
88
191
184
131
123
61
164
144
74
88
55
62
184
116
126
131
155
189
177
101
154
190
187
208
207
22
175
153
126
93
68
80
48
27
127
192
185
149
64
61
14
139
215
188
79
156
156
82
104
88
96
79
89
122
163
195
197
74
169
62
141
55
86
60
113
126
143
89
163
153
199
163
204
219
75
79
110
212
107
106
88
91
103
93
112
119
120
220
163
154
76
187
118
144
158
100
160
80
96
139
67
125
165
190
136
168
105
136
134
87
100
201
35
92
149
142
105
70
78
122
75
81
157
40
1
28
96
117
211
89
90
91
141
170
180
173
175
102
117
145
2
180
159
165
110
105
73
64
206
78
68
68
196
111
48
107
99
180
67
126
23
128
91
143
175
177
93
133
172
91
159
183
65
104
71
96
137
214
203
150
112
114
164
138
172
157
167
170
123
53
72
101
106
203
204
221
124
169
169
14
203
82
83
180
198
115
99
90
102
66
35
148
118
184
191
116
7
39
87
143
170
173
156
177
103
133
101
120
195
83
183
107
202
59
46
125
89
72
62
96
131
4
139
90
169
161
71
113
35
124
93
87
175
160
115
153
147
125
220
117
138
48
41
131
61
85
56
164
80
184
63
61
179
72
111
113
76
85
103
127
69
101
64
69
200
108
71
77
96
122
30
178
87
108
152
80
87
156
42
142
98
85
196
76
167
55
164
215
53
194
66
151
169
20
94
168
63
226
226
211
136
52
201
90
123
110
51
163
2
71
145
62
178
189
91
129
152
111
166
86
86
144
71
174
159
209
90
169
142
134
86
65
77
121
67
85
80
33
81
142
135
70
116
66
91
69
75
127
27
74
84
157
101
50
104
88
126
61
75
45
62
150
115
30
63
43
6
71
1
65
167
81
110
88
67
99
47
52
43
52
81
52
3
96
189
32
193
25
204
72
195
30
161
136
44
48
66
130
82
181
34
90
64
59
110
92
28
78
142
120
65
139
63
186
112
34
51
44
52
0
151
121
144
68
46
117
89
129
131
49
48
131
71
170
126
32
78
136
88
61
148
68
147
85
129
25
84
129
122
129
90
30
112
92
104
108
81
101
126
108
100
100
87
37
50
29
118
59
47
49
132
91
146
239
123
76
72
90
83
97
36
81
62
216
218
228
-1
89
129
103
91
82
205
46
112
71
163
161
145
55
110
130
157
97
56
88
81
71
94
109
68
87
94
121
64
49
79
129
91
102
58
102
60
95
48
44
91
87
