160
126
114
104
136
184
172
153
189
206
98
140
90
88
92
85
95
148
137
91
109
154
135
105
65
106
52
61
88
77
81
116
85
155
94
100
82
68
35
47
45
39
88
96
58
81
35
17
69
65
22
18
35
49
83
40
39
80
53
95
100
81
69
139
281
48
103
131
169
202
130
214
145
146
149
113
140
177
95
201
199
90
110
158
130
141
111
120
198
174
89
107
198
112
57
76
134
190
120
25
102
183
143
249
124
402
130
243
322
305
324
194
270
356
332
318
338
410
182
173
439
381
351
414
307
424
418
194
169
172
211
448
421
433
422
436
510
330
514
517
485
213
380
530
495
503
317
397
233
263
249
240
235
301
311
313
226
242
300
266
256
398
410
244
377
313
279
294
437
420
444
410
433
316
444
435
355
446
441
474
321
458
395
311
304
314
393
196
138
120
189
150
140
145
223
154
167
161
353
230
79
350
339
408
404
326
330
392
331
339
217
398
290
439
439
423
217
162
142
198
188
265
205
129
370
247
207
310
428
282
341
135
264
171
410
177
288
218
157
181
313
393
461
103
459
383
383
288
432
399
256
421
241
239
302
306
230
160
403
415
374
376
453
245
124
132
136
142
151
98
118
112
83
130
176
109
207
142
151
128
321
113
193
139
305
221
128
133
350
385
204
90
175
316
161
63
295
262
195
209
352
236
264
172
430
105
287
204
448
289
409
101
402
376
205
104
219
348
332
176
102
380
102
171
199
180
337
300
98
97
364
332
124
106
291
161
125
199
197
104
116
234
395
389
312
285
364
140
43
53
14
120
189
212
206
162
186
459
422
312
372
237
375
313
255
185
211
239
454
181
216
220
118
102
355
267
388
386
311
220
99
213
180
180
29
125
95
214
139
477
358
239
243
243
191
183
209
281
246
183
241
302
231
281
274
329
241
335
217
186
183
214
194
112
239
199
188
305
419
340
159
243
245
463
228
330
156
155
255
252
159
183
236
320
249
160
132
258
170
108
305
352
193
384
72
194
210
428
255
218
401
250
373
180
169
223
318
296
240
140
140
84
390
120
365
84
373
274
170
239
235
232
231
170
291
355
352
274
279
254
353
197
205
258
284
262
152
192
217
280
249
59
311
342
338
173
37
117
216
77
84
116
104
97
112
54
44
14
63
22
83
51
64
98
101
140
168
138
134
212
218
303
293
288
275
250
296
260
81
232
332
298
276
198
243
123
259
192
128
212
190
192
137
143
193
172
157
271
241
208
241
184
202
218
22
70
291
110
137
246
251
264
274
281
246
22
186
108
293
333
304
314
210
203
211
147
204
258
216
258
129
167
251
203
175
157
237
159
218
203
215
65
18
13
34
198
32
104
119
184
136
-1
152
251
138
256
149
193
189
176
142
127
237
246
220
217
289
161
340
198
26
79
59
48
276
159
154
166
156
221
219
234
131
119
118
209
32
278
274
252
226
230
179
142
157
167
213
246
232
135
137
252
176
156
269
115
259
282
199
111
299
249
172
206
219
236
259
233
252
146
276
222
154
146
189
247
393
143
168
229
299
167
168
138
205
192
210
247
245
254
251
245
253
153
295
173
179
194
189
91
168
90
225
164
294
127
204
334
93
165
176
93
234
221
168
114
275
154
290
254
303
230
186
320
173
221
224
222
125
126
74
176
226
77
201
112
210
199
247
292
171
171
242
245
245
140
250
293
87
183
208
59
186
179
248
144
115
259
210
175
156
301
345
318
267
193
214
436
101
161
66
156
141
191
119
179
202
196
316
121
71
51
155
146
264
244
315
269
310
269
189
178
158
205
201
147
167
113
244
255
122
147
156
140
356
210
300
204
177
192
232
101
277
217
191
303
240
55
310
257
139
163
150
143
100
89
171
276
251
121
141
147
35
184
276
220
141
230
240
183
207
207
180
137
164
209
265
188
192
170
235
130
245
62
133
216
227
212
142
191
372
204
278
153
329
192
152
148
217
286
174
175
184
177
171
238
228
251
220
211
274
131
149
214
249
240
298
251
266
132
178
202
160
151
214
209
209
233
199
246
243
148
196
208
45
235
152
174
131
132
129
216
139
136
248
157
30
59
194
263
233
108
96
113
225
219
229
345
170
172
243
185
8
206
178
173
206
262
160
121
197
132
137
117
296
113
60
250
212
288
104
180
42
195
231
203
211
254
246
223
296
179
144
244
135
170
132
156
245
239
252
163
224
177
218
235
281
189
212
194
136
87
96
144
135
209
186
198
251
151
140
16
241
144
175
139
227
141
149
182
185
113
69
259
144
237
296
163
12
73
225
303
214
174
204
206
218
203
150
200
221
193
193
126
278
88
102
236
132
106
120
168
175
22
256
191
231
145
137
144
57
187
142
148
203
170
167
221
206
146
174
215
203
139
95
154
105
84
103
214
122
144
98
166
204
134
149
139
200
119
151
166
243
88
88
103
219
137
119
113
170
215
46
193
166
166
195
169
166
234
36
250
148
147
158
175
204
118
172
172
98
190
94
220
188
73
170
239
94
183
161
184
305
116
171
156
164
142
73
176
10
114
285
181
196
222
170
121
129
180
180
155
125
323
141
180
187
178
163
160
134
202
158
138
139
134
92
134
168
53
58
118
117
106
145
125
130
135
114
188
23
187
142
184
187
119
171
189
158
111
130
92
97
254
199
60
174
61
46
58
9
148
167
141
113
116
108
200
99
93
77
77
135
69
12
149
209
66
137
40
220
141
142
96
170
193
97
79
134
107
94
173
45
173
80
61
100
142
53
147
146
109
137
176
124
117
180
58
81
77
105
1
197
118
108
83
133
118
161
159
91
76
63
134
156
121
136
117
189
140
191
84
196
74
216
119
157
28
100
215
172
100
188
32
142
122
128
129
169
157
183
129
130
127
92
66
84
32
184
134
107
51
190
153
172
130
150
220
78
140
146
147
54
161
92
136
143
141
128
159
148
134
127
112
132
49
141
77
112
113
95
88
124
93
113
93
42
153
90
92
114
94
62
82
113
109
89
34
55
89
79
84
78
94
58
66
33
133
128
170
