175
132
128
121
135
193
158
150
197
173
93
152
103
105
101
94
111
153
140
116
97
175
119
98
70
104
63
83
101
97
95
105
78
116
88
97
93
77
62
64
64
64
87
87
65
81
52
25
65
70
32
29
42
68
69
44
53
77
63
125
191
66
52
206
212
39
140
239
239
251
197
286
208
223
214
213
204
280
163
302
213
132
143
151
229
208
160
183
287
248
152
121
267
64
42
78
124
147
94
15
104
134
101
156
83
245
77
201
229
211
235
143
192
215
181
228
203
234
137
125
279
236
209
274
192
301
250
136
94
109
128
267
293
277
268
274
302
231
314
296
295
155
217
297
305
353
202
230
180
167
156
184
157
215
218
247
174
169
276
188
192
273
251
189
253
172
216
203
289
262
290
274
295
209
265
299
265
282
275
278
234
267
264
243
213
182
211
99
114
83
105
81
79
81
117
131
153
113
189
136
28
294
252
262
298
178
248
237
247
276
151
295
213
337
334
321
198
237
219
277
193
200
167
122
227
183
172
219
281
208
238
134
164
148
306
320
245
230
113
135
185
288
273
87
315
269
268
232
272
269
183
271
232
252
246
221
172
120
317
329
313
311
298
176
126
79
80
100
91
55
66
69
65
92
96
63
134
79
94
86
229
88
131
82
157
120
150
88
215
280
172
152
131
191
143
72
187
218
170
137
278
197
183
271
290
108
240
100
278
233
291
161
291
267
271
136
171
236
241
113
72
277
137
111
186
187
402
380
108
184
204
224
82
87
240
266
201
228
255
96
110
134
298
240
268
258
214
207
55
63
20
232
328
393
250
155
186
313
260
208
251
177
273
251
171
129
337
409
330
120
291
253
89
57
205
182
254
285
357
229
83
167
151
180
21
201
191
364
227
295
302
175
172
175
179
287
169
145
202
233
266
218
164
358
220
240
173
252
238
224
204
224
330
117
189
410
321
302
291
273
208
210
202
272
185
280
157
162
248
247
198
132
109
225
286
208
208
210
166
118
212
300
144
264
59
191
182
275
245
324
284
232
278
230
228
154
201
268
167
136
207
66
284
96
270
62
306
275
306
266
274
298
151
305
236
264
302
375
322
-1
285
341
293
205
463
395
250
159
309
191
195
49
245
394
246
311
13
197
387
76
74
103
104
90
110
61
60
7
66
37
104
66
55
74
76
117
297
146
136
369
196
264
274
391
407
367
376
302
168
340
343
383
295
344
222
75
209
169
125
270
267
297
211
183
300
269
253
329
310
314
374
180
285
477
6
105
415
98
132
331
356
389
480
455
360
15
157
70
335
319
305
314
266
277
283
244
210
235
218
234
152
321
418
273
264
244
172
148
346
286
179
67
21
9
37
370
66
87
112
260
129
254
145
297
122
357
144
152
358
180
198
134
344
234
203
176
228
164
232
161
37
75
47
56
425
149
263
261
167
188
205
195
139
133
102
215
33
252
232
226
175
198
160
98
142
142
174
222
212
121
140
300
163
140
304
124
210
225
199
192
395
232
171
188
172
207
219
217
207
147
176
199
152
231
252
142
247
180
183
307
263
153
165
138
184
213
185
319
380
377
369
342
205
146
259
268
180
144
142
104
215
117
392
140
352
131
176
191
177
266
341
100
348
306
149
96
234
131
325
298
354
298
270
320
173
173
159
179
211
200
50
165
236
61
307
119
207
181
191
236
149
205
223
202
362
216
335
311
78
302
142
100
116
126
192
147
123
296
301
280
134
288
303
290
287
173
339
257
109
222
50
283
248
312
115
125
164
166
364
94
57
50
128
139
382
361
297
301
278
265
202
292
156
396
352
289
275
112
387
317
160
201
107
117
316
219
229
212
321
318
346
185
267
334
291
325
344
56
286
275
237
148
129
124
90
73
193
278
307
167
165
139
27
200
385
333
131
226
247
157
173
169
139
135
162
266
251
266
314
118
245
127
271
74
138
138
200
199
239
165
250
382
323
277
334
322
151
143
190
388
170
175
181
138
146
154
177
215
206
316
274
192
132
311
211
242
264
199
241
130
166
200
110
213
338
378
319
315
159
203
202
156
149
258
45
158
230
279
181
134
132
205
119
115
325
92
19
47
174
188
364
145
141
158
289
319
337
252
216
152
237
296
10
328
296
304
168
167
134
122
289
167
153
140
329
140
68
229
178
346
93
165
34
169
165
257
257
281
165
243
281
128
245
290
103
155
125
159
244
327
339
243
161
167
266
224
285
193
213
222
249
108
111
130
155
286
267
268
213
255
232
27
300
139
161
279
331
227
151
169
170
119
69
263
205
262
299
202
11
66
138
224
236
231
282
283
172
210
209
231
317
170
233
161
323
86
82
176
172
167
98
151
259
22
235
146
328
186
111
248
62
171
163
142
236
231
219
203
181
200
258
179
217
101
119
255
125
121
98
264
126
214
165
125
291
141
200
138
172
116
149
215
134
189
149
112
274
177
119
142
140
179
52
297
153
146
254
151
139
188
50
237
128
131
243
121
253
93
244
277
91
261
99
212
257
42
149
304
91
279
261
272
237
99
214
133
198
148
63
214
11
114
229
128
257
294
131
245
213
172
227
142
119
228
138
299
245
257
147
229
231
239
139
96
123
163
93
128
137
51
98
155
158
130
147
110
129
124
122
202
43
126
119
240
188
95
149
176
235
123
118
99
107
239
183
68
164
95
28
82
7
127
213
157
141
155
88
159
83
66
67
76
124
90
11
151
283
59
256
50
293
139
185
74
214
188
96
71
101
189
113
227
63
135
115
90
129
151
40
155
177
182
96
172
99
184
231
50
72
70
93
7
177
125
151
122
81
145
141
158
147
57
57
173
119
170
191
49
134
207
162
81
191
127
206
136
198
39
108
182
176
151
145
44
201
196
175
198
124
145
160
124
124
194
159
59
65
33
199
98
85
64
173
134
211
193
179
131
89
120
113
155
57
118
124
184
203
212
191
114
174
146
119
121
177
53
138
126
161
184
144
95
137
135
143
102
47
193
85
89
141
152
77
122
137
136
91
61
93
134
98
113
66
115
57
76
48
127
155
157
