124
101
93
87
108
133
135
129
140
145
75
110
72
75
87
71
86
140
106
79
81
142
94
83
48
76
47
52
74
62
81
90
72
115
79
85
69
60
26
35
39
38
70
68
64
71
32
23
56
59
23
19
34
51
64
39
38
82
44
83
101
92
54
128
170
33
89
95
120
134
92
161
105
112
131
94
107
120
71
141
126
68
77
99
113
116
86
107
148
127
84
114
134
78
43
78
116
142
115
21
82
140
107
165
90
248
98
224
231
211
223
176
173
228
218
211
198
226
117
110
263
238
214
267
195
246
242
136
113
104
141
270
272
289
272
300
304
268
344
362
334
213
231
354
384
383
249
308
147
204
188
185
169
217
247
252
159
170
211
189
214
265
277
179
299
170
273
211
284
274
377
311
336
201
306
240
284
318
326
353
254
269
275
263
176
165
196
103
110
81
97
81
81
77
119
106
118
128
202
121
34
232
240
257
402
199
281
237
332
290
173
333
198
334
316
335
171
176
131
160
159
181
155
151
203
170
161
164
290
276
244
110
157
114
335
160
287
305
127
111
169
244
295
80
387
293
291
249
340
322
178
292
204
199
170
219
175
171
390
407
402
425
362
169
101
74
77
88
70
56
61
73
68
76
106
59
118
94
68
89
187
62
118
77
154
128
94
87
178
311
167
76
200
202
98
65
154
189
157
119
228
195
217
163
361
110
204
129
283
267
324
82
338
193
150
64
134
323
257
157
77
335
118
109
149
166
206
224
96
97
199
160
67
62
205
168
95
134
147
87
100
159
356
327
314
170
218
143
35
35
7
124
134
132
153
129
143
339
283
208
251
213
242
212
133
137
163
190
339
126
188
167
67
51
226
193
351
273
208
182
72
171
170
156
9
110
76
178
119
345
350
216
220
220
174
181
154
182
230
138
212
318
146
248
256
281
135
295
208
194
184
137
146
89
205
173
151
198
416
350
221
175
186
309
183
373
121
125
187
186
157
125
115
192
179
135
127
233
179
139
228
325
114
284
57
151
158
327
180
182
352
259
330
134
129
160
217
245
190
127
122
62
326
125
267
100
248
266
156
170
197
180
185
134
218
294
305
198
207
191
347
163
176
198
226
202
128
122
181
238
211
66
313
270
288
126
22
88
166
82
90
107
116
113
116
51
49
12
67
25
76
53
58
92
82
114
137
148
132
177
209
220
210
222
234
203
221
198
85
266
221
269
198
194
387
76
253
171
122
151
156
144
101
114
169
120
123
266
249
156
256
158
176
165
9
53
265
94
149
218
158
189
267
239
175
12
126
73
234
227
210
193
149
160
155
139
182
154
199
198
118
148
212
140
132
125
198
156
175
158
198
77
35
25
35
160
23
103
94
132
152
247
142
164
150
223
165
168
150
157
142
128
181
237
165
170
295
164
256
155
11
73
51
48
215
158
123
158
127
191
151
214
131
107
133
188
28
196
205
204
154
162
138
112
140
122
131
208
181
140
117
238
174
145
211
122
194
158
155
103
253
182
139
146
200
221
215
225
229
135
164
245
159
112
136
161
281
127
148
194
256
166
158
133
180
170
209
197
216
200
194
200
198
154
197
171
155
120
123
89
179
120
193
170
200
148
171
182
100
155
147
76
181
159
118
83
238
140
242
219
238
154
151
225
173
182
147
183
117
106
51
167
217
95
195
134
313
294
-1
375
137
135
166
158
221
149
213
208
81
191
170
51
113
179
222
123
84
205
162
156
159
206
240
232
220
159
228
309
89
142
50
116
108
213
108
130
178
164
228
136
47
41
159
114
203
196
219
202
230
200
158
146
175
191
195
146
148
123
205
182
156
150
117
120
220
195
276
179
159
165
207
100
229
172
141
219
203
64
219
195
203
155
121
96
96
122
138
224
204
101
114
178
31
154
231
225
144
208
216
201
183
189
136
103
164
153
224
143
150
120
197
99
188
118
121
124
162
178
158
180
306
194
198
136
253
161
158
145
182
215
206
218
213
132
148
157
199
227
241
176
211
120
141
211
191
185
258
275
202
152
174
177
109
116
180
198
220
213
189
198
200
165
160
187
50
144
145
227
170
176
139
189
134
137
208
132
23
69
187
248
209
82
82
91
151
160
200
284
144
143
135
194
12
193
185
187
150
173
189
94
175
193
128
174
228
75
85
260
155
203
119
141
42
149
192
188
196
216
180
202
230
155
142
199
112
153
136
110
183
191
199
141
167
188
205
188
221
162
168
164
128
76
112
117
135
159
166
140
205
135
135
13
176
184
172
124
218
148
147
199
146
125
81
194
170
210
249
171
9
56
162
234
184
137
230
159
179
174
144
152
198
136
160
137
215
103
93
180
144
121
132
194
201
24
366
153
180
91
114
112
54
129
141
127
175
148
195
171
157
150
142
171
178
154
82
211
87
56
120
233
185
114
77
98
168
120
129
139
158
129
159
156
130
74
117
144
208
124
147
155
125
197
51
161
147
126
185
114
149
162
28
181
115
122
122
125
213
111
135
150
83
163
158
156
141
89
152
191
119
142
144
147
202
115
120
114
185
121
81
147
12
114
276
171
142
171
127
141
123
139
170
169
99
270
125
201
161
138
187
117
128
179
199
160
128
111
105
148
140
54
49
99
100
86
111
150
142
163
164
169
20
152
117
163
153
87
150
178
167
117
158
101
99
190
151
46
124
68
19
40
8
135
138
115
66
131
122
162
75
67
82
81
120
64
13
183
151
64
123
43
183
104
128
93
135
161
116
146
124
120
88
147
46
139
122
63
84
118
43
116
121
103
126
111
120
113
143
53
95
75
75
0
149
62
102
94
81
95
138
130
99
86
56
108
144
100
105
68
169
144
189
91
128
64
135
122
123
13
116
137
142
102
153
23
119
116
108
118
132
127
138
96
103
118
110
61
66
30
150
107
104
67
120
128
140
124
117
142
99
124
109
124
53
105
80
115
105
118
110
116
134
135
94
88
114
48
93
88
85
95
91
68
84
84
88
90
34
121
75
65
100
113
64
92
145
86
71
53
68
78
91
77
69
80
36
52
29
72
132
118
