141
101
111
110
124
153
139
130
149
153
90
131
98
96
88
78
106
122
120
102
71
139
114
80
58
79
56
60
96
86
78
106
80
134
62
81
72
57
42
49
44
48
60
60
52
53
29
21
40
43
23
19
28
51
41
34
42
72
43
105
140
48
34
171
193
21
124
154
175
205
164
219
169
156
161
129
136
201
99
212
206
104
132
148
160
153
143
126
165
181
108
100
213
42
32
74
111
123
72
7
110
125
98
187
76
258
87
185
247
188
226
136
170
242
194
209
201
226
125
144
319
259
227
266
193
279
273
128
85
106
139
299
296
318
308
312
319
223
323
321
334
131
239
335
335
345
232
286
177
146
144
185
151
208
245
228
180
146
249
175
211
286
258
141
259
185
234
166
313
275
306
264
328
221
281
311
259
330
293
315
250
310
306
221
197
177
222
121
97
90
99
85
74
76
162
129
166
119
183
134
23
296
279
256
308
191
230
245
240
267
117
332
234
342
342
328
205
218
197
225
172
180
154
117
219
202
162
228
288
200
235
119
174
129
359
217
249
201
111
143
174
310
309
76
354
296
307
239
338
306
226
284
254
274
244
207
187
115
331
314
313
301
316
221
117
81
79
92
94
52
70
69
65
80
104
61
149
81
88
83
224
65
121
83
190
135
141
87
236
287
171
98
120
191
147
65
186
266
151
149
258
187
181
260
310
85
210
126
281
202
290
116
303
269
207
98
196
248
261
112
82
326
119
101
169
166
422
423
104
113
225
228
98
82
263
166
128
203
204
88
84
128
264
248
268
264
240
154
36
50
10
135
227
267
189
123
167
337
267
218
264
166
302
270
160
149
235
267
365
126
232
225
76
50
256
157
301
305
336
236
92
159
143
160
9
117
112
264
166
345
278
163
164
165
175
155
170
166
200
209
230
229
167
366
214
264
195
253
254
221
207
212
253
82
204
249
201
319
297
264
183
178
215
275
186
283
165
202
299
300
217
103
153
252
269
209
166
235
151
102
222
286
149
271
53
175
172
316
297
266
274
227
321
191
187
162
202
281
187
118
162
57
315
94
304
77
333
293
216
269
236
237
157
211
213
305
335
307
322
304
250
206
263
222
367
297
187
147
241
193
191
57
280
391
247
214
14
111
305
74
72
99
104
81
109
56
52
7
59
25
86
61
55
78
77
105
190
163
155
228
197
293
313
363
361
289
380
286
92
332
338
354
312
222
194
93
206
168
139
224
213
201
147
153
205
184
184
274
262
274
300
155
262
228
6
79
390
83
159
384
283
311
341
357
279
7
143
72
356
347
333
361
215
204
207
162
245
261
240
189
122
218
290
193
198
173
206
178
286
221
175
67
20
10
36
207
22
69
83
184
104
239
140
245
109
389
141
153
235
191
141
120
270
298
217
188
238
138
253
167
20
69
50
34
318
152
159
194
146
200
201
157
116
114
109
232
30
292
294
238
206
225
178
113
146
131
189
215
207
136
122
277
170
147
264
126
216
239
257
123
388
269
180
167
197
217
231
226
218
146
171
196
164
168
191
187
298
161
166
313
271
143
167
125
182
181
195
279
306
331
305
308
211
153
269
186
188
169
178
82
148
106
261
139
328
157
169
222
105
167
195
96
278
227
141
106
228
170
370
327
404
253
217
316
163
169
165
166
115
111
44
178
225
81
296
123
187
155
191
221
137
165
240
227
352
136
394
383
61
269
153
68
110
115
190
164
125
274
210
227
141
347
334
328
283
156
225
281
97
168
65
205
120
260
148
138
170
175
380
124
49
50
140
132
329
288
326
306
291
301
228
214
162
237
221
139
177
118
336
290
135
199
101
112
300
267
237
247
203
220
317
100
285
267
233
393
289
40
281
260
196
177
112
139
84
58
209
285
291
135
124
126
28
201
371
258
146
278
301
159
166
166
180
158
179
237
279
197
207
118
298
135
285
81
160
125
202
236
180
157
277
285
375
169
455
227
121
141
202
350
147
159
155
159
172
159
189
207
193
252
308
120
145
334
210
275
251
189
264
128
160
214
119
160
332
241
282
345
195
225
224
122
174
250
47
171
155
188
163
125
130
194
127
134
361
92
6
50
149
190
274
111
103
114
259
273
288
303
195
172
262
169
10
205
194
178
174
197
119
100
240
168
127
110
376
104
68
234
186
375
111
209
26
206
170
275
275
275
167
215
301
157
130
279
119
184
126
165
238
286
281
205
210
175
265
221
334
250
248
254
187
102
124
158
197
188
193
179
209
169
146
18
267
146
176
199
306
209
140
154
186
125
63
256
211
294
296
211
7
47
166
256
260
200
272
245
171
215
204
257
279
191
248
183
322
86
86
186
178
157
110
169
218
22
221
138
276
135
137
159
50
193
191
155
231
252
214
213
256
215
199
198
195
90
107
210
145
89
87
253
119
146
136
114
240
148
143
170
138
132
167
270
143
134
141
100
299
197
125
127
136
191
39
249
140
148
274
131
148
242
36
303
151
120
171
141
225
80
175
198
93
227
96
239
239
49
161
-1
86
226
237
212
233
93
174
177
191
174
68
229
10
119
243
138
248
283
132
155
132
176
260
146
127
256
122
210
289
184
180
157
135
212
123
127
132
168
100
134
128
47
61
113
107
96
163
97
138
142
111
226
32
144
134
261
210
93
150
159
193
116
119
105
106
262
225
60
133
84
8
56
5
112
210
157
121
159
102
163
86
94
92
66
119
88
11
131
257
59
155
48
268
126
143
81
208
238
80
64
107
116
139
215
60
158
104
54
126
187
35
210
137
119
101
195
104
129
248
60
87
77
78
0
198
113
114
108
106
143
155
198
113
77
64
160
160
146
154
66
129
156
138
95
198
100
200
120
178
20
126
210
210
130
156
38
160
140
148
167
126
175
206
147
146
143
137
69
81
33
207
91
79
72
186
140
179
149
150
138
86
148
120
174
52
107
115
132
144
149
168
136
201
180
128
123
136
48
162
132
127
142
95
89
128
91
97
85
41
180
81
86
127
124
68
113
126
115
85
61
58
103
91
107
66
88
58
53
44
124
161
167
