59
37
39
43
49
59
55
42
56
45
41
51
39
31
28
26
37
37
38
32
32
66
34
36
26
33
24
21
39
32
35
39
27
44
29
30
30
25
19
20
21
20
31
32
20
23
9
13
17
21
10
8
14
18
21
16
18
35
19
39
45
53
24
51
75
3
41
61
56
72
56
84
57
58
67
45
48
62
35
74
66
27
52
63
63
51
48
42
55
85
45
45
99
28
26
30
50
56
58
6
44
57
40
62
40
96
34
69
113
69
91
48
68
98
72
92
78
86
62
48
145
106
83
113
66
128
130
38
30
48
61
111
163
153
156
166
154
141
187
199
203
90
100
205
234
251
184
213
60
68
69
101
81
95
154
140
83
70
110
54
112
118
128
61
126
66
126
86
153
118
218
166
229
117
147
166
144
175
176
222
160
179
184
157
64
66
91
48
49
28
28
31
33
27
51
65
74
46
86
38
5
142
144
130
185
85
138
106
133
146
45
225
114
223
225
214
62
84
83
74
65
75
56
78
80
101
78
99
167
153
120
39
71
63
224
75
152
125
48
66
73
131
162
33
244
191
208
168
190
189
102
195
131
131
156
81
124
43
210
224
221
202
220
103
53
31
30
28
34
30
32
31
29
41
41
29
77
36
39
23
105
13
52
34
86
67
48
33
131
211
81
31
70
120
74
33
103
88
53
84
159
107
76
100
212
78
128
63
173
107
206
46
200
160
96
65
76
206
172
42
17
205
47
39
105
58
145
176
33
52
111
119
38
35
121
65
40
66
66
29
30
53
154
123
149
132
120
63
19
33
2
74
108
115
67
44
55
257
184
122
143
139
135
158
57
71
90
92
258
74
93
90
40
21
160
94
184
197
152
143
25
91
98
80
5
54
42
116
75
234
165
111
110
111
94
61
84
59
139
88
120
151
94
136
121
191
108
182
122
124
109
96
74
25
132
100
78
201
204
198
96
107
123
135
122
203
103
90
116
118
85
52
54
143
103
77
66
134
59
50
109
208
94
187
24
70
99
232
119
96
195
144
190
69
58
93
138
164
187
53
59
21
205
77
192
71
182
154
83
121
107
96
66
114
119
190
248
165
165
130
166
68
91
132
196
153
77
73
114
146
139
20
174
222
159
107
2
51
132
44
60
67
72
69
79
21
20
8
24
9
34
27
27
49
38
43
119
91
87
122
121
319
324
199
191
101
197
137
27
148
143
142
127
111
135
37
158
111
83
146
128
127
101
86
130
115
96
120
108
105
131
77
110
115
1
32
177
37
117
184
126
162
170
168
146
5
72
30
170
126
140
128
139
146
152
109
228
266
392
225
167
136
166
127
125
119
143
116
156
112
118
59
27
18
18
109
8
51
34
107
75
144
73
136
68
174
84
103
119
341
62
48
149
379
368
350
174
61
185
78
18
36
24
9
149
111
106
141
219
261
226
176
119
128
228
340
13
362
344
294
340
377
431
329
331
287
234
274
306
308
92
160
122
131
139
78
247
116
444
66
193
323
162
176
230
234
198
249
253
94
83
210
107
109
130
128
192
97
262
207
193
96
104
91
107
143
109
136
149
149
162
159
133
106
290
85
173
200
217
98
69
51
135
93
127
117
123
116
54
102
116
34
137
115
59
35
162
145
217
204
204
135
130
164
221
204
133
193
58
55
12
118
324
73
133
99
121
107
117
172
81
57
124
115
169
53
175
196
31
129
280
28
41
93
86
347
204
285
81
107
83
136
308
323
224
202
101
177
31
69
26
107
59
109
147
83
137
121
179
65
21
20
98
62
171
144
342
288
261
253
354
122
168
134
109
76
80
74
147
138
90
98
54
57
149
241
173
330
113
109
135
50
150
124
126
208
151
40
261
165
101
340
62
245
48
75
214
244
176
84
34
80
11
242
194
114
138
253
359
166
190
197
394
74
208
79
175
111
118
55
249
51
131
63
78
40
254
295
117
100
194
140
186
76
185
133
193
191
167
197
133
119
104
239
205
94
228
192
143
152
218
79
112
182
183
269
237
124
292
85
200
299
268
69
148
117
114
169
137
161
161
195
154
157
27
78
86
84
160
88
74
287
77
98
138
56
3
41
177
138
146
51
42
46
154
104
135
218
138
395
125
95
12
106
94
90
204
161
87
38
156
166
163
84
215
58
50
125
273
146
76
298
14
471
100
261
151
185
68
214
182
125
86
214
128
134
217
276
222
161
148
126
295
131
169
156
200
202
185
206
101
54
131
-1
307
119
117
121
156
95
91
12
146
121
122
87
155
117
100
117
96
82
45
227
165
248
221
167
5
22
98
207
222
110
131
146
184
189
146
102
150
209
212
241
244
64
139
122
77
72
131
152
139
22
147
79
129
102
134
63
20
218
126
256
183
237
122
243
286
134
109
219
236
80
40
139
44
57
49
182
102
100
41
79
153
190
77
377
92
271
147
135
67
74
86
79
213
144
92
69
83
151
21
149
107
225
123
97
150
239
24
167
291
225
104
87
113
62
96
111
100
160
78
208
129
89
132
158
131
125
119
130
108
114
122
357
233
273
51
189
1
86
178
101
119
168
118
95
84
186
177
142
257
212
55
130
129
105
191
96
69
126
102
114
51
141
59
90
110
35
52
72
69
43
122
57
139
111
78
252
15
71
149
154
83
67
116
107
93
81
92
124
169
130
103
26
53
117
1
42
7
58
153
128
71
122
94
94
210
73
55
37
237
41
18
105
143
53
89
26
132
136
103
59
191
253
52
42
85
52
67
143
24
89
67
35
112
81
27
84
73
65
85
129
90
85
83
168
99
55
206
0
137
83
88
68
49
64
101
187
73
82
43
105
124
92
66
23
54
95
84
122
140
38
135
76
64
9
124
105
108
53
52
13
57
50
41
56
44
97
96
121
151
65
62
29
34
19
81
50
23
56
120
66
88
100
62
57
82
69
77
70
34
61
33
93
92
94
101
61
77
111
70
54
95
42
93
50
77
86
71
40
94
66
66
82
36
62
67
71
74
89
59
51
87
78
76
32
42
67
67
63
76
53
45
50
32
45
83
96
