93
100
83
76
86
108
112
113
112
102
73
97
83
78
82
65
88
100
76
90
87
144
95
74
54
88
41
59
65
65
84
75
54
87
65
85
70
46
39
56
49
45
80
80
75
76
39
21
51
60
27
25
38
58
69
38
43
65
51
71
87
102
63
99
155
33
80
81
87
109
65
120
79
86
94
61
63
100
69
108
93
41
75
54
93
95
74
96
105
116
73
88
103
82
70
71
89
134
124
18
81
95
91
120
81
228
94
148
182
158
165
125
132
199
174
206
138
174
115
112
207
205
174
227
152
212
230
101
75
98
102
235
220
276
292
272
254
256
305
317
333
180
230
320
340
341
257
327
158
185
169
184
138
212
240
221
104
127
176
171
166
249
244
130
220
131
257
169
278
229
312
291
330
198
265
231
228
279
292
321
248
291
311
260
152
153
178
100
109
58
95
80
73
50
107
84
83
100
175
119
31
216
194
251
292
141
234
242
247
272
118
353
194
339
329
336
112
169
143
113
122
185
140
129
149
146
131
142
245
256
220
96
125
109
356
131
250
185
95
117
142
235
275
126
342
287
321
281
300
283
163
304
181
191
185
129
208
111
313
319
322
311
303
154
109
73
73
76
80
56
61
64
67
80
101
58
154
85
77
82
140
77
109
76
156
132
99
85
190
287
143
63
139
195
86
52
162
159
158
118
210
215
135
160
298
202
191
146
239
172
298
55
305
180
131
68
106
272
243
102
60
340
82
83
129
115
228
243
80
83
231
130
35
51
180
110
62
121
114
84
102
143
256
244
199
171
151
108
30
41
9
118
138
147
110
129
116
336
261
223
241
217
208
187
155
156
149
166
330
120
128
147
40
59
264
174
266
368
245
222
85
195
200
187
20
97
82
163
111
326
242
234
234
235
189
115
153
119
248
141
187
225
197
190
238
299
120
247
189
178
160
165
118
82
254
149
135
233
307
272
149
237
238
243
229
274
141
140
154
152
149
109
92
215
174
102
95
177
142
124
149
306
91
250
58
129
222
373
159
151
277
223
291
113
114
202
220
219
255
108
86
81
297
134
293
119
257
218
113
169
167
151
148
148
197
259
290
239
235
188
257
128
154
267
246
205
143
74
152
231
263
52
289
318
243
141
7
81
210
100
114
138
145
116
140
61
52
30
66
44
75
54
65
101
78
102
138
200
184
163
178
320
343
265
270
168
253
185
79
231
220
205
206
169
205
58
273
203
187
173
177
168
109
102
170
155
132
167
162
196
195
143
154
169
3
34
245
90
233
262
150
204
207
217
189
14
115
57
219
189
193
172
159
174
163
139
250
289
472
299
242
181
212
148
148
131
249
236
215
170
212
98
49
31
41
159
20
110
115
147
143
221
158
168
139
265
172
200
186
295
118
93
209
338
361
299
283
85
281
178
13
69
49
61
226
208
131
164
270
-1
502
422
288
274
207
291
37
333
353
450
335
416
361
299
343
385
523
390
392
345
248
187
198
226
188
152
543
150
350
73
225
312
334
310
458
473
433
521
430
177
160
393
171
133
166
177
280
103
230
222
274
198
178
175
204
169
213
180
198
190
201
205
253
212
267
128
415
460
474
124
130
99
175
170
190
224
215
201
113
151
145
51
206
155
97
84
277
211
271
256
253
168
162
226
394
389
303
367
93
79
42
206
400
111
193
172
201
179
191
199
166
105
195
177
213
86
226
247
84
167
501
48
95
210
154
250
390
275
109
181
174
195
303
310
231
362
169
253
95
112
44
83
114
168
199
142
226
231
232
121
70
55
177
93
209
177
323
287
264
258
277
165
331
161
187
131
125
178
197
191
167
171
97
90
224
281
210
311
162
148
195
84
220
189
159
229
188
109
245
215
167
314
105
434
126
130
213
245
235
96
119
146
16
194
210
179
265
291
370
275
318
320
310
133
302
126
226
140
157
99
270
72
170
109
99
122
233
276
143
143
272
176
246
141
230
171
423
442
311
241
227
232
206
466
415
132
448
349
246
184
247
113
183
213
287
251
255
208
264
160
376
256
409
92
208
178
154
210
242
248
248
246
273
177
47
180
128
130
204
181
155
323
132
156
191
94
17
86
309
186
172
67
73
77
148
155
178
287
155
319
124
131
25
149
143
145
178
221
151
88
176
171
144
158
268
60
72
196
284
214
142
253
36
317
156
219
209
227
141
230
252
190
132
224
344
239
354
204
247
177
183
146
256
179
189
184
216
213
209
209
151
51
136
261
271
171
170
148
234
138
115
15
179
223
230
129
184
160
167
222
138
160
95
247
187
243
231
164
15
67
179
218
208
147
184
159
389
191
177
141
206
204
205
172
246
113
297
221
153
138
287
278
177
40
200
113
182
97
206
101
56
176
167
388
209
237
158
227
255
174
145
201
204
148
92
166
76
60
130
199
179
122
99
116
167
177
112
259
118
243
254
156
122
89
129
133
208
143
177
92
144
222
47
149
230
195
150
123
254
218
25
206
252
369
135
129
171
92
134
143
187
165
133
199
181
138
217
200
224
168
163
145
210
165
131
263
181
221
99
177
14
167
228
183
141
191
177
123
112
172
190
193
198
252
125
160
158
130
222
110
123
162
143
145
118
126
128
175
178
82
50
85
75
77
140
91
200
235
146
231
22
102
287
156
111
63
155
194
128
171
164
326
139
181
140
60
137
139
13
43
16
90
151
152
67
148
134
154
261
114
94
91
273
54
34
156
169
109
115
47
169
154
124
128
180
241
115
84
118
115
70
164
24
119
95
51
97
107
64
123
91
80
94
136
105
107
127
210
146
79
257
0
142
74
97
72
103
67
174
192
76
93
51
113
134
98
79
48
99
121
122
189
137
49
147
109
94
24
113
119
125
90
98
6
85
103
77
93
92
110
121
125
109
72
85
58
55
40
96
92
60
64
126
115
103
107
93
104
70
84
154
99
63
111
89
96
105
109
103
105
92
119
84
56
96
44
92
73
86
90
82
49
104
79
77
67
30
91
56
53
84
85
56
64
91
83
88
57
48
65
71
83
89
68
38
49
23
43
86
97
