96
79
68
67
85
96
92
83
96
86
62
83
57
55
55
49
55
76
71
72
54
102
61
53
40
48
34
41
56
50
52
56
41
70
48
56
44
35
25
34
25
26
47
48
40
46
21
13
36
37
15
11
19
37
45
26
27
45
27
66
98
58
32
112
121
13
73
115
128
142
92
166
109
120
124
96
112
118
92
143
111
71
87
79
148
128
101
93
123
141
85
76
144
48
34
57
76
102
67
7
71
79
67
91
50
158
55
111
126
113
137
84
95
140
115
123
111
124
69
72
169
156
125
160
103
164
176
69
50
61
81
169
183
188
190
202
208
169
219
226
214
104
142
224
251
245
151
216
103
93
85
115
80
129
143
147
97
102
143
104
129
186
176
84
168
97
132
98
191
173
217
195
234
149
180
185
181
209
197
229
173
197
216
186
109
94
128
51
67
43
57
42
42
33
68
80
90
65
120
78
9
168
153
178
199
111
157
151
150
180
77
245
143
254
243
243
106
159
145
131
95
129
106
86
122
117
100
123
186
180
144
72
85
88
229
157
157
134
70
84
97
187
215
54
255
226
214
164
226
208
111
219
156
148
160
104
116
65
225
229
228
231
232
102
73
45
49
47
46
33
45
39
44
53
71
37
105
52
46
32
126
41
73
38
113
80
86
42
147
205
116
84
94
113
78
43
121
149
103
89
168
131
84
160
231
84
135
78
205
149
201
95
228
156
170
85
102
190
178
66
41
224
75
54
101
101
201
211
64
100
150
118
42
47
133
142
99
135
125
55
66
86
188
161
193
155
139
95
31
38
2
114
187
192
139
82
113
264
194
147
158
138
176
168
109
89
173
191
264
91
153
135
40
30
148
122
197
202
207
157
53
115
114
118
5
101
80
189
138
263
202
139
138
137
140
128
135
98
149
133
172
166
113
201
150
194
101
181
151
137
140
123
142
51
164
190
163
213
232
209
132
144
140
178
153
195
105
122
170
168
141
75
70
162
183
114
114
151
73
51
135
202
79
200
41
118
130
240
162
190
207
148
211
137
126
124
152
210
140
67
101
37
222
86
188
53
219
180
127
163
150
167
112
171
151
193
232
278
177
214
196
150
161
168
316
272
160
73
173
143
168
30
192
279
176
168
7
91
196
54
63
83
84
76
82
37
29
5
39
13
55
36
40
62
56
81
178
114
119
192
153
209
216
282
296
183
261
190
63
172
219
219
218
193
154
35
162
128
97
217
207
208
159
124
201
162
162
179
175
183
202
107
171
211
2
50
233
66
100
230
214
264
246
276
247
2
87
47
229
218
212
183
221
220
224
174
146
149
203
162
81
211
253
198
190
175
153
122
230
173
117
54
15
8
22
193
30
53
75
176
80
170
100
177
81
251
124
130
188
158
108
82
256
236
174
162
178
75
190
125
20
52
36
29
235
125
163
171
106
180
157
138
86
88
123
214
23
277
253
194
179
202
169
119
138
130
145
180
202
131
96
164
130
131
170
92
180
135
200
85
252
253
114
138
173
186
175
216
208
112
119
175
98
165
215
119
220
121
140
237
210
124
134
96
157
119
137
243
238
260
269
271
152
119
246
149
133
125
126
67
97
52
254
104
197
114
139
131
100
159
177
45
250
192
85
59
171
125
285
259
282
255
229
241
160
155
110
152
93
104
29
152
203
65
195
94
137
113
135
177
110
102
157
151
268
93
254
233
61
179
168
48
53
105
118
160
98
246
145
169
118
211
301
294
246
151
178
205
61
126
33
147
100
164
92
79
139
143
264
67
29
31
120
84
272
252
322
344
300
280
194
212
148
189
177
125
129
93
209
170
113
96
80
77
201
191
164
213
196
191
233
89
214
234
203
262
274
45
309
179
150
172
79
125
62
71
267
388
358
126
95
86
12
295
262
217
103
202
238
140
175
161
185
105
138
141
195
175
215
82
343
74
167
57
97
78
212
184
145
105
228
178
241
138
267
228
146
150
157
258
148
150
132
175
181
106
180
176
163
259
252
115
113
250
182
265
210
151
284
105
156
215
139
112
221
199
147
238
166
185
187
167
156
291
31
125
140
137
130
104
96
188
94
103
223
50
9
42
163
137
263
71
78
83
168
207
253
243
238
213
129
157
6
197
170
175
194
143
90
68
262
109
110
83
255
82
53
149
171
232
96
260
25
196
132
336
269
289
109
182
251
137
150
373
91
142
133
163
212
287
290
202
200
135
259
179
267
303
296
334
158
67
102
191
160
205
211
210
143
150
139
12
286
111
139
153
236
159
135
141
120
84
52
255
275
334
268
219
5
45
118
249
391
209
191
208
159
206
161
158
227
170
442
255
381
68
87
158
137
120
121
124
169
11
173
97
221
135
111
105
37
219
206
141
304
460
154
216
276
202
228
184
184
85
83
169
78
68
83
233
101
159
65
84
249
140
110
177
98
148
156
188
71
117
98
80
511
180
114
77
119
159
35
255
117
204
201
112
124
277
26
184
172
147
167
111
225
71
147
201
77
311
86
266
243
56
135
208
108
241
231
234
154
104
193
173
172
182
53
375
7
94
207
86
222
303
145
157
144
153
309
122
150
236
100
212
221
216
127
146
117
170
113
99
71
167
84
126
142
48
71
93
92
75
151
63
160
112
103
198
27
105
124
234
130
61
146
147
173
114
109
87
128
195
158
33
87
72
13
62
1
67
299
118
109
135
98
119
107
61
61
61
152
64
8
137
252
66
155
24
277
106
153
78
-1
212
70
51
128
107
119
238
25
122
91
51
166
114
36
116
129
93
99
181
91
142
144
69
115
52
92
0
227
101
128
87
74
108
122
188
106
76
63
198
107
163
109
37
103
153
102
105
182
77
185
87
125
16
122
162
160
115
99
10
115
120
108
119
94
145
150
156
171
112
107
42
47
32
147
103
55
83
180
119
188
165
151
103
98
97
121
116
48
126
91
178
187
174
161
110
146
162
124
86
168
56
146
99
141
151
133
79
156
104
134
120
41
104
98
83
125
149
84
106
132
160
108
83
69
121
114
132
89
108
57
87
55
40
128
123
