116
86
87
87
99
145
122
114
118
118
73
101
83
89
92
73
93
132
106
101
53
108
102
78
51
80
50
49
67
62
80
95
72
103
66
71
67
57
30
44
40
40
57
51
43
52
29
21
39
37
25
19
34
42
43
31
45
64
38
93
130
27
16
142
137
20
115
143
134
133
118
150
108
125
123
119
106
153
76
148
147
86
98
130
100
116
108
129
148
124
107
106
136
26
18
53
100
96
34
1
75
109
80
150
87
195
73
200
186
184
205
159
154
200
167
188
152
179
98
98
199
188
165
210
152
222
192
110
85
104
113
206
202
218
210
192
188
145
177
176
176
91
177
190
167
193
102
134
147
147
138
165
148
158
170
183
135
113
220
160
170
200
198
192
219
151
185
170
215
178
169
169
178
160
196
220
181
174
197
172
185
185
193
152
171
178
167
120
107
78
87
90
82
83
125
108
126
108
137
124
42
214
171
176
209
142
169
203
213
222
170
185
159
199
195
184
178
140
127
164
134
128
99
65
171
121
131
178
189
135
189
87
154
130
199
149
187
220
132
99
151
186
186
71
187
173
171
175
179
177
160
152
198
212
173
202
116
148
220
224
226
238
164
144
88
71
63
79
73
47
58
63
59
74
90
55
98
80
67
94
157
69
110
85
115
106
133
91
150
194
109
84
90
141
134
67
128
162
125
89
171
120
184
157
176
38
167
99
169
204
214
84
193
175
111
54
152
167
156
125
67
173
144
95
135
183
262
235
82
132
161
149
66
67
187
140
99
157
166
66
87
115
234
197
240
175
167
181
39
31
10
97
131
160
143
130
148
192
170
137
196
111
181
157
127
125
152
180
183
116
221
167
83
43
142
142
153
188
215
159
79
103
89
112
14
86
85
147
116
173
201
117
118
117
163
190
115
125
145
166
226
151
142
220
205
187
161
160
203
170
164
201
177
75
109
151
132
197
211
209
193
126
105
172
105
210
117
130
158
156
124
81
118
172
152
159
138
127
158
110
164
196
90
154
44
131
99
174
165
177
169
143
189
148
157
94
122
195
110
113
175
62
173
62
199
54
207
233
175
220
291
167
113
110
158
140
199
162
209
215
203
209
177
118
176
145
97
117
188
117
127
43
196
204
155
101
12
116
183
75
50
70
72
58
68
47
41
3
50
19
75
45
43
45
59
83
96
88
90
135
118
215
183
183
204
230
195
182
113
253
178
217
152
154
199
73
132
102
76
120
103
110
89
86
129
103
109
272
250
153
217
130
198
160
2
63
239
73
86
170
156
165
199
198
135
15
129
78
211
211
184
194
112
114
113
99
142
141
144
141
84
110
167
102
94
96
112
93
150
149
134
47
7
3
38
127
14
51
69
110
128
168
101
172
100
187
90
92
144
146
150
102
150
157
131
125
174
193
138
108
10
74
51
31
203
97
105
114
126
130
145
154
133
125
98
140
22
146
136
120
130
122
109
67
115
88
132
101
96
93
113
223
97
90
220
82
110
173
134
129
201
132
116
132
99
112
139
120
113
81
113
105
95
83
95
113
143
114
133
146
169
90
91
95
110
164
118
154
186
146
172
153
142
88
164
180
110
117
118
91
-1
148
139
86
192
92
115
126
74
131
129
78
163
127
113
84
139
72
182
159
185
129
107
178
92
101
106
108
126
100
40
97
142
36
142
77
160
162
179
166
104
160
134
125
161
139
157
170
53
221
88
59
123
75
188
91
72
171
172
141
85
166
207
197
180
93
214
158
81
172
54
136
103
196
73
74
112
115
177
56
44
37
87
85
157
158
181
169
163
145
126
120
93
189
186
149
131
77
189
189
148
146
88
102
179
157
149
151
126
131
166
93
191
145
120
174
131
28
179
162
151
91
97
83
69
29
115
152
152
77
105
67
21
115
180
156
90
174
169
107
92
99
95
118
113
165
159
107
108
94
145
115
182
65
91
91
140
120
127
115
165
177
183
119
183
119
86
86
119
191
102
113
118
77
89
98
102
134
131
143
169
98
92
171
124
128
151
168
138
77
94
101
65
119
166
154
192
158
99
126
124
90
101
127
34
112
128
183
137
101
84
118
92
89
148
86
11
30
99
154
155
90
98
105
133
140
147
169
91
99
139
178
2
170
165
153
121
100
112
82
132
133
135
91
181
61
52
181
94
182
63
95
22
103
110
143
120
148
132
157
163
85
138
144
86
97
73
106
133
144
141
106
101
109
168
141
145
128
121
125
95
95
99
69
119
120
112
98
131
102
99
12
134
110
94
94
200
129
76
105
158
79
47
147
96
133
178
112
15
55
111
127
127
99
189
117
107
158
106
130
182
133
119
101
161
45
53
113
94
110
57
103
177
7
180
116
160
67
80
136
41
97
96
72
127
112
170
123
95
115
88
128
147
54
62
170
111
62
65
165
101
90
82
78
126
110
135
110
152
94
102
116
124
66
95
78
137
94
69
154
85
113
47
140
111
83
142
121
88
116
22
139
72
59
89
91
149
68
117
104
68
111
79
137
112
17
101
148
43
127
112
121
162
77
82
90
147
97
50
109
6
70
147
80
120
133
74
110
81
119
125
113
83
147
90
131
130
92
135
98
121
151
130
67
96
89
56
68
76
39
44
88
88
92
83
142
77
70
86
122
13
96
82
115
127
76
96
91
119
65
100
52
80
155
124
43
93
64
3
34
2
113
99
113
72
98
54
120
27
49
46
53
67
62
4
99
123
24
101
54
132
87
103
37
97
116
68
69
61
108
82
121
49
91
82
62
66
94
25
117
99
84
76
121
72
78
147
25
43
37
56
1
109
60
79
67
61
90
91
92
87
39
51
81
79
64
96
37
104
119
140
59
113
77
113
87
108
18
71
111
112
71
114
24
117
108
122
116
87
74
100
78
69
107
92
49
58
24
128
48
70
31
98
85
125
91
94
91
66
84
78
113
35
60
77
71
80
78
87
87
117
94
81
72
72
40
86
77
67
66
58
59
63
63
59
77
25
126
70
63
93
89
51
74
84
59
39
24
60
53
71
58
43
67
32
36
23
88
108
135
