56
44
32
34
46
67
65
51
58
77
30
45
30
37
27
28
35
63
45
39
40
75
49
48
26
48
33
31
38
30
32
50
42
65
43
52
47
43
19
24
22
23
41
41
39
35
21
14
33
32
18
15
18
27
34
24
22
46
32
26
47
32
25
56
104
9
35
77
100
118
63
154
96
104
116
80
115
123
68
173
77
34
70
88
99
94
50
63
107
172
42
48
166
39
28
50
48
71
46
4
49
36
36
81
36
148
37
85
157
103
125
67
79
126
97
115
88
114
62
63
173
128
128
156
108
151
142
55
33
57
60
165
176
169
158
165
183
99
197
205
188
74
142
215
193
216
136
175
93
92
97
108
96
124
120
123
82
66
133
105
97
149
162
83
175
91
128
108
162
156
189
184
183
130
172
171
148
183
179
202
120
174
175
101
118
102
135
50
45
37
49
36
31
28
68
59
82
53
132
83
11
160
140
161
194
102
160
136
167
143
77
194
102
197
186
184
90
79
74
115
111
101
95
64
125
79
79
120
187
101
145
63
75
44
183
117
160
111
61
79
126
161
203
35
196
173
180
151
192
181
126
184
98
100
154
127
82
64
216
224
199
189
191
128
54
46
45
40
53
32
40
38
34
50
67
33
98
51
53
42
137
31
76
40
125
81
50
33
172
172
90
43
69
97
63
37
105
134
89
93
169
84
105
81
202
47
147
74
201
148
177
89
176
184
204
142
111
169
146
58
30
166
42
49
76
82
194
175
58
57
129
148
44
28
130
130
87
94
99
40
43
77
198
166
184
167
134
80
50
88
15
123
211
195
104
77
62
213
154
157
171
88
175
151
78
90
154
167
205
85
122
115
32
41
157
89
172
178
191
95
32
94
75
83
2
88
74
173
88
198
170
89
87
89
72
144
96
76
117
97
108
151
125
165
130
142
87
173
100
84
84
101
103
49
111
192
154
194
212
198
113
131
122
156
117
185
83
67
113
113
80
78
71
133
148
74
71
143
102
53
130
197
115
179
43
89
102
217
112
131
188
128
182
66
72
92
149
149
125
60
67
28
175
48
163
29
189
168
152
138
143
160
93
190
120
164
206
245
173
244
199
163
120
132
315
343
148
106
148
141
125
36
171
228
166
275
3
72
164
44
48
58
52
58
53
43
32
7
50
14
35
34
42
49
44
73
232
76
83
393
91
156
181
225
234
154
191
188
56
193
190
214
194
206
144
47
154
101
71
362
338
356
275
211
317
265
193
172
177
165
222
110
140
229
0
43
230
49
75
183
219
245
294
252
281
4
51
27
195
169
174
169
325
330
325
244
115
147
145
138
56
249
270
406
326
336
101
88
247
222
108
45
9
5
23
211
30
44
51
280
88
172
77
191
78
222
81
90
179
86
108
68
209
145
157
109
144
67
172
93
44
34
24
26
214
81
303
304
76
134
137
140
86
83
50
160
19
171
163
157
122
120
89
54
79
91
124
130
135
56
63
185
88
98
173
67
129
133
125
92
215
166
95
106
97
114
138
135
122
88
115
132
96
281
327
101
177
120
125
189
175
90
96
81
100
131
121
189
204
238
249
250
135
97
172
127
117
109
106
41
117
47
336
89
169
78
105
142
90
331
327
41
221
280
56
44
151
99
217
179
197
233
262
207
88
99
95
105
138
104
23
95
168
46
191
65
153
130
135
157
87
76
151
128
234
116
196
190
42
129
117
37
50
63
121
99
78
197
143
134
94
177
206
213
176
97
220
168
38
98
40
157
178
170
65
79
104
97
214
61
38
30
84
80
232
237
200
195
191
165
121
195
89
264
270
173
163
59
196
168
63
128
66
66
179
135
148
129
238
244
194
100
164
224
208
194
214
25
193
189
139
108
74
106
47
33
130
180
196
234
72
70
12
147
242
221
87
183
146
95
94
102
114
93
103
106
181
271
219
77
156
44
145
46
62
68
126
147
160
91
167
192
173
362
208
308
73
74
111
239
109
107
114
105
107
104
150
132
127
248
159
340
83
196
125
154
186
121
166
74
114
134
95
119
174
283
187
178
105
135
132
104
101
231
34
112
168
182
120
74
74
130
82
90
174
57
2
30
109
126
234
83
94
93
175
160
185
174
158
113
154
164
2
221
212
195
115
125
83
52
211
77
57
82
205
169
42
118
132
184
62
132
24
126
109
134
165
201
85
142
191
76
221
187
60
100
78
97
142
223
211
153
128
115
159
163
185
134
147
152
193
42
95
96
87
320
304
249
159
389
397
60
204
87
103
170
184
126
91
99
109
73
38
163
103
166
203
98
9
31
110
152
173
198
176
174
126
127
121
148
186
95
172
78
208
55
49
116
76
53
66
93
134
7
140
99
167
282
80
114
36
107
74
98
168
153
133
149
137
133
219
108
148
44
47
148
39
191
57
174
78
245
87
72
187
58
93
108
95
98
94
139
86
104
54
65
182
108
65
77
99
133
34
190
87
113
131
93
86
159
56
146
93
95
243
87
177
49
-1
253
51
207
55
149
179
34
87
175
70
200
205
212
135
48
314
96
138
110
43
137
1
76
152
72
157
191
96
203
334
119
154
100
93
163
61
226
156
261
105
279
203
151
89
90
85
119
59
86
78
29
157
215
193
54
94
63
92
68
75
128
18
85
75
148
105
56
103
89
123
63
96
59
52
141
108
31
69
31
13
144
0
70
137
66
190
96
69
100
69
57
51
52
77
38
10
90
190
37
187
21
197
72
243
37
147
127
58
52
71
132
62
164
29
85
56
78
90
93
30
64
163
162
64
117
60
178
91
44
48
53
80
0
134
166
191
66
51
84
78
121
126
41
38
121
84
181
102
34
86
135
93
56
129
42
132
106
110
27
69
126
119
99
65
39
94
74
81
85
74
78
105
104
104
94
58
35
43
17
107
57
39
38
112
84
123
187
113
80
77
80
77
77
36
70
51
171
173
197
164
70
96
91
63
59
183
33
95
41
124
150
142
39
90
151
129
82
62
66
68
56
80
101
70
60
95
88
68
37
82
97
74
68
66
72
55
82
36
68
91
79
