127
88
101
100
97
149
114
110
139
115
85
122
79
82
81
71
83
99
95
86
6
65
93
85
54
69
67
46
87
70
74
98
73
124
53
65
63
49
40
41
44
42
42
43
33
36
24
14
33
36
21
14
16
42
32
30
35
60
33
102
110
0
2
138
141
24
99
148
161
161
153
186
162
139
142
127
131
164
93
163
195
97
107
150
116
133
136
92
158
119
87
88
148
8
12
64
86
94
21
0
89
122
92
184
77
180
81
160
178
183
191
126
179
173
162
191
189
189
122
108
211
199
182
208
147
247
202
112
56
90
119
195
206
211
201
200
201
154
193
186
173
72
170
222
197
218
100
135
195
114
121
151
148
145
243
216
179
109
228
156
193
206
200
129
189
143
148
141
196
199
202
181
201
265
191
219
170
182
182
199
213
178
209
178
126
164
152
114
111
67
71
77
76
65
123
131
319
107
148
106
19
279
188
181
180
127
158
165
166
201
115
201
162
219
210
211
184
124
120
166
141
129
99
56
190
132
144
166
198
137
180
89
161
137
192
159
194
173
116
76
127
190
195
59
232
180
165
178
179
175
138
157
215
219
204
181
119
97
215
220
212
208
186
152
101
69
70
67
64
51
55
56
49
73
86
47
100
81
70
41
158
13
97
68
100
83
150
59
181
216
118
83
65
129
180
62
101
161
114
91
168
131
140
128
207
6
126
121
191
170
184
95
202
194
112
58
143
195
194
90
57
189
102
77
182
148
234
224
83
114
159
149
93
65
229
124
125
142
129
51
52
109
169
152
234
241
183
152
32
32
9
72
118
185
152
79
160
247
150
116
200
95
233
209
119
96
181
186
221
104
178
189
82
29
205
131
171
170
231
184
70
107
104
122
11
64
76
145
124
199
213
106
106
105
120
133
117
113
127
169
214
156
123
218
171
184
226
185
187
168
154
168
177
46
122
143
120
223
189
206
170
112
93
187
111
189
123
139
200
199
122
79
137
155
164
151
151
138
99
71
188
191
87
186
34
148
126
187
197
196
193
124
195
149
148
102
104
236
99
98
142
36
171
56
219
18
222
173
131
222
183
162
94
91
239
176
267
176
217
157
178
143
187
97
209
132
83
110
203
92
128
33
169
231
141
89
9
101
148
65
38
63
56
48
57
40
40
3
41
12
74
44
47
44
59
66
82
86
84
99
178
221
217
221
245
203
245
208
55
207
182
202
158
144
143
81
136
91
72
109
103
96
78
82
113
74
98
187
177
155
146
143
164
152
1
81
211
50
98
180
189
161
212
202
156
3
160
61
236
245
195
231
108
119
113
81
172
151
173
139
106
138
197
85
82
93
111
89
154
146
104
43
3
3
38
111
8
18
68
93
98
170
91
181
98
213
73
105
122
170
97
88
195
242
178
164
173
139
117
98
10
79
39
17
212
100
77
109
150
97
122
92
97
96
105
224
23
174
198
116
179
151
131
79
140
96
108
87
96
116
118
197
111
115
190
88
101
203
199
124
213
179
123
132
99
113
153
109
96
105
86
113
88
79
94
141
158
142
156
184
208
84
99
82
108
130
100
157
164
155
176
172
134
79
212
170
58
113
110
90
135
77
131
81
195
66
115
152
35
92
91
89
154
132
147
73
123
58
207
170
220
174
140
251
108
122
141
145
86
108
15
97
129
43
139
76
120
109
118
153
79
118
170
160
180
94
189
222
43
149
60
49
117
28
159
149
95
224
181
139
84
189
242
227
244
138
151
161
83
139
50
177
76
171
79
70
130
113
218
54
28
32
80
107
195
179
246
222
223
198
161
131
107
143
140
99
97
77
194
240
74
79
102
129
196
139
194
164
123
119
188
50
184
143
131
221
187
7
239
161
86
134
70
86
59
2
152
202
192
69
56
61
25
141
214
160
114
187
209
123
136
118
120
151
111
169
205
95
108
70
195
137
227
53
119
78
168
134
131
138
193
178
225
76
211
122
87
82
119
225
97
95
70
89
63
105
65
144
131
170
231
72
99
171
142
180
207
142
180
86
64
138
41
162
176
139
141
171
114
117
115
84
103
149
29
120
105
120
129
87
65
148
133
131
157
56
4
21
115
144
167
80
74
80
171
125
149
182
130
102
160
136
1
140
152
121
180
111
91
72
157
133
155
93
245
72
48
169
126
189
60
161
20
125
102
204
139
158
159
187
175
98
71
191
85
107
78
134
185
175
173
157
112
114
220
173
223
152
171
168
82
173
110
96
171
98
92
93
160
65
55
10
165
95
92
92
179
122
96
89
172
66
35
173
169
216
241
168
13
39
186
175
152
120
159
147
104
180
143
103
193
198
132
182
209
43
36
107
96
95
61
114
145
4
129
106
190
72
74
119
34
158
112
65
163
148
158
159
167
107
105
154
166
37
45
128
85
63
46
175
74
80
52
63
175
162
121
151
162
111
100
115
108
74
78
82
143
107
60
110
92
117
30
164
132
156
191
130
109
159
23
219
110
30
88
163
143
81
79
97
75
147
62
155
135
1
78
167
31
152
132
131
161
74
81
143
162
136
48
134
4
65
155
99
156
158
62
87
55
155
136
101
93
161
98
129
138
83
135
80
64
197
97
78
68
115
51
74
54
28
41
84
79
66
118
74
66
73
67
128
22
143
111
141
222
118
106
81
163
76
73
37
122
210
182
39
95
96
0
33
1
78
130
179
87
105
56
112
7
61
33
47
56
75
1
75
141
23
72
54
143
96
73
37
123
139
47
34
82
52
134
137
45
99
103
37
76
133
23
168
100
48
97
145
103
63
174
2
56
59
35
6
135
56
61
72
164
109
96
111
79
54
56
100
101
58
129
49
129
99
149
56
169
76
156
78
109
14
115
120
132
88
115
29
121
112
119
121
95
118
112
87
84
110
95
67
62
30
170
60
59
46
135
76
141
74
98
104
65
124
59
150
39
58
73
74
73
65
87
93
147
127
110
88
80
45
105
68
68
66
48
145
63
49
50
72
22
99
90
87
122
79
43
95
75
82
27
34
46
53
64
64
23
71
43
35
26
113
153
-1
