111
96
80
82
101
116
116
107
119
124
74
110
74
65
68
62
75
117
106
74
76
128
83
87
63
92
52
60
92
81
74
87
65
96
82
92
81
65
47
51
49
57
84
86
76
72
38
27
72
57
31
28
44
60
71
41
46
87
66
73
84
61
67
112
161
42
85
109
117
115
90
144
100
107
100
89
88
109
78
141
110
55
71
81
104
109
88
84
131
121
72
80
126
90
80
102
109
167
105
25
122
98
81
133
69
202
64
159
199
167
181
121
114
174
168
170
150
173
115
98
216
192
161
222
137
220
205
100
55
79
103
207
207
229
229
233
267
206
247
267
271
135
166
281
287
300
212
229
136
146
142
156
109
202
182
200
124
142
193
141
162
220
202
121
231
118
221
152
240
227
288
234
261
158
219
208
230
233
257
293
187
242
242
221
137
116
148
70
99
60
69
63
58
59
99
86
94
85
156
105
13
191
204
217
280
137
222
186
216
223
117
282
165
280
275
271
129
138
126
142
188
223
184
136
163
134
119
143
228
207
195
139
131
104
282
147
259
185
86
122
131
210
266
86
317
232
246
232
308
297
160
236
156
145
162
191
163
104
305
288
298
274
273
162
97
69
63
74
65
42
59
55
53
70
82
54
126
73
74
70
151
55
97
61
147
110
85
56
171
242
140
68
132
148
72
95
156
158
160
122
192
164
143
156
301
178
186
104
223
172
255
75
269
172
139
81
128
235
198
92
55
258
74
79
118
113
184
213
122
82
185
143
50
61
200
125
85
121
131
77
89
114
234
221
201
145
176
98
36
36
8
112
145
145
121
129
123
279
214
223
203
202
199
184
142
130
147
158
287
129
140
147
56
37
180
153
282
282
183
177
64
223
222
206
19
102
75
158
115
302
237
182
184
187
127
139
185
120
329
124
170
201
163
213
186
221
114
226
150
146
138
133
132
88
296
153
131
188
289
220
131
228
286
232
287
260
99
87
148
145
121
135
83
169
174
110
101
253
134
108
167
264
111
237
82
128
255
300
153
172
269
250
275
129
121
172
238
196
204
126
104
53
261
188
230
71
198
187
122
137
157
152
142
131
214
275
259
212
199
185
238
145
154
265
232
187
127
108
136
220
264
82
255
240
229
143
12
82
170
125
150
182
181
168
162
67
59
30
95
65
94
61
78
116
117
152
125
257
240
156
166
205
202
208
218
176
209
169
68
203
190
216
178
160
200
45
217
255
211
159
148
141
122
119
169
131
132
187
175
160
197
209
153
160
6
60
218
111
257
188
159
195
225
215
175
26
103
44
186
185
187
169
152
158
152
126
192
155
202
170
98
142
202
140
124
120
288
267
176
165
187
113
49
19
57
131
25
87
102
142
117
210
189
170
177
201
263
228
149
162
104
126
188
214
177
156
245
103
242
194
15
79
57
66
187
246
107
142
129
213
151
179
103
100
103
171
39
193
197
225
143
163
140
105
155
128
141
205
192
140
106
164
276
243
167
211
211
136
166
73
217
170
152
161
234
281
273
270
296
200
156
252
314
116
141
116
231
112
127
176
215
253
232
221
274
130
-1
174
180
193
192
196
264
233
185
142
194
127
123
85
118
84
183
250
194
225
267
188
91
142
131
79
187
159
101
91
334
172
222
198
231
172
147
203
206
226
164
217
96
95
38
258
223
158
178
207
160
164
209
226
182
106
154
142
210
106
201
175
100
152
176
49
81
148
156
119
104
196
157
138
219
182
224
210
190
199
169
237
94
125
60
104
99
163
117
147
243
240
220
120
57
68
216
141
212
188
212
209
226
204
156
150
211
157
160
116
137
232
180
165
105
116
93
97
189
192
190
176
140
143
203
76
181
175
143
191
192
114
202
155
128
138
119
108
144
108
151
222
213
99
94
149
35
147
201
181
203
179
177
223
204
220
139
82
177
127
187
131
144
128
190
80
173
164
97
114
151
191
126
143
236
172
192
132
218
164
171
166
284
210
241
241
237
147
146
135
232
283
272
172
198
100
199
190
292
183
219
164
188
209
188
164
114
106
165
165
172
215
250
313
315
160
266
172
67
136
125
142
111
179
215
184
169
179
198
84
18
97
199
194
183
85
83
91
140
162
177
233
143
151
121
142
26
160
149
139
131
182
180
127
157
126
98
141
224
85
106
180
184
180
193
142
65
143
166
177
168
178
130
171
197
257
115
188
120
234
166
106
179
176
180
138
175
237
157
160
197
157
163
168
119
59
85
109
125
143
156
147
204
118
104
13
176
218
263
123
180
125
196
233
130
181
147
174
147
190
224
131
24
65
149
216
155
147
174
159
155
143
114
159
175
137
166
105
213
166
110
228
127
93
157
183
133
38
211
136
177
99
251
106
67
133
126
130
171
139
136
162
149
146
135
154
146
108
79
136
75
59
132
162
198
116
86
113
166
120
107
123
112
114
192
153
95
74
85
164
174
101
186
86
197
241
55
168
158
117
170
97
203
165
33
178
122
142
111
110
157
74
121
140
101
160
194
147
143
83
233
195
117
145
140
144
176
108
117
125
153
115
135
146
15
192
214
140
132
160
228
122
100
129
150
146
99
248
193
150
151
140
141
103
117
144
118
137
118
114
152
173
202
94
56
90
100
80
110
99
155
166
189
158
26
118
123
152
136
64
225
226
157
178
170
131
98
188
134
46
140
86
25
50
12
101
131
102
84
93
163
135
90
114
113
121
122
82
20
196
159
130
115
47
160
107
120
100
137
160
174
121
106
92
88
130
57
159
63
64
83
127
77
133
103
82
85
125
92
101
134
62
101
91
79
2
139
72
94
73
73
81
142
126
79
71
70
101
147
99
94
51
127
104
127
81
119
60
131
115
111
27
95
148
126
87
125
25
107
97
95
109
96
97
132
94
89
94
93
59
81
38
129
109
69
50
121
136
122
111
108
108
68
107
142
91
79
134
76
101
97
90
109
102
120
92
96
72
97
52
89
72
80
92
78
52
81
72
85
64
40
106
61
54
83
65
64
64
92
85
85
47
50
69
73
77
67
68
49
55
30
63
108
100
