89
75
66
66
70
93
91
85
98
95
55
78
53
57
52
48
54
81
76
68
78
121
66
65
40
58
35
42
51
56
55
66
51
78
53
68
60
42
31
37
35
33
55
52
51
50
32
16
40
44
12
15
31
42
41
31
32
54
38
61
92
56
36
102
135
22
71
123
166
189
115
241
165
186
203
139
179
170
108
205
125
53
123
96
207
180
77
98
165
244
73
75
220
49
28
68
65
106
65
7
68
78
63
97
50
175
47
120
146
119
146
84
97
167
123
148
126
164
81
69
202
177
138
202
124
197
182
81
53
71
71
191
209
211
219
223
237
145
255
246
242
104
152
251
253
267
176
200
110
102
94
124
100
147
160
172
119
110
167
114
140
196
189
98
178
116
146
127
208
182
226
225
237
162
192
219
187
225
223
243
175
207
220
171
126
119
148
64
69
31
69
52
45
43
79
77
92
74
139
100
7
187
186
186
222
127
170
161
180
209
80
261
165
257
245
241
111
136
145
151
112
146
127
84
155
117
103
150
212
154
159
80
106
82
245
190
174
144
69
93
126
221
227
47
274
226
233
176
232
210
124
243
170
149
190
133
134
79
239
249
235
235
228
124
72
57
60
60
59
35
47
48
44
59
80
43
125
65
59
42
157
44
89
50
144
97
66
47
173
231
127
104
117
130
88
44
131
166
119
109
207
123
113
145
248
76
165
87
246
161
219
132
239
201
291
220
119
205
208
58
33
230
64
64
121
89
263
231
77
110
168
163
57
49
176
199
158
159
129
59
65
79
207
179
216
188
156
123
64
101
25
319
297
306
182
86
107
284
199
184
194
124
192
208
99
90
266
249
275
97
171
168
48
36
175
130
211
227
242
137
46
128
110
119
4
206
135
275
184
275
230
136
132
134
116
185
118
106
154
147
180
184
139
216
162
195
121
191
144
136
117
132
180
56
156
333
288
230
236
226
148
145
138
208
155
206
124
128
170
168
135
93
84
188
217
118
116
150
89
53
143
227
114
231
50
126
124
244
177
217
232
155
206
117
112
129
170
199
148
81
98
35
235
87
240
49
239
187
172
169
147
228
131
282
160
207
240
443
222
267
200
189
187
166
440
581
244
102
192
144
164
45
196
317
184
412
2
133
252
63
66
87
81
71
82
46
42
4
51
22
63
41
49
61
62
89
489
114
118
429
133
180
216
360
372
193
297
217
81
198
276
265
271
295
168
55
166
123
107
784
-1
694
527
349
553
486
424
198
190
246
252
114
197
321
0
64
276
70
105
267
345
422
319
408
486
5
81
42
265
225
228
217
666
665
664
471
130
177
169
163
91
424
406
557
562
542
152
117
405
327
129
60
18
9
29
343
63
59
72
560
91
190
93
266
106
292
108
131
302
110
123
94
323
180
192
143
169
92
226
124
64
52
38
29
327
112
438
528
111
177
146
139
82
78
72
190
19
216
215
178
161
192
131
84
101
119
149
180
180
84
79
199
109
119
186
91
186
171
160
106
281
241
101
128
145
149
173
179
172
106
143
138
113
501
596
144
245
155
137
278
230
122
123
92
146
137
148
322
311
351
381
374
146
121
215
191
126
118
119
59
103
51
467
106
261
110
139
160
197
452
388
57
374
391
84
60
181
107
291
246
294
393
435
280
121
153
128
152
203
168
27
136
199
68
229
97
137
127
156
182
101
101
211
191
381
129
281
271
64
175
141
48
74
94
122
127
90
237
187
211
114
237
254
266
206
136
259
212
63
145
44
224
217
209
83
81
138
129
325
67
38
33
102
90
339
322
227
248
247
221
151
357
104
301
344
250
221
87
261
189
100
114
62
76
231
164
204
175
350
355
293
151
198
379
420
275
377
38
248
234
173
140
78
116
63
59
180
264
301
414
111
92
22
190
304
295
93
209
208
127
145
133
141
111
136
168
214
390
438
81
218
65
205
65
119
103
163
173
201
127
231
210
280
349
278
417
109
111
156
298
135
150
129
125
143
117
161
180
162
357
215
351
108
268
175
205
227
151
219
96
131
180
108
169
249
296
183
258
144
188
186
128
134
339
38
126
317
178
133
94
102
170
109
113
222
56
10
43
141
160
311
129
135
142
233
254
306
231
276
152
184
194
8
275
257
244
137
160
103
78
307
96
92
101
271
268
53
143
154
279
82
164
35
172
142
197
259
284
107
190
235
113
272
267
75
136
101
131
195
331
335
238
171
142
230
168
242
201
224
217
232
56
92
128
129
444
401
462
160
334
338
100
305
103
127
334
267
196
124
132
132
83
53
216
160
221
238
141
8
46
113
216
250
347
191
279
144
177
158
154
262
122
242
119
280
68
76
148
116
99
91
115
170
13
158
96
260
420
95
155
44
156
133
115
234
224
143
182
196
144
386
126
175
76
82
169
71
261
80
208
98
410
95
81
284
99
147
129
120
105
131
176
84
178
105
79
257
162
100
82
116
169
31
272
123
160
217
98
115
199
55
169
141
117
415
106
226
70
338
420
73
330
81
180
295
50
128
213
81
343
323
344
189
64
480
136
145
153
57
202
8
95
207
95
240
284
118
206
345
145
192
106
116
194
96
259
212
378
124
300
225
177
123
85
76
168
82
105
115
36
189
240
237
93
135
78
108
99
96
167
49
105
94
190
135
61
128
129
176
96
100
77
79
187
143
38
86
67
12
229
4
71
218
88
306
123
83
126
79
70
49
63
116
57
7
114
291
50
338
27
324
114
377
52
207
166
58
57
95
187
99
238
38
115
80
105
120
98
32
107
229
184
76
151
79
329
148
61
81
65
84
0
188
238
318
85
63
125
123
156
185
57
59
197
107
330
140
38
109
168
101
72
181
105
169
95
148
47
87
173
165
183
96
30
145
127
117
126
93
137
152
128
126
150
113
49
49
25
159
91
60
65
156
108
170
284
165
100
72
100
115
120
48
95
65
287
280
285
218
101
135
117
94
76
280
42
117
101
230
226
212
60
137
205
211
103
82
93
74
69
104
124
73
89
105
161
82
70
117
174
103
119
73
114
79
130
50
62
123
103
