131
78
93
87
110
147
128
121
157
155
72
106
73
70
72
57
75
115
122
66
34
62
101
89
48
71
43
48
74
64
61
106
85
142
67
79
68
76
29
31
40
31
60
54
34
44
26
24
33
37
24
26
34
31
30
39
38
73
27
89
100
11
15
144
187
15
104
132
164
188
144
195
136
113
134
112
127
154
80
190
213
100
109
203
114
132
123
97
155
172
93
82
227
24
15
64
92
91
25
0
75
194
155
241
158
294
137
232
378
247
295
174
227
269
205
219
252
274
194
171
397
285
283
317
224
331
275
161
168
231
217
331
352
307
288
308
356
185
346
326
314
94
279
381
310
383
249
245
194
167
168
188
172
200
210
239
269
192
246
192
216
271
307
174
293
237
204
231
321
306
329
270
301
228
293
426
293
322
287
305
235
300
289
200
283
269
338
229
165
138
183
190
179
207
242
196
188
126
220
227
103
397
297
282
289
259
209
258
253
245
151
289
221
300
294
280
215
109
119
186
177
175
152
60
269
213
177
329
338
163
260
104
227
186
295
131
227
163
144
241
271
317
322
59
333
273
267
227
319
288
237
255
218
236
351
298
161
122
314
308
279
285
302
226
114
186
180
170
163
157
171
179
130
188
224
173
215
179
189
170
439
177
224
194
303
237
119
217
358
296
138
76
177
210
287
57
286
233
146
248
333
139
205
136
311
34
295
130
315
274
299
93
291
465
188
112
248
250
243
166
90
261
96
163
242
166
307
297
85
81
238
-1
259
221
309
121
112
166
176
93
85
131
299
270
300
337
337
141
48
54
12
70
184
202
169
143
159
321
281
223
304
134
347
328
157
153
176
213
323
216
212
192
216
160
258
155
261
257
279
149
87
128
95
104
14
79
83
179
111
312
307
127
128
126
127
138
131
201
160
156
198
218
203
246
205
218
264
262
185
170
154
230
187
59
144
165
136
309
294
284
148
164
177
284
140
244
109
134
200
201
103
137
215
258
235
173
151
209
122
57
303
260
235
266
45
145
119
277
219
176
282
157
255
173
157
121
212
241
164
121
149
49
274
71
277
79
299
270
218
233
208
212
140
159
198
273
295
229
272
224
257
172
174
171
248
197
142
255
183
171
153
61
224
272
250
157
46
100
202
63
50
68
66
60
70
47
42
9
44
21
71
51
55
49
57
94
135
95
87
183
136
240
267
236
225
219
260
252
47
228
274
286
232
189
191
192
186
123
82
162
163
177
117
119
153
147
145
259
246
182
215
143
185
184
41
70
284
70
95
210
237
232
258
248
190
14
190
121
261
275
270
271
163
173
175
124
194
218
154
230
156
126
219
164
148
133
149
98
177
181
156
52
6
1
36
156
8
73
47
140
82
332
112
253
113
223
93
116
147
145
97
108
186
226
179
171
196
199
247
119
22
80
53
17
255
105
128
140
183
130
183
139
112
98
84
194
25
220
213
225
143
158
125
46
90
136
176
202
188
63
101
235
114
103
257
70
172
286
193
122
278
220
169
178
120
136
169
143
140
102
189
127
119
125
154
223
255
138
167
188
233
99
115
89
131
221
143
185
198
212
224
217
213
110
223
147
103
172
163
103
149
84
191
111
258
86
151
233
35
142
150
84
181
176
127
90
197
102
221
186
249
177
140
259
99
119
158
135
96
105
165
118
209
36
168
79
169
172
160
219
96
153
212
204
214
141
217
256
58
175
102
64
171
63
186
152
116
234
195
129
97
271
266
274
229
102
201
269
71
137
63
198
96
183
81
100
130
131
267
90
70
61
104
141
221
223
233
209
240
211
174
142
91
185
175
124
164
62
226
249
54
136
116
135
294
188
238
169
160
153
207
59
209
173
152
264
198
25
238
257
105
121
135
130
53
7
127
211
180
98
64
75
31
148
242
188
90
204
216
112
116
140
134
141
158
183
214
150
161
176
169
139
223
47
107
147
155
179
124
132
237
207
229
127
283
151
65
62
151
271
107
105
113
90
95
210
125
160
156
165
222
113
103
189
167
178
225
148
212
79
110
176
111
162
186
178
201
222
126
180
177
122
123
155
46
140
106
159
108
63
90
170
108
99
218
118
15
20
110
197
204
104
96
111
218
169
192
223
116
124
294
161
3
182
167
137
138
185
110
76
165
124
128
98
227
117
50
184
163
230
61
141
24
167
136
153
160
192
192
205
210
90
118
202
52
106
72
131
208
205
206
129
151
140
164
185
218
141
165
155
95
140
95
119
130
153
146
151
188
127
119
16
188
86
109
115
209
112
90
117
176
79
33
220
81
191
236
122
12
40
164
197
157
122
169
188
175
149
124
174
196
132
138
99
217
56
45
160
61
76
36
111
153
5
174
197
196
135
102
128
29
143
63
126
161
122
133
177
172
113
135
160
203
52
54
131
103
88
53
181
68
125
91
165
179
107
136
137
155
88
91
147
213
77
59
80
174
116
70
96
111
155
39
166
121
123
158
168
89
172
42
248
117
107
122
111
166
89
148
140
73
161
56
172
161
3
105
228
43
142
136
137
222
62
139
134
165
134
47
129
5
64
189
73
174
182
97
91
108
154
144
111
96
203
86
151
164
136
124
137
106
180
120
107
100
108
54
63
94
30
66
93
101
105
128
138
67
59
78
159
18
144
93
141
166
102
122
99
135
48
82
35
70
202
173
40
100
102
3
57
0
106
145
116
119
81
59
149
44
69
49
51
94
72
2
88
166
14
113
22
183
135
111
20
118
147
40
53
56
80
79
137
63
143
49
49
91
140
24
124
98
95
95
142
84
86
162
32
28
61
78
1
149
119
80
67
88
112
97
116
66
34
42
119
95
104
157
141
131
118
119
41
165
67
156
88
156
20
67
185
147
77
117
44
125
87
110
120
113
115
155
102
98
106
82
43
67
20
153
50
84
22
135
115
143
111
124
115
67
126
56
122
31
83
58
103
104
104
110
93
123
106
81
92
104
37
114
70
83
75
71
72
98
71
72
70
38
138
77
79
104
87
53
69
93
86
62
17
43
66
70
68
41
69
52
43
28
154
128
149
