157
119
121
115
135
166
164
146
180
185
101
138
97
118
94
91
104
143
144
114
84
134
130
112
62
97
57
70
100
86
86
119
97
159
94
104
88
76
40
52
48
48
85
83
70
71
33
25
60
68
23
20
36
66
66
46
47
85
52
113
141
49
51
183
243
38
129
182
218
248
174
271
192
186
188
151
153
233
123
263
238
129
143
188
164
184
152
142
224
205
116
112
262
71
43
87
127
175
84
13
107
153
120
204
100
323
100
221
295
256
267
164
214
302
263
265
257
295
158
144
358
326
288
366
256
368
353
158
134
117
163
357
380
384
361
375
435
275
413
417
405
153
311
465
415
419
261
319
221
215
197
217
179
255
299
265
235
227
300
251
254
384
335
196
317
230
256
243
360
378
376
343
400
287
367
413
304
414
360
417
288
345
374
278
220
217
279
155
115
92
124
89
89
96
186
157
215
144
263
171
33
339
349
347
403
258
273
309
299
325
155
412
289
454
421
417
242
211
185
245
189
223
192
113
267
231
194
274
378
253
294
132
229
146
427
250
270
226
137
149
228
386
423
84
507
361
391
285
418
393
231
385
276
291
343
269
199
145
406
417
400
381
420
223
118
95
93
101
101
54
71
71
68
96
143
65
168
105
100
82
263
62
129
93
240
158
156
88
298
383
198
115
155
210
159
76
196
309
174
177
334
222
224
218
399
88
243
156
382
259
374
131
377
348
266
144
225
341
338
133
66
410
133
121
182
203
413
392
118
122
293
266
124
96
317
177
155
229
221
89
91
168
325
298
343
332
319
189
56
63
16
137
259
325
250
125
220
439
338
286
330
180
379
369
193
181
265
308
451
159
283
249
85
61
291
210
374
359
406
252
112
210
175
173
10
145
122
258
176
442
356
198
200
199
179
209
196
233
227
226
273
299
212
361
280
320
248
322
239
221
195
215
255
99
229
248
207
437
383
336
218
221
241
396
217
327
184
192
289
288
181
181
175
280
289
196
167
272
157
103
269
338
194
352
71
201
207
413
303
284
351
252
370
200
203
188
244
359
200
140
176
60
360
107
367
58
392
329
221
307
275
283
232
221
342
366
403
369
391
303
357
232
260
225
445
357
204
191
250
215
229
63
339
474
300
238
17
138
301
86
82
117
103
100
123
56
46
8
62
29
89
59
68
92
101
114
217
160
158
256
251
488
535
399
415
312
429
313
101
318
392
401
367
261
262
95
251
187
145
283
254
242
193
192
245
221
222
323
300
324
315
183
240
277
7
95
392
104
160
388
388
369
372
415
341
13
166
87
372
380
359
402
271
273
270
206
312
387
434
369
232
228
366
248
224
208
236
169
301
265
186
74
13
11
40
262
31
73
103
245
132
345
166
338
143
388
162
180
251
416
155
139
357
500
466
370
272
179
298
178
35
80
53
45
373
172
199
229
275
303
341
285
172
166
241
422
33
566
591
350
437
434
351
298
319
273
314
373
402
282
173
314
177
164
317
127
353
309
468
157
440
526
281
272
301
334
298
318
326
167
222
296
168
197
233
219
395
186
374
323
360
174
186
144
200
256
224
352
341
377
374
374
288
149
557
203
230
296
296
168
207
94
323
151
372
146
199
291
107
223
240
111
335
279
160
92
276
184
449
391
480
326
284
453
228
256
270
274
138
156
46
189
363
77
296
123
213
206
240
289
154
167
294
295
395
160
399
390
85
233
259
77
132
133
236
321
218
533
243
232
155
388
-1
885
574
262
273
384
95
179
75
274
152
267
215
145
198
197
424
119
54
49
154
165
403
381
697
554
580
533
408
268
225
257
259
190
209
115
347
347
127
171
127
125
371
388
327
453
238
264
336
101
316
292
282
428
375
37
650
284
215
315
135
253
90
64
415
513
385
168
138
126
29
411
385
292
182
403
473
200
286
256
365
187
277
255
341
230
242
134
498
155
297
84
187
155
490
356
218
197
385
269
376
201
421
279
232
227
264
390
186
195
187
240
227
205
282
270
236
298
657
164
156
373
281
517
334
227
480
141
243
350
266
196
311
262
273
342
214
262
264
239
207
322
48
190
186
224
225
131
134
375
162
158
329
113
18
51
242
253
331
122
124
138
326
287
321
376
239
399
324
213
6
262
230
231
400
250
149
111
294
211
223
134
444
143
76
262
388
373
109
346
42
403
197
421
332
366
228
403
372
182
171
487
184
223
196
355
422
375
373
270
385
194
354
318
429
423
396
428
179
115
176
308
353
268
267
259
254
185
179
23
329
187
224
189
330
204
172
199
242
124
72
532
307
447
534
302
13
62
195
314
404
253
301
308
293
444
245
235
311
402
349
339
539
96
143
262
154
146
134
188
243
10
262
168
315
190
162
166
55
388
256
217
358
341
213
377
357
281
266
372
352
96
96
224
133
125
111
337
124
193
131
127
311
318
168
341
189
248
194
264
174
130
116
111
394
208
128
156
186
231
47
295
215
346
269
173
192
470
46
353
316
218
201
195
268
99
206
246
129
286
103
474
285
56
185
334
119
277
253
257
314
206
223
343
317
283
77
344
8
125
312
160
291
321
171
172
169
291
291
163
279
316
155
278
282
260
242
203
172
292
159
149
125
177
102
141
170
49
85
141
137
108
193
110
149
135
131
316
34
190
219
265
252
129
186
190
223
108
160
119
295
372
278
55
149
150
23
84
5
134
278
224
173
169
112
190
203
112
92
90
207
81
12
160
292
72
181
50
305
185
168
81
301
326
86
87
130
141
178
258
59
181
103
74
160
203
55
210
184
123
121
235
130
165
240
101
109
106
170
1
259
145
138
98
130
153
177
209
126
60
68
187
154
174
191
76
198
188
188
128
265
107
277
145
208
26
157
269
228
143
179
36
179
149
170
165
163
197
236
184
148
157
133
75
91
30
233
126
108
61
244
164
235
181
193
174
102
211
138
195
61
137
87
165
187
176
184
172
196
183
155
130
168
60
223
109
149
167
132
112
154
119
142
116
55
168
122
121
158
131
89
117
149
150
93
47
72
121
114
115
73
110
78
76
50
127
214
242
