107
86
69
72
86
105
100
85
118
108
71
86
56
64
54
51
63
101
91
68
69
107
74
70
46
71
41
44
64
54
50
75
53
92
62
69
60
41
32
34
31
34
50
51
42
45
20
14
37
35
13
15
23
43
43
35
28
57
35
68
99
61
37
122
144
21
84
113
137
156
120
197
127
127
140
101
124
146
73
183
154
79
88
134
132
141
87
84
132
157
73
81
163
49
22
62
80
99
68
9
58
76
59
116
48
178
50
136
148
142
167
94
121
187
160
162
143
182
83
83
178
204
173
203
138
230
211
77
56
61
81
196
186
219
211
234
219
186
244
244
217
117
163
247
230
245
119
164
129
107
105
119
110
149
173
182
137
123
176
128
167
208
196
105
192
135
146
146
213
188
215
185
236
172
228
208
185
228
211
239
210
199
214
202
126
133
159
88
74
56
58
40
39
50
82
90
127
79
159
100
10
245
211
189
204
149
153
176
166
208
90
220
196
239
259
251
150
144
141
161
114
118
126
90
178
153
111
175
191
167
135
81
121
97
243
135
149
145
85
78
130
193
199
49
271
207
242
166
221
219
121
196
214
189
173
163
145
71
224
236
215
205
242
113
69
56
55
41
50
33
41
41
40
53
81
35
123
63
56
38
181
38
82
46
122
99
87
41
151
204
126
78
89
154
104
47
103
178
106
79
161
148
122
157
240
74
116
90
201
143
217
102
225
170
155
80
126
185
225
69
37
235
79
62
134
122
217
240
80
81
171
147
89
55
157
136
108
149
136
54
64
82
190
181
230
162
161
118
33
37
8
112
129
155
152
86
127
259
199
150
193
132
194
190
101
95
188
216
266
82
169
169
53
30
161
131
205
206
182
177
41
131
128
125
3
89
64
204
132
279
210
138
138
138
143
135
121
134
143
146
200
157
106
247
167
206
141
183
165
157
167
126
166
58
141
182
155
172
222
199
146
118
123
207
144
184
129
157
197
195
123
87
113
217
195
135
116
139
85
61
133
199
81
200
33
135
136
253
203
202
208
157
221
134
131
127
137
252
133
85
116
35
254
80
227
57
241
211
134
184
153
185
118
142
200
205
234
211
159
176
194
153
193
162
242
184
112
97
174
130
161
34
193
264
177
134
12
86
173
54
64
80
79
76
82
37
27
6
45
18
58
38
39
59
51
82
135
104
110
151
167
189
165
225
229
209
243
191
64
174
216
225
196
163
154
56
145
114
102
159
165
166
113
117
143
124
120
195
192
157
191
97
177
160
6
49
207
66
112
214
177
207
214
232
184
2
92
53
211
230
214
199
161
164
162
130
175
119
145
181
97
135
200
153
143
123
138
112
175
157
119
53
14
7
21
146
23
55
63
142
92
172
107
149
102
180
103
148
142
125
98
94
204
216
162
172
168
114
184
120
12
46
29
34
198
115
124
139
120
125
102
84
65
60
84
160
23
180
201
168
134
164
140
79
116
123
96
163
179
106
75
171
118
101
164
94
165
155
167
78
241
201
106
105
129
132
177
130
152
112
105
151
106
135
172
167
233
118
97
170
210
123
127
91
142
127
126
198
209
210
213
214
146
133
180
159
103
85
89
78
112
57
193
115
231
91
122
145
82
121
123
62
200
173
98
55
175
95
247
229
275
204
150
258
119
147
126
148
88
108
28
132
169
56
157
75
139
117
142
186
106
123
177
165
234
119
232
215
57
164
95
40
77
119
130
144
72
194
184
126
131
227
228
218
187
136
172
233
61
133
51
112
104
149
92
86
140
123
242
61
33
32
108
92
220
198
227
191
248
226
165
147
137
142
154
107
121
79
202
163
94
91
73
70
224
163
224
150
154
159
210
77
267
181
159
244
230
40
215
144
102
131
66
61
68
65
154
243
220
96
93
96
15
171
232
187
111
160
188
135
163
158
141
93
122
168
215
147
171
83
216
85
213
67
144
95
160
144
115
118
236
162
223
103
261
148
115
109
157
227
115
119
118
104
126
95
125
173
142
214
212
94
99
213
172
198
206
159
208
97
117
189
77
131
217
162
154
219
138
163
160
121
129
195
30
109
134
154
97
104
107
150
88
105
210
63
6
39
142
135
203
89
86
94
163
200
209
242
148
130
162
136
6
161
143
134
172
129
92
75
175
109
96
101
258
85
53
167
163
227
94
168
17
180
127
213
202
212
143
146
234
117
104
245
78
135
82
105
180
233
237
149
179
137
228
147
247
195
220
215
103
67
76
108
160
143
146
176
150
109
100
7
205
110
136
130
200
124
111
124
119
82
50
194
163
223
239
178
9
45
96
216
209
162
164
175
109
162
109
141
190
145
184
157
279
71
64
140
108
101
104
139
140
11
173
87
199
112
82
112
40
163
155
100
189
175
145
172
196
136
154
147
147
76
81
137
81
68
67
210
87
117
73
62
207
108
111
117
117
99
126
166
79
66
87
74
202
115
117
87
112
155
37
198
118
118
227
94
120
200
29
187
138
88
123
97
186
61
119
146
53
185
75
185
160
60
116
210
63
179
180
174
186
70
142
135
135
135
51
193
5
92
214
116
161
221
131
104
104
105
181
102
73
232
100
169
193
146
126
113
90
154
115
72
66
117
68
120
118
35
45
106
102
76
142
67
113
108
104
163
30
122
86
176
162
58
127
145
170
96
94
81
100
196
180
35
87
63
11
40
4
84
177
89
88
106
97
102
41
62
55
62
109
50
6
106
205
66
125
21
223
92
119
65
160
163
66
62
77
90
94
192
38
104
80
53
87
108
19
138
156
84
82
150
76
105
179
44
83
61
61
0
179
81
92
62
69
125
121
143
86
56
50
127
131
110
121
41
124
132
111
51
194
78
179
71
137
15
133
312
-1
113
123
31
114
101
112
122
105
258
283
113
114
139
106
46
66
24
200
82
59
71
152
111
164
131
144
116
70
140
136
154
40
94
78
112
101
128
122
134
183
177
116
106
105
37
125
123
116
98
98
76
100
73
98
87
33
126
79
55
138
100
57
97
123
121
92
54
58
83
84
88
65
80
55
59
37
74
118
132
