119
88
88
84
99
132
120
108
124
133
72
97
71
79
72
57
81
115
104
88
78
121
82
84
55
75
48
54
76
74
66
90
60
97
68
72
62
53
38
42
39
36
61
63
46
50
25
17
44
46
17
15
25
46
59
37
32
62
43
90
122
67
61
138
161
26
106
149
175
173
137
214
157
158
160
137
158
166
89
182
171
103
105
105
160
163
131
114
173
165
102
98
182
61
42
64
96
134
95
12
76
97
79
131
65
194
66
147
176
164
175
129
144
194
180
182
151
180
98
93
221
205
170
207
148
219
217
104
76
77
106
225
220
230
261
251
262
216
278
291
263
132
162
298
289
290
177
214
136
135
117
152
128
184
207
200
147
145
188
137
195
234
227
125
216
136
178
141
245
214
274
259
277
185
235
236
207
274
266
283
232
250
271
231
129
130
155
91
83
56
70
53
56
60
106
102
144
94
171
108
13
215
224
223
257
147
210
198
206
229
115
291
190
307
313
297
148
189
178
170
129
158
126
109
171
165
128
167
223
199
176
98
132
107
272
192
195
190
97
97
135
215
273
64
326
276
283
224
288
275
143
273
208
200
204
169
154
91
268
288
275
270
284
141
87
65
69
61
70
31
45
43
52
65
76
47
124
67
65
40
163
52
88
61
145
108
99
53
177
276
151
105
112
168
108
58
135
186
124
101
203
167
141
181
302
101
158
117
262
174
284
109
279
188
213
98
135
242
223
82
46
296
91
80
153
140
270
267
92
123
189
161
59
59
181
171
135
194
155
70
80
102
241
226
255
214
186
143
42
57
12
139
186
218
199
88
147
321
240
186
213
164
237
224
126
115
212
237
312
103
199
193
68
30
191
169
264
253
263
210
69
159
146
142
2
117
97
215
152
322
255
157
157
157
156
183
132
125
179
187
221
205
131
266
194
247
151
236
193
182
165
157
200
80
186
196
179
261
276
261
179
162
163
222
164
241
145
168
243
239
175
115
104
203
233
157
148
195
109
85
177
262
104
265
43
152
148
279
237
226
273
195
260
165
153
162
185
253
166
105
126
48
274
98
271
68
277
216
172
227
190
205
147
185
220
236
293
296
240
236
257
187
226
189
346
296
193
99
233
177
184
37
230
348
195
166
12
115
235
72
73
104
95
90
92
45
38
6
55
21
74
45
45
72
73
90
194
116
146
195
201
248
250
364
356
228
327
274
88
242
284
280
267
249
195
57
193
142
120
239
234
232
167
172
225
182
180
233
217
235
213
125
218
266
3
59
289
82
141
294
264
291
279
305
284
3
112
55
309
274
278
254
241
232
231
193
197
196
254
197
114
224
316
199
201
194
196
148
253
234
153
70
18
13
30
195
35
70
84
210
105
203
123
238
118
305
133
168
229
204
140
107
311
259
226
207
218
122
225
153
24
69
45
41
293
137
176
212
141
209
177
165
95
92
133
274
26
293
297
231
237
276
203
138
171
150
157
219
227
149
113
213
145
144
228
118
220
178
235
124
333
314
149
165
200
206
204
239
228
134
139
219
127
189
219
174
270
182
182
301
300
147
146
121
166
164
171
293
285
281
306
328
183
142
280
221
137
130
137
80
127
79
287
126
273
126
166
172
100
189
187
64
305
212
119
70
203
126
329
294
345
303
259
337
175
194
158
206
126
134
42
149
229
82
231
114
150
141
175
220
138
122
204
205
329
129
311
313
67
208
164
48
95
133
161
168
108
321
196
218
141
266
358
353
309
198
242
265
75
166
54
194
123
224
122
103
165
181
352
80
33
33
141
102
309
290
347
393
366
341
218
256
159
252
231
164
158
114
255
221
118
124
80
91
279
225
241
259
235
247
297
104
222
273
249
323
317
48
381
250
176
221
84
131
81
70
291
412
385
149
119
114
18
312
355
260
142
260
289
164
220
191
218
122
165
192
270
185
238
99
375
96
225
80
148
112
241
238
204
168
279
230
302
161
337
244
172
166
205
318
161
160
153
167
179
125
195
195
185
277
305
148
124
293
226
317
285
193
305
132
191
265
132
147
251
231
198
312
188
206
210
175
169
298
38
145
164
179
171
122
130
233
115
123
251
74
11
51
183
192
278
108
110
118
224
248
273
278
255
229
186
203
10
229
213
207
249
190
114
91
296
133
140
130
344
98
73
186
219
300
105
240
32
239
169
398
313
345
136
247
289
154
151
457
109
188
150
203
274
314
304
229
240
168
302
219
342
360
328
364
163
90
123
183
190
225
223
250
185
158
150
13
326
149
179
173
307
210
166
162
155
107
66
276
282
352
369
276
7
50
112
260
409
253
233
246
170
270
187
178
310
194
350
271
438
94
109
178
163
150
133
158
211
14
207
110
288
149
132
145
47
241
239
159
-1
347
204
272
259
214
262
203
230
98
94
220
106
100
92
275
125
185
71
88
302
164
150
190
146
186
190
197
103
117
124
111
352
185
121
122
149
179
43
285
147
211
246
130
148
295
34
222
193
133
181
142
272
97
168
229
95
306
107
262
258
73
150
231
109
272
253
260
215
105
182
205
211
226
69
361
9
129
263
129
264
294
162
170
151
184
298
150
169
247
114
235
250
216
172
160
137
212
137
107
82
178
99
138
150
50
73
126
122
96
171
89
168
137
129
233
33
138
130
221
170
89
178
159
230
130
113
108
141
262
182
42
98
87
23
66
5
102
272
143
120
148
108
140
117
89
75
70
172
67
15
147
264
72
176
35
285
132
191
89
304
238
85
59
120
120
127
280
49
126
97
71
168
150
37
147
165
125
95
201
99
174
213
78
121
75
98
0
248
112
139
95
75
128
138
191
125
70
58
202
146
148
137
47
146
179
147
98
242
96
226
101
147
25
164
201
189
131
138
30
161
137
151
160
118
167
182
168
142
148
132
59
77
30
215
112
75
92
202
120
192
182
159
127
111
146
140
148
57
109
88
176
180
170
175
131
182
168
151
104
164
61
162
122
170
165
147
107
150
131
134
123
55
138
102
100
160
156
86
121
148
170
98
81
78
141
129
140
74
131
65
82
46
75
163
163
