111
94
73
69
88
116
111
102
118
124
66
98
63
64
73
60
67
108
94
69
70
123
70
85
61
85
44
57
77
71
65
85
62
90
73
90
74
55
41
47
46
37
75
76
55
68
32
18
55
59
19
21
37
47
74
40
37
72
57
64
87
82
57
108
148
27
87
98
114
119
82
135
93
98
103
83
92
119
62
133
120
57
69
82
108
104
83
86
126
120
73
85
118
78
67
77
97
164
102
20
94
89
72
142
59
210
70
147
169
157
174
125
134
199
183
194
162
187
110
110
215
215
188
218
156
231
228
99
76
81
110
222
224
256
262
278
249
233
281
297
270
147
177
296
302
304
234
248
145
154
137
164
121
179
220
218
123
133
192
146
181
233
226
129
220
129
233
167
254
221
299
256
309
173
240
213
208
252
270
315
222
261
258
243
151
151
167
91
93
52
79
61
61
53
107
98
108
104
176
108
11
213
216
229
293
148
215
193
226
256
115
302
191
325
323
305
127
137
129
138
169
208
159
117
161
170
129
165
231
224
201
123
129
98
324
139
223
181
89
118
121
232
252
89
333
258
306
247
295
284
163
269
178
169
172
161
210
104
273
298
285
272
271
156
88
70
65
69
63
39
52
57
49
64
84
48
132
76
68
59
163
60
94
55
140
117
74
58
172
260
129
70
151
171
91
66
145
160
173
110
205
198
158
148
297
217
160
100
226
162
274
75
289
198
128
68
114
256
233
93
57
315
76
68
142
121
196
205
109
82
201
151
59
62
188
114
89
121
132
81
89
115
245
230
213
152
161
106
33
38
8
110
122
142
126
116
97
319
250
214
226
233
208
184
156
162
161
171
325
116
157
146
68
35
229
157
275
337
193
203
61
233
232
232
20
92
75
158
110
325
237
203
208
207
131
127
196
132
277
130
188
214
153
216
196
265
117
240
177
160
150
129
153
68
256
161
138
193
295
244
139
207
289
234
300
241
112
113
165
160
125
137
101
189
158
119
101
191
122
102
154
267
101
257
66
133
252
329
181
178
257
224
283
115
120
198
221
232
227
119
111
57
289
171
276
84
233
183
113
159
144
161
143
142
215
260
279
211
199
190
233
146
167
282
242
190
116
94
160
229
303
52
263
278
224
134
6
85
198
117
135
173
178
138
165
56
45
25
72
42
85
48
65
113
103
133
132
227
214
151
178
220
216
238
232
186
239
177
68
206
201
209
190
174
191
64
230
263
230
157
156
150
112
103
164
130
135
180
171
156
194
175
155
171
2
49
237
93
266
226
162
203
210
245
186
15
107
44
199
187
177
151
163
162
157
131
197
169
289
219
142
141
202
143
132
132
317
279
180
161
209
122
50
31
40
152
19
81
113
148
120
217
209
156
153
210
194
248
153
176
109
111
193
250
206
216
241
107
260
186
16
81
50
44
207
252
129
135
180
311
218
230
139
135
131
206
30
244
248
301
205
255
194
151
207
201
229
278
279
200
157
168
222
216
176
164
320
145
201
83
239
233
232
229
353
374
409
347
353
199
165
348
188
130
150
163
276
124
156
183
243
239
216
204
259
140
284
189
208
190
206
207
328
230
213
149
247
187
190
103
119
73
182
218
201
250
287
187
94
135
141
77
197
154
110
94
345
176
249
223
265
166
152
226
316
368
259
333
102
89
34
274
291
141
182
180
164
144
182
220
204
110
162
156
225
113
223
218
70
159
262
52
82
166
150
147
149
216
148
155
212
200
264
239
187
350
157
258
91
124
68
115
113
159
135
131
275
273
222
97
39
41
235
116
209
187
231
223
241
235
225
151
314
170
160
119
120
193
188
152
125
117
87
94
209
227
224
215
150
143
222
80
199
183
165
213
190
111
225
184
131
194
101
178
141
124
171
229
214
91
90
130
26
179
209
168
280
224
256
286
309
319
212
77
225
139
215
133
151
103
237
77
185
118
115
140
165
238
121
160
284
171
221
124
228
164
289
304
-1
236
261
239
210
253
243
147
295
410
284
167
233
104
204
209
441
219
247
191
231
209
276
229
199
113
191
157
157
216
281
348
349
195
401
192
47
154
135
137
140
168
190
245
143
164
186
91
18
93
312
178
193
79
80
85
151
165
185
293
147
210
136
144
18
153
138
145
151
227
167
110
157
144
117
153
250
79
95
201
238
203
173
173
49
209
158
207
202
199
155
179
224
275
113
223
210
408
234
137
213
195
199
151
253
238
187
158
205
194
192
202
127
72
102
167
185
155
151
155
201
120
104
8
194
331
389
112
191
118
227
234
141
195
117
216
155
232
227
165
16
64
118
244
199
143
186
175
207
156
122
146
201
159
185
148
249
156
183
311
125
117
250
242
155
48
193
125
172
98
299
107
54
165
142
208
205
168
155
194
214
161
142
165
163
118
75
142
82
72
121
181
187
116
75
102
173
166
118
157
128
175
288
154
98
75
86
145
204
106
203
100
214
253
47
158
244
139
179
104
306
184
25
185
184
204
126
109
166
80
111
138
122
164
147
203
159
114
353
202
168
171
163
149
200
115
136
196
176
170
126
159
12
215
245
161
153
179
256
117
102
141
172
160
117
278
154
153
163
146
185
113
104
145
120
130
114
118
143
203
234
91
48
87
86
78
136
85
199
202
193
196
20
118
202
162
129
73
206
251
145
193
194
189
107
173
142
44
117
93
21
51
12
102
151
136
90
111
176
149
147
151
97
92
189
75
26
197
168
115
113
40
200
140
115
124
157
205
149
98
100
90
90
156
54
143
77
58
88
119
57
130
118
85
88
133
98
101
139
91
152
97
124
0
162
77
88
59
82
98
192
168
84
85
62
108
164
98
93
45
121
125
131
127
137
58
151
102
104
17
127
156
157
95
128
24
107
97
96
109
115
133
130
122
113
95
88
69
74
33
133
127
74
70
128
135
122
117
109
130
72
125
185
97
66
134
77
109
111
111
110
119
128
125
98
86
110
51
104
83
100
99
90
67
98
74
83
74
40
108
68
63
104
78
59
74
102
90
89
50
59
87
69
67
69
81
47
52
28
66
113
119
