207
167
144
145
168
221
227
213
235
249
129
183
120
119
120
115
138
181
186
132
155
234
153
152
83
131
81
80
111
106
123
149
108
198
113
129
112
79
41
56
52
64
111
110
92
103
50
23
83
88
28
24
43
70
109
54
56
104
70
111
146
142
110
200
287
68
134
162
202
231
150
219
179
191
186
143
171
217
124
235
228
113
132
188
163
195
158
145
230
192
117
147
209
134
72
93
169
215
166
54
131
253
216
349
180
493
211
343
381
414
433
266
369
482
454
438
419
459
253
227
440
496
509
595
427
519
553
316
298
211
319
563
497
566
562
553
527
466
578
571
572
341
486
621
544
567
358
441
310
397
371
393
344
424
470
437
308
324
373
361
381
507
-1
290
490
333
412
387
530
501
576
444
512
440
671
427
472
563
518
495
417
541
512
416
333
323
374
213
191
164
202
173
141
167
225
204
212
244
395
245
98
418
441
587
484
560
411
513
472
446
245
478
392
471
464
466
273
226
220
256
219
301
244
196
371
306
291
347
487
468
390
198
309
217
462
213
390
326
229
201
339
417
489
140
504
426
411
400
467
447
288
450
291
310
278
374
335
191
472
474
460
446
487
259
169
156
167
193
162
111
144
127
112
156
191
118
260
175
171
158
366
125
255
161
287
259
164
171
367
458
257
113
256
326
210
83
266
304
239
193
351
313
313
247
476
142
318
283
516
332
443
121
475
340
196
101
218
447
466
229
146
466
137
184
260
253
345
346
126
132
460
307
140
124
314
210
169
236
233
153
153
335
436
414
383
281
316
180
48
56
17
152
187
197
262
208
221
493
396
336
498
294
404
344
331
261
265
300
445
202
246
268
117
108
385
384
425
416
315
302
133
257
231
240
40
140
121
246
180
458
375
368
369
369
231
215
244
353
234
217
285
410
238
347
393
403
303
423
281
271
248
240
227
140
266
224
215
313
503
436
226
252
217
493
236
409
187
196
310
309
211
220
247
357
291
196
178
291
222
171
355
404
161
457
70
238
260
457
301
269
413
289
396
212
217
269
332
390
284
174
177
96
394
130
445
115
374
345
207
278
264
266
274
192
364
406
377
278
284
251
387
231
231
281
290
249
163
187
290
271
278
68
367
372
380
166
70
147
224
94
91
118
116
107
138
71
50
25
77
41
104
62
69
91
101
153
170
183
164
194
281
352
298
290
301
302
321
291
97
277
338
337
297
217
304
130
331
202
150
201
189
187
139
145
200
156
158
323
290
224
262
202
231
235
29
86
325
117
168
261
221
267
294
286
248
24
229
134
340
345
317
287
196
185
190
158
281
238
235
297
164
173
281
175
163
144
254
170
232
224
257
84
32
23
42
197
37
148
144
179
201
410
194
236
175
271
177
207
210
255
189
156
258
304
257
282
348
190
373
225
23
103
72
59
296
177
141
165
208
244
241
255
167
144
165
247
42
270
255
273
217
236
198
201
253
226
222
239
226
218
174
290
196
185
291
147
264
260
236
125
312
253
194
228
246
259
309
270
248
163
252
261
158
139
169
305
413
146
165
258
327
183
172
160
212
214
202
245
259
245
257
265
252
181
258
229
172
209
201
119
198
111
230
179
300
139
215
285
125
182
168
116
233
235
203
125
311
153
296
262
299
225
178
323
196
256
255
242
144
167
95
191
254
89
226
150
250
226
277
347
172
206
236
231
290
179
264
307
95
245
200
86
206
270
284
174
135
275
246
208
174
305
335
314
308
218
240
400
135
203
85
160
143
224
137
177
228
214
306
150
94
67
169
154
279
261
320
291
342
288
175
205
191
221
220
164
161
127
262
268
170
162
215
221
325
213
386
222
200
198
241
119
325
228
184
314
264
72
290
278
159
170
183
128
123
129
181
274
271
125
176
179
45
204
289
234
164
240
239
219
231
225
168
187
158
245
293
173
179
194
258
176
286
95
166
220
216
218
173
271
405
231
286
147
332
199
179
173
226
311
195
191
224
165
170
235
220
289
238
203
270
139
172
238
239
254
362
356
233
166
195
200
138
170
230
223
216
255
212
243
244
164
198
194
48
255
175
194
168
185
160
240
149
172
259
194
49
69
211
292
245
132
129
142
217
209
244
359
166
169
192
202
18
225
202
192
259
275
171
130
207
172
176
165
309
97
85
314
206
281
136
176
44
185
264
257
210
262
359
254
298
174
138
266
176
164
156
149
260
244
244
170
198
169
249
266
310
224
219
224
143
133
115
128
171
185
170
182
291
147
134
18
230
160
164
166
252
173
156
193
180
122
86
265
212
241
308
243
20
100
247
294
221
186
225
223
203
204
198
200
230
212
192
168
289
104
133
199
168
159
173
217
227
27
285
188
259
126
142
172
62
161
189
128
227
184
193
216
195
155
181
230
204
218
131
177
126
84
129
245
155
140
101
151
210
162
177
159
235
149
190
186
219
111
133
148
232
163
149
169
164
210
57
201
191
156
241
203
183
229
42
275
135
138
154
208
212
193
162
183
114
195
110
210
187
126
174
258
102
193
187
193
354
145
151
169
163
144
81
196
26
122
297
264
198
224
167
137
111
179
201
197
126
306
173
194
200
171
200
147
130
207
215
170
162
143
130
168
160
68
57
122
127
133
159
148
140
195
129
181
34
236
170
195
247
174
157
191
208
152
150
116
125
280
222
72
206
102
47
52
15
143
165
159
106
141
115
199
84
80
80
82
135
103
23
162
201
71
153
56
225
127
142
112
176
184
91
81
162
138
114
171
58
180
119
68
100
161
51
174
158
123
224
167
155
119
231
56
104
92
100
1
189
94
107
119
136
133
188
154
111
104
66
130
187
113
162
116
228
135
224
104
190
101
192
118
167
31
137
193
196
118
204
31
167
156
156
161
220
175
190
118
115
156
132
81
91
35
206
149
133
77
177
152
173
135
176
192
81
160
155
175
58
134
111
133
128
126
127
169
188
189
144
116
123
58
140
101
105
114
96
107
108
93
112
98
40
178
89
70
157
107
75
98
122
107
79
55
66
96
89
91
73
92
49
63
28
159
159
200
