109
98
86
85
79
91
106
98
111
99
67
108
83
69
79
68
85
86
70
82
47
96
88
70
57
80
42
65
64
64
75
72
60
101
65
82
80
57
48
59
50
54
61
64
56
66
37
29
41
48
31
34
38
52
46
40
38
71
48
73
95
31
31
95
134
23
75
64
86
115
85
101
91
75
80
62
54
101
59
110
116
40
80
98
50
80
75
77
84
110
67
82
127
45
29
79
92
86
53
6
96
116
107
172
87
236
102
165
216
176
191
121
142
198
149
191
156
163
110
104
281
200
184
242
168
211
224
99
64
109
129
264
287
267
241
238
281
149
243
238
261
100
266
270
238
256
149
240
166
158
161
166
145
179
172
167
136
75
205
173
128
245
222
148
231
124
209
173
279
243
232
225
252
196
209
271
189
218
226
267
174
260
228
143
202
158
190
95
117
64
91
80
89
60
105
105
111
100
159
128
25
204
160
224
232
133
177
235
200
217
109
263
149
270
262
259
134
103
109
121
146
166
138
64
153
101
140
160
247
128
233
113
127
118
270
101
225
135
97
142
154
292
283
150
268
230
231
191
239
217
211
222
104
128
215
132
138
86
252
264
241
217
242
208
125
79
67
73
88
55
70
68
63
91
101
56
118
75
88
72
148
69
119
80
171
136
90
90
215
219
112
57
78
115
111
65
206
169
147
141
254
112
147
113
228
73
231
85
233
208
234
26
241
219
147
76
136
191
167
116
73
240
76
70
80
114
243
213
96
95
208
176
60
57
232
61
43
120
116
99
113
150
209
204
160
195
208
103
44
44
13
75
154
157
102
148
105
253
182
217
219
111
235
239
135
128
118
137
248
143
131
133
44
53
224
131
219
275
289
126
93
108
98
98
13
65
84
125
64
239
200
120
120
120
99
85
126
120
146
131
123
171
201
165
193
224
146
202
121
102
91
158
135
62
155
134
101
260
231
205
89
177
169
222
150
213
74
75
119
118
90
85
124
153
165
78
81
153
140
93
196
240
142
194
53
121
136
247
133
146
206
159
233
108
106
120
154
160
139
99
98
84
216
71
220
60
204
166
127
172
173
135
137
112
127
204
228
196
277
174
186
116
127
165
202
151
116
114
122
140
143
50
217
261
197
127
1
69
172
72
60
76
79
67
71
60
53
11
51
23
74
50
60
55
53
93
114
106
98
146
88
373
400
207
228
176
204
165
72
200
209
195
191
139
156
87
183
120
111
145
149
134
109
88
131
128
119
155
151
183
177
139
150
156
1
37
219
68
109
201
174
186
182
214
150
14
108
60
184
189
186
225
143
138
140
107
229
378
364
366
316
120
178
133
131
124
147
114
163
158
162
46
10
5
33
133
7
44
89
126
107
213
121
166
89
200
91
98
145
337
75
91
180
289
383
265
195
66
220
120
21
60
38
55
211
105
108
124
358
523
712
401
328
312
198
276
37
346
339
407
351
304
324
315
291
447
-1
332
355
255
313
207
105
125
216
84
477
191
354
83
211
311
407
379
360
367
351
382
322
96
139
259
111
117
129
118
197
96
250
168
207
98
104
88
118
221
141
171
188
166
162
171
275
94
301
107
345
617
589
158
132
70
134
96
188
122
127
203
73
123
115
58
176
122
82
105
173
123
223
184
226
137
117
191
271
275
315
262
88
64
44
122
317
54
172
99
155
148
131
161
100
96
163
162
188
71
181
212
74
146
459
50
86
96
160
232
436
273
113
132
97
194
314
307
255
255
141
204
95
94
43
121
91
151
177
94
133
135
187
85
52
56
97
112
174
175
314
257
232
239
294
131
243
149
157
113
111
80
197
221
97
145
94
94
189
275
173
272
110
126
179
50
169
162
137
198
161
46
257
180
120
261
127
585
60
32
165
218
170
90
91
81
12
167
189
163
214
286
338
186
225
240
275
125
252
133
190
119
140
96
223
81
123
65
67
101
234
217
127
102
210
181
190
128
202
130
345
365
229
203
117
121
124
367
315
153
351
253
177
143
236
107
102
165
226
212
190
112
246
91
298
212
492
86
158
138
157
180
125
165
161
213
217
127
43
136
92
112
162
80
78
256
101
85
162
77
8
33
210
172
164
70
74
71
146
148
152
214
122
302
153
119
6
125
121
115
170
156
90
73
133
153
187
86
232
77
52
149
260
195
65
228
31
275
118
165
152
178
130
230
199
101
98
181
351
178
264
246
236
150
153
113
228
118
136
171
188
181
183
180
129
63
134
234
261
136
119
119
169
125
113
14
174
147
144
87
159
123
98
117
147
93
51
245
111
197
225
96
5
48
181
168
154
123
154
149
479
183
130
159
171
245
159
134
201
51
275
199
88
81
183
181
130
6
143
140
162
108
152
86
45
201
100
413
157
169
123
234
216
157
109
200
226
86
83
118
77
66
77
154
82
112
100
114
143
187
95
226
99
173
182
130
136
86
73
65
183
108
75
87
115
166
52
139
217
189
114
103
178
198
36
179
246
381
118
120
140
71
124
122
225
138
67
211
135
6
155
189
200
138
129
121
183
182
116
277
200
185
51
132
22
86
164
111
148
163
112
92
97
173
130
120
195
188
77
127
144
122
168
101
115
164
95
115
122
106
64
72
102
39
51
73
68
78
90
105
113
110
78
195
13
97
277
146
112
72
118
106
80
89
117
220
147
152
144
58
126
170
8
44
3
85
127
156
90
98
73
152
215
97
57
53
258
63
3
95
150
44
104
66
155
189
108
61
145
193
53
49
94
92
55
128
20
112
68
48
84
107
36
84
72
71
75
151
84
84
105
186
84
50
256
1
136
76
81
56
112
64
89
133
57
40
61
97
70
82
84
58
85
102
109
137
127
45
141
118
100
19
49
126
96
75
94
12
62
73
67
66
78
77
96
126
96
48
54
60
46
34
97
73
40
39
138
118
122
95
82
119
69
89
96
68
42
94
69
89
95
88
87
103
78
85
78
57
89
38
104
49
79
80
69
32
101
66
78
71
35
84
70
57
55
74
56
40
83
84
64
30
39
47
76
70
55
66
44
42
26
78
84
108
