351
245
271
271
250
312
321
283
357
295
208
305
253
200
200
183
246
261
250
197
176
261
206
196
134
172
108
122
172
172
205
166
130
194
162
164
144
115
101
90
111
121
134
140
122
120
84
61
79
100
61
54
70
114
94
100
112
136
80
189
209
59
51
262
336
82
194
231
232
211
179
234
185
189
188
157
148
217
161
204
209
158
104
86
191
175
200
195
234
134
165
211
147
84
49
92
221
165
103
18
155
188
156
229
121
235
141
215
188
207
217
164
227
220
209
212
224
233
171
163
233
235
230
285
216
264
240
171
132
170
194
247
243
259
243
233
240
243
219
228
226
171
224
248
222
244
112
155
219
171
151
148
152
181
237
233
243
222
242
169
204
232
238
174
222
204
166
133
224
222
203
185
224
231
237
246
232
213
208
237
233
217
250
267
178
207
216
138
166
131
139
115
120
117
166
171
183
132
179
140
37
234
233
230
204
166
159
207
204
206
204
239
191
229
230
221
218
216
188
226
186
204
194
160
201
184
227
199
229
236
184
177
223
205
217
230
174
189
142
133
155
239
256
121
257
183
202
175
217
207
143
198
239
257
185
204
149
123
230
216
226
225
218
146
172
105
104
132
109
83
88
97
90
129
103
94
122
112
116
83
197
91
129
123
120
120
178
123
173
216
285
140
142
150
154
107
170
226
175
143
206
217
168
232
205
91
189
125
226
180
210
119
208
188
119
65
126
187
190
155
98
207
159
119
197
210
246
246
126
161
186
145
53
96
219
187
164
200
206
151
146
162
197
169
194
197
227
186
39
32
21
129
175
157
206
130
206
242
186
157
219
186
222
194
208
112
212
234
237
129
210
229
81
58
178
211
181
210
214
227
113
185
173
182
26
151
130
183
165
236
201
203
201
202
215
188
176
149
158
197
222
152
131
225
172
187
206
163
211
199
186
165
208
153
169
181
172
223
222
205
198
173
134
217
143
203
125
154
237
235
181
155
143
175
214
202
212
128
105
103
170
203
50
182
43
-1
165
197
226
227
187
143
199
256
256
176
175
249
162
152
196
101
212
85
229
77
207
193
151
193
192
194
131
148
251
189
214
202
227
191
201
182
220
161
223
176
117
60
208
135
170
58
171
231
170
120
63
130
162
76
60
77
88
65
93
68
58
12
73
51
117
70
59
60
71
111
129
115
103
131
161
225
196
205
217
215
209
195
112
182
204
217
173
154
164
101
169
133
99
128
126
116
82
78
127
99
124
198
175
163
202
167
155
159
38
105
205
87
123
170
168
184
209
203
179
22
189
105
200
242
214
216
126
129
130
122
178
128
127
158
133
120
196
110
108
103
169
121
178
140
155
60
14
9
34
147
44
67
141
123
102
194
132
159
138
190
123
154
170
202
176
174
203
206
132
162
179
162
183
168
22
101
58
50
207
127
92
110
158
129
126
125
112
108
131
152
51
165
158
113
127
121
109
119
145
107
121
111
111
129
171
175
131
113
187
105
120
161
143
97
199
142
182
194
172
180
193
156
167
120
141
165
93
92
108
145
191
107
113
168
164
127
126
96
131
122
128
180
172
190
187
184
171
120
178
184
86
104
103
107
131
107
169
112
214
91
146
132
114
117
125
128
179
153
297
132
175
69
190
168
186
157
158
201
133
176
186
161
113
144
55
135
117
49
153
105
148
135
151
165
114
219
138
121
181
160
200
204
91
170
91
89
138
131
154
99
80
184
202
184
109
184
201
184
176
142
181
198
151
188
96
114
119
164
78
74
152
142
213
63
52
45
102
139
194
198
176
180
189
166
109
148
124
165
157
129
113
90
205
185
131
88
107
114
186
136
191
147
146
131
181
100
186
159
145
198
187
59
172
148
119
89
137
61
85
43
118
186
182
68
178
79
37
129
197
162
113
153
146
148
155
167
85
111
89
222
156
112
137
115
161
194
181
63
113
132
147
123
121
144
169
174
192
103
198
142
138
123
133
198
124
128
135
91
89
139
118
169
147
160
167
71
117
160
152
164
197
196
155
113
114
107
46
163
166
157
155
177
156
157
161
85
124
152
55
129
122
145
104
133
106
123
111
115
180
53
43
41
139
140
169
108
107
120
137
170
185
183
119
84
100
161
4
156
147
135
119
119
122
129
152
155
191
126
191
56
73
165
98
180
90
117
30
102
102
187
153
164
181
146
163
132
88
174
138
117
100
98
164
178
185
140
117
120
162
136
186
134
155
151
109
120
82
70
127
129
118
122
157
84
78
11
178
105
118
140
167
133
115
130
115
82
58
165
162
169
172
173
27
121
119
171
159
127
145
155
95
131
113
128
157
160
136
128
199
77
70
140
144
140
94
154
145
6
149
129
187
55
86
154
57
109
152
61
152
138
131
130
125
101
133
171
137
95
121
134
166
51
96
142
110
83
70
96
163
156
154
97
143
78
125
122
120
84
116
101
167
101
102
118
121
141
64
162
150
119
181
114
114
124
20
159
72
65
95
122
135
79
89
126
123
140
80
147
138
27
102
175
56
138
129
124
187
128
97
107
122
88
53
131
27
86
176
117
134
157
109
109
66
125
151
115
94
185
140
135
141
116
102
85
77
144
123
65
85
98
87
105
99
50
35
76
77
124
103
85
97
143
94
117
41
152
124
116
175
85
111
136
168
127
90
68
113
164
136
77
161
114
18
32
6
94
111
163
49
89
73
122
28
61
51
72
70
112
9
95
149
44
99
51
150
80
82
76
118
112
66
67
101
89
94
130
71
118
94
52
63
111
35
144
123
79
93
98
96
82
195
13
67
55
31
85
103
31
80
76
94
112
101
89
75
67
52
102
124
74
109
64
140
90
136
66
116
116
119
70
118
23
91
127
135
102
140
21
147
143
153
159
113
118
113
85
68
144
118
54
88
38
178
109
98
67
102
115
118
88
132
136
53
121
104
134
44
97
123
87
85
74
85
92
134
111
95
109
86
44
91
110
84
88
76
102
70
54
72
57
23
176
51
39
111
70
39
87
78
76
44
48
49
70
49
64
23
61
33
37
20
68
100
148
