94
87
78
72
80
96
104
88
103
96
67
99
66
59
73
51
67
88
72
72
60
115
66
64
59
64
44
52
70
66
64
66
41
78
56
79
65
40
36
43
38
37
61
63
58
62
29
16
44
55
23
20
26
47
56
36
38
54
44
62
91
64
44
102
126
24
67
87
101
105
68
124
89
90
92
71
86
100
62
113
94
48
82
62
100
89
73
86
97
101
69
85
89
61
41
64
85
130
79
7
86
74
70
103
49
170
67
132
123
127
143
99
105
163
133
163
119
144
81
89
148
163
145
194
117
174
197
66
63
65
91
168
156
222
215
210
183
188
195
213
221
122
149
224
235
233
157
199
125
133
126
128
103
142
164
151
89
110
148
129
133
207
190
101
173
101
168
135
201
177
217
200
232
151
201
152
174
201
204
230
177
192
203
199
121
109
137
71
74
47
63
49
47
33
82
69
82
91
124
85
12
154
158
178
214
117
164
176
178
192
87
239
157
236
240
235
95
127
130
120
114
155
128
93
117
121
116
128
171
203
156
96
97
89
246
124
175
169
85
87
103
163
201
77
244
201
220
168
219
209
133
198
144
149
117
108
140
92
225
237
249
244
229
122
87
51
52
54
58
38
45
52
51
60
73
46
103
60
59
43
126
51
78
48
102
95
79
52
128
210
117
65
111
128
80
52
107
137
152
89
125
142
110
144
233
156
130
84
176
138
213
62
223
128
100
42
82
203
182
70
41
254
68
60
110
88
160
182
76
87
166
91
27
46
115
96
78
109
105
78
87
102
171
155
166
103
113
102
26
27
4
105
104
116
113
99
100
250
176
162
198
179
144
126
131
124
125
149
247
85
126
122
47
34
160
139
214
229
161
163
56
162
166
164
8
93
68
151
98
252
176
189
188
191
130
102
142
104
192
119
150
162
130
164
193
216
109
179
148
136
131
111
115
62
203
140
116
140
231
204
120
184
178
187
195
211
109
120
135
135
112
103
73
157
133
105
93
147
113
88
121
233
49
182
48
125
173
247
144
149
204
183
235
101
102
162
164
175
204
95
88
50
243
118
216
68
164
171
100
144
134
130
119
109
151
183
224
177
148
149
176
119
146
197
186
156
99
57
145
156
197
38
237
229
179
93
5
75
132
83
94
116
125
97
120
46
38
13
60
25
64
44
48
81
74
109
122
167
163
105
153
188
165
206
216
164
216
153
63
185
156
162
154
128
165
40
179
174
161
135
131
125
95
80
135
101
105
167
152
138
169
130
147
133
0
38
192
79
183
192
119
162
170
181
159
9
89
51
181
165
163
131
139
131
130
114
154
120
220
166
98
129
174
102
106
99
206
190
180
134
156
90
30
26
29
127
21
72
115
113
124
151
139
114
115
192
149
179
140
167
109
85
168
221
145
147
204
76
222
144
8
69
46
43
169
181
95
125
143
254
181
186
119
121
127
178
28
191
190
212
157
188
180
125
171
162
182
186
193
168
117
142
179
197
157
122
225
96
170
61
176
177
142
154
242
272
320
263
254
144
111
270
144
104
125
125
205
107
131
175
197
181
166
155
172
109
192
143
174
166
159
180
193
153
150
123
169
156
156
61
102
67
145
150
150
197
191
128
92
107
104
51
163
123
90
83
242
125
221
196
208
152
123
164
275
277
187
249
95
88
40
207
230
108
147
155
135
136
159
179
130
95
125
109
189
84
178
193
68
146
200
39
66
149
138
136
155
178
114
136
156
155
194
187
158
248
142
195
79
109
45
77
79
144
108
102
203
204
173
89
44
38
158
87
176
152
208
205
189
199
169
131
238
141
147
106
100
144
172
143
108
124
104
106
144
187
192
196
131
126
158
83
179
144
141
183
161
88
180
152
128
177
97
134
107
89
166
217
191
85
97
100
19
166
175
152
201
200
228
239
287
254
178
101
182
125
155
104
131
84
211
71
155
107
85
103
165
181
131
123
222
161
199
99
181
137
225
220
288
187
222
217
175
237
231
96
224
346
270
164
167
91
175
189
306
188
193
179
205
162
232
177
139
92
174
133
145
171
216
234
236
170
268
153
45
132
119
109
156
173
130
195
123
145
150
58
13
71
245
165
151
68
68
79
117
134
142
232
136
159
74
124
14
134
121
128
146
137
124
78
167
115
102
135
207
67
73
165
202
181
132
191
36
174
136
206
167
189
116
153
181
195
104
189
155
298
198
116
177
174
170
124
169
191
172
153
184
176
173
184
120
71
98
147
169
117
124
123
166
94
89
5
169
260
236
103
179
137
197
196
98
151
85
150
156
205
206
140
10
62
112
219
176
126
160
143
163
155
137
132
171
147
178
168
208
105
132
199
118
109
202
189
133
32
176
104
149
75
234
95
53
150
124
181
190
201
144
176
197
152
134
140
156
114
80
139
81
47
113
173
153
102
62
88
151
126
113
144
110
155
-1
140
82
77
107
131
188
113
148
88
165
227
49
139
169
136
153
110
245
162
20
143
142
154
106
110
161
79
94
122
105
159
130
183
146
82
246
167
139
154
150
139
156
98
93
136
134
151
91
147
8
144
191
137
119
180
185
103
85
133
180
169
124
209
119
135
143
117
170
73
85
140
133
129
108
121
128
168
184
76
42
86
73
72
102
84
215
194
155
170
22
105
181
152
131
61
185
191
139
161
207
143
111
154
147
42
110
81
10
37
6
92
138
123
60
118
150
127
125
115
96
85
190
70
19
182
151
93
110
34
153
108
111
119
156
172
110
82
108
93
84
167
34
124
90
47
90
99
52
109
92
59
109
131
98
92
125
84
150
64
102
0
155
53
87
71
84
81
150
181
86
89
70
111
129
92
76
38
106
116
132
118
131
68
126
90
93
20
121
114
126
91
102
14
101
105
83
96
97
112
118
121
137
88
93
68
62
44
119
110
56
81
125
115
115
109
111
96
82
80
156
105
62
120
89
100
91
92
103
127
115
138
95
71
101
70
96
81
84
87
83
50
92
77
82
78
23
95
62
53
97
99
65
74
91
82
85
56
51
67
82
88
75
73
42
54
28
33
89
100
