167
126
131
118
136
194
159
148
168
166
106
148
99
106
111
89
118
164
126
121
87
142
116
104
74
101
65
67
94
88
100
107
69
144
84
91
76
78
43
51
61
51
72
77
55
60
38
27
48
54
27
28
40
53
57
57
49
87
49
121
164
40
32
207
186
40
139
185
193
191
171
202
175
169
171
167
145
195
104
196
206
127
127
153
148
175
163
178
189
170
154
145
226
52
32
65
140
123
62
6
99
166
107
195
99
269
92
234
243
246
277
175
208
256
225
265
217
236
146
138
302
265
236
306
209
313
278
154
105
125
159
313
328
317
292
302
312
223
310
290
284
138
233
329
297
359
184
232
185
221
228
223
220
219
264
272
194
167
279
183
233
266
291
233
300
202
249
239
316
291
317
286
294
264
284
312
273
283
285
282
263
313
314
238
185
230
216
158
138
83
109
91
101
102
151
139
190
131
195
134
47
297
251
276
314
198
243
267
318
277
190
319
210
336
319
318
233
209
196
228
180
188
149
89
245
178
187
238
321
213
297
118
221
178
307
228
285
247
158
164
209
278
305
94
345
297
267
277
299
283
218
266
241
281
259
277
162
158
388
401
370
340
303
197
137
83
89
104
97
61
71
71
60
102
109
66
113
96
81
92
250
96
149
113
164
158
161
120
225
339
172
114
132
177
194
71
212
219
192
155
297
181
245
229
319
67
291
126
320
324
331
95
323
282
192
102
202
298
255
152
71
277
158
131
208
227
408
347
102
171
228
257
99
90
267
183
149
202
185
96
125
194
335
283
312
285
267
225
47
63
12
127
211
254
206
150
197
348
282
245
299
168
285
290
167
137
242
255
353
170
269
255
106
64
227
206
250
291
390
261
97
149
132
140
24
129
129
238
144
287
350
173
175
175
180
212
168
179
192
226
264
244
193
309
282
270
241
280
256
222
222
229
269
98
177
228
203
341
346
326
226
195
164
271
174
342
159
182
268
269
189
134
138
224
251
192
208
201
197
123
252
335
148
269
39
187
151
277
252
256
295
213
292
211
218
150
200
329
182
159
200
80
282
82
301
55
317
276
265
314
352
211
138
191
252
271
349
297
323
304
317
247
277
162
341
265
174
170
322
189
177
50
284
366
247
168
26
147
267
94
67
79
95
68
80
57
47
8
64
28
87
61
59
65
68
121
169
128
121
210
188
302
331
350
356
304
368
343
128
377
317
398
303
283
261
111
229
150
110
191
186
195
136
130
217
171
177
351
317
249
282
188
285
277
17
78
394
96
129
284
253
267
363
337
236
22
197
102
414
333
333
334
193
188
200
184
203
269
247
205
131
221
319
171
169
166
167
130
265
233
202
58
15
8
29
182
23
44
105
187
136
269
137
276
129
313
115
142
248
222
171
116
294
248
221
181
272
212
227
153
28
98
64
49
352
129
164
207
191
188
258
225
152
140
135
250
24
269
246
229
235
219
158
109
141
156
216
178
184
135
151
432
143
156
-1
109
194
248
202
195
340
244
186
203
159
200
210
212
194
131
184
189
124
146
166
181
244
182
200
305
281
127
140
117
154
235
167
253
272
262
276
269
188
122
284
262
147
179
180
110
220
125
252
124
313
118
181
201
95
196
210
83
257
210
169
97
207
111
318
290
312
229
183
317
157
163
165
174
156
139
84
157
239
54
254
128
206
215
211
266
134
175
243
227
286
154
316
346
82
282
145
67
168
148
247
134
150
341
257
237
127
309
317
309
320
141
266
241
106
211
54
218
123
321
112
109
173
168
334
98
50
47
123
125
285
296
299
298
287
254
194
213
136
306
269
220
195
98
333
394
144
218
149
160
296
216
259
257
251
213
259
122
262
238
194
330
252
52
296
345
198
190
156
158
91
38
190
250
269
121
126
107
31
197
335
258
124
272
269
169
167
142
152
185
176
226
285
164
205
148
260
149
270
86
145
132
221
172
250
178
260
320
328
181
322
221
124
118
176
361
170
167
167
123
125
166
168
194
196
229
282
157
148
241
184
260
296
239
245
122
156
197
121
180
258
259
293
264
160
182
180
154
170
223
47
155
159
214
207
126
110
197
146
111
272
104
25
30
164
258
277
117
119
113
247
224
243
280
164
152
242
273
7
256
250
232
204
194
143
100
245
162
190
129
350
104
67
252
154
320
86
179
30
198
164
241
224
264
194
279
272
122
155
258
100
153
129
177
263
260
244
178
173
163
239
305
276
201
202
218
161
139
148
139
165
218
195
187
246
162
152
22
226
142
128
174
314
235
126
162
188
97
58
279
166
255
338
185
14
69
180
217
213
170
260
206
205
241
243
202
310
216
203
173
287
74
79
182
162
181
89
151
300
9
243
160
296
151
131
171
44
196
151
148
228
201
210
211
191
174
167
178
253
132
125
224
129
93
90
271
143
167
119
151
245
156
222
169
200
155
157
164
160
156
154
124
244
197
96
185
141
183
50
236
162
170
219
196
134
211
51
268
139
117
156
117
239
126
173
198
103
207
107
216
199
25
147
264
89
206
198
195
264
100
149
158
217
159
54
194
7
96
244
139
235
230
125
166
151
233
205
174
146
221
119
216
217
155
177
163
158
292
174
144
119
172
85
86
124
56
79
121
119
122
146
143
125
115
119
176
28
154
150
202
249
142
147
139
210
85
110
90
121
258
200
62
134
94
9
63
7
140
172
172
127
156
88
179
75
73
60
77
120
94
6
125
218
43
159
50
247
178
154
65
170
185
89
69
109
119
116
206
47
138
120
59
129
151
40
146
134
131
126
202
137
126
236
36
62
66
90
13
188
111
131
142
109
137
124
159
114
68
63
151
94
119
163
66
156
171
212
94
231
89
259
144
160
21
100
180
164
111
156
37
177
154
174
182
135
151
172
131
120
165
152
59
72
30
203
87
93
50
230
131
202
135
144
124
105
117
101
150
38
110
113
138
163
150
148
114
186
171
157
118
143
54
143
113
114
121
105
101
130
109
119
110
54
168
114
103
153
151
88
103
129
115
65
46
68
85
115
97
64
109
46
66
44
103
165
190
