101
116
82
79
76
102
104
108
111
112
75
96
77
78
81
67
79
101
73
80
55
94
87
126
88
118
60
94
100
103
66
76
64
57
160
173
173
103
106
91
104
95
164
171
184
200
157
107
159
-1
114
113
130
157
169
135
125
113
139
63
76
74
89
94
108
94
76
79
75
73
55
78
68
69
66
63
54
77
65
65
56
45
39
19
72
62
76
89
74
54
65
85
60
100
79
99
74
117
107
52
68
55
47
80
37
114
41
96
58
70
71
57
78
87
72
83
75
77
68
63
68
90
81
118
89
89
83
82
57
61
67
101
83
95
93
86
98
92
84
76
85
78
92
95
83
93
49
58
79
78
75
55
47
70
70
79
57
77
85
77
68
96
88
66
93
67
75
59
90
89
75
61
85
74
94
71
81
82
70
90
63
75
99
97
82
70
72
42
50
29
61
38
35
25
42
41
48
42
65
64
25
75
73
100
77
68
56
83
71
79
77
82
83
77
74
75
80
86
77
71
122
133
142
88
64
67
72
65
75
90
75
107
63
61
79
77
72
71
56
53
61
75
90
54
81
65
71
63
79
68
54
72
57
75
58
65
70
41
76
83
74
81
84
43
72
42
34
55
46
32
35
37
31
49
48
35
56
48
39
43
54
51
47
37
53
44
60
41
59
73
97
62
63
51
42
78
74
69
129
63
59
72
58
87
73
98
68
38
73
67
58
36
75
59
47
35
33
70
57
51
36
74
45
36
60
72
88
66
107
67
72
37
7
29
56
56
60
49
59
77
69
76
69
64
48
66
47
73
24
20
15
52
66
53
70
79
78
81
55
70
72
82
73
66
87
56
68
71
79
56
62
68
25
30
54
77
65
88
65
68
44
129
120
119
41
60
38
58
48
74
67
88
90
89
67
57
104
63
95
60
74
50
76
57
68
67
48
61
58
57
54
53
55
68
105
58
49
49
80
70
56
127
84
75
102
73
42
39
74
72
68
75
25
55
55
46
61
42
52
42
51
72
13
62
74
100
88
89
72
71
66
61
77
74
78
98
89
68
73
98
55
52
78
69
87
30
60
63
51
58
59
55
55
46
74
59
70
71
51
70
57
57
59
102
63
70
44
15
63
62
94
69
72
68
66
41
27
45
59
71
64
75
74
74
87
90
77
26
67
57
77
78
85
63
75
100
50
66
56
53
63
52
50
70
61
59
64
60
43
58
63
56
52
45
62
34
68
81
80
42
44
47
29
25
44
35
49
62
54
58
67
93
46
64
13
22
65
122
65
56
60
63
67
66
57
40
60
27
67
68
61
54
43
42
41
44
49
39
49
64
52
49
66
40
41
40
92
70
56
47
62
60
28
21
48
51
31
34
108
41
46
65
95
40
84
66
72
72
63
63
56
78
64
47
38
27
61
41
75
107
8
42
33
56
60
77
36
42
66
60
55
75
43
43
51
46
46
50
42
46
44
35
26
35
40
30
48
39
41
37
60
47
74
69
54
71
59
37
28
30
57
38
60
84
62
68
95
64
70
50
80
77
53
32
39
42
71
27
31
62
59
70
56
55
74
44
57
50
51
56
54
51
75
69
48
51
45
42
46
41
37
30
55
73
59
60
78
58
49
49
38
40
48
42
81
69
87
30
62
52
58
49
56
53
67
68
84
63
50
48
24
67
42
48
42
52
62
57
59
57
57
47
40
34
56
49
54
57
87
47
42
37
42
61
61
27
43
67
60
66
71
41
68
60
65
55
55
63
73
54
36
30
43
47
36
38
72
69
57
26
30
30
63
75
51
59
55
59
55
50
27
47
48
57
55
53
36
51
61
49
41
39
43
45
55
37
60
36
50
51
53
39
54
51
44
48
55
61
56
44
45
34
56
29
53
46
44
55
64
24
60
33
38
43
52
53
35
43
38
55
64
59
16
49
38
65
48
39
42
44
50
38
54
50
32
66
43
34
49
52
65
55
59
35
51
52
62
54
59
64
67
72
76
34
38
48
61
75
64
46
58
26
76
53
66
50
69
58
43
77
57
40
36
45
47
51
34
53
76
61
62
34
54
46
60
64
41
50
32
66
57
45
63
52
45
23
42
41
54
42
54
38
39
39
26
51
47
64
43
23
17
47
10
54
50
48
33
46
52
97
45
47
43
47
57
19
56
59
36
53
51
35
49
22
42
55
38
41
49
41
50
61
30
60
47
55
49
28
49
49
52
36
28
53
41
49
44
40
48
45
35
34
29
21
34
38
38
40
61
35
33
8
47
55
61
43
52
48
63
75
36
41
55
56
54
55
51
55
42
164
42
57
49
43
40
50
36
44
35
40
46
52
47
39
54
62
30
61
52
56
44
52
47
22
57
48
53
20
41
50
88
36
51
30
46
43
39
37
35
33
39
40
39
43
40
43
55
16
67
44
54
32
24
49
41
46
55
33
50
32
55
38
29
53
55
62
48
44
61
43
67
65
79
42
51
45
50
49
46
42
15
40
18
40
40
43
45
39
32
45
44
37
43
43
46
19
49
43
30
47
42
37
60
43
33
25
27
18
47
35
40
45
60
41
38
47
45
41
31
39
47
43
36
58
78
38
42
40
32
25
27
41
42
37
35
33
60
62
58
51
16
21
17
41
36
37
43
53
57
35
24
46
50
43
48
26
50
70
54
58
41
35
34
50
37
40
69
39
51
15
18
37
32
37
14
38
45
48
23
37
26
66
20
72
11
46
47
25
32
14
43
26
36
36
37
35
34
37
47
42
26
38
28
38
35
22
28
28
43
37
34
27
30
32
31
30
49
6
35
26
13
35
32
4
31
21
21
27
39
33
23
21
26
32
29
25
35
22
49
32
52
26
39
51
37
29
35
13
28
41
35
31
38
4
30
37
37
46
47
29
31
24
24
34
32
16
25
26
38
51
23
24
36
37
35
36
37
42
20
30
53
37
30
56
34
31
34
29
31
36
30
35
24
27
31
16
22
20
26
33
36
11
27
18
31
22
8
41
17
12
28
20
18
28
25
26
19
22
19
20
19
24
11
24
12
18
9
3
21
36
