118
98
90
84
92
121
122
115
135
124
83
111
81
71
89
63
82
113
98
75
73
128
74
73
59
76
45
55
79
68
79
72
47
78
60
68
53
37
34
45
38
36
59
64
49
59
31
14
52
54
14
13
27
48
64
32
39
59
50
80
102
84
61
114
141
30
93
113
112
99
86
139
87
112
97
87
110
115
68
117
102
70
46
55
127
102
98
104
133
93
78
94
92
70
57
58
104
158
100
21
91
100
85
140
67
201
75
148
129
168
156
133
156
184
176
186
147
168
116
122
169
172
167
186
138
204
211
125
79
84
122
191
183
221
230
235
227
270
255
253
247
161
133
256
288
278
196
224
142
144
131
140
122
169
221
210
139
155
185
126
205
218
211
153
190
139
187
143
246
207
270
241
294
183
214
191
205
231
254
276
219
233
232
273
113
130
117
88
102
67
85
69
61
63
104
99
113
108
156
88
21
182
198
207
248
135
207
183
210
225
125
287
189
285
306
289
131
144
136
144
129
165
119
128
147
173
146
133
191
258
176
106
123
109
263
162
222
195
90
95
109
196
221
96
306
246
269
217
248
246
127
243
199
174
144
147
191
105
263
282
276
268
257
111
109
68
58
81
76
44
44
56
51
74
62
50
100
67
69
56
144
59
74
60
95
88
102
63
134
252
134
77
146
181
86
64
128
144
148
86
156
189
142
150
262
186
135
113
220
154
246
84
268
140
107
57
87
230
210
103
59
296
93
96
148
127
178
176
94
96
201
110
30
65
157
151
90
125
120
83
87
128
225
194
204
141
129
122
17
21
5
124
116
118
140
96
122
283
243
168
177
215
156
146
173
117
152
170
310
103
134
141
73
23
166
177
225
278
172
223
55
174
202
220
15
114
68
162
131
274
238
214
216
215
144
144
156
124
194
124
206
198
104
178
185
272
109
206
181
177
165
106
139
74
216
145
127
160
267
223
157
194
208
196
233
243
125
136
155
151
134
128
81
179
149
142
117
151
114
116
142
252
52
237
52
139
201
291
159
162
262
212
267
135
132
167
194
204
185
99
118
56
279
146
237
80
194
168
108
135
120
132
118
129
239
217
253
193
155
174
225
135
167
218
211
190
111
56
150
188
221
41
241
250
215
112
10
83
153
83
108
141
136
119
139
40
39
14
55
36
84
36
53
93
77
100
130
169
184
120
217
196
188
213
215
165
223
163
78
182
166
178
158
149
163
44
212
183
177
140
141
139
93
80
134
113
109
167
158
134
164
146
145
165
2
53
188
87
191
183
135
167
195
209
166
12
123
73
180
168
163
148
141
137
145
129
173
147
254
211
165
152
203
124
119
107
226
196
154
141
178
97
37
32
29
118
25
81
105
128
135
194
151
133
123
197
157
205
141
209
132
97
179
231
191
217
210
114
224
152
13
69
46
41
196
199
112
131
174
309
199
211
105
107
141
190
29
214
224
256
209
257
195
164
224
185
210
262
299
222
185
149
166
186
164
141
275
116
199
67
199
202
262
294
411
432
324
424
384
173
139
426
161
103
133
144
245
104
145
172
258
185
192
177
202
102
199
160
194
174
180
177
192
173
202
148
214
168
174
128
99
82
192
162
164
192
206
148
93
113
133
77
171
136
119
73
276
125
218
211
223
154
155
203
455
385
287
411
89
101
30
229
256
114
147
150
148
134
187
205
160
120
142
126
191
111
193
203
69
149
264
51
91
181
149
140
138
214
151
175
168
162
242
236
198
515
147
235
90
145
47
96
98
154
124
103
203
194
202
85
37
30
174
85
191
146
248
218
229
230
204
136
423
155
139
101
102
161
184
147
129
93
100
95
172
191
209
203
155
138
176
84
169
172
159
203
194
87
217
154
143
213
88
160
119
119
176
230
207
82
101
119
26
170
200
169
309
185
227
322
462
361
195
77
217
148
175
109
126
103
227
89
168
100
113
118
167
219
124
162
255
157
194
95
189
160
343
365
312
195
230
221
186
265
257
109
272
320
237
169
213
87
152
192
302
197
236
204
206
158
303
236
176
102
169
153
134
177
237
253
254
189
222
173
37
126
115
127
151
165
149
269
106
131
160
68
12
83
-1
158
180
62
74
79
128
164
179
283
132
215
102
148
18
147
139
132
167
176
127
102
152
152
138
171
233
39
80
187
257
184
129
171
42
208
151
209
178
192
143
161
208
210
106
226
226
243
253
143
204
177
185
133
218
178
185
156
202
188
175
178
103
83
116
177
180
140
141
145
186
105
96
7
170
235
233
114
186
136
190
213
107
132
92
179
176
212
241
171
17
51
84
234
196
128
167
162
184
163
134
125
190
171
178
152
246
121
239
207
137
112
233
285
154
33
191
100
173
71
188
116
49
151
154
173
183
186
142
169
212
131
138
161
157
129
78
171
85
50
101
189
161
102
45
77
156
167
113
152
140
168
245
140
70
73
108
122
199
117
146
87
182
211
42
155
277
140
159
93
229
180
13
145
171
184
109
117
159
82
109
136
151
153
115
185
137
107
237
149
182
142
130
144
184
106
107
205
165
187
94
171
7
160
250
165
141
153
181
110
95
133
177
149
133
242
158
152
136
126
173
95
80
140
127
119
85
111
109
176
174
69
50
89
80
83
134
89
230
209
171
193
21
128
306
151
131
64
175
211
163
169
134
222
133
160
104
45
126
112
21
43
11
104
129
159
65
125
148
124
175
107
86
80
196
73
21
166
160
105
114
37
157
120
112
119
163
197
137
86
131
77
90
157
51
107
93
54
85
96
47
121
105
78
86
118
103
107
149
92
192
70
102
0
142
45
90
69
55
96
164
137
75
81
50
102
152
92
66
54
120
119
148
147
125
72
140
68
90
20
142
125
142
73
124
24
129
122
116
123
106
124
110
102
96
137
113
52
55
32
141
141
74
86
116
109
115
92
101
91
69
109
155
139
54
117
79
93
100
103
96
102
119
111
90
97
107
46
99
93
86
102
88
69
66
69
84
82
25
130
50
45
103
88
58
95
90
90
81
55
51
88
68
73
60
74
32
59
26
44
99
115
