155
126
119
120
131
170
150
144
155
148
95
144
100
118
92
82
105
137
131
130
102
165
126
95
61
87
56
76
101
87
91
110
81
128
88
104
86
75
46
60
52
53
71
83
66
71
34
22
59
62
18
23
35
57
56
43
52
85
51
117
159
91
44
194
213
35
134
187
208
224
179
256
195
201
195
161
181
213
119
231
212
141
138
160
185
180
157
150
211
221
131
121
245
70
46
79
119
153
99
8
101
130
111
191
81
281
88
215
229
209
227
142
190
267
226
246
214
239
128
137
331
285
251
308
200
311
315
135
102
107
130
310
321
356
334
348
361
282
370
390
369
177
255
390
400
420
258
326
198
169
167
200
173
231
264
266
194
184
265
198
260
329
296
173
277
203
251
210
326
304
385
344
414
251
338
332
302
342
347
397
312
355
369
301
189
196
240
142
117
86
114
79
81
82
159
140
191
139
210
147
26
344
294
293
359
220
269
280
275
329
162
416
259
440
430
434
205
248
240
227
160
200
166
139
223
242
168
241
317
276
256
127
186
147
422
259
264
262
122
137
185
342
340
86
432
365
382
284
369
349
220
365
309
313
281
215
227
126
368
371
374
354
377
196
124
80
72
86
82
52
61
66
67
79
102
62
156
89
78
67
244
72
112
83
184
144
144
70
249
355
189
125
154
233
171
79
183
271
165
157
291
232
174
255
374
130
233
148
336
231
367
139
353
307
254
126
195
320
304
113
66
417
135
102
211
194
420
407
115
155
267
221
87
73
262
195
162
245
202
103
92
144
311
282
301
292
259
201
51
67
15
177
256
327
235
132
194
423
345
243
302
207
306
297
177
162
271
313
442
139
272
266
79
47
279
206
349
350
399
310
98
196
198
186
7
141
117
284
195
417
315
222
221
222
226
207
197
194
228
232
320
266
204
371
266
337
199
296
293
256
249
213
275
82
234
279
236
374
374
351
229
227
218
311
231
314
203
230
310
307
235
136
159
289
309
225
187
236
139
96
224
356
139
344
55
190
199
403
308
313
341
264
360
217
223
198
235
355
230
125
182
64
391
124
358
94
377
323
223
302
245
261
175
258
292
336
392
408
350
325
324
236
294
253
454
375
233
147
290
207
237
53
344
605
286
247
18
135
325
94
89
116
132
103
121
55
54
6
55
25
91
55
61
85
88
129
268
161
176
274
247
322
344
468
488
320
478
329
113
376
391
383
370
283
260
87
263
192
166
308
291
283
206
183
278
248
247
325
289
345
339
171
288
315
10
77
423
98
172
448
349
374
399
454
382
14
154
88
399
374
376
350
304
305
303
240
241
269
301
224
132
319
381
270
253
253
238
200
370
281
221
78
30
18
32
269
33
89
118
261
136
290
166
303
136
449
161
206
287
252
177
137
371
316
285
230
287
161
322
195
31
85
55
39
411
196
229
251
188
271
229
210
132
121
138
304
29
356
392
260
257
312
217
135
185
184
223
277
288
168
150
294
199
193
318
129
271
260
287
161
425
374
176
197
235
269
299
299
282
178
177
250
163
235
282
216
360
227
235
401
359
186
184
147
232
188
222
366
378
369
375
368
255
170
332
240
186
159
161
92
182
107
345
175
361
173
207
247
142
239
260
92
358
286
153
94
272
193
-1
605
592
361
325
434
214
260
194
229
142
155
47
210
285
99
323
145
222
202
242
294
174
178
273
267
437
167
424
433
77
292
222
63
124
170
199
204
135
376
246
288
182
376
449
430
334
219
288
338
97
214
66
275
157
301
140
139
220
208
443
111
50
43
177
140
427
392
428
454
419
385
257
299
191
293
287
203
232
125
392
318
182
198
120
130
333
287
320
333
285
273
392
129
335
337
332
448
386
61
402
315
268
225
117
139
102
94
298
421
426
185
152
148
26
300
451
325
167
352
366
210
247
229
258
169
231
249
369
239
285
115
436
128
323
95
186
144
281
293
245
188
373
325
440
201
438
306
222
197
249
448
211
221
192
222
222
169
246
255
231
340
405
167
175
421
277
381
332
240
361
166
226
285
165
197
387
292
275
375
252
264
262
216
193
352
48
204
209
239
212
151
150
283
156
170
345
94
17
60
218
226
353
119
118
132
329
297
364
377
295
245
254
239
13
271
254
242
236
236
146
111
336
174
148
140
536
141
83
246
243
430
128
276
35
252
202
373
356
390
197
291
391
207
206
395
132
209
168
205
337
427
384
290
268
208
348
297
456
347
378
371
222
112
139
217
239
266
270
259
260
209
197
24
385
183
202
229
378
278
186
211
203
143
76
352
294
394
403
285
12
61
172
349
402
280
332
330
196
300
328
237
374
219
367
254
444
108
109
216
215
208
159
186
292
28
247
138
366
198
158
171
53
294
308
195
329
349
250
296
323
256
294
230
266
114
128
264
137
121
120
312
149
209
121
118
354
176
181
205
186
177
221
293
159
157
168
129
365
259
160
133
184
240
54
337
179
198
321
155
176
323
45
307
225
172
241
181
305
92
217
263
108
327
123
341
316
90
182
370
124
309
285
281
264
111
242
212
224
217
85
333
12
156
327
188
316
360
187
213
188
228
351
181
196
337
165
277
305
254
208
207
176
252
169
136
131
217
122
175
186
56
89
159
152
106
224
104
191
176
151
265
38
176
151
312
229
105
191
206
246
158
165
127
122
326
243
51
139
94
13
77
6
119
276
172
171
192
139
184
138
105
104
93
204
96
18
175
336
86
224
42
343
188
207
106
285
286
102
90
154
153
157
329
59
167
121
92
184
170
44
204
179
146
132
243
121
205
287
94
115
90
120
2
277
149
163
110
126
156
173
256
134
93
77
229
180
194
177
59
160
232
178
123
264
117
254
124
203
27
167
239
247
158
172
37
186
183
180
200
142
207
239
193
178
188
173
71
87
33
242
116
85
90
238
157
234
198
198
146
102
168
160
194
65
150
128
185
197
210
202
161
210
199
164
137
188
61
188
152
193
194
150
116
183
129
161
126
55
188
110
109
177
160
95
146
182
174
116
85
90
141
136
142
88
121
81
88
53
105
184
207
