108
85
94
89
82
118
104
106
106
125
83
108
90
66
79
76
100
89
89
69
107
173
90
69
62
84
52
51
68
65
71
70
49
72
48
68
55
36
39
48
52
48
50
49
41
50
33
14
49
41
26
22
21
46
84
28
32
51
54
79
82
139
72
86
137
16
68
74
90
84
85
130
85
127
92
68
97
110
50
90
101
34
55
41
80
84
71
74
106
70
62
77
59
84
63
46
81
144
151
32
78
141
111
179
100
234
117
156
143
194
176
137
173
184
223
197
200
189
125
121
171
183
200
204
168
264
249
120
73
112
128
212
181
275
291
296
202
343
312
324
309
262
189
297
299
332
214
309
164
194
194
213
182
261
311
267
145
143
193
159
273
244
264
161
214
169
237
164
285
223
338
321
345
210
306
181
212
276
354
340
349
359
260
318
155
180
149
121
136
66
121
83
101
73
141
101
114
126
201
130
47
240
239
251
294
182
305
268
282
311
150
305
226
351
317
336
129
173
157
110
108
155
102
130
166
219
143
148
158
310
196
99
159
137
317
127
224
249
106
91
134
180
209
92
323
288
291
300
262
250
125
278
243
212
92
172
265
122
289
288
268
268
290
115
120
92
85
87
97
68
80
86
73
85
75
68
135
90
88
67
142
72
104
94
122
144
94
90
113
288
135
60
163
292
110
53
88
128
143
54
129
226
163
166
305
157
120
162
222
144
323
66
290
105
66
33
63
257
271
114
73
303
79
96
158
104
164
197
78
77
256
73
24
67
162
121
63
109
108
70
93
161
266
236
229
109
146
108
16
19
10
137
64
71
129
101
124
317
269
179
242
257
147
127
196
129
152
152
323
84
106
152
54
49
284
195
260
257
164
274
84
146
177
166
35
105
76
148
134
289
263
221
226
225
217
112
111
128
179
137
233
241
101
206
203
299
133
245
210
204
192
93
127
78
177
134
130
111
308
243
172
136
156
235
169
251
159
162
191
190
166
118
129
256
132
119
112
133
127
134
129
302
28
240
46
117
202
279
198
176
271
219
247
99
96
166
190
238
202
94
90
69
282
115
288
141
214
166
85
126
124
126
138
102
234
224
243
166
121
128
246
113
160
179
164
133
89
33
155
210
204
38
223
260
209
80
15
90
112
74
92
114
120
97
110
45
43
21
57
34
77
46
37
71
60
65
106
145
126
104
235
155
117
200
205
168
202
158
69
169
152
138
131
117
175
88
263
157
146
108
95
97
74
84
102
87
77
155
137
93
160
103
170
125
8
37
197
67
154
208
85
115
152
159
116
19
128
86
179
155
147
115
94
91
94
84
189
125
199
116
67
103
138
88
101
90
182
161
125
107
203
76
43
29
30
92
21
102
106
88
138
181
133
94
112
169
124
153
122
191
112
84
142
205
178
204
249
108
228
120
6
44
35
46
139
150
88
107
87
183
140
130
78
80
127
140
32
138
125
174
128
174
183
158
171
105
111
127
117
178
106
137
143
134
139
122
201
92
149
50
175
152
95
114
201
208
222
207
188
122
109
199
118
78
98
215
256
70
93
135
224
147
118
128
161
53
140
140
160
116
110
118
97
138
117
133
135
110
113
53
80
92
119
140
155
133
140
127
123
86
88
63
140
108
96
71
198
121
188
182
192
116
89
175
162
170
133
194
84
91
56
135
156
98
135
121
131
118
171
202
126
96
132
118
158
95
164
178
61
146
159
47
120
266
147
112
80
117
127
186
136
134
160
159
143
200
92
246
95
137
38
41
97
113
91
150
153
147
160
93
44
36
130
64
140
106
166
176
162
160
124
111
170
117
108
94
69
122
133
124
196
110
115
109
161
144
255
153
108
106
152
74
202
118
120
186
141
69
120
145
118
152
96
71
106
148
125
150
164
73
116
141
28
109
166
117
157
142
166
170
181
143
130
90
102
129
175
84
112
86
152
88
177
96
134
112
103
131
114
189
244
130
185
68
177
94
171
157
161
181
152
155
171
121
127
88
153
188
164
124
135
58
133
151
162
137
220
246
119
134
159
121
60
82
157
105
115
141
152
160
164
97
144
101
38
130
117
73
134
177
119
130
75
102
118
112
21
77
165
168
131
78
67
76
62
122
123
248
88
119
38
87
16
95
90
74
120
179
112
80
107
126
97
126
216
30
70
213
122
170
114
99
30
128
170
169
151
153
148
122
184
155
79
161
122
134
126
70
122
119
109
90
158
108
168
136
169
135
123
118
95
65
73
101
129
101
102
89
162
82
72
7
116
137
136
103
142
135
118
136
91
100
85
99
165
133
161
153
7
31
112
183
132
87
141
102
102
105
129
97
146
116
107
101
158
95
108
103
170
156
176
174
147
39
191
75
129
55
91
98
46
76
172
115
129
122
140
100
107
111
86
69
102
183
102
125
78
27
80
128
111
76
54
65
119
100
102
118
164
117
137
109
113
57
135
103
109
86
133
94
97
124
37
90
102
53
140
112
161
129
13
119
108
84
86
92
99
102
72
87
76
89
85
89
77
153
123
138
107
88
94
93
191
85
71
113
91
103
81
111
10
125
232
-1
75
112
112
78
69
79
112
166
56
197
110
85
107
81
146
69
60
102
150
141
97
78
93
136
115
60
15
72
68
69
92
68
131
219
115
130
20
124
89
102
120
67
101
135
135
128
108
152
77
152
89
65
126
38
27
18
12
83
80
105
26
120
101
95
68
44
67
50
97
49
32
122
110
74
94
54
117
56
74
106
86
132
97
67
75
74
70
100
19
77
102
46
46
56
43
125
81
60
92
67
91
72
130
65
96
61
66
0
100
37
56
69
75
60
140
109
55
82
36
56
171
60
49
60
104
85
128
68
90
53
90
64
68
17
105
82
116
60
120
16
83
91
80
87
91
122
103
54
66
94
84
38
36
23
105
96
66
68
78
76
56
69
70
97
43
71
121
116
42
62
76
58
46
56
62
101
95
106
71
64
53
21
48
68
56
63
51
59
49
47
51
44
13
93
31
24
67
66
38
66
63
50
48
36
41
36
39
48
52
41
21
31
12
52
75
99
