196
156
161
149
174
194
192
171
194
178
119
177
143
129
108
111
139
152
162
133
165
231
143
111
75
121
63
85
108
106
99
94
64
101
101
108
91
48
61
74
67
63
91
99
79
78
50
21
73
72
26
23
40
65
108
47
53
67
68
142
159
172
113
214
219
61
155
183
161
153
121
184
136
164
146
132
128
168
115
158
150
101
69
53
187
157
160
158
225
99
122
128
109
145
71
71
144
209
189
43
122
192
158
205
116
268
131
214
159
233
254
163
244
256
277
271
250
280
195
179
219
296
295
321
267
375
312
191
185
139
200
297
228
358
331
339
312
428
355
356
367
310
225
379
356
373
269
289
198
221
210
233
187
263
328
311
281
372
304
195
331
298
313
207
270
228
257
197
323
273
336
306
364
258
337
237
281
337
297
330
335
310
366
476
197
217
216
151
171
108
148
111
128
118
168
202
168
143
240
152
42
306
363
295
340
239
235
281
269
371
164
339
313
343
341
336
199
267
231
224
141
217
180
196
222
333
229
215
247
415
206
141
197
253
343
231
242
272
111
130
160
252
282
135
374
279
335
262
325
299
139
330
305
290
185
227
289
159
314
323
314
316
329
129
160
110
114
133
121
85
78
88
94
116
119
89
176
109
121
91
207
107
126
109
125
133
159
123
146
305
193
125
227
266
142
81
170
195
160
112
584
-1
193
279
324
188
190
169
306
176
303
106
330
182
111
48
91
286
344
161
97
343
131
140
250
209
223
249
99
134
258
139
38
124
203
202
123
180
191
115
138
195
262
255
258
164
181
168
23
24
16
164
133
144
206
143
206
355
323
229
258
299
271
200
284
156
225
241
384
113
200
212
101
57
261
262
272
318
207
316
115
210
229
219
23
162
131
197
194
350
265
313
315
312
253
186
195
181
204
193
276
230
151
262
240
299
196
262
285
263
256
154
188
125
242
189
178
208
310
272
236
175
202
283
229
284
157
189
263
265
225
185
122
282
209
197
196
155
118
154
156
289
31
263
59
217
209
310
254
233
268
229
261
224
235
210
227
298
248
131
179
99
300
135
360
149
272
225
130
180
153
195
156
140
387
264
303
238
207
197
273
174
209
235
243
203
116
47
211
215
256
53
256
300
260
112
10
140
169
82
104
124
126
109
142
62
49
24
74
41
99
66
52
97
88
104
136
164
139
129
293
242
194
248
242
206
246
187
100
192
205
221
179
177
228
85
255
180
158
136
123
119
73
84
153
107
115
204
184
165
208
159
193
168
12
87
226
95
171
224
145
201
215
227
194
18
207
104
241
220
201
176
132
139
141
122
229
131
216
207
156
136
207
111
104
100
219
174
192
169
218
78
42
32
32
141
43
130
148
137
155
236
169
139
130
220
175
185
182
243
181
142
197
248
183
247
263
159
265
175
10
80
51
64
200
176
91
117
180
215
133
169
112
102
183
162
47
174
165
202
139
202
186
188
243
150
112
160
163
198
175
175
186
153
181
130
186
134
167
67
227
175
174
196
245
263
239
249
251
143
163
263
139
101
109
241
296
104
121
195
247
180
159
138
195
126
164
198
196
194
204
200
140
176
190
177
151
103
91
124
120
137
183
157
202
143
181
170
143
110
112
90
184
156
158
111
243
143
232
220
249
168
149
235
197
237
199
244
110
150
73
187
188
102
176
138
145
141
195
251
143
199
194
166
213
164
224
226
89
193
157
88
147
280
161
140
99
204
196
223
154
178
222
225
171
221
178
264
131
211
70
81
116
151
112
131
196
188
220
101
73
47
160
97
206
174
204
211
232
201
144
164
189
164
157
117
122
123
188
158
201
116
110
116
224
147
294
161
146
157
194
96
252
182
169
230
198
87
183
164
142
141
124
60
123
179
167
223
222
73
181
146
33
143
210
190
161
150
198
207
212
212
136
114
137
207
197
119
130
117
197
176
216
95
162
169
161
155
129
221
253
164
220
101
237
137
212
196
198
229
159
175
173
135
142
137
183
203
182
163
185
71
146
203
197
193
271
260
179
150
182
149
70
148
177
171
153
201
197
192
194
113
168
148
45
178
148
142
116
183
137
173
111
133
180
96
29
78
189
177
180
109
114
121
114
171
195
255
126
131
77
144
17
160
146
149
150
204
125
124
165
199
176
141
249
45
74
221
152
196
131
114
32
149
206
231
162
187
182
156
197
174
94
201
160
154
132
102
186
178
185
154
166
138
197
150
215
166
159
163
111
113
92
107
165
126
129
131
192
90
68
6
167
153
158
135
200
148
150
174
121
108
78
163
215
195
188
231
16
74
114
228
180
138
158
165
91
141
152
115
187
192
162
143
223
111
138
129
187
179
191
210
167
39
186
125
179
57
94
152
64
125
205
99
167
157
166
134
145
118
128
168
136
170
129
153
158
37
120
166
135
88
61
103
159
182
128
119
180
114
142
132
106
80
166
122
178
120
156
116
128
180
52
157
152
118
213
111
144
151
15
180
116
115
109
118
143
110
84
133
117
127
116
134
124
154
142
187
101
145
148
136
271
135
91
137
123
117
87
150
25
141
249
226
139
161
153
107
61
136
164
173
91
222
140
135
136
99
161
82
76
134
160
113
98
105
115
175
148
66
32
80
78
140
144
87
141
232
132
135
39
153
127
126
157
90
107
191
198
174
122
150
134
211
148
83
205
122
46
34
12
107
116
173
34
131
108
124
75
70
73
69
94
90
34
124
151
89
102
61
162
91
88
121
131
165
91
79
120
93
107
139
55
118
120
64
66
113
44
164
116
83
104
96
115
88
187
55
112
83
60
1
124
28
67
86
66
102
136
135
76
94
41
102
172
69
84
81
140
115
140
85
137
92
123
74
104
30
125
136
148
101
159
20
139
153
141
153
108
139
139
78
76
151
125
67
52
33
162
139
89
82
101
114
106
97
104
117
56
116
152
149
51
108
118
85
73
76
83
122
130
136
101
113
80
40
61
118
72
80
68
84
62
46
76
57
21
175
41
31
112
76
44
95
85
82
54
59
48
80
57
65
48
62
28
45
22
61
113
131
