44
40
35
37
35
44
41
42
39
42
32
39
36
34
34
28
33
34
29
31
14
34
31
35
31
36
30
24
39
31
27
32
26
28
33
40
42
23
27
33
32
31
37
31
39
34
31
26
34
38
22
14
22
28
37
33
33
40
29
27
29
14
24
42
34
26
30
35
34
25
29
35
31
26
31
24
20
26
28
25
29
11
15
19
30
23
32
27
42
24
17
33
24
25
11
32
31
56
24
13
40
38
33
48
25
46
29
45
46
46
38
31
40
38
35
40
39
41
51
48
42
36
44
51
41
55
43
42
24
42
34
51
39
49
52
42
44
49
39
40
42
30
38
44
41
49
41
35
40
50
45
37
38
39
32
44
41
37
47
46
38
43
45
43
54
33
43
32
51
46
47
37
41
36
41
44
41
39
45
50
37
53
46
41
39
43
31
26
34
32
35
33
16
20
24
27
34
28
31
38
20
53
45
44
37
33
42
41
44
33
39
44
38
42
33
36
38
41
38
35
65
75
56
40
30
41
38
36
40
47
47
53
32
37
43
36
47
39
24
36
33
40
51
16
42
37
31
40
42
41
44
33
41
50
26
41
38
27
46
48
42
39
42
34
42
30
31
47
30
26
25
29
21
34
35
28
34
31
29
30
39
25
45
33
37
28
31
20
39
39
44
25
42
34
36
42
39
27
69
31
39
33
26
45
44
22
33
24
39
42
31
17
38
40
19
10
32
43
34
30
23
37
31
17
44
38
41
44
45
29
46
31
7
25
40
32
29
21
36
35
30
27
40
34
43
38
22
36
4
5
7
25
27
27
22
25
39
44
31
34
39
44
33
34
46
34
34
33
34
38
33
44
33
15
39
28
36
51
27
30
11
71
53
53
35
35
21
34
27
41
44
38
38
38
39
26
56
32
56
31
38
29
33
41
30
43
27
39
38
36
29
29
31
27
53
26
29
28
43
38
36
57
52
34
44
47
30
26
38
37
38
37
26
28
32
32
43
25
20
20
31
45
5
30
17
37
50
38
34
32
35
37
42
41
39
64
43
42
39
59
33
19
32
37
42
11
31
38
27
34
34
28
19
30
36
41
39
34
38
27
37
27
35
43
33
31
21
11
34
45
63
16
40
35
41
25
6
28
26
28
32
26
39
21
39
30
21
11
26
20
42
22
28
28
36
52
24
39
36
18
31
36
33
43
32
31
35
40
14
30
29
36
26
28
40
14
43
49
32
21
22
20
16
15
26
22
19
38
38
23
29
57
30
37
5
26
35
36
41
24
30
28
35
34
25
33
37
11
33
37
31
33
18
17
18
22
31
13
27
29
24
26
26
17
15
20
50
39
32
26
41
25
11
4
23
20
5
22
43
17
32
35
49
37
52
36
43
47
16
35
23
41
27
31
30
20
39
34
40
56
4
38
32
14
36
36
14
20
27
16
12
23
15
16
25
27
13
25
18
15
21
20
21
17
34
17
12
11
9
28
33
20
40
46
31
52
10
33
30
22
35
20
33
38
31
35
41
30
30
34
37
37
32
11
18
20
31
17
15
29
32
43
37
40
43
28
35
20
27
26
25
27
43
54
22
31
20
10
6
27
21
18
23
39
30
31
45
34
11
18
17
43
26
27
29
41
44
4
26
24
25
17
18
30
34
33
40
27
24
27
13
29
20
18
26
44
26
26
31
29
37
33
23
22
26
27
29
35
24
33
20
22
22
20
36
22
11
28
37
30
37
25
29
31
35
24
27
27
45
33
22
30
21
31
22
25
38
42
30
11
10
18
35
56
26
35
27
25
32
26
20
19
29
28
25
23
18
35
29
17
14
21
34
36
28
24
35
19
22
21
29
19
25
22
16
28
23
14
29
25
22
11
21
8
54
11
18
24
28
12
21
19
-1
25
33
26
25
25
23
36
30
28
10
18
20
33
31
19
23
40
19
31
35
38
21
35
7
26
25
31
26
27
30
12
28
20
27
30
26
25
37
35
40
9
12
29
11
36
33
21
25
9
46
25
25
26
40
29
13
38
26
21
9
31
24
21
22
28
38
31
30
5
23
15
26
31
18
18
20
40
42
31
40
37
27
23
20
14
26
24
23
23
20
25
34
18
29
26
14
21
16
26
3
25
21
17
24
21
44
47
15
35
37
33
31
13
25
37
26
23
41
16
17
12
19
23
10
14
27
21
24
29
18
18
22
24
28
20
21
17
21
17
17
28
26
25
20
13
16
17
12
27
15
11
24
12
8
9
43
16
8
4
16
27
28
23
25
19
27
32
20
31
29
22
28
20
28
28
31
29
22
25
20
17
22
21
11
15
19
23
23
26
17
19
18
18
11
29
22
23
14
34
27
6
21
31
28
13
26
29
28
15
20
1
18
18
21
15
16
14
17
26
25
19
11
20
27
12
18
21
35
11
11
22
23
31
27
24
24
20
19
20
19
18
22
40
18
24
40
22
29
30
23
19
35
15
22
34
29
20
7
28
6
3
14
21
13
18
12
18
28
15
26
17
15
10
21
28
3
15
17
18
36
16
14
17
27
22
14
15
6
22
31
28
19
18
6
10
7
18
16
34
13
30
34
14
15
14
26
16
9
29
28
27
17
12
29
30
10
39
9
10
14
26
19
27
17
28
24
20
8
25
22
17
24
16
23
33
21
26
15
8
17
31
18
19
30
24
11
6
12
21
16
29
16
12
18
33
4
15
12
25
7
34
2
26
18
8
14
12
14
11
12
9
12
14
23
20
18
16
18
14
27
28
20
14
9
22
13
25
16
14
20
20
20
14
23
4
12
12
6
1
16
4
13
16
12
16
27
17
10
23
10
13
26
13
19
21
18
8
23
12
18
18
8
10
15
7
14
13
15
14
24
2
23
15
22
21
17
6
8
14
13
16
17
18
15
6
22
17
17
9
5
13
13
13
13
16
7
18
18
22
7
14
17
15
10
10
14
12
20
6
3
12
12
11
14
11
9
12
11
7
7
8
10
8
5
22
10
9
13
5
4
10
9
10
3
7
6
12
8
10
3
5
5
5
4
10
14
25
