129
99
84
87
107
139
126
110
139
129
76
109
75
74
68
59
77
118
110
93
78
132
81
76
54
82
50
57
74
69
63
84
65
111
70
82
67
45
39
52
41
38
66
68
55
48
30
13
45
46
19
18
27
58
53
34
42
68
44
87
137
63
37
152
173
24
105
184
194
207
169
238
184
213
193
169
182
206
127
221
167
95
130
120
199
185
128
117
192
227
101
88
231
49
32
78
110
122
70
6
84
107
78
131
61
200
59
164
171
150
189
132
147
186
163
188
164
194
96
99
222
206
170
223
152
242
205
95
72
80
108
223
224
251
246
245
239
195
270
254
252
127
172
269
261
291
153
207
155
121
115
135
118
168
206
197
146
147
203
147
182
242
203
127
209
133
171
155
239
230
251
246
276
196
229
252
220
249
243
262
220
228
240
207
151
143
164
97
90
66
85
66
58
61
110
107
145
110
151
106
11
243
199
215
245
150
196
208
211
230
111
279
191
313
290
308
162
188
194
193
145
155
136
107
176
156
139
178
243
184
177
108
133
112
270
277
202
182
102
111
138
246
251
61
306
245
260
207
257
241
147
254
231
234
213
163
147
94
274
279
275
252
269
147
96
65
63
62
68
40
56
55
50
71
91
44
134
69
76
62
185
53
101
66
140
105
107
53
187
247
158
130
103
153
110
59
154
206
132
115
222
163
147
213
276
82
177
115
238
188
243
148
259
203
246
135
148
236
210
87
57
259
93
81
153
153
319
283
100
138
176
165
69
61
193
205
160
193
176
75
76
106
236
214
242
217
172
156
49
71
15
191
257
318
201
110
148
305
227
172
208
156
224
220
140
118
277
309
304
110
235
219
61
44
189
144
225
246
280
203
67
148
134
155
5
147
130
301
204
295
257
158
159
162
165
212
153
135
176
210
236
190
149
288
198
232
134
217
198
186
178
169
235
71
181
281
255
256
265
251
192
187
154
238
178
241
155
174
225
225
165
105
103
191
237
191
157
184
105
76
174
266
120
243
47
160
145
268
216
289
259
197
270
169
171
142
179
255
160
112
154
48
269
97
247
61
283
244
203
233
207
247
160
264
219
227
277
437
259
316
229
228
262
186
555
455
218
112
240
165
176
44
217
358
205
333
12
144
274
71
69
100
96
87
96
49
43
8
64
19
78
47
50
74
72
98
326
130
139
286
174
234
234
440
454
264
348
254
122
259
303
329
279
275
190
61
194
151
118
371
357
375
265
206
354
258
314
258
239
303
306
154
253
324
6
79
318
93
138
331
346
431
359
440
471
2
116
61
303
294
290
260
373
362
366
333
168
199
212
193
116
358
439
323
320
308
167
151
473
405
153
67
14
9
28
267
40
63
80
348
105
211
127
274
117
360
127
152
303
149
147
113
365
233
213
177
208
126
213
154
25
61
42
39
359
141
296
301
132
184
167
137
96
89
98
212
29
241
260
196
179
203
150
90
127
120
143
197
205
119
102
235
156
152
229
111
192
184
202
133
333
241
141
159
151
179
208
202
195
135
147
176
131
291
333
154
238
196
148
321
264
136
168
134
170
158
172
358
372
407
437
441
185
135
263
220
131
125
127
85
143
77
444
127
299
132
172
171
146
281
310
74
444
296
118
81
202
125
340
298
364
500
408
329
163
152
153
165
156
173
34
160
213
73
285
115
167
152
176
210
137
149
214
180
468
151
342
291
71
231
130
64
94
124
168
151
86
281
237
251
134
254
298
316
263
162
297
227
84
192
56
244
171
260
103
97
165
161
356
78
44
40
127
112
376
367
313
326
316
296
196
393
145
305
349
213
216
108
322
241
115
140
76
88
261
199
226
201
305
352
361
140
255
437
414
319
438
45
305
236
216
171
103
115
81
60
249
328
348
231
131
109
21
224
383
350
137
239
263
151
167
167
171
128
155
222
267
258
312
104
309
99
248
78
133
120
203
208
228
140
259
265
341
264
327
375
130
123
167
347
166
169
156
145
157
128
172
188
192
-1
279
222
124
381
209
253
253
186
263
125
166
204
102
191
316
358
224
323
167
211
207
149
152
435
45
143
224
219
159
128
118
195
116
120
285
74
14
51
169
183
388
121
117
136
253
300
355
272
436
176
195
214
6
290
262
246
192
160
126
101
504
133
114
131
348
148
70
200
178
340
106
193
33
196
155
260
349
343
149
198
287
142
236
321
93
167
127
168
229
419
404
303
185
171
311
228
303
277
285
285
285
88
116
152
162
347
336
352
184
222
229
37
366
138
168
248
334
230
146
158
152
105
64
256
234
293
309
197
7
58
130
243
304
385
254
325
155
228
193
190
329
175
298
186
340
81
77
179
152
143
105
155
203
15
195
125
301
226
125
174
52
191
174
147
277
293
194
221
223
199
378
178
198
81
113
221
109
155
97
273
121
264
94
102
378
131
156
168
135
135
164
221
101
175
148
108
323
190
109
113
140
186
38
396
149
161
268
129
128
231
50
224
142
125
262
122
271
83
248
364
77
431
105
249
289
43
144
252
96
438
415
405
224
87
301
179
198
171
70
267
5
123
239
124
305
364
142
261
225
183
275
150
134
249
125
306
271
352
138
227
199
226
126
107
96
187
88
139
133
48
112
159
165
91
165
83
154
126
117
209
39
130
120
234
179
76
173
158
253
118
126
94
109
250
201
46
123
77
9
116
1
106
292
142
193
169
105
150
90
77
76
78
127
73
7
138
383
55
265
35
357
123
259
71
259
191
80
69
106
176
143
343
50
138
108
80
133
141
42
142
215
144
95
192
105
243
225
51
86
81
81
0
216
151
216
110
92
147
139
186
145
70
64
263
125
242
164
48
136
216
145
87
215
121
213
120
179
38
133
204
214
166
147
38
179
169
163
180
111
171
177
151
146
195
165
61
65
35
229
105
78
81
200
138
219
218
190
127
102
133
122
171
58
124
97
243
257
250
220
136
204
174
123
112
231
53
155
128
213
204
181
103
146
160
173
107
63
157
102
90
141
157
79
125
126
174
90
92
105
151
116
131
76
130
67
100
55
80
175
170
