13
12
6
4
13
14
15
15
11
20
8
9
6
5
7
4
11
12
8
10
20
43
14
10
9
13
8
3
8
9
10
13
6
18
9
14
9
12
2
4
4
5
12
9
4
11
2
5
12
11
5
3
6
4
20
10
5
9
10
7
12
29
17
14
32
2
11
11
15
20
8
29
17
26
25
7
18
25
9
35
16
2
21
25
29
29
11
15
20
37
10
17
27
22
13
21
16
45
30
5
18
14
14
22
9
54
13
30
46
47
46
23
25
43
33
42
25
34
21
19
55
41
31
52
31
53
52
11
1
15
20
58
59
66
81
80
64
64
101
87
94
63
45
82
94
101
74
83
25
46
42
52
36
60
55
60
15
20
42
40
56
66
73
28
71
20
59
39
78
67
119
88
96
52
78
54
62
83
102
93
61
98
62
60
40
34
39
7
13
1
14
8
9
1
18
16
13
16
49
32
1
52
58
74
80
26
83
59
84
72
31
93
47
100
97
90
16
45
34
15
28
47
31
34
44
29
21
30
66
69
59
22
17
12
94
24
81
54
20
30
49
62
77
22
100
99
95
90
92
89
48
87
45
38
50
37
56
17
104
107
107
94
103
41
15
8
11
15
15
9
12
7
10
13
20
8
40
19
11
19
36
14
38
7
53
50
18
8
59
94
36
8
35
54
15
9
41
43
36
30
55
48
35
45
112
59
56
26
84
52
99
13
104
52
51
26
36
95
77
13
7
90
7
16
34
19
58
67
16
11
65
41
11
10
46
36
11
20
19
7
15
29
93
88
69
48
50
13
10
19
0
32
37
39
25
28
21
112
88
69
72
67
59
64
27
43
34
42
99
31
21
25
8
16
73
50
88
104
75
60
16
45
46
45
1
23
11
57
28
98
91
55
57
58
46
27
50
19
85
37
51
94
58
74
63
94
16
103
45
48
49
43
23
17
70
57
40
53
108
93
26
72
66
60
68
102
32
33
38
37
36
10
18
60
39
17
21
51
45
26
44
117
30
94
18
23
61
109
42
35
97
87
104
12
12
51
81
61
78
15
9
13
95
36
83
27
82
57
33
50
51
49
38
59
39
91
99
67
55
66
99
34
37
88
78
74
39
34
56
86
88
6
85
90
80
48
0
17
64
21
28
44
40
36
37
9
8
1
21
6
12
12
22
31
22
39
59
53
60
65
57
44
56
87
90
53
90
64
14
71
65
70
66
62
63
11
76
59
46
73
73
67
56
43
64
65
39
59
52
42
57
44
67
65
0
5
79
26
50
78
43
63
81
79
66
0
15
5
73
54
62
41
64
70
68
55
43
46
84
50
9
68
75
68
68
61
75
52
63
59
71
21
7
6
10
51
5
26
19
53
40
78
42
50
45
89
56
62
65
35
25
15
75
81
61
47
102
15
94
53
3
10
9
17
78
56
61
71
19
89
67
63
36
32
37
78
8
72
79
95
47
76
63
36
51
44
55
82
86
58
22
77
66
63
64
43
86
38
53
18
91
71
30
41
76
81
78
110
102
60
55
84
44
62
75
47
91
52
54
75
97
56
57
50
60
41
67
65
75
67
69
74
46
64
69
39
80
45
42
12
43
21
66
55
55
58
68
60
33
59
53
6
70
51
7
13
92
69
88
94
98
68
56
75
62
61
32
67
41
17
13
66
108
36
61
40
63
54
69
81
52
13
54
48
84
29
79
86
24
68
98
8
17
56
48
41
41
64
40
46
54
64
73
80
66
73
58
87
11
33
4
35
37
63
38
45
71
62
71
33
7
10
61
26
68
53
86
85
75
71
50
67
59
73
61
49
40
43
68
59
44
58
25
30
63
67
76
73
50
57
67
30
75
72
50
89
76
21
68
77
55
86
28
54
38
45
68
79
75
50
24
53
3
67
87
76
60
76
78
75
75
56
69
33
65
30
92
53
61
33
81
8
49
35
18
21
52
71
53
43
109
72
80
54
88
70
61
56
69
84
81
78
79
87
101
39
94
97
82
76
60
59
52
83
84
64
87
64
87
53
85
87
63
17
66
63
57
72
75
83
84
85
75
73
13
52
49
44
61
60
53
76
28
51
72
24
0
19
60
69
81
13
11
13
47
58
51
113
59
68
42
50
1
56
55
54
50
78
53
21
79
34
12
39
92
27
28
75
61
81
49
74
16
85
69
66
85
76
28
60
97
56
55
85
41
55
64
52
63
81
80
59
87
72
70
82
81
74
80
79
46
8
34
76
36
66
69
70
89
62
59
4
73
63
61
49
82
59
51
71
52
50
22
68
55
95
91
60
0
11
52
103
85
55
73
58
71
75
59
64
87
46
89
56
80
29
42
60
45
26
64
64
71
6
80
38
66
49
57
25
9
64
42
84
74
92
53
75
97
69
56
40
49
50
27
59
11
21
37
93
71
58
22
39
78
23
29
73
46
85
75
61
38
28
28
49
92
60
62
22
48
72
10
60
27
57
46
50
75
94
12
56
67
75
58
39
72
23
66
64
21
78
50
64
54
45
74
66
78
67
69
73
62
20
58
40
41
78
27
79
0
64
98
52
48
82
74
59
58
61
93
82
40
100
26
69
70
67
68
61
42
70
47
54
38
72
38
60
70
17
24
43
41
16
50
24
90
58
48
90
7
15
36
91
32
15
66
73
43
47
52
58
26
73
33
10
32
10
6
20
1
36
80
16
26
64
51
48
57
32
33
27
92
10
5
80
78
32
56
6
87
37
65
48
89
81
52
26
48
44
13
80
1
43
31
15
56
33
16
28
41
42
44
62
49
55
33
53
63
18
56
0
78
50
56
30
17
16
65
96
39
36
29
46
53
54
19
10
22
57
36
58
74
9
74
47
21
3
53
59
65
24
22
2
23
23
22
20
18
51
50
75
99
27
24
12
13
12
31
35
12
37
68
50
54
70
39
32
62
25
71
32
23
47
18
69
62
69
58
46
41
66
44
11
63
21
46
25
48
57
64
13
58
53
59
61
15
15
40
39
43
77
56
29
68
55
71
29
29
39
61
60
-1
45
26
47
21
5
22
23
