144
111
114
109
127
160
151
150
167
153
91
130
96
102
94
80
109
130
130
115
54
127
126
95
62
83
66
56
88
71
84
120
87
144
75
87
79
59
38
46
48
47
73
68
63
69
34
23
51
65
24
17
33
49
57
40
48
84
49
106
138
34
39
177
207
38
120
162
192
218
168
194
163
165
171
148
138
192
111
203
211
101
132
158
132
167
156
144
196
163
131
112
234
43
30
81
124
119
57
10
104
140
115
192
103
286
96
210
271
260
271
161
207
259
226
230
237
266
136
129
307
269
253
306
207
304
293
161
105
103
144
312
334
305
291
299
362
221
334
342
314
152
264
373
332
376
202
263
192
207
203
230
195
260
244
256
203
157
251
223
249
286
308
198
344
184
239
177
314
308
348
298
313
260
300
316
270
319
329
329
250
292
297
227
198
207
219
126
127
90
113
88
76
68
134
136
211
144
212
133
31
270
252
310
331
206
276
270
289
277
156
329
218
336
344
338
245
189
167
213
185
195
170
96
253
165
174
226
335
222
295
122
197
144
309
204
280
210
146
110
205
309
342
83
370
300
299
291
334
313
210
298
222
227
259
255
162
136
369
369
339
328
347
202
120
83
86
100
91
59
67
63
61
91
116
60
129
113
89
73
203
53
144
80
177
138
167
88
255
340
169
109
115
164
168
68
170
237
160
155
276
171
190
201
382
72
251
133
313
280
336
100
344
274
232
117
230
318
259
117
65
310
145
108
176
199
358
335
102
137
235
229
97
83
265
164
137
177
171
83
79
178
313
271
311
307
260
177
42
54
12
109
219
253
208
125
192
373
286
224
301
142
345
330
163
158
213
236
348
154
226
244
86
54
245
206
309
287
365
204
92
157
143
153
8
108
97
203
143
345
333
185
183
183
163
178
164
178
199
224
228
301
193
318
225
275
226
329
216
196
180
208
211
93
199
204
162
360
343
320
201
189
190
308
176
316
152
163
266
267
183
106
148
208
243
159
179
224
184
114
303
342
146
325
61
176
168
338
264
241
344
225
310
193
186
166
210
279
148
139
163
57
278
94
308
43
327
265
229
260
264
228
158
192
257
288
375
295
324
287
335
191
222
180
351
281
167
172
254
190
188
50
283
418
266
190
20
108
242
78
75
92
88
77
98
62
52
6
61
26
83
52
63
67
84
113
162
131
132
207
201
387
431
346
337
262
370
327
103
307
313
354
276
243
212
95
235
148
128
201
206
195
156
149
208
161
174
297
271
265
221
180
263
270
6
78
341
95
142
304
291
275
327
327
256
8
153
75
347
348
303
354
204
212
213
177
293
302
345
302
205
231
326
190
183
166
189
145
246
227
170
62
11
11
41
196
23
62
104
174
142
267
138
288
125
298
128
145
228
353
141
116
281
405
356
291
255
181
251
155
29
88
55
42
320
124
160
186
221
231
290
236
158
148
245
434
33
428
426
286
334
321
281
225
247
213
255
271
288
262
163
324
153
135
320
121
282
257
385
160
377
408
209
243
242
273
249
276
264
132
168
238
141
153
174
169
288
167
316
262
332
130
142
118
163
242
190
277
283
291
305
292
242
138
449
215
185
246
254
182
180
95
283
125
321
139
154
243
77
171
193
85
267
214
152
94
232
142
334
294
369
247
231
382
202
212
219
204
117
131
43
153
275
72
242
110
209
181
220
269
130
162
238
226
284
130
317
333
74
266
218
65
123
106
248
253
189
518
227
202
134
306
574
535
-1
206
261
277
105
166
54
219
110
248
162
103
162
164
357
104
40
47
128
134
298
306
511
431
436
397
326
231
169
260
235
157
174
109
293
353
124
161
129
151
283
343
280
395
217
249
305
91
264
271
211
370
273
37
573
276
202
281
116
197
87
45
330
383
310
137
115
143
35
335
347
307
172
360
380
181
225
206
252
195
215
222
332
164
196
127
356
150
274
82
141
116
364
278
237
191
299
296
308
168
391
232
197
186
187
350
175
168
160
189
176
152
218
222
220
263
467
142
134
297
221
413
331
202
398
131
202
284
201
162
265
261
263
301
193
204
204
187
183
233
43
174
131
207
256
124
106
333
135
128
264
75
14
45
198
232
301
101
104
107
255
230
273
296
183
288
241
220
6
226
211
209
384
186
139
96
247
220
244
140
370
111
71
244
269
332
102
299
40
278
186
350
250
268
211
455
309
147
141
382
161
161
174
326
388
269
279
201
248
191
270
302
354
325
279
311
153
125
199
224
282
206
206
193
267
152
148
22
253
143
163
156
292
205
134
168
228
123
66
471
253
367
455
263
13
59
179
248
309
198
252
234
243
413
229
214
298
365
253
284
389
68
115
185
155
154
112
177
255
14
247
146
322
159
141
141
52
315
218
177
309
262
197
381
286
230
186
317
302
120
77
214
118
95
94
304
133
170
111
114
261
257
173
283
194
211
158
213
148
140
115
122
329
180
105
161
138
197
44
263
183
293
237
179
159
358
48
300
218
174
159
166
235
114
176
191
152
234
99
354
224
30
152
283
104
220
211
204
211
198
165
282
286
250
70
258
9
103
266
143
239
249
119
160
137
289
231
161
259
254
133
213
212
190
208
164
139
319
151
140
120
172
93
112
117
46
81
111
109
113
157
113
145
122
107
264
26
191
189
237
261
141
164
163
193
116
138
92
255
327
225
48
157
148
12
66
5
136
205
202
139
180
100
181
134
96
87
79
155
86
3
147
223
50
152
50
242
164
155
86
246
259
86
74
135
116
146
203
45
144
123
68
139
162
42
172
145
108
125
224
135
149
222
58
91
75
128
4
227
104
119
123
111
131
143
174
111
65
68
158
127
124
157
62
184
157
186
119
223
98
237
134
155
27
112
214
187
105
158
30
165
143
160
165
165
148
185
142
147
139
128
75
79
31
222
103
109
67
214
133
221
138
141
143
106
155
116
144
48
115
101
139
152
155
139
131
203
168
153
105
134
58
168
99
124
134
108
93
120
107
110
119
48
143
118
116
165
154
94
96
124
125
57
50
67
101
112
102
66
108
49
69
30
104
179
244
