54
50
43
43
46
60
54
54
57
62
46
52
46
46
40
34
49
52
41
48
41
82
48
50
30
40
38
28
36
41
46
52
38
59
39
43
40
32
25
28
27
30
38
38
30
30
20
11
35
32
12
7
19
32
43
22
26
35
27
44
47
47
24
49
81
13
48
61
63
69
60
82
57
65
75
45
58
67
39
80
75
22
53
57
53
61
46
47
60
64
36
51
88
34
33
35
48
77
63
10
49
62
47
87
49
120
45
86
115
109
107
69
81
111
98
112
86
95
65
59
131
110
102
120
87
136
136
60
32
57
67
132
131
154
167
171
147
136
171
177
180
107
104
179
201
205
150
175
81
94
103
128
93
125
160
149
75
76
111
84
136
133
149
89
163
72
141
80
160
126
195
177
190
116
170
143
145
166
187
197
155
177
177
159
84
90
85
55
68
39
52
42
33
22
62
56
93
60
110
60
10
141
139
155
187
84
165
121
167
155
72
203
118
209
198
199
83
97
80
75
82
93
64
87
93
99
66
96
137
156
146
47
82
74
190
85
166
145
67
53
97
122
162
33
203
180
179
188
187
192
105
177
131
142
122
103
117
67
241
236
236
215
205
101
57
42
42
42
52
29
35
34
35
47
55
28
97
59
43
38
94
16
76
45
96
80
58
41
130
198
83
34
84
107
75
36
74
88
83
72
121
114
99
104
219
67
116
75
160
126
200
38
220
121
90
45
80
202
155
54
25
189
52
40
104
81
126
163
37
60
123
88
32
28
126
76
43
67
66
34
42
86
179
162
171
124
102
80
17
19
4
68
84
105
73
48
74
219
156
117
160
123
126
121
64
75
99
106
224
72
80
99
42
25
159
113
169
199
147
144
29
97
101
94
6
51
31
102
74
212
196
123
124
124
109
71
87
69
134
85
140
165
89
147
146
183
104
200
134
137
119
100
82
34
119
101
95
162
219
201
107
121
122
138
124
223
107
87
119
118
102
48
67
132
95
77
64
114
78
72
115
211
65
175
34
78
121
199
119
108
195
157
181
62
65
100
129
159
138
77
52
24
193
73
191
61
170
141
81
117
124
98
64
97
142
170
247
148
141
116
186
85
110
129
174
131
81
63
123
134
136
31
188
206
158
87
6
54
121
61
67
75
71
65
90
35
28
10
42
17
39
36
40
55
51
59
99
106
96
111
111
251
256
183
188
112
194
143
30
180
126
144
122
124
145
43
183
101
90
110
105
121
81
81
129
95
76
121
112
101
128
87
120
116
3
34
178
49
108
152
109
133
159
162
138
3
65
33
174
131
139
131
103
118
113
95
188
185
437
166
99
123
165
110
110
103
140
119
142
125
131
66
28
19
28
95
9
58
57
86
97
119
84
123
85
171
89
110
113
233
78
56
136
306
301
225
214
71
156
93
8
47
41
25
157
106
82
131
151
243
190
184
120
114
185
292
18
269
284
243
336
332
266
228
271
192
173
205
246
295
90
153
132
132
155
85
203
110
245
76
179
241
126
146
205
227
187
239
216
99
68
208
103
95
112
114
154
98
174
178
194
106
103
85
107
103
114
126
132
133
150
144
123
117
201
105
163
168
176
71
94
63
128
95
118
96
130
119
55
96
108
45
140
113
69
44
148
110
177
191
191
116
113
175
199
176
119
181
65
56
13
105
272
67
134
91
118
119
129
169
80
53
107
108
147
57
175
182
36
136
218
29
52
112
109
182
160
255
85
106
91
130
248
240
211
188
115
156
45
78
32
98
66
129
168
83
136
130
167
64
25
24
100
66
158
121
268
222
206
212
229
120
156
137
111
87
79
78
162
133
93
100
86
90
145
200
177
274
115
118
136
51
141
125
114
181
134
41
230
152
110
332
58
184
68
73
168
214
163
69
43
89
20
193
179
120
161
254
307
164
206
156
264
87
222
82
175
93
101
51
211
56
137
70
76
59
162
284
142
121
194
145
161
81
175
114
179
167
175
194
153
137
130
221
198
72
207
192
158
135
195
83
116
164
174
217
209
149
221
92
195
291
187
63
146
128
133
153
130
154
157
201
153
135
30
104
81
82
168
112
80
290
95
106
129
51
6
51
168
142
147
55
47
50
130
93
122
201
100
252
114
102
11
112
101
93
160
136
101
50
136
158
144
99
197
49
50
147
273
145
88
234
23
268
105
222
131
158
79
188
181
119
86
198
117
131
212
190
223
135
133
123
288
129
173
176
183
178
167
173
99
62
169
271
219
101
108
110
185
90
98
10
127
147
121
85
149
120
107
121
93
96
54
195
141
234
223
139
9
35
93
178
191
95
152
131
166
174
154
114
153
153
163
173
207
66
103
113
81
87
130
135
173
22
155
81
141
70
132
60
30
183
110
166
186
197
128
200
227
124
90
148
219
100
37
146
42
41
58
192
131
92
42
69
140
127
93
247
107
-1
155
122
71
75
95
93
182
133
94
88
100
142
26
132
111
156
112
127
163
186
18
150
255
144
97
85
120
87
98
94
92
134
85
188
114
80
117
132
140
120
120
117
110
100
84
236
201
260
55
156
1
94
186
117
101
143
107
109
84
173
170
166
167
181
73
125
126
102
262
95
67
152
132
129
61
125
72
92
96
49
45
68
62
42
112
51
141
125
88
211
10
82
146
142
100
81
109
105
108
100
102
100
133
142
96
32
60
92
5
34
8
79
120
104
62
160
82
108
189
54
53
50
177
46
10
117
128
61
91
37
126
124
103
70
148
219
74
51
79
62
64
135
21
72
92
33
93
70
34
88
77
61
96
134
111
80
96
103
83
50
138
0
117
69
101
80
61
58
107
158
78
81
41
90
100
83
52
28
64
91
114
114
115
33
122
82
55
11
117
90
99
53
69
12
54
57
55
61
60
90
83
108
116
60
54
52
40
24
88
66
34
54
104
57
89
83
56
77
92
53
99
75
43
55
41
82
81
75
85
59
81
126
80
43
81
45
90
40
68
72
69
37
78
70
60
72
32
55
66
66
94
92
60
49
83
58
53
33
39
49
65
58
85
57
29
38
18
51
79
111
