58
44
53
53
50
60
61
49
67
53
38
53
37
41
44
35
51
58
45
50
30
53
53
34
32
44
24
23
35
38
39
43
36
58
39
35
40
23
17
23
26
27
29
33
30
27
20
13
21
24
13
8
15
23
22
17
23
34
20
43
63
11
12
78
80
9
47
63
68
79
55
66
54
51
54
57
44
70
55
100
70
46
61
62
55
63
61
57
74
63
55
40
99
16
13
34
55
49
22
0
43
47
52
64
38
96
47
73
103
82
92
61
65
89
66
88
75
86
50
49
128
104
80
122
79
108
111
36
33
48
67
105
124
121
111
117
128
71
122
129
147
40
118
140
120
133
91
124
63
72
74
73
71
89
73
88
75
61
100
86
73
117
101
67
108
62
89
83
121
114
118
102
108
86
116
135
90
119
113
102
86
101
122
87
88
67
99
48
54
27
46
37
39
32
57
58
46
43
80
51
16
115
90
101
135
71
84
98
92
113
57
115
83
117
121
116
76
89
84
90
81
76
75
43
84
55
70
94
121
68
95
50
66
57
138
95
104
77
38
64
73
130
124
40
136
102
115
93
119
115
87
116
65
91
93
80
58
41
111
119
122
117
114
89
49
37
45
34
39
28
33
31
34
36
51
26
55
40
43
49
100
33
65
33
84
64
69
35
104
109
59
53
44
65
56
35
91
98
68
68
127
61
68
104
119
25
126
55
114
105
108
33
100
121
97
55
87
100
101
50
55
113
50
44
46
78
161
149
38
59
91
91
36
31
108
58
38
76
91
45
46
52
106
105
106
106
114
83
19
29
2
52
108
128
81
67
65
131
103
94
104
47
120
120
63
65
104
133
120
63
96
87
41
33
90
63
117
113
133
82
39
61
46
48
6
70
75
111
55
121
99
54
54
54
59
75
73
52
63
88
75
86
83
152
89
86
77
105
83
81
66
98
120
42
75
134
93
119
112
104
62
90
81
117
76
103
64
56
96
95
74
42
58
85
121
68
66
118
85
43
79
110
67
97
27
70
74
111
80
111
104
86
107
79
74
71
80
103
75
58
58
33
114
39
102
28
124
113
103
100
105
84
68
117
80
110
117
118
134
165
106
108
102
83
137
136
104
67
101
84
76
23
106
141
100
130
4
62
176
33
38
36
46
39
41
30
24
2
29
12
35
32
29
32
26
44
90
57
56
123
54
127
140
157
159
123
159
117
52
136
161
169
138
118
80
35
84
61
50
100
95
85
72
60
99
86
81
129
121
135
155
64
103
116
4
35
152
33
55
136
135
142
165
156
126
9
61
34
130
132
149
141
103
97
96
92
97
120
98
79
42
104
135
89
88
89
72
62
116
94
69
28
7
1
18
115
6
20
43
89
44
98
53
125
53
130
47
57
107
71
65
47
132
99
102
66
88
42
92
75
10
28
23
25
156
44
68
84
53
99
93
80
64
68
56
98
18
127
121
80
74
69
61
44
49
57
100
89
74
47
52
127
62
63
119
41
80
102
78
79
155
109
67
69
62
65
92
95
81
62
75
67
84
77
81
70
102
59
75
133
103
55
55
47
63
80
86
128
135
162
142
126
82
56
105
86
85
87
83
30
82
52
115
50
142
59
60
86
59
89
106
37
117
106
61
45
96
78
121
105
131
101
96
98
49
55
67
51
62
53
25
56
83
25
172
51
80
73
77
88
53
67
103
95
135
59
141
122
36
110
68
34
45
43
82
58
58
118
88
91
58
146
131
124
111
54
107
95
43
64
31
93
63
129
69
69
68
62
147
77
44
42
52
60
138
159
105
121
119
112
85
100
47
110
107
84
89
47
155
126
51
110
46
50
115
89
78
80
98
104
133
61
106
112
87
118
120
22
108
106
104
54
60
71
33
13
85
97
113
57
57
59
11
79
140
125
45
108
111
56
47
52
51
65
69
84
106
97
107
51
102
52
104
36
51
45
79
96
105
50
90
144
120
115
132
93
46
48
75
144
61
64
71
61
64
72
67
82
66
94
110
57
54
113
81
95
96
63
92
50
57
61
45
66
131
112
153
156
65
78
78
49
70
96
22
76
68
107
66
46
47
65
53
54
171
33
4
26
45
76
124
44
47
46
113
109
121
103
74
60
99
94
4
114
104
104
67
81
50
44
91
58
58
44
129
58
33
72
62
141
40
69
17
64
71
86
98
107
55
97
107
48
68
113
43
60
51
63
101
109
113
92
62
62
94
96
101
90
93
85
111
37
47
41
70
107
88
78
84
95
83
9
112
53
51
93
124
89
46
60
90
40
32
96
79
94
105
56
8
29
78
79
94
93
125
101
90
77
79
130
106
73
79
57
113
34
41
67
70
53
43
51
96
4
83
59
132
76
55
69
22
79
64
54
71
77
87
76
72
104
86
84
81
38
59
95
54
51
40
83
47
75
-1
63
99
64
76
56
57
42
62
110
71
64
57
43
100
73
39
51
49
82
24
112
55
62
98
77
57
73
24
104
65
57
81
67
98
35
87
81
45
81
39
88
107
4
60
136
35
94
81
92
96
56
78
46
67
51
32
70
8
42
91
54
98
113
51
83
68
69
85
50
60
87
46
98
136
90
51
72
88
88
57
50
98
75
42
41
44
24
45
50
52
46
57
48
44
42
48
80
11
52
55
88
75
47
54
49
67
45
64
39
47
90
86
31
57
31
2
37
1
48
81
61
50
62
40
70
17
35
41
29
36
35
7
48
94
29
86
23
102
54
76
28
65
78
34
30
41
68
47
86
15
59
43
25
44
94
24
68
50
48
42
67
42
58
81
25
27
45
33
3
69
51
51
50
52
48
51
64
41
29
30
60
42
64
67
28
48
53
46
29
83
44
82
69
81
12
41
67
73
58
56
10
65
62
55
67
45
52
63
50
45
59
52
28
32
18
71
34
31
24
69
51
70
63
65
59
43
45
49
46
28
44
58
52
55
58
63
51
58
63
54
44
62
20
47
45
48
50
44
36
54
39
55
37
23
73
34
31
39
44
31
36
43
50
30
22
32
28
47
44
22
42
29
28
20
43
61
52
