418
281
334
340
-1
335
363
323
355
298
239
334
286
235
236
230
295
257
280
223
174
250
213
192
135
148
103
122
180
179
245
150
121
190
135
141
122
88
96
97
106
116
101
104
95
79
70
52
68
76
45
48
55
95
74
87
97
104
71
219
234
36
42
299
272
65
227
205
194
162
155
156
138
154
112
138
102
167
139
129
217
134
82
81
146
133
230
169
197
78
176
205
119
68
32
84
219
150
78
7
156
217
218
216
135
162
173
171
176
171
181
158
203
179
160
156
179
185
177
150
189
184
168
205
182
213
171
154
123
191
183
185
184
174
165
167
166
202
163
162
160
147
180
170
169
172
75
136
165
128
118
104
119
132
169
166
246
183
193
127
168
178
168
145
165
173
135
89
171
170
156
115
156
138
172
191
157
143
136
150
176
152
161
195
147
155
159
109
170
149
131
116
156
136
142
181
139
128
136
121
37
187
156
168
152
123
113
159
140
168
161
157
160
156
140
161
211
191
167
209
152
140
149
119
166
156
222
165
160
175
138
159
176
219
147
170
121
136
120
123
133
189
175
115
173
131
137
111
149
133
106
137
189
174
144
166
117
103
156
149
148
149
150
108
151
103
109
113
103
104
88
88
106
117
91
91
92
105
108
69
133
92
100
133
88
87
190
106
124
148
218
139
109
115
114
103
159
186
131
114
170
174
122
193
147
65
163
95
167
139
149
82
145
143
84
41
107
132
127
153
92
134
166
115
154
176
182
163
115
136
128
110
35
114
183
134
113
151
182
154
136
121
145
136
149
155
199
149
25
17
14
90
143
131
161
100
205
161
133
100
155
145
164
156
159
88
142
166
169
112
159
172
73
51
112
158
125
152
148
157
154
125
130
128
24
107
124
124
131
159
138
165
165
165
170
138
137
100
126
154
176
101
101
180
127
135
161
107
169
157
164
118
161
125
123
127
119
175
146
136
161
130
113
157
104
132
102
126
189
187
138
104
123
141
156
173
170
93
70
77
141
135
22
117
40
250
125
134
183
172
134
98
135
236
233
127
125
187
97
117
196
114
143
61
138
63
163
144
127
135
142
123
100
96
179
135
131
132
163
135
142
119
149
120
139
115
70
36
153
115
112
43
119
160
110
90
79
116
126
55
42
64
64
46
70
60
58
10
63
43
110
70
51
41
55
82
82
84
81
71
131
177
160
141
143
179
146
140
96
125
144
155
115
106
117
77
108
92
73
76
70
71
43
49
82
55
88
149
141
120
140
121
121
121
59
111
151
84
88
123
129
135
144
135
111
16
150
86
154
163
153
163
73
70
70
80
135
103
81
92
118
81
125
61
65
61
117
82
110
90
117
47
9
3
29
86
27
58
101
82
78
136
102
111
90
126
87
102
115
154
131
143
131
143
91
127
126
140
111
121
14
91
54
44
141
88
50
64
110
86
94
81
91
80
125
106
79
116
114
60
86
80
76
81
98
54
79
62
52
85
144
127
105
91
136
74
68
132
97
72
140
106
172
153
110
130
117
114
129
75
123
114
72
57
59
112
137
68
62
108
112
88
84
75
104
80
101
127
125
131
131
112
120
80
128
138
56
72
71
79
99
81
112
76
163
72
110
91
75
67
75
96
110
78
236
123
120
55
131
115
145
99
86
135
96
110
131
116
84
98
48
100
64
37
96
74
103
86
108
121
94
198
113
87
123
103
141
134
78
136
58
92
113
89
112
79
34
139
135
141
80
142
135
133
127
92
118
127
138
167
89
74
62
108
57
59
112
102
147
41
37
40
76
110
135
134
113
123
128
108
99
106
87
120
88
86
76
67
127
144
111
60
69
85
148
106
132
105
88
93
130
63
146
113
89
142
122
39
124
96
84
52
93
41
75
20
88
123
126
38
153
66
35
81
141
122
90
104
119
102
107
107
51
84
51
167
118
66
82
98
110
179
135
55
97
103
94
87
89
102
112
121
128
63
149
95
99
95
88
135
91
92
100
48
52
113
67
105
103
107
122
37
81
115
90
108
125
140
102
78
73
75
14
111
122
102
100
133
104
109
109
41
83
94
54
80
76
99
79
95
78
75
85
75
131
38
34
23
92
95
125
88
84
91
86
112
126
120
82
66
57
96
2
105
100
85
86
67
85
104
96
134
159
87
135
37
55
117
52
132
68
80
20
62
75
130
88
92
128
116
107
83
60
123
106
79
69
76
119
106
115
105
79
86
107
103
123
103
98
97
59
88
62
49
96
60
64
61
105
45
37
6
110
71
83
89
122
106
67
89
91
61
44
123
109
109
118
125
31
75
91
110
106
83
102
90
74
93
77
98
116
117
92
83
133
56
53
95
110
113
73
122
100
2
99
109
118
32
63
113
48
81
129
29
99
90
95
91
96
63
82
123
102
71
74
105
191
31
63
92
83
48
50
76
101
121
112
71
100
46
80
98
98
75
94
76
105
72
73
88
79
97
48
107
115
73
134
95
76
78
15
124
56
48
54
75
91
59
46
76
107
91
63
95
77
3
70
124
44
90
84
85
135
101
54
68
100
53
40
102
40
61
129
82
110
102
59
63
42
88
94
71
62
119
97
81
102
62
70
43
51
111
86
52
58
67
54
77
56
37
28
45
40
113
87
84
63
96
61
100
35
107
98
87
125
58
73
95
124
88
49
50
91
119
117
78
140
95
11
26
4
66
82
119
32
61
47
91
7
39
31
55
29
99
6
59
95
24
65
40
103
52
50
46
85
91
45
43
67
55
77
79
68
111
79
36
56
94
22
124
72
48
66
74
61
46
148
0
47
40
4
136
81
6
47
52
66
78
81
66
41
48
38
69
88
43
85
66
102
72
97
45
90
96
83
57
97
18
79
85
86
68
119
20
114
109
112
116
87
82
82
61
54
106
110
37
62
29
128
70
84
42
73
89
92
57
82
96
44
89
72
111
28
64
108
55
60
47
63
58
99
80
70
88
52
34
59
96
44
57
45
68
51
31
50
41
17
144
42
36
80
47
28
66
52
51
21
34
28
40
35
45
13
43
28
32
21
49
81
97
