80
103
74
75
71
95
99
94
89
106
80
88
74
72
82
73
88
89
64
74
52
101
79
101
94
119
64
81
98
93
71
63
50
44
131
135
126
70
111
97
110
99
131
132
128
125
117
88
130
139
108
105
139
121
131
100
104
113
-1
66
66
52
88
76
84
77
74
77
61
57
50
68
61
70
52
56
50
66
46
58
54
30
35
16
63
61
65
69
77
47
59
75
56
97
63
72
70
117
109
49
74
68
51
86
50
92
50
85
59
90
76
70
76
69
68
85
66
72
76
74
62
81
71
94
67
102
75
65
38
67
61
84
65
83
73
69
70
83
68
62
68
78
66
70
56
71
28
46
73
77
90
71
64
74
73
77
62
56
92
73
91
81
70
82
90
59
72
39
79
86
62
68
68
62
76
68
64
67
67
71
75
71
69
83
72
69
57
48
63
34
41
33
49
37
49
53
60
47
62
68
22
70
70
87
57
44
64
84
71
83
82
69
78
70
68
70
68
81
70
67
125
103
114
83
59
62
62
66
56
72
74
88
69
63
61
78
71
72
61
60
61
66
74
57
70
63
61
66
61
60
58
62
49
75
58
78
80
51
67
65
60
63
58
48
85
50
39
48
48
38
42
44
40
50
47
42
58
54
48
39
57
47
53
53
50
59
56
42
56
67
81
53
47
64
33
93
60
54
109
46
44
68
58
87
64
69
61
39
64
64
73
38
69
44
37
22
20
65
62
47
35
60
47
36
64
60
78
72
105
64
80
27
5
27
69
45
48
53
53
61
78
63
63
60
55
54
58
60
21
15
14
57
51
42
54
67
68
71
50
58
70
80
66
57
84
59
65
66
66
63
51
67
34
31
53
71
56
84
60
59
50
88
73
91
46
51
43
57
56
61
64
67
68
68
61
61
75
44
86
68
74
58
63
67
59
64
54
65
61
57
46
50
59
59
70
64
57
51
63
61
58
91
62
60
65
62
42
48
70
68
63
55
41
55
48
54
62
45
53
57
46
65
5
63
52
80
82
69
64
70
57
63
65
58
58
83
67
64
61
93
69
61
62
56
76
33
50
52
49
57
58
56
49
51
70
61
68
61
56
63
57
54
63
74
54
55
40
10
75
66
74
49
60
64
55
39
14
53
47
80
55
57
57
49
65
88
93
24
77
57
88
79
63
47
51
87
49
60
51
38
64
57
51
63
66
67
57
57
43
57
46
47
46
42
56
41
69
83
61
39
38
37
33
27
43
36
39
63
61
46
54
86
53
67
12
25
58
82
65
51
50
48
52
53
49
33
67
33
58
56
52
46
34
39
38
37
58
36
47
41
39
43
50
37
34
39
72
56
58
44
77
49
26
11
44
43
15
36
90
43
68
53
80
41
73
54
65
53
61
66
56
75
58
52
42
38
64
41
64
74
7
60
47
48
51
65
35
38
44
51
51
55
45
47
50
42
54
47
44
37
41
41
30
46
34
19
48
14
20
34
75
45
64
56
49
76
54
32
27
26
55
43
63
70
57
64
77
66
59
50
61
59
52
30
39
46
53
32
38
47
61
68
44
63
54
29
66
42
47
45
50
40
59
59
48
59
35
42
46
40
38
32
39
60
51
48
60
49
49
39
29
43
42
38
70
74
68
39
51
48
55
41
38
49
56
52
67
58
53
49
26
52
30
45
39
47
44
45
44
49
72
46
36
33
48
41
46
51
64
54
35
38
54
72
65
33
39
51
61
63
59
38
52
41
49
49
40
51
80
65
38
15
38
55
35
40
69
50
50
24
27
32
52
67
48
49
38
49
47
55
33
45
55
52
44
51
33
45
46
44
48
32
47
43
47
43
56
38
44
47
54
36
47
44
41
46
44
51
45
39
34
30
52
32
71
24
45
49
50
25
56
37
29
42
49
47
59
48
48
53
53
56
24
43
35
52
40
39
36
51
49
40
60
49
32
53
45
34
47
59
48
54
53
36
51
40
55
52
57
56
51
55
68
23
27
45
48
49
53
44
50
32
65
52
48
42
54
52
39
60
54
37
25
43
44
42
43
45
52
50
51
16
47
42
67
41
43
36
36
72
63
32
52
55
39
17
35
30
50
41
48
37
38
36
22
38
38
50
35
25
13
46
9
50
40
39
38
43
58
89
36
42
53
57
54
24
49
62
26
51
53
37
37
23
44
48
38
42
40
42
46
51
33
50
50
48
38
21
39
40
39
29
36
48
40
48
40
36
44
43
30
28
29
19
41
28
37
30
63
35
31
5
38
54
40
40
42
50
46
57
38
52
46
44
48
41
51
43
42
108
41
46
40
39
44
32
38
40
38
35
47
48
39
33
52
47
34
55
50
61
49
51
48
15
50
47
41
20
36
44
96
38
47
20
43
37
49
37
37
33
35
31
42
41
49
49
54
19
47
34
53
32
20
42
38
48
53
25
57
27
44
34
44
40
62
56
37
36
53
43
52
50
74
41
44
36
46
43
42
43
14
39
24
27
31
31
40
38
32
37
47
34
43
41
33
18
49
43
35
38
36
34
59
38
34
27
38
23
49
32
30
45
53
54
28
36
41
32
24
40
40
47
34
52
54
31
38
34
32
26
27
40
43
40
41
33
53
52
35
52
18
35
26
38
29
41
39
58
51
32
25
39
40
35
42
25
40
63
47
56
35
40
38
53
36
52
68
35
52
17
15
45
28
42
12
30
43
42
11
24
25
51
18
62
11
44
33
27
32
24
30
25
34
34
27
34
48
40
30
37
27
32
29
40
36
30
27
34
32
40
33
29
28
29
38
21
46
7
26
28
6
26
36
4
27
26
28
27
43
37
22
28
29
24
52
22
36
25
38
27
43
26
32
39
38
31
32
11
30
37
35
30
36
6
35
39
34
38
28
29
31
27
28
35
36
19
25
28
38
37
14
26
31
34
32
31
30
29
21
33
46
35
31
35
35
25
27
23
27
30
36
31
26
27
26
17
22
24
22
23
24
9
22
16
26
20
11
30
12
12
19
17
19
20
22
20
14
17
20
17
20
23
10
21
16
16
10
6
24
33
