73
55
52
51
55
70
70
62
60
71
39
64
45
51
52
40
53
61
42
66
72
100
59
49
34
49
25
51
37
42
49
35
32
48
42
52
43
25
32
37
31
28
45
46
43
38
25
17
39
42
15
20
25
35
44
29
35
44
37
46
85
43
32
85
90
15
64
112
108
125
73
149
108
154
130
132
133
111
95
126
65
42
83
57
141
123
61
92
142
151
71
69
117
42
30
46
57
80
53
12
47
59
46
61
47
127
44
79
81
90
102
63
63
101
72
90
62
84
53
54
102
108
82
111
82
116
125
55
29
55
49
126
100
133
122
140
124
112
147
122
132
82
102
146
129
135
91
122
73
93
93
108
85
106
93
106
60
75
88
84
98
133
138
102
140
55
98
79
123
129
135
126
126
95
134
109
126
131
130
129
109
134
132
118
89
74
92
34
59
32
49
37
30
22
43
45
47
52
87
60
7
128
99
124
121
73
124
133
132
140
89
142
99
153
151
146
80
132
115
93
85
98
80
61
78
74
64
90
108
105
104
49
53
66
128
133
117
99
58
52
83
118
131
40
137
140
147
129
127
111
96
132
94
111
92
80
84
68
151
160
155
157
137
77
55
44
43
45
51
26
35
41
41
48
57
37
79
47
45
50
92
40
69
36
99
75
59
38
83
126
86
88
81
87
48
41
75
111
85
56
102
93
73
112
144
63
104
50
126
118
137
80
140
87
143
69
69
122
114
57
30
127
59
42
79
84
169
139
53
102
131
80
17
29
79
163
102
97
84
53
60
65
148
130
164
82
82
94
37
40
14
168
164
141
120
73
87
147
111
95
126
80
105
89
86
81
163
174
134
59
121
105
38
25
100
90
114
132
142
103
42
82
72
94
6
146
92
193
135
130
148
97
96
97
105
191
86
63
100
111
127
116
90
135
141
116
60
112
104
107
91
84
110
49
93
194
183
114
143
146
108
104
99
126
89
143
79
85
102
102
100
58
43
108
134
83
93
81
83
50
73
145
41
120
38
89
87
137
100
134
122
95
127
88
90
100
100
119
81
71
75
37
122
56
141
37
130
129
151
122
142
160
89
174
115
114
127
192
114
189
136
171
132
102
176
211
167
40
154
92
102
36
123
174
109
148
5
130
124
53
50
69
61
53
57
35
32
8
39
20
46
35
36
41
44
60
193
78
83
179
94
122
94
176
197
136
155
126
90
139
156
167
141
199
134
22
113
81
74
183
187
184
136
121
210
165
179
173
155
127
199
94
180
241
1
50
169
61
70
142
126
171
187
201
171
7
59
32
159
145
144
105
182
164
167
175
65
79
94
93
41
196
200
147
151
154
99
78
182
174
107
51
13
8
22
188
43
48
65
180
98
107
84
118
69
172
86
76
160
81
114
56
163
104
100
70
125
68
110
96
24
46
37
29
200
74
152
168
46
115
97
106
90
83
67
103
21
107
107
69
67
82
81
60
68
59
92
64
74
75
75
118
84
87
119
65
105
83
92
92
153
119
67
71
83
90
124
128
119
82
91
87
75
142
157
64
114
94
77
144
124
90
89
80
94
89
92
153
161
156
163
160
90
76
121
152
94
68
61
39
108
53
226
68
142
86
86
79
137
209
198
36
181
184
57
54
110
70
153
134
140
160
160
147
82
78
69
77
168
126
34
93
105
45
114
80
113
105
120
121
93
70
112
99
163
92
122
128
48
159
92
52
46
79
109
61
57
130
133
134
72
115
141
140
116
74
204
113
56
124
25
98
131
196
49
55
82
84
142
41
35
22
82
56
152
143
116
147
123
128
57
164
76
188
238
242
129
67
156
118
90
95
61
55
134
81
92
88
157
170
147
159
126
180
151
135
167
34
107
132
175
73
66
49
66
34
105
145
166
140
109
61
16
99
146
192
67
116
110
91
74
72
67
97
71
118
122
154
177
63
120
51
108
60
66
59
103
89
125
88
112
145
148
156
149
187
68
72
90
152
109
121
97
72
86
62
96
112
115
176
114
147
80
146
100
102
125
99
110
70
103
66
58
89
138
145
119
122
88
94
95
63
94
140
34
103
205
157
107
97
73
94
76
84
132
36
5
34
77
97
176
101
109
105
89
142
133
133
129
77
59
173
10
201
183
194
94
72
92
58
165
59
79
87
156
72
49
110
71
166
61
75
33
72
83
116
121
134
73
103
142
72
205
139
76
93
74
66
102
161
155
107
72
84
142
116
128
129
129
126
108
42
77
52
79
190
179
163
109
150
139
19
144
84
68
203
156
135
86
103
87
69
44
101
112
100
140
90
9
43
73
105
134
135
140
136
82
104
97
97
168
83
118
67
141
52
59
88
100
91
65
81
139
12
115
63
142
94
61
107
33
71
96
61
120
135
118
93
95
84
162
82
100
67
70
147
57
52
66
122
95
169
68
56
144
65
130
77
93
62
93
92
53
91
87
74
132
90
56
75
82
107
36
136
62
72
110
69
70
109
41
92
45
64
154
61
156
56
132
193
42
142
74
102
113
28
86
116
54
160
151
145
135
56
139
57
75
69
47
116
6
75
121
74
122
137
72
116
141
91
115
113
71
114
75
133
102
167
96
134
160
103
106
65
78
80
76
78
66
45
68
112
116
70
68
68
84
81
82
96
28
62
68
98
71
33
92
88
113
67
79
55
51
117
84
35
75
32
22
57
8
69
93
72
64
84
56
78
44
47
33
60
60
42
9
92
150
39
213
34
141
49
175
48
107
95
53
63
69
-1
49
127
21
70
75
114
77
69
29
47
105
113
57
86
65
158
100
33
46
34
47
2
93
68
129
84
41
65
91
89
135
52
42
96
73
107
93
30
58
114
90
53
97
64
93
73
94
33
62
77
90
90
53
4
100
115
101
98
47
61
86
67
58
114
96
38
34
25
104
66
42
54
78
72
104
143
109
62
45
45
73
72
39
67
66
126
138
135
130
68
86
60
50
40
124
36
57
69
118
130
109
38
72
108
116
72
42
66
42
39
77
92
46
60
74
87
39
56
95
86
79
70
44
83
35
75
28
17
73
52
