159
121
117
112
122
154
137
126
156
147
102
143
91
102
90
82
103
126
116
109
75
149
100
101
62
89
53
68
92
89
71
102
72
127
73
88
78
59
46
55
47
47
59
66
56
61
31
18
45
47
22
22
32
51
51
40
43
70
44
111
171
72
33
181
177
24
131
189
191
187
162
233
180
182
171
155
155
202
104
204
200
127
132
130
168
165
151
144
195
190
135
105
197
47
30
69
119
130
77
2
103
124
99
172
83
233
92
163
192
173
203
138
158
213
173
210
189
209
126
128
261
231
192
246
182
262
233
122
85
100
139
234
249
267
268
262
258
234
300
291
277
140
207
293
304
318
189
254
186
143
137
171
135
187
224
218
180
142
229
175
207
273
230
133
238
160
204
161
276
238
280
281
309
204
245
256
201
287
284
291
260
264
274
229
160
160
187
115
113
76
97
77
68
78
134
126
153
118
171
125
20
273
227
225
263
148
218
221
228
273
121
304
219
338
318
315
186
244
243
229
156
157
147
110
185
181
162
196
244
219
209
107
154
153
329
238
215
217
100
135
152
253
254
79
335
288
276
245
263
259
187
278
271
251
215
180
184
107
285
278
288
262
273
174
122
78
71
76
89
50
58
65
63
84
104
59
134
86
86
64
178
66
111
75
141
116
128
81
204
282
153
114
112
181
130
65
162
225
143
116
238
177
153
269
303
89
192
128
253
205
277
124
291
231
204
106
151
262
242
111
76
299
130
100
180
165
404
353
98
154
216
186
71
83
217
172
143
209
195
91
101
128
263
210
256
238
205
186
40
49
12
159
231
295
216
112
170
326
250
179
241
175
236
235
152
131
248
285
328
131
240
241
77
43
218
166
252
278
330
256
82
167
156
158
9
140
138
284
200
320
279
181
182
182
190
187
166
148
188
245
252
209
150
352
210
294
185
245
255
245
219
211
284
81
194
278
241
265
279
275
200
175
179
248
193
258
184
202
266
263
210
93
134
221
269
234
185
190
122
103
197
284
116
259
51
166
185
304
264
301
252
200
297
201
208
173
175
272
172
120
184
67
289
106
273
82
319
261
206
270
215
234
142
240
227
263
314
352
259
338
254
199
326
200
408
320
204
115
273
184
192
48
258
406
234
225
18
134
348
79
73
104
104
84
107
56
50
9
61
26
87
49
52
77
73
107
233
142
138
238
185
234
262
444
431
303
431
286
114
314
299
345
279
255
192
78
195
175
128
250
249
248
158
163
242
215
221
289
262
301
332
148
266
287
9
82
376
90
165
438
285
333
363
421
310
12
147
81
343
353
341
300
247
237
235
213
209
223
241
173
121
291
348
212
220
216
191
169
347
253
173
70
18
8
30
230
30
66
92
230
108
214
137
269
115
394
137
165
316
192
168
121
331
259
200
186
239
132
236
165
21
73
50
42
362
161
208
226
151
208
182
137
112
105
126
222
30
271
255
217
184
226
191
103
150
135
158
204
206
134
127
272
158
163
258
126
188
212
229
132
413
278
153
169
188
211
233
213
212
146
142
186
134
199
227
182
278
197
164
333
278
147
154
140
180
165
165
345
408
355
368
350
183
151
252
227
151
129
141
91
166
92
300
137
324
143
173
189
124
188
230
94
348
248
151
100
235
152
387
345
411
282
253
315
174
190
157
172
133
152
41
167
217
78
308
116
180
156
180
215
147
164
233
210
381
143
430
347
63
291
148
67
103
141
174
180
120
261
224
268
145
308
311
299
265
180
266
261
99
195
59
227
150
262
131
110
176
182
413
90
41
40
145
120
360
336
299
325
302
296
224
291
151
272
246
181
182
114
362
292
166
173
87
104
267
243
232
247
240
259
385
116
291
324
289
367
341
52
284
253
230
180
116
119
89
68
239
308
310
146
148
116
24
221
453
296
137
265
279
155
188
174
165
149
171
252
279
207
255
116
307
130
276
74
170
120
205
210
224
154
273
329
411
193
339
260
163
154
191
421
167
177
157
149
160
139
168
214
205
316
289
137
144
370
198
259
247
198
244
128
151
201
98
177
-1
273
263
372
190
225
226
148
169
281
45
152
177
196
167
156
118
197
122
128
314
79
8
49
169
190
342
103
107
120
268
309
322
282
233
172
204
199
9
236
228
196
178
165
122
103
301
166
136
126
378
109
72
206
182
368
110
201
30
205
164
294
308
298
168
215
286
169
171
305
116
159
137
169
254
339
314
241
183
161
307
211
308
257
251
265
211
98
112
148
205
235
238
223
206
181
169
19
314
133
156
227
351
294
140
175
164
118
65
238
231
280
307
228
13
53
140
230
290
235
285
276
150
209
205
201
338
190
248
187
339
83
80
170
206
183
129
156
238
22
198
138
309
157
126
177
54
183
218
144
251
275
230
200
222
197
248
174
204
106
130
228
137
109
87
249
122
157
131
114
321
150
162
177
161
146
174
246
131
152
171
119
294
205
136
125
136
198
44
278
147
139
318
143
142
212
38
250
169
120
213
136
256
88
174
233
90
268
97
231
260
60
146
332
91
297
274
265
214
93
180
174
177
180
70
260
11
111
256
157
291
325
134
182
151
166
259
146
127
255
133
231
287
194
147
158
161
200
148
109
120
195
88
146
127
56
67
123
123
98
152
97
134
153
122
224
33
139
132
230
191
88
144
167
237
124
126
103
117
270
201
58
144
89
6
68
3
111
222
157
131
186
99
160
83
78
86
67
122
73
9
143
298
57
202
40
304
131
167
81
221
230
94
67
114
138
134
306
60
141
115
63
128
172
35
185
171
132
93
179
106
168
261
61
88
75
86
0
195
117
135
122
102
132
164
184
135
71
61
196
158
153
160
59
131
204
141
92
207
109
202
107
190
20
139
186
217
139
159
27
189
182
165
192
127
195
193
148
133
173
178
61
79
33
211
110
89
78
182
134
214
172
162
122
82
133
125
184
54
106
139
141
159
170
165
135
205
168
134
122
150
51
147
158
165
160
128
91
145
101
120
102
47
186
90
83
146
142
79
139
122
142
89
72
74
111
105
139
66
115
60
70
53
83
165
176
