82
60
65
67
79
88
94
76
92
81
58
72
56
67
56
52
65
66
67
61
53
84
63
57
34
47
31
40
53
49
54
64
40
69
38
47
41
31
27
30
30
29
34
40
27
32
19
10
34
28
11
11
14
38
41
23
28
44
30
60
72
46
30
82
93
6
61
87
94
72
80
110
78
105
91
77
93
86
55
97
85
54
56
44
103
89
75
59
95
87
56
61
78
36
29
39
77
83
60
5
58
81
74
99
56
98
66
92
97
91
96
90
99
100
108
99
107
108
86
75
109
116
108
129
88
124
129
59
52
64
91
115
115
141
139
142
129
173
155
163
172
102
87
155
193
167
118
146
88
74
69
87
80
117
146
140
116
98
101
73
139
123
137
80
133
90
108
67
143
108
173
140
171
121
155
112
136
160
162
168
161
140
160
177
56
77
96
64
78
44
49
38
58
58
84
95
111
86
105
59
8
138
140
125
168
89
129
104
118
151
75
172
115
181
185
183
111
121
105
114
75
76
61
87
94
129
107
92
105
169
102
73
95
84
167
109
123
150
62
59
72
108
135
41
189
153
167
131
162
158
80
156
154
154
102
104
117
61
169
175
172
169
179
73
70
49
54
48
54
33
35
40
41
59
53
42
83
55
58
25
99
26
53
56
61
50
82
40
90
156
105
53
82
127
61
48
76
97
66
44
100
125
84
129
184
74
83
80
137
100
163
82
158
99
75
40
69
166
153
73
39
177
74
63
132
107
123
147
57
69
106
67
28
39
99
112
78
86
85
50
47
63
144
131
166
106
102
96
20
17
3
85
80
93
115
40
94
201
139
79
131
137
111
111
79
71
109
124
189
56
102
111
56
18
119
108
163
146
99
159
54
108
120
108
5
74
59
122
108
192
137
136
137
138
123
104
86
66
119
108
160
126
55
154
124
148
103
157
153
159
138
88
98
45
115
110
117
128
176
163
125
93
107
132
118
156
103
117
151
151
122
75
72
140
102
117
98
108
54
62
94
154
18
149
28
91
115
164
143
116
166
126
168
97
103
106
109
175
123
58
80
35
159
81
161
59
149
151
87
110
91
113
88
106
166
145
183
125
118
108
150
102
126
127
142
132
87
31
131
110
122
30
144
171
128
90
7
78
100
51
54
69
68
67
78
25
26
7
35
11
54
33
29
49
47
46
110
85
98
81
177
146
122
163
159
132
152
124
45
136
119
131
117
107
124
32
122
90
81
91
87
93
72
74
90
75
89
125
118
90
125
72
114
108
4
45
142
48
97
145
106
127
136
136
109
3
83
54
142
124
123
114
95
95
97
91
136
79
138
78
56
105
131
79
81
82
132
109
108
99
101
54
23
13
15
76
16
50
50
83
78
100
73
97
80
135
96
120
99
129
96
63
132
194
113
150
152
86
122
90
6
48
31
18
128
105
78
92
68
113
56
65
49
52
108
129
25
136
141
110
92
142
131
107
142
74
49
93
109
136
79
112
109
102
100
84
88
98
137
60
155
132
100
98
138
154
139
149
151
99
73
155
82
80
96
132
151
74
68
133
166
111
100
87
114
43
95
133
124
124
135
139
82
95
107
119
70
56
55
51
71
61
128
89
127
97
96
72
67
75
87
58
126
99
94
50
130
100
167
154
166
110
116
148
127
131
82
162
64
86
20
106
119
63
111
76
100
83
116
151
86
92
115
97
147
70
143
148
31
133
111
35
72
110
105
109
32
117
103
114
96
121
157
146
112
150
105
166
59
111
42
68
71
106
71
71
102
96
150
59
24
19
92
74
148
108
140
155
162
145
129
115
125
109
92
69
68
79
121
106
105
58
60
68
139
109
153
128
100
97
133
70
146
113
107
160
140
37
131
103
91
132
56
46
63
63
115
166
149
59
66
75
14
112
154
128
106
127
159
120
169
144
119
84
81
107
147
88
92
54
160
80
138
57
104
43
88
154
86
123
171
109
140
55
152
115
118
117
127
151
114
107
97
102
100
78
110
133
122
133
134
59
79
142
125
142
145
152
143
86
114
160
24
82
139
106
94
146
126
130
130
93
95
133
26
74
94
84
99
110
85
137
73
102
126
34
3
45
142
94
135
60
61
63
94
104
118
178
113
116
58
87
11
116
107
104
109
92
70
58
125
122
88
96
174
42
49
128
127
125
79
128
18
156
95
173
152
142
84
113
168
102
78
159
84
111
105
81
113
148
135
114
149
101
157
106
164
137
150
154
64
63
67
124
146
81
96
96
105
66
61
3
127
96
116
95
141
106
104
106
75
69
50
102
157
173
161
160
8
26
72
173
150
108
136
119
56
98
102
80
142
90
145
141
175
69
69
88
111
98
131
153
111
17
128
62
117
55
76
78
31
106
120
68
164
150
121
121
158
91
108
127
116
83
57
117
67
44
52
143
87
68
41
53
126
85
82
111
101
117
121
114
55
50
95
85
147
85
92
74
84
122
26
118
93
67
146
81
120
148
14
125
112
55
79
86
127
62
69
82
58
129
75
117
104
71
99
126
85
112
109
118
110
69
77
129
110
133
55
152
4
84
174
105
113
135
102
81
71
77
148
115
71
170
83
107
129
95
111
69
44
93
89
75
48
92
71
105
104
47
26
72
62
59
98
40
111
125
89
149
22
90
85
142
95
62
110
108
142
100
78
81
83
132
95
31
65
48
7
26
3
59
130
115
40
111
95
64
49
43
53
42
84
54
15
105
126
60
91
29
123
49
78
83
122
157
68
43
78
62
96
120
34
80
90
41
69
83
30
109
90
59
78
86
83
79
119
42
97
49
47
1
135
36
67
64
53
78
104
167
69
78
45
83
135
66
76
45
86
86
101
76
102
53
97
54
78
17
-1
90
133
68
92
14
84
81
88
93
69
135
101
91
104
95
87
44
43
23
109
79
37
74
85
60
90
81
93
70
78
97
111
123
42
64
56
75
74
84
84
75
130
131
94
84
67
37
81
68
82
82
68
75
63
45
65
75
17
85
63
53
93
80
49
86
94
80
63
52
41
64
70
59
53
63
40
42
23
47
95
115
