120
98
103
96
108
134
124
113
138
132
92
116
83
79
90
73
91
106
98
92
79
131
94
85
64
81
52
51
76
75
84
84
64
109
58
69
60
52
33
44
41
38
56
62
55
52
22
18
53
50
15
17
26
45
58
34
44
65
42
92
126
56
46
145
178
23
101
148
172
187
126
191
148
148
159
121
132
156
87
193
163
103
123
109
135
136
129
119
160
153
110
99
177
52
41
63
104
117
72
8
97
123
94
158
74
240
76
168
198
171
186
121
143
203
192
205
172
192
120
114
273
225
203
266
185
261
276
103
88
78
130
255
274
311
280
296
294
206
314
316
321
133
215
376
347
349
232
285
160
154
143
178
149
186
237
229
170
174
197
154
193
274
254
131
241
156
210
173
260
250
311
252
321
221
280
268
257
302
265
328
220
273
357
248
138
138
183
114
102
74
87
63
59
49
120
118
159
116
178
106
22
252
245
266
280
186
208
224
223
239
112
360
232
340
316
318
191
195
190
198
120
170
129
101
173
180
160
202
287
238
214
100
143
133
313
201
228
188
108
123
147
284
309
64
356
291
297
226
320
304
167
313
202
236
254
175
156
103
297
302
298
287
322
162
104
71
69
76
77
44
55
46
52
69
86
51
149
91
70
58
202
60
111
70
159
130
132
65
221
278
145
92
140
152
142
58
156
222
134
143
255
193
145
220
327
86
207
127
298
180
270
106
283
260
188
112
138
275
254
94
51
326
109
95
165
167
302
313
82
127
207
178
61
72
206
147
117
176
169
83
75
131
234
201
237
239
199
158
34
46
12
120
213
236
199
88
161
358
255
221
262
157
273
258
148
129
205
234
356
122
194
198
70
39
243
186
273
296
306
231
82
167
163
144
9
111
93
210
163
345
258
194
190
191
157
139
162
151
164
183
210
216
151
274
251
263
199
260
197
187
176
169
196
80
200
186
161
315
308
267
169
181
177
267
188
268
155
152
240
242
184
120
120
204
247
181
156
221
116
89
190
263
122
291
58
164
158
332
227
234
278
183
297
177
169
182
194
299
193
108
129
49
295
103
280
61
287
234
169
246
181
195
160
187
253
286
336
319
270
242
254
182
234
179
340
268
154
112
230
175
190
44
281
400
237
181
14
118
237
67
65
85
98
81
99
47
42
9
63
23
72
50
54
75
77
101
164
118
134
197
198
330
351
339
338
213
343
264
90
257
297
297
296
229
194
83
218
146
119
223
205
192
143
142
190
176
161
231
206
235
230
141
179
220
5
69
295
75
144
301
269
302
315
316
298
8
136
85
304
282
270
266
219
232
230
183
264
279
357
261
170
224
312
191
173
167
211
162
275
213
166
65
19
14
29
185
22
76
89
195
136
240
136
234
115
368
124
173
200
301
138
106
305
352
329
308
252
125
253
145
25
72
49
35
291
137
140
202
216
251
221
200
122
124
202
326
31
433
414
271
336
352
309
250
252
241
212
297
305
256
133
260
158
160
260
108
249
212
320
133
325
374
176
182
233
269
252
262
259
139
139
234
126
158
183
195
302
166
268
338
265
139
137
127
169
170
183
263
265
321
320
323
201
131
364
178
156
190
200
96
128
81
264
126
264
153
176
201
103
154
182
80
267
224
135
80
201
157
381
351
356
264
263
325
213
238
194
215
110
121
45
163
291
83
252
109
165
141
185
226
121
152
227
228
325
125
323
350
59
199
220
60
101
129
171
254
190
420
202
208
137
315
517
490
413
215
209
266
83
167
57
188
110
204
150
109
169
179
352
104
44
41
132
112
350
330
502
469
535
533
303
212
180
219
190
143
154
114
300
263
122
156
122
126
269
277
262
372
202
206
261
82
241
241
221
347
295
49
442
240
158
297
103
186
81
67
340
456
303
133
112
97
26
382
325
241
151
321
354
196
250
206
309
153
218
182
294
173
198
100
436
121
215
77
132
122
356
311
205
155
290
240
331
155
347
257
189
187
219
348
173
174
158
212
194
139
237
246
186
253
424
118
145
295
237
-1
298
204
354
128
215
308
232
151
259
219
200
306
201
213
213
209
189
284
44
169
131
154
178
131
111
294
134
138
274
78
7
53
197
197
245
94
93
99
280
218
301
304
224
290
225
179
7
190
186
178
334
220
121
78
252
179
160
116
337
100
72
195
269
284
101
312
35
303
166
398
278
315
162
279
320
160
132
374
140
167
202
261
348
312
310
262
274
154
292
282
385
364
348
380
172
106
163
269
286
200
208
203
214
158
141
20
285
158
171
161
269
193
151
150
166
108
65
378
286
436
449
292
11
57
167
281
367
207
239
255
197
326
234
192
269
274
346
344
404
77
125
183
139
139
137
152
221
22
182
122
285
155
168
135
49
311
238
192
317
328
193
276
313
239
223
279
247
113
102
193
114
93
88
284
124
157
95
123
258
206
143
250
156
217
188
228
115
129
121
109
329
234
118
132
156
201
34
262
178
280
245
141
172
351
31
292
235
149
163
174
234
108
154
189
117
279
100
382
253
58
162
275
112
222
218
208
215
142
176
324
237
238
67
311
9
115
257
137
240
301
155
180
131
241
281
161
239
274
132
229
243
201
191
152
120
221
132
134
107
186
103
136
152
57
77
119
109
99
188
87
165
150
112
244
31
158
188
256
229
105
158
163
195
113
132
118
213
283
230
47
113
142
10
74
9
103
264
162
124
182
119
158
159
106
88
77
185
83
13
138
253
72
139
41
266
176
137
91
265
244
80
67
140
102
152
239
43
138
112
63
171
154
51
171
144
113
136
226
125
131
207
111
104
80
150
0
254
106
128
115
114
131
129
213
111
87
69
183
139
151
129
56
136
154
155
123
222
96
222
111
167
17
142
211
198
118
138
24
137
121
133
139
132
173
194
171
158
136
125
65
70
36
209
121
70
71
199
136
167
143
171
120
96
133
124
150
58
125
98
146
157
141
144
141
162
183
143
116
137
59
173
114
129
144
113
94
150
98
118
102
45
143
93
90
150
118
80
105
138
136
96
71
53
105
94
105
64
95
75
75
51
85
163
180
