101
89
68
64
79
102
97
93
108
102
61
90
60
50
57
50
58
94
86
58
62
98
65
70
52
81
43
51
68
60
54
74
50
87
57
75
62
42
43
43
40
34
62
74
59
52
28
15
58
55
19
17
27
49
64
36
39
60
48
54
73
61
52
83
138
37
65
79
103
106
75
127
87
83
95
81
86
97
72
116
89
43
61
69
106
90
71
80
108
107
57
67
99
72
62
69
81
140
96
20
88
71
59
124
47
174
50
143
136
149
153
124
120
175
148
170
132
145
86
91
171
171
151
180
124
181
187
79
57
77
84
182
192
218
206
209
207
186
213
215
209
125
134
230
228
244
165
179
126
127
120
126
98
167
190
183
105
119
170
125
168
206
164
116
179
109
188
141
201
196
226
204
226
155
195
162
184
213
218
247
168
229
202
205
142
128
136
74
76
49
69
58
49
42
99
80
94
87
141
93
10
171
192
178
228
128
166
169
189
203
101
237
144
254
245
241
108
112
108
118
153
180
147
113
134
140
106
130
180
192
163
106
111
81
255
130
206
159
79
98
110
176
216
75
252
195
226
182
246
228
149
186
151
136
117
144
148
88
241
245
234
228
221
137
81
59
56
62
60
31
38
51
41
56
73
42
109
63
63
51
136
53
86
46
125
95
68
45
123
193
125
57
117
140
70
63
121
129
143
90
143
154
131
133
238
155
124
86
177
130
219
65
225
139
115
64
86
179
180
73
52
243
52
66
112
100
163
174
103
66
163
106
39
45
147
104
82
105
107
72
82
93
198
187
167
122
129
92
32
27
8
99
100
103
111
106
98
250
188
180
170
175
159
149
140
125
138
154
275
105
124
111
52
28
155
119
235
259
158
167
45
177
164
181
13
90
67
143
104
263
192
153
151
153
106
110
165
106
226
105
146
160
128
170
172
212
100
171
136
125
130
112
131
57
202
133
112
152
229
192
107
172
225
183
210
201
93
96
135
131
107
114
79
155
133
99
93
163
111
96
130
225
72
190
61
117
177
252
146
156
213
214
248
113
106
155
189
171
187
97
94
47
268
134
198
68
181
147
95
135
119
132
124
109
185
212
229
175
163
155
190
121
136
220
211
170
105
71
129
170
217
46
237
210
181
110
4
69
143
93
102
141
130
127
127
50
42
19
62
32
77
48
46
93
82
104
120
184
190
119
162
183
164
191
208
159
194
136
52
170
158
165
160
134
160
43
176
200
186
139
136
140
100
93
143
115
114
149
145
125
166
150
136
143
0
46
177
85
207
181
119
168
179
203
156
4
93
43
177
167
159
138
144
139
140
113
163
138
222
188
125
130
176
135
116
120
230
233
166
135
169
88
30
25
39
119
20
74
93
132
111
170
151
118
116
183
172
178
139
149
95
101
166
206
167
155
206
75
205
149
10
61
42
48
179
181
115
120
155
239
178
172
114
105
103
168
26
186
195
227
161
185
149
124
169
168
178
193
200
141
123
142
193
176
153
146
248
102
168
65
208
169
183
185
247
298
315
252
279
147
133
273
180
116
129
119
210
108
127
141
222
202
192
160
217
108
234
168
178
160
157
178
260
174
171
116
223
159
158
88
97
75
162
170
167
220
213
142
80
118
121
68
170
132
92
93
254
116
209
185
215
156
140
190
277
240
198
259
83
92
34
213
226
106
145
145
133
121
153
196
153
98
125
111
190
95
181
161
69
134
179
41
75
141
141
113
138
176
127
131
157
155
223
216
161
260
132
206
73
109
55
88
89
130
106
124
219
210
187
84
43
43
182
90
183
152
215
186
187
215
176
125
292
140
126
104
103
180
170
149
92
112
91
87
146
184
172
168
132
118
183
73
158
160
147
164
175
76
190
135
114
160
92
139
106
99
141
194
180
88
88
118
24
152
164
141
226
187
198
219
296
260
181
67
191
130
172
114
131
95
197
57
148
104
92
112
148
177
117
131
234
146
180
99
177
135
226
239
408
184
208
206
196
207
212
104
237
301
252
167
183
96
165
176
398
167
209
154
197
163
222
204
158
105
159
146
135
169
214
270
270
171
360
172
47
132
115
106
124
154
149
192
132
143
159
76
16
84
243
163
154
70
79
88
105
153
140
232
141
182
103
128
13
130
114
127
128
169
122
100
149
102
93
139
206
68
76
185
186
178
143
152
48
165
141
178
165
164
124
150
198
245
99
202
155
-1
177
125
167
168
172
136
202
246
164
137
176
170
177
176
103
61
85
134
141
126
128
131
170
107
99
8
172
329
344
97
153
102
210
194
106
154
95
163
148
209
217
132
14
57
105
224
183
125
153
147
159
146
105
133
160
145
154
129
207
121
145
302
106
86
191
195
112
27
179
116
145
85
278
97
52
150
121
170
188
173
130
156
181
153
134
148
141
98
68
123
70
61
115
161
149
111
60
86
158
126
101
133
113
131
298
141
87
67
76
123
191
86
154
77
185
229
42
151
207
128
143
69
249
170
23
134
138
170
111
104
141
64
100
127
105
157
120
159
145
79
370
184
156
157
152
154
158
99
123
160
137
149
97
137
11
183
215
134
133
170
224
97
91
119
158
145
89
235
139
137
137
139
157
98
83
125
105
112
102
116
117
190
220
72
39
87
79
64
98
82
193
172
175
157
23
95
167
159
117
56
231
220
137
158
196
155
102
160
124
36
119
77
26
40
8
84
130
122
73
101
154
134
114
140
98
79
155
67
23
186
160
113
98
32
163
108
113
107
142
173
135
81
90
93
80
150
44
126
71
48
84
97
50
104
106
78
73
130
78
90
127
57
146
81
91
0
139
59
87
61
71
84
149
159
75
69
69
108
133
104
83
38
106
111
133
105
134
53
141
92
95
21
111
139
135
83
110
20
98
97
94
100
95
121
114
104
99
101
86
57
60
33
124
105
59
64
123
127
121
111
104
105
76
97
173
103
65
117
72
109
107
106
104
111
125
109
98
77
108
55
104
69
95
103
92
59
96
80
86
73
33
88
59
54
95
88
58
77
94
91
87
51
60
85
76
86
55
76
43
54
29
55
81
107
