115
99
73
71
96
115
125
118
134
153
66
99
72
70
69
61
72
120
101
78
48
101
91
77
51
82
61
51
64
66
69
82
71
92
78
82
64
45
31
38
34
38
71
77
49
60
25
7
37
42
10
10
19
49
42
26
32
56
29
60
84
47
26
114
174
36
73
84
115
139
89
132
102
88
99
78
93
123
75
119
128
49
65
81
84
88
74
75
115
92
67
80
102
37
17
62
105
109
56
6
71
87
80
147
70
195
75
159
161
162
182
118
140
196
177
182
200
205
96
82
174
202
185
203
161
199
200
96
73
105
104
217
196
201
215
209
232
146
223
240
201
104
217
220
232
198
72
152
150
115
121
106
108
138
159
164
118
96
176
142
134
205
192
109
220
161
143
112
200
198
187
160
205
149
206
184
163
198
193
223
168
211
172
151
207
170
218
89
79
82
126
80
67
66
125
74
104
111
191
125
23
170
170
198
187
151
162
191
170
170
128
186
155
201
198
194
154
101
92
137
124
146
126
86
189
114
122
154
198
148
164
108
133
90
180
116
142
126
118
83
160
191
224
75
217
160
173
131
207
201
130
176
140
135
111
155
118
82
198
190
195
184
218
137
80
77
77
77
75
53
66
61
55
74
105
50
109
92
82
62
133
48
114
67
132
118
101
66
153
158
144
65
97
151
94
46
119
155
131
79
139
117
143
102
210
48
118
99
185
141
172
60
197
132
99
38
110
163
147
109
54
184
70
79
78
127
166
157
90
71
167
115
50
34
127
99
84
119
145
82
84
119
184
192
162
124
158
115
28
19
3
72
96
98
115
118
124
205
175
136
191
122
169
153
152
94
124
163
215
82
143
147
35
48
155
140
194
198
163
116
58
108
116
118
1
67
63
117
75
222
162
134
133
135
121
104
124
117
124
110
140
126
108
169
138
163
124
141
125
114
119
128
125
80
131
123
101
126
210
154
101
107
115
208
126
152
93
88
145
143
105
88
153
133
146
95
86
121
96
65
126
191
72
151
31
136
119
209
148
138
185
123
201
116
108
108
120
171
106
86
99
63
189
65
168
35
160
165
98
129
122
122
119
86
150
168
166
139
121
131
143
125
134
151
153
115
79
66
113
112
135
32
159
175
153
91
15
71
127
52
40
65
57
52
65
39
29
0
42
13
65
38
33
48
58
83
85
77
73
101
95
151
133
161
156
155
152
115
49
132
148
165
142
110
128
66
145
116
85
99
100
101
64
64
92
82
88
149
135
117
139
101
105
109
6
52
156
69
74
130
116
135
140
159
136
1
88
61
155
168
161
147
104
104
105
84
149
98
99
131
80
75
138
99
82
84
127
79
124
108
111
36
4
1
31
100
18
56
84
100
74
220
89
112
96
124
87
108
114
120
89
108
140
145
109
101
167
98
182
112
10
45
35
34
157
94
73
86
107
104
132
110
79
72
85
114
26
151
153
116
103
74
74
59
82
86
119
107
102
85
96
131
100
78
124
61
130
120
101
63
163
133
106
124
113
108
160
113
112
75
118
125
80
76
85
98
179
75
83
120
134
100
93
74
118
118
108
137
145
137
141
146
150
104
129
121
101
103
111
62
91
63
112
96
175
70
124
148
66
84
86
76
132
121
116
73
140
60
146
125
169
124
102
164
100
120
142
124
81
85
28
92
99
38
122
65
133
127
142
152
97
113
123
111
135
93
129
141
68
111
77
50
90
77
138
85
54
156
130
92
103
147
174
170
143
123
126
224
77
101
58
73
94
99
82
91
109
119
161
52
41
33
90
88
137
149
168
147
152
136
107
112
98
114
118
85
82
69
147
126
78
67
82
90
157
144
164
120
110
107
141
65
175
120
105
148
137
30
164
117
75
65
88
60
48
53
101
155
140
54
90
63
16
105
151
125
94
134
123
110
126
143
68
65
80
149
156
87
103
110
144
97
133
45
87
127
127
80
79
91
185
126
155
79
175
98
104
103
130
152
95
96
117
90
104
93
111
145
130
127
157
59
86
126
138
120
139
145
147
84
82
85
56
101
122
119
118
148
119
134
135
77
104
108
30
145
92
109
76
84
81
103
76
76
145
77
17
36
91
134
122
78
70
77
117
127
139
183
96
70
102
103
2
111
103
89
122
98
83
89
117
81
83
70
159
58
45
143
107
137
74
99
18
71
109
140
101
123
161
127
160
107
71
150
108
105
65
83
143
153
135
100
98
106
136
112
144
117
108
117
94
60
55
57
88
97
90
99
133
69
76
5
140
88
103
86
121
76
81
104
95
60
41
151
98
147
143
108
7
53
108
153
121
106
110
119
122
121
76
112
107
135
98
101
160
55
55
154
79
75
74
111
89
5
136
99
136
49
74
99
33
107
99
71
127
100
99
110
102
86
88
138
116
68
52
87
67
42
68
139
74
72
59
79
119
100
100
86
96
77
96
103
118
55
58
69
117
70
90
74
83
122
33
119
131
92
137
81
106
117
21
130
68
71
94
100
108
69
80
93
63
111
63
131
104
22
105
138
42
120
105
106
142
98
84
72
98
58
44
99
10
84
148
97
99
142
95
75
65
89
107
86
69
184
96
111
104
99
82
74
70
106
87
78
67
78
63
96
86
28
30
54
57
62
82
59
70
90
78
103
12
126
80
111
134
65
105
114
105
86
89
48
85
135
129
44
130
45
12
26
1
77
106
95
58
73
62
112
24
42
41
62
57
45
2
87
123
30
80
31
131
69
74
53
103
97
52
42
80
62
71
104
40
105
61
37
54
86
20
104
98
58
83
105
61
68
127
15
60
44
33
0
100
37
64
47
84
93
85
78
64
38
45
80
104
68
84
66
132
95
119
49
102
53
107
66
103
16
70
120
116
83
144
16
95
88
95
108
143
110
114
66
66
84
70
54
60
23
139
100
86
39
105
112
100
80
101
-1
46
107
102
113
32
102
86
80
85
74
76
111
99
100
92
84
71
39
86
63
63
71
59
51
82
53
66
49
28
123
54
51
97
56
36
67
77
71
50
34
48
55
51
58
32
59
35
32
25
74
87
104
