118
94
79
75
90
116
115
100
117
118
60
95
56
64
62
53
58
99
83
79
70
116
72
65
39
62
33
51
64
52
49
61
51
88
62
71
55
41
30
37
30
26
58
64
49
55
25
13
44
47
14
13
26
45
51
28
32
56
38
77
124
53
38
128
142
24
90
163
176
196
146
224
171
158
180
160
168
177
112
194
140
80
120
106
183
173
108
114
169
209
87
80
195
50
30
66
82
114
69
4
68
87
69
114
48
194
50
136
151
133
157
100
121
189
138
163
142
176
76
76
201
202
155
208
126
208
212
83
57
66
86
197
209
232
241
231
222
161
246
244
224
110
169
244
236
251
128
182
127
108
96
112
92
132
185
170
122
116
182
140
151
229
193
91
176
121
155
142
221
195
223
214
248
169
206
221
190
224
207
242
179
223
225
167
142
118
154
79
64
45
74
56
50
48
93
80
126
87
144
82
10
221
177
200
209
136
151
175
183
216
85
252
182
283
265
271
131
174
187
177
120
143
134
83
153
136
117
162
219
160
155
89
116
92
251
228
179
142
80
95
123
216
220
60
258
229
233
155
236
222
129
220
199
183
188
146
129
76
233
236
240
223
236
129
71
54
56
51
54
32
44
37
42
57
79
39
118
61
56
44
147
48
88
43
131
90
94
39
161
217
129
125
114
117
94
52
127
182
130
92
196
145
116
185
237
71
155
84
215
170
202
125
219
183
215
106
127
204
194
71
37
249
77
68
122
117
280
248
84
132
182
142
56
55
164
172
147
182
148
65
70
89
190
182
198
194
163
140
46
62
8
176
230
271
191
98
130
286
199
158
200
128
213
188
112
102
280
291
271
91
200
191
41
35
158
132
205
230
243
167
56
144
128
139
3
141
111
256
171
269
203
150
147
150
135
190
144
115
155
167
188
163
138
241
182
201
129
175
162
157
164
155
221
57
165
292
241
224
231
206
155
157
132
212
159
202
128
140
198
197
145
98
89
169
232
145
139
157
90
62
147
221
103
216
41
138
138
247
199
250
214
162
239
158
153
142
159
216
139
87
127
39
238
90
227
48
261
200
173
214
190
216
131
242
177
207
237
385
201
279
206
212
238
163
431
432
210
102
227
131
174
35
198
304
191
287
10
129
261
62
60
85
83
71
83
44
38
6
48
14
60
42
41
59
66
92
291
109
122
249
149
197
200
385
387
222
316
216
106
213
282
271
258
249
164
46
160
133
102
336
343
323
230
191
321
241
302
209
198
288
256
133
204
308
2
68
284
71
111
294
343
400
314
404
437
4
91
43
268
254
251
221
334
309
322
292
140
160
168
169
95
337
410
283
284
279
161
127
482
325
125
55
9
8
22
269
42
56
80
319
95
183
101
226
104
294
110
145
320
131
132
95
333
193
184
146
179
91
209
138
22
52
37
34
334
133
258
284
120
168
142
125
80
80
79
182
20
216
219
179
160
171
123
69
107
115
138
162
181
83
87
200
135
126
206
90
185
165
182
108
300
232
109
132
128
150
187
187
187
116
140
134
104
259
306
135
237
207
139
259
231
128
128
107
149
149
145
338
339
354
406
410
167
124
239
198
116
121
123
66
127
56
424
117
277
115
158
159
151
249
292
64
406
290
107
71
176
111
309
278
340
448
378
294
125
151
136
162
166
156
26
144
191
58
256
98
151
130
142
182
120
114
205
181
396
126
317
264
66
196
126
49
72
94
148
125
87
253
200
208
125
240
277
267
220
133
255
199
66
164
46
250
166
219
84
80
161
156
342
58
31
31
120
95
349
331
270
295
269
258
169
373
119
283
358
200
205
80
288
207
108
115
66
83
248
174
197
182
287
323
309
127
213
405
414
287
413
35
294
203
184
139
84
102
71
57
214
299
305
202
115
81
15
199
345
286
108
205
232
121
166
130
147
105
135
201
238
245
291
88
281
86
216
67
123
111
184
165
197
123
252
216
315
240
284
369
117
117
171
310
149
150
128
137
155
114
150
180
158
438
264
191
112
305
197
222
207
157
247
116
131
177
102
162
297
327
182
281
168
189
189
139
163
381
34
145
212
184
122
98
106
175
100
119
241
63
10
40
142
169
345
111
114
124
226
267
319
246
370
150
169
207
2
260
256
257
168
147
110
80
412
100
84
96
312
135
62
160
151
281
85
177
25
183
130
240
301
288
135
176
254
136
223
279
90
157
100
132
207
407
399
281
163
144
286
205
281
251
287
275
267
79
99
125
142
317
312
363
167
213
206
31
361
116
136
259
302
193
146
140
124
91
48
228
188
288
279
183
7
53
117
214
310
362
202
350
143
213
156
166
295
155
275
175
321
76
65
171
135
122
93
124
184
6
163
107
275
185
100
167
39
201
173
137
272
254
165
199
210
179
430
152
165
76
100
192
87
130
90
230
104
238
94
92
352
118
148
134
117
120
154
189
88
182
108
91
290
177
111
91
129
170
35
340
129
159
262
100
117
219
41
193
143
104
253
120
267
74
200
349
63
364
95
229
291
45
156
226
85
-1
601
521
212
75
290
142
151
160
58
254
6
110
214
88
296
332
138
268
203
164
262
114
132
213
113
295
264
350
118
184
191
177
108
87
89
186
86
125
125
42
100
149
148
88
144
76
133
108
100
188
30
110
109
226
161
67
152
142
226
106
108
81
104
242
194
35
104
64
13
102
2
81
272
116
171
130
95
133
78
87
54
77
119
69
4
120
360
52
256
22
322
102
240
63
241
183
61
52
123
160
116
325
32
120
92
65
145
128
35
132
234
138
89
192
89
237
201
48
86
62
76
0
201
131
204
99
86
157
132
183
160
59
65
227
97
232
157
38
126
182
133
82
217
112
212
111
178
28
112
188
179
162
114
27
168
153
148
170
108
159
180
140
126
161
138
53
54
30
184
93
69
70
185
125
205
243
189
120
82
118
125
153
44
109
86
240
261
240
226
130
179
148
129
95
243
58
146
123
212
207
192
83
159
147
185
101
61
132
92
92
151
146
83
121
123
180
97
85
101
167
113
141
67
137
75
99
57
61
141
152
