140
104
117
116
119
145
122
112
139
126
99
125
96
91
98
77
106
118
97
95
45
114
105
75
62
77
53
57
85
83
88
94
67
119
65
72
68
53
43
50
50
46
56
57
38
43
23
16
39
38
21
22
29
43
37
41
43
77
48
113
121
43
23
153
167
18
126
135
140
160
146
171
138
135
123
119
119
149
71
149
185
74
129
140
122
122
123
107
137
168
110
98
193
30
29
66
107
105
62
3
93
149
108
155
84
225
91
177
218
185
216
135
158
211
173
204
168
186
128
111
300
224
186
237
161
256
250
112
72
108
139
250
284
287
285
293
280
231
318
317
322
140
211
317
345
366
258
330
167
156
142
188
155
215
237
235
185
136
229
178
215
251
239
163
243
157
242
158
313
268
337
312
349
206
275
307
247
304
319
335
280
276
293
244
162
177
206
122
123
70
88
77
88
75
135
135
177
125
164
112
24
273
245
241
323
154
245
218
247
305
129
361
227
366
358
374
181
164
163
157
148
147
126
93
202
173
155
213
293
224
242
98
162
160
364
144
267
222
121
132
165
278
292
79
380
328
319
285
312
295
222
307
222
225
275
181
194
122
354
369
354
344
314
211
117
73
77
76
78
52
67
69
65
80
103
65
133
93
77
59
200
54
114
89
165
133
128
86
251
318
152
81
116
181
137
56
172
204
140
142
281
198
151
191
350
101
239
117
262
231
355
84
331
286
188
104
191
292
276
110
56
344
135
89
164
157
335
328
88
110
222
216
79
77
262
123
98
155
150
74
84
122
276
253
299
270
241
150
37
46
9
102
200
236
147
119
153
382
279
203
254
180
292
294
129
155
167
189
385
156
188
190
78
53
254
165
298
324
329
217
100
143
142
143
8
90
98
205
129
348
309
191
193
193
174
125
140
132
207
173
253
259
189
298
230
308
200
284
229
205
198
201
187
70
205
199
154
392
332
312
203
181
210
260
186
325
176
194
223
221
163
82
140
231
220
171
144
217
136
107
216
353
141
293
46
146
181
360
237
198
317
229
315
151
156
151
182
270
193
122
160
62
316
96
333
86
319
261
184
260
228
204
141
183
196
273
398
287
378
247
298
154
209
191
313
255
152
135
207
206
214
44
319
392
239
183
9
100
244
95
79
109
105
82
110
53
51
8
57
26
70
59
59
84
73
95
184
145
145
206
224
476
526
346
352
253
346
264
73
299
283
297
256
205
229
81
247
167
142
219
208
201
148
131
206
191
183
257
234
243
270
154
248
217
3
64
355
68
167
350
265
273
294
317
243
10
157
88
326
264
287
299
210
217
218
155
314
361
543
263
194
209
255
172
183
182
227
169
250
204
195
78
25
20
38
196
9
56
78
180
135
240
140
254
116
319
140
151
207
403
117
103
244
564
435
360
289
152
265
144
20
87
56
33
292
165
168
206
210
370
341
247
182
182
291
466
32
582
580
353
445
481
410
296
318
258
338
333
350
310
188
268
176
177
269
127
348
230
504
120
344
541
230
219
291
315
292
362
347
153
157
241
150
178
196
191
307
162
354
273
344
148
161
143
193
206
177
251
276
266
280
270
229
153
441
165
245
299
304
129
169
105
249
131
274
165
185
219
85
168
182
72
266
183
122
94
247
194
366
320
386
220
187
307
238
256
209
248
103
96
42
180
370
82
265
140
204
190
216
254
133
140
245
232
299
101
328
352
61
255
298
61
119
148
194
336
221
421
159
215
134
302
473
465
380
236
211
298
107
152
61
204
110
218
228
116
196
182
310
113
42
44
148
125
279
260
477
395
390
365
458
208
218
218
220
139
153
117
294
291
155
197
84
101
286
436
263
486
182
197
287
86
285
245
214
340
253
44
418
259
197
385
122
285
92
65
314
358
311
134
87
132
23
295
315
222
197
539
-1
202
239
228
419
165
287
182
295
173
200
113
388
133
244
95
149
104
327
415
189
170
317
257
328
168
339
214
244
268
256
319
177
187
175
272
266
159
301
272
236
263
418
127
154
317
247
354
308
202
450
152
277
385
258
135
279
232
238
293
201
238
238
204
212
251
49
152
145
165
280
144
124
357
141
144
269
85
9
61
227
227
256
91
79
92
243
215
244
340
188
389
216
167
10
207
200
179
273
211
138
76
232
313
268
130
370
102
73
248
316
318
113
408
29
435
186
313
277
276
153
337
293
162
148
321
165
198
210
330
351
263
246
178
385
199
289
268
323
304
286
308
173
97
243
359
433
197
186
180
235
152
138
14
251
169
190
149
283
200
138
185
223
147
63
357
214
369
381
209
12
42
191
269
305
189
264
204
293
294
213
210
294
348
269
237
376
92
144
195
149
147
167
219
222
19
234
157
247
144
167
125
42
320
181
273
289
298
210
376
428
252
185
325
363
114
65
231
119
92
89
301
150
152
111
114
253
275
134
373
173
307
228
220
150
112
130
113
325
156
130
144
144
223
43
223
185
265
219
156
198
317
36
292
380
237
180
127
220
98
146
194
157
226
114
316
213
61
187
301
154
232
214
209
243
177
177
359
343
358
79
254
7
124
284
166
230
264
148
144
148
284
278
207
248
265
103
197
244
176
292
146
139
252
159
151
113
161
95
138
146
58
67
106
109
85
171
117
185
168
132
402
22
133
195
233
189
109
153
173
171
124
145
143
228
280
242
56
128
162
0
67
1
116
220
218
132
196
117
173
203
94
91
65
240
71
15
159
231
59
156
62
249
194
166
75
238
436
97
77
102
110
140
220
40
151
118
60
133
174
35
186
123
93
84
210
114
137
184
135
116
84
188
1
220
103
115
102
112
125
177
276
109
84
66
159
166
142
131
66
131
170
146
136
224
84
198
152
147
20
159
203
188
112
144
20
124
127
123
127
109
153
177
208
189
120
119
63
72
34
169
74
79
74
184
140
189
158
117
123
122
152
116
151
48
97
102
148
147
148
156
128
174
165
126
108
146
55
182
109
132
124
111
67
140
107
102
109
47
139
107
96
124
129
75
95
125
116
85
48
61
86
106
98
78
86
58
67
38
90
168
209
