131
101
110
110
111
157
136
125
151
136
89
121
93
93
95
83
88
127
120
99
56
102
92
90
53
79
59
55
81
73
87
116
93
140
75
84
75
69
42
53
47
39
61
68
58
53
31
28
40
40
20
23
39
55
40
45
49
85
41
101
127
20
16
155
179
25
110
176
189
207
168
224
176
174
182
147
150
186
108
195
211
108
134
167
152
172
154
137
203
204
122
93
260
28
21
69
109
90
39
4
93
119
87
146
80
213
80
155
239
177
213
120
162
195
163
190
174
202
113
106
291
224
197
244
179
253
225
105
81
106
124
247
280
242
238
229
279
157
293
288
272
84
214
305
272
327
188
243
157
143
127
154
146
162
195
202
179
142
215
142
171
229
236
152
258
146
188
168
238
247
280
274
263
209
255
306
219
260
252
261
201
270
263
183
152
166
188
116
102
79
91
70
65
88
113
119
163
102
176
118
29
268
211
238
252
189
206
217
224
220
125
288
186
295
278
266
183
172
177
217
162
151
143
83
204
147
152
206
269
142
229
109
156
138
255
207
210
173
117
133
171
262
284
55
314
260
255
229
271
259
177
268
196
204
255
216
136
111
288
279
277
261
267
181
102
80
76
78
74
52
70
65
55
83
111
61
122
86
79
57
208
39
120
77
165
106
110
75
256
276
152
111
92
136
150
72
187
200
149
165
281
139
154
175
292
40
238
103
297
242
269
115
274
285
277
142
194
246
225
98
63
248
114
83
153
155
365
312
91
161
195
253
104
66
251
193
147
192
186
79
74
117
251
222
249
298
233
190
59
78
19
131
261
318
218
102
140
312
248
195
243
107
288
284
114
127
231
261
308
138
253
258
87
49
223
147
241
246
322
168
59
128
114
112
11
122
125
241
153
287
280
117
116
115
121
204
144
137
165
208
199
211
181
282
197
222
194
256
184
154
146
166
240
73
157
229
186
312
268
280
183
170
177
255
148
249
136
132
226
227
157
116
127
215
284
178
176
203
126
70
238
257
160
268
49
159
141
263
237
229
262
165
242
182
183
132
171
253
151
120
162
39
237
82
244
39
305
251
253
244
227
268
127
255
187
257
285
346
309
297
247
226
251
161
376
342
226
163
280
159
167
54
222
345
225
247
20
150
277
76
56
77
75
63
79
56
51
2
53
24
81
63
61
59
71
102
216
114
117
259
141
258
300
388
374
286
379
316
103
290
361
360
317
282
194
76
184
135
96
272
266
264
183
173
260
225
217
305
279
271
278
156
253
311
13
89
365
68
119
304
356
338
370
365
295
14
120
66
346
322
318
324
273
260
262
229
188
255
224
180
102
246
367
237
204
204
166
122
267
259
152
56
12
8
39
230
22
35
74
213
93
251
113
-1
114
342
107
125
241
172
153
113
327
222
226
175
197
163
214
130
47
68
48
26
382
116
192
234
139
168
195
156
115
115
93
233
31
264
261
202
200
217
152
83
119
116
166
195
181
102
112
267
128
130
276
99
165
265
188
182
359
263
160
190
152
170
173
177
178
119
146
162
126
196
238
155
247
173
166
295
269
116
134
114
151
191
170
312
294
312
367
348
203
119
266
256
121
163
151
88
172
79
307
116
340
105
159
205
90
225
254
96
309
256
146
77
194
135
303
250
302
263
247
325
141
137
145
152
150
147
37
126
210
56
237
105
178
162
164
199
119
156
241
233
296
134
306
329
65
229
151
68
100
75
173
140
94
296
229
257
114
303
338
335
288
126
294
234
79
176
65
254
127
287
97
91
136
143
371
83
45
38
109
130
328
325
283
290
301
245
180
249
121
299
264
218
217
75
310
316
85
153
96
111
321
201
231
207
241
264
274
119
223
291
232
330
332
28
310
321
211
149
101
138
76
21
195
277
291
162
112
95
37
206
372
334
107
252
254
127
132
138
157
147
144
197
277
220
265
108
226
131
305
69
131
88
162
200
220
141
241
302
312
196
337
259
100
92
156
362
141
140
129
129
116
168
156
166
169
274
262
166
114
266
181
234
272
163
245
90
130
198
112
193
269
253
249
278
148
188
185
127
139
272
48
144
159
230
132
94
96
203
121
121
255
74
15
35
133
191
334
140
127
139
339
250
294
229
189
169
283
236
5
270
248
236
165
174
119
82
274
140
146
103
300
149
62
179
167
304
83
171
29
191
154
214
227
290
170
263
246
116
177
282
75
118
103
184
246
312
311
209
164
156
242
231
297
188
198
205
153
105
110
136
142
241
225
220
210
184
168
28
282
117
124
190
302
218
112
134
155
99
48
253
159
243
322
152
16
56
163
212
213
205
229
250
192
202
179
194
295
143
215
124
281
60
59
164
142
136
63
115
231
10
180
142
325
209
108
168
41
161
117
125
238
197
164
210
190
146
216
164
232
58
99
186
110
146
73
233
106
196
125
103
282
104
189
153
148
123
114
184
145
132
129
103
242
177
84
132
124
176
49
259
135
138
223
143
114
210
51
251
129
99
200
122
244
80
191
221
94
255
85
199
249
22
120
245
65
226
218
220
207
73
212
143
200
174
50
198
10
84
203
94
257
238
105
144
160
169
168
112
134
203
99
242
226
207
143
208
156
226
125
100
105
138
82
88
110
36
107
147
137
103
149
110
98
88
92
172
31
122
113
197
190
101
134
117
196
79
89
58
76
211
177
38
105
81
4
93
4
104
198
124
169
110
73
135
73
66
50
62
105
81
6
108
254
25
189
35
274
133
171
40
177
173
64
62
83
118
115
215
65
141
71
78
124
143
31
135
137
121
92
185
93
156
196
50
51
66
90
1
170
165
134
113
90
129
126
157
106
51
56
173
105
145
169
50
130
163
128
62
187
98
200
116
181
30
97
170
149
108
113
47
157
134
144
152
112
109
147
124
121
146
121
61
75
28
187
69
78
41
176
106
193
150
152
112
87
115
68
124
42
95
84
151
187
172
175
104
155
111
95
93
160
48
118
88
140
151
112
91
132
109
119
100
56
131
112
95
115
120
65
84
109
128
43
36
74
97
94
92
50
101
56
65
28
110
152
181
