92
91
76
72
83
97
95
93
101
94
66
84
69
59
70
50
73
104
71
67
59
109
61
72
65
72
48
47
68
72
78
64
43
60
64
67
57
49
37
52
47
47
67
63
53
56
34
19
47
54
21
17
42
53
70
35
49
74
53
64
74
60
50
86
107
46
70
80
75
74
53
91
61
81
79
71
66
66
56
83
65
42
44
32
79
77
74
88
93
64
65
87
80
70
40
64
88
147
94
15
101
84
65
97
56
126
51
119
112
120
137
99
97
108
102
115
91
103
105
92
119
125
94
141
93
156
138
72
34
79
78
146
124
145
148
154
145
165
166
183
164
132
104
172
186
198
142
160
93
127
123
124
100
136
152
149
88
98
136
90
144
132
155
118
164
78
146
89
154
133
195
157
182
121
157
123
144
158
197
202
151
171
180
173
89
98
97
53
85
43
55
48
46
30
58
73
65
60
112
66
14
131
139
138
180
67
162
128
199
162
121
179
111
174
167
179
97
127
99
103
158
158
127
115
101
94
97
85
130
172
150
112
88
81
158
116
175
170
71
80
91
113
167
71
200
156
153
179
180
174
110
153
123
116
90
126
136
85
226
232
236
228
198
103
87
52
53
60
60
38
44
46
48
61
60
44
92
65
54
53
102
46
84
49
92
86
72
54
103
188
107
53
125
111
67
69
94
97
155
73
118
135
99
136
212
171
147
66
154
154
193
50
199
107
82
37
59
197
155
73
38
168
88
62
122
108
133
137
94
95
112
68
10
41
120
111
59
78
78
67
95
100
203
173
163
89
94
106
23
17
7
98
91
85
91
93
98
208
146
129
155
174
134
112
117
90
107
110
198
96
106
103
47
32
135
127
165
204
117
150
60
190
201
180
25
89
53
107
91
188
200
161
160
159
127
118
143
53
295
101
134
167
112
150
141
187
88
182
128
120
114
90
95
71
210
110
97
111
222
194
137
196
232
146
218
221
76
74
131
128
131
72
48
113
110
92
101
114
120
95
102
205
32
159
48
110
241
221
114
113
193
152
188
96
95
160
162
157
151
156
91
53
165
143
180
63
140
142
100
109
133
102
79
109
148
164
189
138
126
126
193
114
126
195
157
128
85
38
132
180
230
54
196
176
151
81
16
77
112
91
123
139
136
116
129
55
53
29
72
55
80
48
62
96
93
112
92
181
180
101
124
136
125
155
168
128
144
141
60
169
120
146
112
126
192
39
193
200
159
103
98
103
75
77
112
83
80
155
158
101
144
177
120
117
4
36
164
77
199
137
84
122
159
148
127
32
99
33
163
130
134
106
101
100
103
103
118
73
141
100
66
107
154
96
92
95
244
197
127
118
190
102
32
21
41
96
14
63
107
92
128
122
147
106
159
155
184
197
120
140
113
95
128
160
119
107
218
92
179
158
5
99
65
46
140
199
79
116
97
179
98
146
91
83
110
151
29
127
131
150
101
115
110
91
125
97
82
127
120
127
103
143
204
226
143
172
130
79
113
67
154
107
108
134
179
213
203
232
223
174
110
213
163
79
91
104
144
94
97
149
160
203
201
186
197
83
198
113
132
121
130
135
165
193
121
133
137
66
68
72
101
72
142
172
122
193
226
103
89
96
106
56
119
102
81
79
254
105
149
149
133
98
100
143
188
190
109
190
84
76
37
207
166
113
121
197
184
181
185
173
156
87
91
78
121
87
146
146
73
137
157
35
66
148
127
81
70
158
105
139
166
126
124
129
133
171
158
155
94
102
46
61
77
148
61
83
241
227
140
66
24
30
177
98
149
119
140
148
135
122
106
110
159
142
132
102
90
170
141
112
107
89
93
104
128
121
157
131
113
105
137
90
137
125
95
136
135
106
126
128
139
115
103
75
163
99
115
140
149
54
75
117
35
111
138
138
165
147
150
237
166
158
97
83
115
90
143
88
91
101
125
59
135
166
67
81
93
129
118
133
156
132
141
95
139
114
146
163
187
151
278
298
199
123
123
94
166
232
246
121
119
71
196
136
183
124
186
165
136
185
173
131
66
71
122
121
133
133
215
218
219
117
191
125
46
100
94
132
142
234
176
150
168
193
121
57
20
86
161
146
139
61
61
66
87
105
115
161
86
100
56
132
8
137
121
138
105
123
216
101
125
132
105
202
161
39
102
149
105
131
163
110
43
114
102
146
106
132
96
129
137
183
105
147
107
149
151
86
135
119
126
101
108
208
126
153
128
113
104
108
81
64
107
102
103
94
90
87
204
87
87
8
119
200
139
91
138
117
152
291
88
211
115
122
135
145
150
128
23
60
96
146
132
89
143
104
94
114
119
106
148
109
116
113
139
123
85
133
118
116
145
191
154
28
185
109
132
60
142
84
46
79
118
113
125
128
130
108
106
101
90
113
131
131
74
157
66
34
116
141
-1
83
47
93
120
89
109
116
100
131
153
86
61
73
102
234
128
100
158
97
146
225
50
116
126
88
117
97
181
107
16
107
79
96
93
81
128
83
78
95
94
109
248
100
86
84
154
119
122
104
107
99
122
96
84
85
135
105
106
109
10
146
177
111
104
122
134
107
77
111
124
172
93
156
148
108
94
92
131
77
73
122
146
129
69
91
143
151
128
104
39
65
70
75
86
104
144
155
200
124
17
79
98
118
106
62
152
185
133
174
124
113
92
137
86
40
124
66
11
35
7
89
93
103
35
100
110
118
72
74
67
99
102
78
17
218
113
78
85
43
115
73
89
111
101
130
173
142
102
95
61
105
35
88
97
46
67
79
59
81
77
69
86
86
115
82
105
53
101
53
74
2
98
35
84
93
51
60
147
114
80
79
61
71
115
60
53
34
90
91
136
90
84
44
93
90
66
15
87
90
87
59
77
6
88
96
91
91
66
74
75
79
78
87
83
47
54
38
98
91
44
58
80
90
88
77
68
74
78
60
131
79
52
75
74
83
69
74
80
67
86
92
65
57
72
55
61
57
65
75
63
37
62
50
60
69
21
76
41
33
78
84
56
58
85
60
48
42
49
59
71
61
71
53
23
45
22
24
80
74
