166
144
135
136
131
166
163
160
169
177
112
150
129
115
123
101
136
129
133
108
81
146
138
101
70
115
62
66
87
89
96
89
78
118
74
83
68
40
49
64
58
63
60
68
70
65
46
20
51
61
24
22
29
56
60
38
49
59
41
122
118
66
49
132
150
31
111
120
125
109
103
104
101
109
92
84
65
110
89
96
134
55
65
45
81
90
110
104
142
61
82
96
73
47
39
56
108
133
61
13
112
342
307
372
298
244
302
250
229
243
267
222
290
240
224
230
271
262
286
254
217
221
249
243
226
238
210
232
214
577
276
216
202
227
216
200
202
227
162
186
180
195
246
191
170
170
87
134
244
189
190
145
194
189
201
226
273
214
241
195
222
221
202
162
176
314
141
159
181
181
172
157
170
196
197
224
161
171
170
176
204
214
186
194
361
336
343
312
270
313
-1
708
381
394
346
193
136
180
168
397
159
234
181
159
137
145
124
229
172
182
201
165
202
170
167
165
184
168
162
159
110
166
144
81
224
214
173
247
162
177
156
142
211
226
154
139
130
167
195
269
267
196
179
120
164
138
158
134
156
148
133
160
188
209
136
221
151
126
153
138
157
148
158
132
168
695
468
451
467
479
462
545
340
475
402
463
375
392
421
388
275
301
449
393
270
317
159
367
186
143
122
85
272
226
250
64
190
126
166
156
166
148
218
157
147
69
166
181
160
159
167
60
154
197
60
31
88
133
149
270
158
152
108
250
190
145
170
153
95
73
187
183
81
226
158
98
80
137
148
180
177
174
161
169
136
127
148
132
22
13
14
81
96
99
146
187
193
162
153
112
189
150
168
142
236
102
125
138
159
174
109
143
185
366
186
152
122
149
127
129
140
110
104
117
32
94
98
108
101
155
146
160
161
160
172
92
110
144
97
133
156
118
117
148
129
150
178
122
166
136
133
134
108
76
105
90
101
126
154
134
109
107
90
163
91
135
112
125
159
158
124
119
282
172
120
128
130
99
91
82
154
146
33
126
45
139
120
153
152
129
134
112
139
158
166
147
108
164
105
109
131
117
155
55
150
175
139
131
88
129
127
115
119
73
168
125
127
114
118
105
140
103
114
107
107
105
68
35
116
99
115
46
113
142
128
67
136
78
96
37
36
50
56
44
59
53
46
4
43
34
81
56
39
50
42
71
68
69
63
74
129
136
117
119
122
123
138
113
70
99
116
116
105
85
112
232
114
86
72
78
69
74
53
45
75
66
68
109
94
102
98
99
94
84
100
79
124
76
71
113
85
113
97
108
98
15
199
164
126
129
113
103
67
60
59
65
126
88
93
91
85
76
102
64
67
66
97
72
104
80
134
31
9
4
35
71
8
201
114
63
75
189
80
91
77
106
73
82
98
128
113
105
97
102
83
94
124
122
132
92
8
82
64
46
123
66
54
70
106
95
107
81
84
73
102
89
53
87
82
60
90
71
55
80
102
58
91
55
60
90
130
107
69
66
109
61
96
117
89
57
124
88
126
137
101
102
120
93
81
63
108
108
57
48
60
168
131
59
72
90
119
64
58
59
73
71
69
100
95
84
102
96
94
71
97
95
70
85
86
80
87
92
84
71
132
52
80
125
61
60
67
94
91
79
126
129
98
39
114
95
110
88
75
118
77
103
131
92
77
95
233
71
59
32
98
55
91
89
97
109
73
137
101
96
97
93
97
129
66
98
58
91
206
110
128
61
50
118
129
122
64
98
124
120
113
95
85
136
113
137
81
49
70
74
61
106
75
83
111
54
80
84
55
76
97
93
111
99
103
100
67
91
66
85
84
73
53
66
105
89
81
55
139
157
127
72
126
95
73
91
109
63
115
97
85
115
90
29
106
85
75
49
75
33
62
49
85
99
90
36
138
76
35
66
100
89
73
78
88
90
97
81
39
61
45
141
96
64
82
175
90
140
112
42
89
191
92
65
65
117
118
85
119
56
113
71
94
81
79
119
70
72
87
57
68
95
65
94
83
85
101
40
72
93
80
87
100
132
78
60
67
47
26
96
97
77
82
89
96
92
91
34
71
66
27
127
70
70
58
75
58
76
69
68
92
92
30
25
85
103
85
83
77
87
72
95
99
122
66
46
45
64
4
75
66
63
86
79
72
85
71
83
103
62
112
32
33
108
83
96
57
63
21
44
85
91
77
81
131
82
91
75
49
91
97
69
57
56
97
89
85
72
49
63
101
86
94
74
71
70
69
125
46
28
74
63
66
50
102
44
49
4
77
56
74
67
85
71
53
72
68
52
41
95
94
84
89
91
16
44
111
97
72
72
82
78
69
77
59
63
85
115
61
63
89
36
60
84
90
95
59
90
86
4
93
115
91
30
50
99
56
75
103
36
70
60
81
59
59
48
67
80
65
99
63
67
126
28
54
70
55
47
46
121
75
95
87
48
114
52
63
62
161
58
69
55
67
58
61
67
52
70
46
61
87
60
89
107
80
76
10
73
37
38
63
82
56
73
49
68
66
63
42
82
74
33
64
99
39
74
67
70
147
75
48
55
60
40
33
62
15
64
106
121
63
81
45
51
44
69
69
77
52
111
75
60
69
61
62
42
53
79
86
75
55
51
49
61
48
33
18
36
34
89
61
76
53
89
47
58
20
98
79
64
99
60
50
74
82
60
57
53
70
92
72
80
114
46
19
15
1
60
56
90
33
57
41
83
21
33
36
39
29
49
14
51
77
25
55
41
70
37
50
48
57
58
34
31
61
49
54
67
47
56
62
29
32
55
22
76
67
51
80
61
57
50
106
10
42
36
27
0
64
19
39
38
56
56
58
42
40
50
27
53
73
43
45
184
85
50
89
45
61
61
63
39
62
25
49
67
58
55
105
16
85
85
82
87
88
57
50
40
37
75
54
50
36
25
80
70
57
36
51
62
53
44
59
126
20
68
62
86
28
59
75
44
51
46
48
66
59
49
41
60
41
21
42
48
38
49
37
40
47
33
38
27
10
102
33
24
53
28
17
44
36
36
15
26
31
38
31
34
14
30
20
24
12
62
51
71
