73
64
51
48
60
75
74
61
75
71
43
61
41
48
36
35
40
66
55
57
39
73
51
48
32
39
21
38
41
40
40
44
37
58
45
47
37
28
22
26
20
18
36
41
27
33
20
12
32
34
10
10
17
33
34
25
22
42
27
43
72
28
29
88
92
9
59
103
123
135
83
141
106
113
123
107
117
116
80
131
84
43
87
65
128
127
65
76
115
157
59
58
149
38
21
49
59
72
37
3
47
58
47
68
35
126
34
79
97
99
110
65
72
128
81
105
97
113
53
52
144
136
103
139
82
132
136
57
36
41
58
133
143
144
158
156
167
95
171
161
140
69
109
179
165
179
95
134
76
72
67
77
63
83
111
102
76
70
122
76
86
145
128
69
121
78
98
85
149
148
156
149
173
101
130
157
122
152
147
159
106
134
158
95
98
78
101
42
42
30
51
34
36
33
58
55
61
57
87
61
12
106
107
133
143
90
102
118
120
119
56
174
114
188
172
172
76
99
105
106
79
95
88
46
114
78
74
101
174
92
118
61
79
57
158
114
112
80
55
64
86
151
171
35
173
162
162
117
163
155
101
171
85
98
133
94
73
59
164
172
156
153
172
85
47
37
38
39
40
23
30
27
31
39
54
28
79
42
38
29
104
31
72
33
88
65
56
26
117
152
85
91
64
73
47
31
94
116
89
79
145
73
74
96
174
45
114
56
168
130
143
94
164
134
183
110
95
155
117
46
25
166
53
50
68
72
173
141
60
72
113
104
33
31
121
113
110
109
99
45
48
60
134
121
128
127
122
83
36
51
4
127
192
173
126
68
75
185
145
125
136
78
139
147
72
69
161
170
183
64
126
110
35
24
97
82
144
152
173
87
37
94
72
83
1
116
85
158
102
174
147
88
88
89
73
124
96
71
104
106
105
115
93
149
113
133
82
131
89
87
85
90
119
37
113
187
154
166
157
152
80
109
104
148
117
136
71
74
109
109
80
60
54
109
146
87
75
115
66
34
115
162
77
147
28
85
84
164
117
142
161
109
158
94
94
90
125
130
94
53
75
24
161
66
137
24
161
114
125
135
125
139
87
177
103
143
157
234
150
203
144
139
129
122
282
309
149
70
146
100
110
32
135
204
127
222
5
102
164
40
40
58
55
52
58
28
27
3
37
9
46
29
36
45
47
72
221
78
81
218
84
126
138
222
229
140
187
147
59
133
190
192
183
189
122
31
95
95
65
263
280
261
195
140
262
188
232
150
128
152
165
92
136
217
2
46
189
57
69
159
204
248
220
237
273
2
56
36
179
154
156
149
271
289
292
253
77
115
111
108
54
233
250
253
231
235
109
76
224
187
80
42
7
5
18
199
33
32
53
264
63
143
65
187
69
192
75
99
189
77
93
66
210
112
108
69
119
60
142
95
33
37
31
26
223
85
223
232
74
105
108
103
56
54
56
131
17
170
165
125
115
116
71
42
60
79
95
114
135
48
59
138
86
86
163
59
119
119
96
82
200
162
76
97
94
111
119
141
135
81
117
106
67
199
240
80
164
113
91
192
146
79
90
70
106
98
97
206
203
217
261
252
114
80
166
126
76
75
83
38
80
32
300
76
172
76
112
115
101
226
232
36
239
203
71
47
114
74
197
166
183
249
265
181
95
97
86
95
139
115
18
103
124
38
149
65
104
97
105
134
82
75
126
126
241
79
176
173
47
129
98
37
51
55
106
67
58
182
129
128
90
174
187
186
152
99
169
148
42
103
29
127
125
148
54
55
98
99
205
40
24
26
83
67
215
207
180
182
178
157
126
213
79
224
247
167
116
53
183
144
56
82
48
56
161
117
122
123
210
240
180
104
132
229
239
185
243
26
203
148
114
90
64
81
37
30
138
196
198
169
86
48
10
150
223
204
63
145
147
84
103
84
97
66
91
129
146
183
217
65
167
51
122
43
71
65
113
117
149
70
172
148
172
191
186
304
81
79
111
199
106
101
92
95
110
98
118
121
126
257
168
184
74
177
134
157
161
91
182
79
100
129
86
102
159
230
125
157
98
140
140
107
109
251
25
102
167
125
95
56
63
125
74
75
148
38
5
29
100
116
233
80
82
85
151
179
202
178
229
108
118
150
1
181
174
175
103
104
73
51
246
56
57
52
189
110
46
104
94
192
61
132
24
122
102
132
182
187
84
131
174
92
176
196
51
107
67
99
152
243
256
174
119
98
145
141
175
153
171
175
159
39
68
92
83
252
252
291
121
183
188
30
236
70
83
164
196
122
102
103
100
60
38
169
102
181
190
104
6
37
88
155
198
211
139
195
103
148
107
117
184
83
190
98
208
52
48
134
75
64
46
78
123
5
115
76
182
170
71
110
28
140
88
83
180
168
100
157
161
114
269
103
142
44
52
120
60
101
56
163
69
217
55
72
216
67
99
93
75
81
91
123
69
124
54
61
198
123
69
57
96
126
29
224
95
127
122
73
82
165
33
118
92
100
218
92
178
57
173
286
50
254
63
167
198
21
113
144
61
261
251
264
138
51
250
96
115
111
46
183
4
83
145
46
191
220
95
192
187
121
166
71
100
138
75
194
165
276
69
187
161
127
80
66
66
135
66
87
92
34
104
125
118
67
99
57
96
63
71
131
24
78
79
146
93
45
110
101
132
66
73
44
62
132
109
26
63
35
10
90
2
60
193
70
142
89
75
107
72
54
33
53
82
42
3
96
233
32
200
15
233
84
206
34
187
130
46
44
92
138
65
194
24
96
54
55
117
85
30
64
154
123
71
144
61
206
111
33
57
38
63
0
173
103
176
73
52
109
82
131
137
41
49
158
60
229
111
27
88
140
91
70
154
76
160
86
124
19
74
141
101
110
88
14
106
96
101
106
81
86
114
120
118
108
82
38
43
24
121
66
45
53
152
98
176
208
141
85
77
88
88
85
36
100
59
328
-1
304
218
100
120
95
88
71
323
47
129
69
181
241
246
58
127
190
247
103
58
81
87
87
99
108
76
81
111
151
69
61
94
172
101
113
62
118
73
132
57
32
90
73
