191
161
150
153
159
202
200
183
217
220
117
168
132
123
121
113
135
158
166
122
94
172
163
125
80
124
76
85
113
108
111
138
104
165
113
139
113
78
57
76
60
68
94
105
90
84
51
27
69
72
31
29
42
76
75
59
59
94
57
111
127
54
54
168
263
49
115
141
196
226
144
195
150
130
149
117
130
189
108
214
213
100
118
154
124
125
138
132
187
160
102
122
193
66
40
101
132
166
78
11
129
277
262
362
215
372
245
308
372
345
382
249
344
423
342
333
389
418
307
266
415
423
421
445
354
424
386
231
272
381
355
400
367
401
361
359
426
288
357
379
375
190
436
386
366
367
176
264
305
252
254
197
233
262
292
313
328
273
351
274
276
356
374
226
325
429
241
280
355
339
324
257
321
307
392
418
331
333
297
372
308
348
346
290
449
548
-1
330
239
226
343
282
299
291
390
255
191
189
416
394
177
399
357
325
309
313
220
360
284
270
247
320
281
305
307
309
253
182
177
236
209
231
249
110
405
270
264
397
361
261
266
174
321
256
319
183
244
227
198
275
409
344
370
137
339
261
269
206
326
308
238
275
246
284
275
360
203
167
315
315
308
301
312
247
153
299
290
263
303
247
264
275
227
291
326
250
334
272
309
266
409
237
327
290
353
317
154
279
322
280
188
86
259
330
242
80
300
248
223
208
318
216
336
189
289
91
269
200
325
265
282
87
278
367
151
88
199
248
284
300
174
276
115
253
245
216
303
309
123
108
293
338
158
202
287
154
122
195
248
148
175
225
291
297
279
226
344
158
47
51
14
120
184
199
208
237
208
336
275
255
323
222
351
302
277
164
199
240
336
218
236
224
173
220
312
239
281
296
274
191
151
198
158
172
34
126
140
203
129
336
251
221
225
225
216
171
184
271
178
179
231
206
199
283
217
230
290
226
216
202
187
224
195
107
178
173
173
290
316
277
161
189
169
330
161
242
152
151
243
241
167
199
368
333
263
173
160
210
160
110
264
269
153
256
64
216
173
303
268
227
249
195
274
202
197
195
216
293
189
150
163
119
296
81
290
146
279
293
175
245
246
229
167
149
262
278
271
237
260
211
252
194
208
192
234
207
124
166
204
192
196
63
237
278
270
155
81
112
179
83
57
79
92
72
97
59
47
14
58
38
98
72
64
74
81
135
136
114
109
179
178
298
259
237
231
253
255
226
88
219
269
258
229
155
215
217
204
144
100
163
148
160
103
114
139
138
141
246
223
189
242
156
182
175
50
84
272
101
125
218
214
221
236
234
207
22
250
164
255
274
254
260
151
160
155
125
224
212
168
215
132
123
214
156
135
122
174
111
197
179
175
54
9
4
33
165
20
167
125
139
111
393
137
188
140
226
123
158
164
208
157
160
205
231
204
196
209
183
258
164
17
109
64
53
230
130
123
136
180
178
216
186
179
160
129
175
49
219
222
191
166
143
133
124
158
168
190
175
160
116
152
226
139
119
216
100
210
234
195
102
240
220
172
194
146
157
249
160
184
132
218
163
128
111
135
281
271
129
177
198
213
137
134
102
151
183
148
189
204
198
208
206
221
141
221
158
136
191
198
93
167
124
179
135
251
105
157
235
91
137
148
120
200
171
176
147
212
113
240
200
246
188
148
250
119
172
208
161
124
128
185
130
148
60
186
93
179
164
196
217
124
201
195
188
216
166
200
242
98
178
133
77
231
148
198
150
121
218
207
154
133
249
279
262
219
135
195
305
122
170
86
126
129
159
109
162
165
148
257
90
112
89
118
154
217
222
241
211
226
200
160
146
120
168
191
119
146
73
207
222
122
143
162
195
261
198
249
175
157
142
190
100
241
180
161
225
194
45
235
214
123
103
164
119
74
51
124
207
186
90
152
108
31
154
222
175
106
214
206
144
151
175
108
131
124
214
219
155
144
191
196
166
254
55
116
226
202
149
129
145
262
183
236
130
254
156
128
118
167
243
127
144
144
122
127
207
152
210
173
164
219
97
124
192
192
183
229
208
204
108
129
140
101
167
187
173
206
200
157
179
177
116
134
160
47
208
134
167
116
111
106
161
122
117
218
145
33
38
117
189
178
112
100
119
172
182
200
238
132
100
183
152
2
168
154
148
166
177
128
120
147
148
129
112
233
98
52
194
164
216
96
152
22
123
143
189
169
211
232
183
210
120
109
201
136
136
88
105
200
209
204
136
165
146
198
159
202
151
166
171
120
118
77
91
144
165
154
155
203
114
123
8
187
118
129
127
189
115
108
138
140
84
47
212
126
199
213
151
15
71
195
227
162
153
183
171
172
155
129
172
162
178
140
128
230
69
71
176
125
105
93
141
147
10
198
181
189
107
94
139
65
154
117
104
155
137
158
163
153
128
143
199
193
112
100
125
136
70
91
182
97
107
99
167
164
142
152
119
182
85
137
155
311
84
91
105
169
123
106
123
128
163
61
162
158
136
184
168
140
164
38
211
112
108
131
165
158
93
135
138
84
156
76
174
154
41
130
222
59
154
142
145
234
125
136
106
143
85
55
131
23
79
190
149
155
187
120
103
105
138
150
117
95
236
126
158
154
133
131
125
108
157
129
98
124
106
85
107
123
46
47
92
91
117
108
131
87
118
89
134
23
173
117
155
184
99
132
143
129
98
128
67
90
206
186
86
164
59
18
36
5
107
141
147
87
105
77
153
33
65
60
71
86
77
8
114
166
44
111
49
176
100
108
68
128
140
70
64
99
92
99
138
68
134
79
52
79
128
39
146
121
84
137
137
105
88
178
36
60
72
66
0
136
91
76
68
130
114
110
119
79
61
65
107
129
104
144
185
165
115
159
66
139
70
154
100
148
27
96
161
159
102
164
44
113
102
125
123
151
133
156
103
94
114
78
68
76
29
160
92
83
48
132
130
131
103
133
218
67
135
114
130
43
116
106
103
101
110
105
116
133
132
117
100
97
37
109
70
82
89
75
90
94
76
92
67
36
174
67
62
103
76
50
72
89
83
69
34
56
56
62
64
39
69
55
49
33
176
116
152
