143
109
108
101
122
156
152
131
159
141
82
117
76
94
79
80
88
141
119
101
89
144
104
88
53
70
47
62
83
75
81
93
65
109
73
85
70
52
37
54
46
40
70
70
57
55
34
22
49
53
21
19
34
53
66
44
46
77
47
99
153
54
41
178
180
24
125
201
223
214
167
249
181
236
208
191
183
209
134
219
193
121
129
122
199
205
165
163
269
214
132
111
240
61
34
77
122
134
78
8
96
118
89
140
72
205
72
163
188
179
205
127
164
185
176
172
166
193
124
99
228
216
167
235
165
248
217
117
77
97
109
241
254
238
242
244
261
214
286
280
265
151
187
299
272
318
194
238
154
150
138
163
139
187
200
203
175
141
217
162
196
225
234
170
264
149
180
157
242
232
296
271
265
195
262
260
230
246
268
272
216
242
249
243
150
143
175
93
104
65
89
66
73
70
104
126
150
108
184
110
14
236
223
236
267
151
248
208
232
239
140
280
192
295
282
294
199
250
216
240
165
166
145
91
208
161
146
180
226
200
202
116
131
138
258
246
206
188
113
104
174
247
253
90
325
261
260
224
262
243
152
266
219
205
220
196
146
114
294
318
301
300
290
140
116
73
76
77
71
39
57
59
57
88
92
60
136
82
78
65
206
55
114
74
164
114
121
73
198
287
155
144
126
168
112
70
158
214
142
144
247
190
151
219
320
90
205
105
271
237
275
129
289
224
280
138
157
246
246
103
56
254
125
87
187
184
300
276
99
189
187
188
73
67
195
269
167
198
196
86
90
124
299
253
314
261
194
181
49
70
23
197
258
286
232
120
176
313
246
180
226
163
258
241
140
113
281
320
300
120
254
270
76
38
189
165
245
229
260
208
75
153
151
158
5
169
128
302
204
292
329
176
178
177
176
274
157
115
189
234
252
238
150
318
189
207
153
264
190
173
175
151
252
99
187
294
244
256
298
300
246
176
181
241
167
260
145
156
266
266
203
117
103
218
279
171
198
179
140
100
219
271
110
270
48
162
177
270
245
272
284
192
260
204
198
166
208
269
155
129
175
53
239
103
272
67
291
248
270
227
230
279
139
276
238
238
290
390
265
333
295
280
269
180
465
402
243
117
323
191
193
48
211
352
246
266
14
172
283
82
83
117
105
98
106
56
51
5
77
31
84
54
58
69
78
110
265
137
132
290
195
237
243
428
414
288
371
294
134
276
349
389
309
348
220
73
208
153
120
304
295
276
214
181
324
234
258
339
309
298
333
173
317
413
7
88
356
77
142
312
372
387
510
450
371
11
128
66
354
325
307
289
301
282
280
285
171
185
186
202
114
311
438
251
243
243
178
149
303
320
178
77
15
11
37
278
45
67
95
255
123
220
123
334
133
333
133
157
292
171
183
109
411
249
203
175
233
159
231
163
33
72
51
42
403
145
216
265
136
179
174
159
116
115
127
230
30
242
234
210
167
181
154
93
123
129
163
198
205
112
133
280
146
142
258
121
183
200
191
186
392
241
140
167
176
182
200
201
199
145
162
196
145
229
264
166
241
195
164
300
278
152
156
137
178
178
181
381
339
387
408
387
193
137
268
312
142
115
116
110
156
83
404
137
335
122
172
170
156
266
277
77
364
288
138
81
223
129
325
274
320
327
298
342
142
174
168
180
199
180
48
170
192
73
286
125
215
185
225
262
155
156
240
213
378
177
332
324
73
283
152
72
97
121
187
153
96
284
287
277
142
277
292
296
307
164
381
243
94
211
51
250
180
329
99
99
175
169
367
88
37
33
144
121
384
389
263
306
289
240
172
351
143
389
370
266
251
111
331
282
130
162
105
97
299
186
246
193
315
411
345
138
264
357
290
344
433
51
279
300
270
150
108
98
92
62
209
305
331
178
147
127
26
219
389
-1
151
221
222
169
173
173
146
145
145
230
293
234
297
112
245
114
287
85
148
103
205
197
358
191
239
308
323
229
350
341
139
125
168
377
176
172
168
127
134
137
174
204
213
350
241
202
134
296
200
241
256
187
247
125
163
202
93
180
296
332
294
308
183
197
198
159
153
305
55
141
247
298
186
140
128
197
116
123
272
70
14
48
169
185
474
143
156
157
247
281
350
258
247
164
183
278
6
374
332
329
189
161
135
104
339
166
166
156
324
142
75
216
161
336
109
173
34
162
171
241
283
328
154
245
278
131
207
325
110
141
124
158
245
374
417
255
163
170
286
258
305
230
235
232
185
88
117
114
160
282
278
288
217
216
201
28
332
133
142
251
370
256
140
168
177
117
61
255
239
273
335
199
10
55
134
224
268
258
261
274
179
209
201
205
393
178
263
163
327
93
84
167
195
156
117
162
280
12
226
133
357
203
107
182
51
174
184
128
260
233
193
230
196
177
261
173
221
100
125
246
112
105
91
285
138
252
125
105
347
133
236
151
177
120
152
190
110
166
154
123
277
195
111
126
131
187
46
286
154
142
281
133
145
219
52
205
133
126
224
119
336
100
221
289
109
297
108
191
266
44
130
258
98
286
258
277
217
94
213
133
190
155
76
241
8
102
272
117
307
292
138
223
197
185
213
149
143
236
133
321
252
258
156
221
185
264
157
110
115
173
101
132
136
49
108
163
165
116
151
107
136
123
124
185
44
138
113
220
200
97
154
164
335
132
127
104
108
254
180
42
142
96
16
86
4
107
239
128
144
154
101
149
87
78
72
76
123
81
10
155
301
61
260
36
317
121
228
75
217
186
95
92
101
192
120
262
53
135
129
89
143
142
32
137
191
168
102
179
126
221
238
62
97
66
77
1
201
143
173
147
79
153
152
156
160
69
66
173
120
158
173
61
139
223
153
77
207
112
203
129
180
32
128
173
187
157
127
41
208
189
209
208
114
151
171
126
127
207
184
57
65
30
221
112
89
75
181
129
251
191
181
125
100
118
124
154
54
112
103
193
204
228
188
113
199
158
134
111
202
52
128
133
167
194
157
93
146
161
176
143
64
146
115
105
172
186
93
124
154
172
85
89
123
133
149
120
76
166
59
111
47
81
180
160
