78
69
67
63
61
78
76
66
71
72
56
72
63
52
61
45
65
69
54
60
44
87
57
52
55
66
41
48
58
51
55
61
43
52
50
54
50
38
42
42
43
43
52
47
47
46
33
20
38
41
21
15
37
43
47
27
40
56
52
55
55
38
35
59
88
26
65
62
64
68
49
77
52
63
56
55
52
59
46
66
60
28
50
44
59
57
57
55
71
62
46
54
73
44
30
60
63
102
76
10
82
72
57
78
56
109
45
92
114
104
121
85
82
101
70
100
80
86
76
76
124
103
82
110
74
127
114
63
23
67
61
120
109
129
142
137
118
125
135
142
142
106
94
136
149
160
117
137
79
116
117
153
101
142
114
125
82
62
117
93
124
123
122
93
155
64
146
64
138
126
159
168
157
99
127
117
118
131
160
167
130
163
120
127
77
92
84
44
80
45
52
55
43
32
50
66
65
59
86
75
11
106
118
132
145
55
189
113
152
163
77
148
101
170
174
172
72
100
82
68
145
139
122
73
86
89
66
91
115
120
146
85
70
76
154
82
169
112
66
80
80
115
138
56
165
153
130
176
158
148
128
123
101
97
92
92
111
70
157
179
176
162
156
125
77
56
50
57
60
33
35
53
46
53
53
42
85
61
55
55
79
36
76
45
98
91
59
45
107
173
79
36
85
96
54
47
94
86
117
79
120
108
78
107
172
129
133
66
118
130
177
35
177
99
75
36
63
156
133
55
30
152
62
51
95
69
117
146
72
66
111
79
8
35
117
58
46
56
63
53
70
83
167
145
126
93
94
73
20
13
5
70
84
81
60
87
77
150
132
117
143
120
126
100
93
114
89
96
175
102
72
102
43
29
136
92
142
190
106
115
46
152
146
136
16
62
46
93
66
159
172
114
118
115
92
72
123
43
225
95
109
152
113
127
129
172
79
168
101
90
90
71
75
51
169
103
86
105
173
142
93
179
230
120
191
171
80
75
99
97
102
53
53
106
93
68
81
113
102
84
116
178
40
141
62
82
197
186
102
92
159
148
182
66
67
122
132
111
124
116
70
39
154
115
161
52
124
115
79
115
113
93
78
86
118
138
159
121
126
119
152
86
89
189
131
113
81
45
96
168
172
54
150
167
127
87
10
58
98
106
125
132
128
98
114
56
55
21
65
41
64
41
61
82
81
96
86
169
157
81
106
119
119
128
144
103
131
121
41
122
105
121
110
98
121
35
167
202
164
91
83
96
74
62
95
87
78
117
110
101
114
157
137
119
2
31
151
68
201
136
89
104
134
131
103
19
85
34
130
126
119
105
82
85
83
80
96
83
138
75
48
96
119
84
88
87
217
196
108
102
167
103
24
17
50
81
9
53
78
82
108
113
147
99
117
128
149
160
97
109
74
69
112
139
121
84
168
62
160
125
8
68
49
38
130
188
78
94
66
160
96
119
80
74
83
131
30
119
123
127
85
110
113
66
84
60
93
108
102
95
89
109
156
199
97
136
157
82
102
53
137
116
95
101
147
182
196
192
182
165
98
159
151
86
91
80
119
78
88
114
156
181
164
164
171
67
181
96
114
114
114
113
149
157
129
92
129
84
86
62
79
59
105
130
111
188
192
112
61
77
88
45
124
81
71
67
214
101
143
130
146
91
75
124
163
152
90
150
67
55
25
173
126
92
111
143
118
114
125
142
147
51
89
83
115
57
133
138
47
122
124
37
54
109
120
87
63
112
86
107
135
104
124
117
123
148
106
132
71
80
38
66
61
110
59
77
204
185
123
63
35
35
150
86
121
100
134
122
114
119
105
100
136
101
104
76
71
158
120
110
75
96
69
74
113
129
123
109
81
79
125
58
109
111
99
122
112
91
111
113
101
107
78
75
122
59
97
124
128
57
52
97
31
97
118
117
212
130
147
159
136
121
97
75
117
67
124
90
85
81
118
50
123
115
61
64
82
111
98
116
144
116
128
74
145
94
133
130
195
128
202
206
162
106
115
81
145
175
185
105
114
66
164
134
175
108
154
103
117
149
148
112
69
58
118
89
112
118
181
205
207
82
174
110
40
87
81
84
105
135
145
127
122
146
101
40
16
62
132
114
120
50
49
53
86
100
96
144
80
98
60
80
10
92
87
82
85
107
148
69
109
87
70
136
146
47
80
136
95
122
138
94
38
98
98
102
116
103
75
112
128
185
80
117
93
154
126
91
100
102
109
86
100
163
106
119
121
104
106
100
72
43
77
82
111
81
74
72
156
75
61
8
107
148
124
64
108
99
139
203
96
-1
98
109
91
127
131
84
19
51
91
130
96
80
106
93
103
84
94
95
130
106
97
71
118
110
65
145
87
88
119
137
118
21
132
93
109
62
157
66
40
87
83
106
107
101
87
114
111
106
89
79
108
91
52
111
54
36
77
107
211
87
40
73
101
69
75
107
89
96
151
88
70
52
79
149
114
81
129
57
139
171
35
95
103
71
93
85
155
106
18
110
83
82
80
64
93
58
73
83
78
90
140
98
86
67
144
125
82
91
89
97
107
70
76
72
101
111
111
90
4
145
139
100
89
97
140
72
63
102
100
140
75
142
112
85
96
83
100
62
59
115
107
132
74
62
116
116
129
101
43
57
55
42
68
83
125
131
135
113
16
69
76
104
76
51
149
154
94
141
95
99
67
118
83
43
93
55
12
37
7
82
89
77
47
80
108
125
67
98
60
83
91
59
10
168
106
64
77
41
93
64
83
72
84
121
128
91
74
69
51
92
32
104
72
34
56
76
53
70
51
53
54
88
91
66
86
46
69
53
56
1
83
41
68
55
51
44
140
113
60
51
49
60
102
67
50
33
58
75
85
69
80
37
78
88
56
11
69
85
82
55
60
8
57
66
68
72
45
67
75
74
73
58
67
47
45
28
72
64
37
35
70
79
76
73
49
60
62
58
115
70
45
67
59
68
60
72
66
73
69
68
51
48
55
42
58
45
57
57
58
20
59
60
56
56
24
54
42
42
58
65
43
43
54
45
39
25
39
41
54
56
50
41
29
37
17
25
60
66
