171
133
141
140
149
211
173
167
190
201
121
163
120
121
119
101
134
158
168
116
146
220
153
133
92
122
77
72
107
96
111
131
91
165
102
109
102
87
51
61
61
65
93
91
69
75
44
29
64
58
27
32
48
61
92
52
59
98
73
120
138
148
89
179
247
39
149
179
178
198
160
220
162
199
180
143
159
205
90
190
226
105
135
195
171
167
157
139
208
188
104
138
217
112
68
83
138
191
172
39
107
214
149
256
155
404
126
303
346
381
416
248
305
395
352
356
310
355
186
181
446
389
349
408
297
483
455
220
144
163
189
450
459
479
503
513
475
444
537
548
489
313
316
523
550
596
421
461
237
349
328
376
343
437
406
471
255
250
350
304
419
435
443
320
428
255
444
292
529
452
581
552
597
334
452
430
378
505
607
536
525
529
450
421
261
303
282
193
198
104
167
124
139
152
217
170
203
215
280
204
62
393
401
410
540
318
505
424
466
492
242
523
382
550
537
535
223
248
213
208
207
240
183
179
337
293
194
321
415
398
481
135
272
234
531
205
413
412
202
199
251
413
447
108
582
528
457
504
497
473
314
468
342
312
298
331
349
209
561
554
544
539
534
285
158
120
113
135
132
83
100
110
94
122
143
104
207
138
123
124
301
120
181
136
253
226
156
131
310
616
230
109
202
392
181
88
231
284
231
181
352
303
284
247
553
184
347
234
460
346
-1
113
545
333
222
111
248
485
441
176
91
558
132
169
292
190
361
370
121
141
408
299
118
115
385
211
142
224
194
109
127
257
485
424
416
288
365
187
45
55
12
179
186
224
213
174
202
536
502
340
421
319
382
376
244
252
233
265
553
214
254
251
130
68
358
320
460
477
370
349
115
230
219
231
32
159
119
275
194
492
521
310
312
310
243
201
215
299
284
254
339
465
228
351
381
491
300
485
309
287
274
232
244
126
272
250
221
345
563
496
253
243
276
423
227
509
217
248
309
309
208
184
197
394
265
207
189
336
237
185
334
496
200
458
60
210
271
487
314
268
516
393
468
187
188
235
326
384
297
179
182
88
509
159
490
144
395
321
224
303
277
260
257
200
344
429
510
301
351
291
487
223
270
308
335
276
187
188
279
354
304
81
449
470
406
176
38
151
270
115
120
148
149
120
151
64
56
22
83
30
112
60
63
106
92
130
212
199
197
218
349
343
328
371
390
309
393
315
108
342
321
342
282
258
366
118
421
247
192
236
219
221
155
184
234
190
176
328
300
231
302
209
295
276
22
80
393
109
216
366
258
271
331
336
256
25
222
131
388
336
353
321
208
215
210
189
268
277
341
241
131
206
315
207
204
183
279
233
261
263
341
111
52
36
38
213
34
124
110
193
194
409
203
269
175
347
208
215
258
253
170
125
279
369
299
278
411
184
394
193
24
98
68
61
344
213
191
199
162
298
248
253
161
150
173
295
40
315
308
317
244
325
287
185
232
189
234
264
248
213
169
320
226
195
331
165
300
271
281
139
370
305
207
224
278
307
325
350
323
189
224
299
217
171
200
311
450
175
211
288
473
207
200
191
233
206
255
280
324
268
281
275
231
205
305
237
251
216
210
121
214
128
277
182
325
195
229
298
130
204
212
98
288
219
182
115
342
206
367
321
395
220
187
341
250
272
213
272
146
161
78
228
306
116
252
182
284
269
324
446
211
176
301
269
318
160
339
355
83
286
244
77
206
315
313
197
138
292
237
271
191
327
374
338
336
249
251
470
122
199
72
206
150
273
159
221
249
243
344
167
71
72
205
156
295
252
329
334
339
319
242
237
239
256
234
192
183
170
303
327
212
216
179
168
369
304
424
297
217
237
302
125
347
275
228
381
288
83
300
321
222
266
166
167
137
144
236
296
339
141
147
228
31
225
327
275
226
336
355
268
249
238
241
190
238
251
316
196
212
187
313
150
310
113
194
176
239
253
213
294
437
280
346
193
380
208
213
194
274
356
246
237
263
190
210
204
255
282
285
243
325
158
195
321
263
270
431
358
295
184
248
259
176
150
277
246
268
318
238
271
272
175
219
247
56
217
197
199
235
232
179
287
149
166
273
164
33
82
246
336
301
135
119
134
247
245
250
459
176
234
223
220
23
232
217
206
231
310
203
129
259
195
202
197
397
109
95
393
242
357
149
200
41
269
344
279
285
301
232
311
332
201
184
300
148
219
183
201
283
275
267
192
260
234
304
274
328
265
250
252
162
109
145
206
227
226
202
204
305
189
166
13
259
212
218
190
331
234
191
225
267
177
97
281
215
286
359
219
13
74
228
330
267
195
300
223
223
250
244
226
319
225
243
169
336
119
143
209
195
195
191
245
267
41
375
188
301
144
173
172
53
200
197
210
284
248
231
263
255
216
183
207
254
200
122
250
140
94
116
291
193
173
108
160
257
169
181
218
272
200
213
222
216
117
183
163
265
178
164
166
178
235
58
215
173
169
230
200
227
254
42
290
207
154
183
161
262
167
177
219
123
205
143
236
200
168
207
290
142
202
218
222
379
106
169
197
221
230
100
223
15
154
442
323
216
248
195
164
144
206
247
286
141
341
156
216
215
185
264
172
177
252
270
231
156
164
129
178
176
78
64
138
131
123
179
160
205
240
181
305
36
199
150
234
194
168
190
210
226
152
158
176
136
295
211
78
174
106
38
63
20
187
185
163
111
193
144
219
130
92
102
88
184
79
25
188
264
87
199
61
252
165
175
117
201
290
141
102
130
137
122
219
54
177
135
83
128
164
52
201
142
144
158
199
167
158
248
100
122
108
118
0
198
127
125
123
107
122
235
215
116
99
61
160
242
145
161
88
198
173
227
110
232
104
231
149
160
23
163
225
217
120
235
38
184
164
178
178
164
194
206
144
152
181
148
69
99
28
202
127
117
94
208
155
183
156
147
172
108
143
160
182
54
105
105
138
143
149
159
185
183
178
147
120
128
52
145
121
129
139
118
92
126
108
113
110
49
173
97
90
158
145
79
122
136
122
90
49
72
96
103
106
99
101
49
76
34
125
155
184
