167
129
126
125
135
189
158
143
171
167
108
158
102
114
101
103
116
133
135
106
118
167
123
105
66
112
64
80
94
93
87
105
67
133
88
90
86
62
50
64
59
54
82
88
62
76
43
24
68
60
18
18
40
62
80
41
47
81
59
116
131
87
82
171
222
52
137
165
157
180
135
192
142
156
143
125
137
179
99
194
162
90
107
129
172
153
147
130
198
175
96
117
165
100
49
74
129
182
121
27
104
189
147
201
113
337
119
222
212
268
263
171
235
305
288
269
244
281
166
166
326
337
263
329
238
386
365
205
120
135
149
374
327
404
383
391
359
350
397
371
347
192
254
390
346
385
236
286
206
247
225
257
216
297
290
299
231
242
322
253
296
379
354
218
309
193
280
255
388
358
341
373
412
284
339
347
287
377
359
322
329
363
362
323
225
220
234
145
151
86
147
113
108
107
160
144
164
159
246
173
57
337
315
328
337
249
268
348
288
369
163
377
327
413
388
396
173
199
184
185
147
217
177
134
238
227
179
271
307
273
286
120
202
190
383
208
279
240
124
169
203
349
331
108
391
366
375
285
343
310
202
337
231
221
250
243
227
157
339
369
348
335
345
190
134
98
111
126
104
67
79
89
77
101
131
78
176
112
107
100
243
108
156
109
210
186
128
105
238
349
184
114
157
232
129
72
194
255
177
146
326
271
219
208
343
113
242
151
358
220
379
107
344
253
175
90
148
278
320
147
86
359
113
123
205
182
301
285
93
120
332
222
84
94
261
178
136
212
169
100
120
173
306
293
288
238
228
153
34
49
15
153
166
208
198
154
192
395
328
259
324
206
316
302
234
169
238
277
388
163
197
199
102
62
251
245
300
337
284
254
97
179
156
180
24
148
116
256
166
330
326
223
224
220
184
180
196
213
201
183
254
269
187
281
283
305
191
274
212
196
204
182
216
106
204
225
200
285
313
292
174
208
190
359
183
296
161
186
237
235
166
163
154
290
242
180
175
184
161
131
202
324
112
321
56
187
203
334
230
240
302
244
319
188
190
199
247
298
200
131
168
84
347
104
393
83
315
246
167
256
217
241
231
176
328
287
348
265
289
237
311
207
223
224
259
243
170
123
233
222
215
47
286
307
272
154
27
130
200
73
79
104
102
79
111
51
45
13
66
33
94
55
54
81
82
114
166
137
139
190
262
309
260
298
307
238
299
235
93
218
260
275
233
198
247
69
243
183
127
197
189
186
143
139
202
158
161
243
234
199
225
173
206
236
16
82
281
110
139
248
220
251
241
282
214
15
194
99
288
304
283
257
191
184
187
160
172
211
205
223
126
158
253
167
162
149
195
132
235
220
206
72
22
12
35
202
40
79
109
200
151
305
152
207
130
272
146
153
194
186
156
120
236
256
217
209
241
136
274
168
17
74
46
56
277
145
143
169
156
210
201
200
126
126
115
188
40
231
233
174
201
226
179
134
174
145
183
176
186
149
161
235
148
144
264
114
234
228
214
98
280
235
169
180
202
224
229
248
224
140
211
203
132
138
174
202
339
160
163
220
331
148
136
133
179
180
176
233
265
232
252
246
199
137
286
189
176
169
154
103
162
103
227
124
258
135
193
230
112
174
157
93
252
206
151
96
235
131
264
238
291
227
178
286
151
187
177
186
133
149
67
170
215
70
201
126
178
164
202
250
166
163
236
229
262
141
254
256
86
223
149
77
147
221
216
137
103
250
227
216
132
265
314
302
211
164
208
300
107
193
62
148
133
210
120
133
193
178
307
80
53
51
132
125
250
224
253
265
283
260
179
205
165
201
200
148
155
112
244
249
134
154
114
103
296
180
295
192
177
186
232
112
272
238
190
276
256
48
247
213
158
170
132
119
94
87
200
236
272
125
141
120
36
174
274
217
152
216
243
164
184
177
172
161
157
226
228
169
173
163
235
130
216
82
160
167
227
185
149
189
306
206
273
142
300
180
139
147
200
277
171
170
172
147
159
177
189
213
190
224
262
127
132
229
193
215
292
243
206
129
178
169
120
143
214
188
186
233
160
203
205
116
161
189
45
178
165
159
133
151
126
194
122
129
225
121
19
54
184
238
228
109
111
130
185
217
209
330
166
179
181
173
8
183
176
176
201
229
138
118
195
153
163
129
298
95
67
275
181
281
93
144
42
179
201
208
228
239
183
194
252
142
130
257
125
158
119
165
210
235
235
166
187
143
237
214
244
217
211
218
135
103
110
108
177
195
178
182
196
132
124
13
228
134
154
163
252
167
135
161
180
107
78
226
175
200
272
187
11
70
160
240
214
165
209
196
159
194
163
174
238
207
184
116
263
93
105
175
146
130
127
178
178
17
212
155
228
119
102
160
56
172
169
121
215
194
173
178
179
151
182
188
194
123
109
169
122
73
86
200
122
141
96
117
217
155
147
141
215
110
156
149
136
97
116
104
216
119
107
104
149
180
51
191
148
153
195
125
141
211
35
226
135
118
155
121
203
109
135
199
90
177
92
202
190
73
154
233
86
212
196
179
-1
107
146
167
144
156
69
183
14
122
282
191
183
209
145
121
119
180
186
143
123
235
133
174
190
160
184
147
130
191
183
110
142
123
98
134
140
56
54
112
112
107
146
112
139
156
120
199
29
144
124
163
161
106
139
166
175
110
120
112
152
246
182
62
173
93
39
59
11
134
143
152
89
125
96
163
96
72
71
70
104
82
10
131
212
61
149
48
208
120
142
74
154
200
77
67
111
135
109
188
50
144
98
71
97
142
43
153
135
103
104
136
119
128
196
51
98
71
75
0
168
92
110
97
82
115
173
169
103
63
57
126
133
117
133
85
157
131
162
74
207
107
195
132
148
31
110
207
186
115
193
24
162
150
150
158
132
151
191
126
106
169
125
69
74
32
177
139
99
86
172
149
155
140
147
142
78
149
132
159
54
113
94
122
138
121
136
162
160
135
113
123
129
42
124
113
111
112
105
82
100
104
117
88
38
162
77
66
119
96
62
104
105
104
71
53
66
94
85
85
62
88
47
68
37
81
145
161
