124
117
111
112
112
142
128
128
136
125
116
133
102
90
131
100
118
114
100
82
42
91
93
100
84
103
58
67
108
100
92
104
79
121
85
92
92
67
58
62
83
72
62
60
55
48
49
45
57
56
38
40
48
60
43
53
59
83
63
104
96
11
26
112
135
30
120
101
101
108
99
102
85
90
77
91
77
91
61
91
126
49
78
98
79
89
105
87
121
84
77
94
124
38
22
69
111
118
51
5
120
236
181
240
178
214
164
212
287
248
248
191
226
224
163
182
183
184
225
218
265
206
194
218
184
248
192
177
110
217
192
238
239
206
205
211
209
192
203
207
204
123
200
212
199
210
168
180
183
218
194
182
196
193
177
209
208
127
221
204
207
197
202
179
221
160
186
162
220
222
213
208
201
168
189
282
182
186
217
196
170
226
195
154
257
218
218
166
178
164
174
188
187
160
174
151
128
138
128
213
107
223
172
173
209
130
194
200
216
201
150
201
172
188
181
177
136
122
123
123
167
175
150
66
193
163
127
234
205
145
231
132
176
186
196
116
210
157
164
266
197
216
205
108
183
180
159
209
199
191
198
170
142
152
203
219
141
129
202
209
195
191
191
205
165
195
153
196
156
156
165
178
133
176
172
165
177
159
164
182
204
133
224
167
194
217
116
167
232
188
119
67
186
166
163
80
264
137
209
198
214
113
166
133
185
45
228
116
198
226
214
56
199
243
102
57
133
181
156
167
125
174
98
137
175
127
205
200
106
104
168
216
68
129
233
99
71
119
110
121
122
154
223
206
173
186
212
106
30
28
6
76
121
122
110
222
145
189
160
174
192
182
201
206
189
161
109
119
181
-1
125
127
128
137
200
136
172
200
185
116
92
117
82
133
35
74
76
114
90
188
201
137
137
137
118
96
142
122
166
137
150
187
175
152
161
180
179
188
127
104
107
138
124
66
144
124
96
186
210
182
120
161
141
177
130
184
92
103
129
126
96
120
196
162
132
126
124
153
129
84
233
193
106
163
49
129
133
174
139
143
185
150
192
114
115
133
176
147
160
137
129
88
172
67
178
87
172
145
136
181
158
118
143
90
148
174
184
133
205
120
187
114
114
151
145
118
80
119
130
182
157
57
176
163
150
97
58
91
135
71
62
67
64
49
62
67
63
15
58
37
83
68
61
52
53
87
88
113
92
91
115
183
187
152
146
145
158
158
62
158
138
152
123
129
141
106
147
126
77
103
97
93
73
70
110
91
93
156
148
123
126
151
131
133
30
64
167
75
112
145
126
121
149
144
112
25
178
125
174
162
162
159
95
98
94
87
121
152
123
95
82
98
129
84
79
86
133
105
120
115
218
50
9
2
46
101
2
96
74
98
120
181
114
138
89
145
91
90
110
119
82
98
130
161
120
106
181
120
192
99
11
133
88
33
157
89
76
87
105
120
138
132
112
108
90
137
46
152
131
112
111
111
95
59
75
59
143
88
89
64
139
159
94
100
170
86
103
146
117
98
154
124
167
159
120
140
124
134
127
92
171
114
104
74
83
159
148
93
110
129
180
88
88
90
109
114
129
115
123
119
124
133
139
83
157
126
93
115
119
89
116
94
112
74
146
100
124
153
39
96
87
81
111
90
110
125
147
103
139
109
139
96
88
127
83
87
117
94
89
77
115
101
110
38
99
96
123
128
126
147
114
99
136
121
129
81
129
153
65
127
83
55
140
89
159
89
70
150
121
118
71
147
159
167
154
93
121
156
117
116
65
105
61
133
74
101
110
119
143
83
80
107
82
129
125
117
122
134
136
126
124
100
88
128
99
103
92
84
139
167
55
93
117
128
156
126
128
120
98
93
144
56
128
125
88
140
114
25
128
143
100
92
146
99
76
6
98
118
128
65
74
85
38
99
124
120
103
142
156
96
89
83
100
107
100
123
135
86
84
248
117
112
136
53
72
158
95
114
107
96
143
126
128
76
143
100
68
79
116
149
102
113
116
67
70
194
101
117
123
110
144
71
93
118
101
122
152
121
119
72
97
98
72
86
131
107
119
122
99
112
112
65
100
103
56
137
85
106
89
93
81
102
106
99
114
99
45
25
103
135
119
63
74
79
106
102
112
152
76
93
114
108
2
115
107
93
94
115
110
73
106
109
122
86
139
63
59
151
84
126
63
92
25
95
111
92
94
104
123
140
116
83
75
107
90
105
90
104
129
99
111
85
80
113
103
126
116
99
96
104
72
91
77
74
106
85
80
73
147
80
71
7
101
90
94
76
133
91
73
97
127
102
55
132
64
111
149
72
21
40
146
110
92
81
112
94
110
103
92
118
132
122
99
66
119
40
41
106
70
77
60
94
117
4
131
205
127
63
80
85
45
96
72
66
103
102
100
109
111
88
84
101
130
65
59
103
108
51
49
101
96
76
63
176
110
109
103
98
125
72
85
103
163
69
68
94
115
78
56
78
84
114
58
97
100
96
103
128
83
99
28
146
79
76
79
88
101
67
85
82
93
85
67
109
92
0
83
126
47
91
98
84
163
71
79
81
110
84
44
86
11
61
126
84
104
98
67
72
59
108
85
104
73
134
67
94
95
81
105
67
73
134
92
110
92
70
52
61
59
41
45
64
65
76
80
195
74
95
68
111
22
91
88
100
99
83
90
94
86
61
71
51
75
122
107
67
113
90
6
39
1
96
75
92
65
72
52
120
22
54
49
42
54
72
4
84
101
25
70
43
102
78
79
30
91
112
56
47
65
59
72
87
52
111
60
52
64
113
26
101
66
49
77
88
81
54
104
19
40
50
33
5
83
47
69
58
65
64
108
93
58
46
49
67
93
63
93
125
79
78
108
59
100
51
94
91
82
18
56
89
82
57
98
19
80
82
86
74
67
58
75
77
71
80
64
45
50
26
93
62
64
32
82
94
89
74
66
82
56
73
62
80
35
57
51
68
64
59
73
74
79
63
71
66
66
36
70
59
48
50
43
30
56
56
55
55
27
84
50
48
51
59
41
48
54
51
28
24
34
42
54
46
31
48
31
40
18
53
90
104
