188
163
139
136
160
226
218
198
230
231
125
164
124
120
124
108
150
184
186
121
136
213
147
136
77
139
69
80
103
99
114
119
90
147
116
118
94
57
46
54
50
59
109
110
90
93
55
22
85
72
29
29
40
79
113
48
43
96
68
115
131
120
105
172
267
75
136
165
191
211
157
203
174
181
166
126
145
222
105
202
218
116
101
140
146
150
141
141
214
136
98
143
149
132
74
82
146
191
145
65
113
291
236
363
201
446
237
392
321
480
457
305
400
517
-1
478
461
494
241
257
401
471
485
457
408
516
503
330
309
223
291
460
411
506
462
465
452
445
451
458
414
289
368
433
416
434
216
289
329
346
367
315
328
380
408
399
292
292
402
348
385
444
454
329
371
336
337
326
457
423
362
359
406
363
422
353
377
416
377
367
389
396
376
354
311
361
342
253
211
174
224
184
176
194
277
200
221
274
308
290
114
354
345
372
345
354
303
448
339
385
265
380
382
407
379
386
252
196
196
222
188
241
203
155
378
309
245
336
346
363
347
181
319
224
373
210
307
307
251
177
284
356
363
149
403
330
337
291
357
347
214
319
282
276
227
356
279
258
367
373
369
356
337
226
150
171
161
173
176
126
143
145
124
162
196
132
212
171
165
143
296
173
196
191
216
237
155
174
239
331
214
107
211
326
196
84
207
254
215
140
253
277
323
207
349
145
205
281
355
274
352
105
355
254
128
66
166
318
309
219
179
388
119
189
249
206
299
252
126
124
366
205
109
124
275
159
136
219
203
133
158
277
349
333
281
194
264
173
41
33
23
125
119
157
224
199
212
375
331
258
360
267
304
251
329
208
200
240
355
163
237
231
116
106
268
339
312
303
282
268
135
195
182
213
40
125
102
189
147
372
275
299
301
301
208
188
182
373
181
200
271
273
166
283
319
336
295
280
242
228
224
224
204
146
194
174
181
242
365
289
180
178
162
394
163
303
157
166
241
237
165
200
287
301
224
192
148
200
204
177
281
321
100
314
63
209
190
312
266
234
277
237
326
204
195
179
225
288
190
141
177
97
335
104
327
116
252
239
139
228
220
189
262
124
311
280
288
215
226
181
308
205
224
202
214
185
111
120
202
191
209
60
291
259
275
97
65
135
187
82
72
81
89
79
96
59
43
23
69
39
89
57
61
73
90
122
117
129
116
133
246
270
225
222
213
266
234
206
100
221
240
246
209
153
226
151
235
150
119
126
123
125
84
115
135
105
119
232
228
177
227
155
177
173
39
66
224
107
113
210
161
196
197
219
170
22
229
163
246
266
231
210
134
125
131
103
239
195
190
226
149
125
193
110
106
103
173
143
163
158
187
61
32
22
31
129
32
132
140
128
162
332
148
163
128
195
135
150
173
212
163
134
179
199
176
209
265
169
241
167
9
84
62
70
192
140
95
109
185
174
193
180
117
106
124
154
40
178
175
195
184
163
119
150
171
153
149
162
156
164
170
222
150
116
225
119
203
169
152
89
232
170
181
199
188
199
235
180
171
125
185
198
115
97
125
258
313
93
121
184
250
154
142
115
165
144
168
169
200
168
197
184
168
128
206
176
144
156
154
125
167
123
159
142
234
112
162
205
100
121
113
96
183
151
198
115
209
96
226
192
249
161
124
243
169
192
203
190
112
139
100
153
156
63
173
112
164
166
218
262
147
186
168
168
203
161
213
208
80
182
108
76
220
253
250
102
112
206
220
155
123
215
263
242
226
173
154
329
124
180
72
97
122
156
112
158
151
152
222
93
85
63
127
115
191
178
232
202
239
218
151
143
172
151
154
116
111
107
190
199
161
120
177
189
216
182
304
180
140
147
189
87
229
179
152
207
172
58
228
165
122
127
133
87
95
102
128
200
190
87
178
153
35
139
207
176
147
168
173
169
195
204
119
129
126
237
189
126
137
160
186
147
203
76
143
242
195
130
119
192
299
176
233
99
228
126
157
145
183
208
146
144
166
105
118
152
148
193
178
163
235
76
128
171
181
192
246
283
175
118
141
141
95
141
173
157
169
193
146
156
156
113
127
141
43
191
130
138
109
147
125
148
101
108
186
155
42
56
176
215
165
99
91
114
126
168
180
295
111
102
117
148
14
152
134
119
165
192
121
116
144
134
142
123
233
57
58
273
156
209
86
113
48
108
189
203
169
188
266
187
194
141
88
213
144
148
104
108
181
173
171
125
161
118
202
175
212
164
154
155
105
108
71
72
134
130
129
130
183
103
88
7
166
127
157
115
192
119
127
135
145
70
65
183
162
178
228
178
21
79
182
215
160
127
172
155
139
168
132
132
165
167
129
122
225
68
108
155
142
141
137
170
144
25
236
141
178
75
102
154
60
118
148
90
180
129
168
141
117
116
126
167
144
149
114
130
137
55
94
173
102
88
66
128
148
157
141
92
217
98
133
134
219
78
117
97
156
111
103
128
130
146
44
153
166
100
182
144
140
152
21
172
91
93
111
139
141
119
97
122
92
124
80
164
118
77
124
194
87
138
131
123
288
129
83
137
132
92
55
138
27
105
245
223
135
156
121
110
76
123
143
132
86
221
152
132
141
108
143
85
97
149
160
112
130
87
79
124
122
59
28
85
83
99
105
111
104
171
111
127
22
195
122
138
188
123
112
153
162
115
114
101
101
195
173
68
175
95
75
23
16
144
110
146
62
104
78
150
54
68
67
72
81
78
14
112
143
62
98
54
167
102
86
90
115
125
80
70
107
72
106
134
51
121
92
58
54
105
42
153
120
86
150
117
94
82
198
19
87
69
46
5
136
51
67
71
106
118
131
95
73
69
41
96
148
74
111
120
203
97
207
68
135
87
153
90
112
23
108
163
160
93
218
36
142
130
140
149
173
153
144
70
67
135
92
52
64
21
188
133
113
55
129
115
121
84
127
177
53
142
120
157
39
111
96
81
81
78
92
147
156
132
120
91
72
34
88
95
75
80
61
91
56
50
71
44
19
174
52
37
117
61
39
79
85
65
51
35
51
60
51
56
33
59
25
33
13
136
128
162
