228
184
247
221
170
197
189
181
184
152
194
185
255
172
222
196
255
148
127
179
107
194
163
129
133
116
100
100
125
119
203
122
81
132
83
95
84
69
80
87
114
102
74
66
58
54
53
33
47
50
35
30
36
71
61
60
75
77
63
194
183
3
26
177
152
34
148
150
142
103
129
104
99
118
85
105
87
106
100
91
144
81
85
41
103
89
156
140
164
56
140
133
86
37
35
79
133
117
57
5
226
527
400
361
525
203
437
280
263
270
261
265
300
222
211
214
256
212
306
258
254
220
201
239
215
296
217
213
166
407
289
201
215
223
195
180
181
238
155
163
167
181
229
182
155
191
79
178
242
241
230
191
236
211
209
266
393
208
284
183
273
177
191
247
196
247
153
122
184
178
173
167
156
165
181
246
181
142
170
156
237
178
185
229
209
270
239
260
-1
330
270
291
362
286
270
351
240
194
145
243
139
228
162
160
159
106
161
221
186
214
226
172
203
177
176
167
219
225
219
208
165
147
146
76
193
189
285
221
166
182
194
180
225
394
164
170
172
226
178
235
202
206
170
279
167
155
139
177
145
138
156
131
185
215
169
232
143
177
181
165
163
166
144
158
243
286
277
243
258
313
267
295
277
317
256
269
224
246
243
229
213
240
240
318
164
202
247
318
186
179
133
103
188
183
234
97
173
119
176
139
210
171
225
199
150
58
267
150
175
212
198
50
158
178
54
24
100
151
129
260
167
159
249
218
221
190
186
184
107
179
161
165
55
199
245
118
72
119
144
170
229
189
172
157
148
149
192
156
18
10
12
111
111
137
116
165
247
160
150
104
206
171
176
169
210
104
114
125
177
178
127
159
195
206
170
170
121
150
159
145
279
114
105
120
41
117
127
105
116
133
185
169
173
169
222
119
113
116
119
161
184
128
110
160
151
152
247
147
169
152
151
124
131
81
116
105
104
199
153
144
159
121
107
160
103
155
114
134
153
151
162
101
204
162
125
161
192
96
104
118
181
183
0
129
41
166
135
144
163
161
149
113
161
181
195
127
134
153
94
128
181
141
144
60
183
155
130
147
104
157
159
107
114
84
196
135
156
112
202
114
161
100
140
113
112
99
71
4
146
118
114
49
135
143
113
72
135
115
100
69
53
58
65
47
68
67
67
12
62
55
103
77
51
50
53
85
65
91
80
72
131
205
184
131
145
147
137
135
106
137
112
121
98
85
139
179
147
93
80
70
69
70
41
45
76
60
75
134
123
101
115
128
138
103
109
102
139
66
91
127
118
90
114
117
79
23
256
187
146
143
131
140
59
55
52
66
147
143
110
60
72
84
109
52
58
55
118
89
96
88
155
50
7
2
37
75
11
131
112
71
129
138
98
102
92
129
85
86
94
192
129
114
108
153
125
145
164
165
102
97
9
137
96
62
120
79
44
54
93
109
143
122
169
169
185
126
80
120
112
38
99
93
93
122
112
16
117
18
16
135
214
139
77
87
138
79
89
119
93
64
117
115
161
170
124
136
141
146
116
81
107
121
82
48
57
159
110
61
91
105
142
83
79
83
94
49
99
94
104
93
92
98
113
70
129
125
69
125
115
99
107
123
87
60
125
78
97
117
74
55
68
103
105
59
142
149
104
67
117
98
113
69
69
116
91
99
116
98
100
93
189
91
36
36
102
85
101
100
110
121
88
161
113
106
92
86
113
135
68
146
76
94
178
180
169
72
47
119
112
157
69
118
115
139
127
94
88
127
159
146
70
48
63
101
72
78
97
87
107
70
78
69
66
107
98
106
101
112
105
100
100
99
93
97
81
85
57
78
119
142
124
78
119
143
140
90
153
97
83
79
109
72
119
88
80
123
97
24
106
101
104
76
115
76
88
1
95
88
113
42
152
75
34
64
116
104
112
125
123
99
89
89
65
111
48
124
107
61
71
151
99
172
133
63
104
106
72
60
95
110
117
113
119
51
119
74
106
104
93
116
96
95
118
45
52
124
89
112
109
90
104
38
77
108
79
102
137
137
91
75
88
64
13
87
113
86
104
109
95
98
98
9
76
68
53
92
81
82
109
116
65
61
99
87
88
61
35
26
102
98
94
80
77
80
53
97
102
119
56
68
29
79
1
82
84
78
67
68
96
91
81
140
187
97
131
37
50
132
45
106
64
71
22
66
97
104
75
80
130
117
92
77
53
97
133
76
78
92
107
87
75
70
71
81
97
112
94
82
80
87
65
124
86
49
122
55
53
50
126
48
36
6
71
74
66
84
96
105
62
84
105
80
49
98
112
91
116
94
17
44
138
96
77
66
100
66
100
80
88
78
107
130
63
64
100
51
69
99
125
141
85
124
113
2
111
128
103
31
60
80
47
72
117
30
83
83
99
82
85
68
63
102
107
100
99
96
160
23
51
79
85
49
54
112
78
128
110
73
122
68
74
78
164
58
119
83
82
67
61
99
60
83
53
82
102
59
108
126
89
81
12
113
57
46
61
81
69
93
45
63
131
64
61
78
53
0
71
97
51
64
73
65
151
110
45
84
98
55
46
75
25
64
151
136
75
68
51
56
42
101
86
108
76
109
94
63
74
58
93
36
40
118
121
81
82
54
60
64
42
49
30
43
39
101
74
121
73
140
62
101
22
112
97
74
106
88
62
72
88
85
61
70
92
95
91
92
135
97
2
22
2
96
63
129
20
74
48
105
3
41
37
48
12
81
2
66
81
28
65
140
71
48
53
45
67
94
59
50
65
59
81
69
48
98
105
45
44
78
27
112
49
45
81
65
100
53
123
0
53
37
0
9
66
1
44
55
71
58
86
77
45
61
42
57
101
42
60
152
72
50
107
55
70
69
69
84
64
19
78
69
74
57
123
8
92
105
107
97
61
65
55
61
49
87
88
35
56
27
86
85
61
50
62
72
69
48
53
79
40
73
77
92
29
51
103
45
42
41
58
48
73
59
53
74
37
32
50
69
40
43
39
46
48
31
44
39
13
104
36
31
52
40
27
54
38
36
8
31
33
26
35
43
13
29
22
30
11
81
79
111
