280
203
229
237
227
302
254
226
221
213
213
248
191
237
220
175
236
190
172
246
119
217
214
143
145
149
89
114
137
143
161
114
76
147
116
116
111
81
102
91
107
116
89
93
86
78
72
53
65
76
52
58
60
91
64
74
90
102
74
258
291
38
37
298
188
67
-1
248
203
162
170
157
156
202
128
157
133
184
131
117
219
165
108
76
177
139
248
213
220
90
207
156
114
58
32
62
174
128
65
9
113
201
152
182
138
156
108
170
131
155
169
152
179
152
136
156
153
158
146
130
165
158
138
163
140
179
154
145
90
139
141
145
155
158
149
135
137
176
135
129
131
146
130
146
135
137
76
115
147
137
118
124
129
123
154
160
182
145
177
124
170
144
134
148
138
142
119
70
150
153
124
128
138
131
138
164
125
129
126
115
161
122
140
173
122
136
115
96
148
102
111
95
120
98
121
135
151
119
102
93
30
170
133
128
121
100
111
142
120
161
136
139
160
152
137
151
196
211
204
203
134
130
124
94
138
142
181
145
134
151
128
122
148
207
138
189
112
132
117
111
101
161
145
101
138
130
133
131
121
110
96
121
208
180
155
132
134
92
140
136
131
130
117
82
154
94
88
105
91
81
65
74
94
94
74
80
74
88
87
71
127
107
92
120
70
90
199
111
100
148
154
178
94
104
122
86
116
172
140
96
148
155
106
221
132
67
142
94
132
132
149
89
130
127
80
49
111
117
117
125
74
127
186
99
168
173
221
173
106
178
123
104
40
110
152
147
115
171
165
124
129
105
119
109
157
160
153
171
28
19
21
113
140
132
154
101
232
136
120
103
125
115
138
139
150
85
146
184
153
120
181
183
89
38
95
135
101
132
164
170
127
99
98
119
30
120
113
136
142
137
138
128
129
128
177
135
122
79
102
179
217
96
96
183
115
126
133
107
177
168
174
129
190
101
105
147
125
159
131
138
171
114
95
128
83
126
117
150
192
189
157
86
97
125
158
180
208
70
65
74
125
130
11
107
34
194
111
123
192
185
113
79
127
241
241
113
98
172
76
120
249
111
125
58
145
54
164
142
131
161
144
132
90
93
166
108
130
136
148
140
141
125
192
99
135
112
78
34
163
95
104
39
116
170
109
67
46
135
138
62
31
47
60
31
56
58
57
10
55
36
99
63
43
38
43
72
84
73
64
70
136
152
136
157
149
185
164
146
98
130
141
165
120
108
105
66
101
86
62
68
71
69
39
52
87
57
92
153
153
127
143
113
144
139
33
98
161
64
79
145
130
126
137
155
111
21
151
84
169
174
169
168
73
70
71
75
109
87
76
86
104
87
136
59
61
62
103
71
120
102
109
38
12
6
32
91
35
47
83
82
74
103
94
110
87
132
68
74
131
141
137
114
140
135
78
104
119
149
101
95
13
79
52
52
153
74
47
65
104
80
82
76
81
70
117
101
57
117
117
49
75
90
71
74
82
50
75
55
55
73
140
128
79
73
139
70
60
117
91
71
153
113
138
131
107
113
105
117
114
66
98
97
54
60
60
84
118
70
76
110
126
79
73
67
84
95
85
135
140
124
135
115
107
63
132
154
62
57
56
92
115
89
114
59
165
66
84
88
75
72
76
73
126
74
189
109
99
39
134
114
141
92
78
139
92
101
117
98
91
115
54
71
64
23
100
68
94
77
89
108
80
180
115
99
129
112
148
153
63
162
42
125
117
81
109
66
43
138
160
165
59
137
129
129
120
94
121
105
124
202
69
72
63
124
61
51
93
87
143
38
31
33
62
83
134
130
106
131
125
113
90
111
81
117
92
93
78
64
143
153
123
63
61
71
145
98
114
121
97
92
129
72
137
118
108
154
133
37
119
101
95
57
87
36
68
22
111
113
136
42
172
55
30
78
141
125
82
110
126
89
93
92
54
91
55
182
110
68
83
97
115
190
149
49
98
105
94
65
93
99
100
128
153
59
137
90
92
87
87
137
80
90
87
49
46
85
68
97
91
105
119
29
77
110
86
101
112
126
88
71
71
65
17
124
131
93
100
132
100
96
97
30
69
88
46
72
92
99
88
87
71
70
69
65
118
34
34
19
93
94
121
88
89
90
84
120
125
110
77
63
57
99
6
107
103
92
89
54
79
87
96
124
165
77
149
32
46
122
50
140
53
61
21
57
67
121
102
98
124
108
97
73
59
125
96
65
57
75
104
114
116
87
64
66
110
97
122
100
94
95
77
105
59
41
110
61
72
60
85
46
32
7
104
69
70
90
135
112
54
87
106
65
43
107
118
100
120
118
19
68
78
91
98
81
102
97
59
90
84
93
134
128
85
79
126
42
51
83
123
143
66
105
116
2
86
84
141
30
53
128
47
78
131
30
106
94
104
88
82
70
83
96
95
63
98
97
219
29
45
103
70
50
47
75
111
134
129
67
111
48
67
84
74
81
133
67
101
79
55
91
66
89
48
103
103
64
133
101
64
80
14
113
50
37
59
62
90
65
35
81
86
84
52
93
77
4
66
124
39
90
88
83
137
89
52
61
79
60
38
94
23
62
109
68
105
93
52
56
37
86
96
77
68
97
85
82
93
58
67
41
50
110
82
42
56
58
53
61
45
37
30
35
39
130
77
77
61
83
55
93
37
88
75
69
115
69
54
79
123
74
44
56
92
120
103
81
117
103
12
24
4
68
67
109
30
61
41
87
9
41
27
44
24
87
7
58
101
19
69
41
99
55
46
42
73
95
39
39
57
64
72
93
45
77
84
35
45
83
15
112
62
46
55
67
63
53
167
0
52
31
6
61
73
7
45
51
58
78
75
62
46
36
32
70
80
45
82
59
82
64
91
37
83
101
90
45
82
19
61
81
84
74
98
15
129
134
130
132
64
72
71
57
40
123
130
38
45
21
127
70
88
39
68
71
94
51
67
73
28
79
58
112
27
50
104
50
59
44
56
55
91
71
71
87
48
30
54
113
48
52
38
63
49
38
42
35
13
146
34
28
81
43
24
75
45
46
19
35
33
48
38
41
11
33
19
25
17
24
76
99
