165
125
139
136
149
181
172
167
203
186
102
150
99
112
96
90
113
152
152
125
112
179
122
101
69
88
59
69
102
99
93
131
85
157
92
100
90
71
46
55
53
52
81
77
61
66
32
20
51
51
20
18
37
61
54
46
54
94
51
129
168
77
52
220
240
39
137
204
243
275
196
297
196
218
208
161
198
238
129
267
270
138
147
183
211
213
188
166
242
242
143
122
286
57
43
87
134
162
106
8
120
142
110
186
83
300
86
208
268
228
277
152
198
275
228
230
257
288
149
145
340
310
259
320
226
336
324
130
100
117
151
346
348
353
354
358
396
275
415
401
394
173
278
416
406
443
264
344
209
183
170
220
189
247
275
283
225
192
268
199
265
331
332
179
352
222
252
195
370
320
395
333
388
264
364
384
313
401
369
397
320
360
355
293
212
197
254
122
119
85
113
90
82
92
163
156
203
132
244
152
23
355
353
347
359
237
292
287
291
340
153
396
259
413
405
414
240
298
240
268
202
215
189
144
285
235
193
277
336
258
269
137
203
153
398
257
273
235
137
159
216
338
390
86
450
385
353
278
403
379
233
368
311
313
302
265
220
130
405
405
377
367
412
216
121
93
90
96
92
56
68
71
72
89
125
65
180
103
92
86
273
75
137
87
224
154
167
83
287
390
197
134
155
251
162
75
208
303
166
175
318
237
199
279
432
104
253
140
376
259
380
145
404
325
296
134
233
344
368
116
76
367
144
117
228
205
485
442
116
154
259
283
127
102
269
233
165
242
241
101
99
156
351
307
386
335
300
189
55
62
17
169
259
285
250
129
216
444
363
248
333
216
378
341
180
160
292
345
426
143
285
302
89
61
290
209
350
349
387
278
105
201
178
194
7
162
134
320
207
441
369
206
207
207
249
229
207
193
227
274
315
298
191
452
248
299
233
347
272
246
236
218
287
111
236
308
263
402
391
355
257
199
231
350
230
333
210
230
423
424
316
132
160
306
336
235
225
247
146
98
261
367
178
372
70
198
214
388
399
334
376
247
356
249
243
213
265
396
222
138
199
66
373
121
402
85
432
342
263
320
294
314
177
274
290
341
407
377
348
334
352
251
298
236
448
381
234
180
333
255
225
60
313
503
330
255
20
150
318
87
85
115
120
102
129
66
56
9
76
32
101
63
69
91
95
134
231
163
165
266
268
353
355
455
462
332
495
390
109
316
450
449
401
315
254
99
271
188
150
283
278
254
199
195
263
231
223
374
347
286
336
192
329
311
7
94
457
110
168
430
357
378
431
434
345
12
163
74
496
473
435
446
270
262
263
233
251
272
271
252
144
263
372
257
232
220
244
175
350
289
216
75
23
13
36
263
41
81
105
227
149
329
173
337
154
410
172
192
299
231
181
142
358
371
286
256
290
188
316
198
34
91
53
41
420
176
201
248
174
230
219
192
123
121
147
297
39
352
367
287
234
274
206
127
187
179
202
277
266
169
143
326
184
174
322
147
266
306
273
162
492
363
187
196
241
269
268
267
268
171
203
233
166
205
258
251
350
221
201
368
362
179
194
149
223
226
218
370
383
397
401
397
257
192
348
249
184
189
195
110
183
97
346
164
468
160
221
263
139
216
249
105
350
290
168
106
274
190
438
386
469
326
265
469
188
222
207
223
134
160
49
196
270
96
295
133
211
186
253
305
172
201
313
291
408
195
451
492
90
331
218
66
120
150
206
216
119
361
302
283
156
439
421
411
391
209
303
362
114
229
70
229
153
304
137
134
217
209
483
108
41
39
165
155
399
371
429
375
398
349
231
304
162
302
302
197
216
122
380
366
164
178
111
127
420
276
343
281
250
289
370
131
384
335
289
541
379
57
393
362
242
211
130
152
99
86
263
382
402
171
159
142
28
255
515
350
180
330
339
195
230
214
206
181
196
295
395
237
272
142
341
148
371
93
204
138
264
257
257
215
351
319
459
187
-1
283
167
170
228
438
190
188
185
177
206
199
230
235
248
327
354
165
161
374
256
347
358
239
336
150
205
275
137
199
339
296
305
386
228
255
256
189
207
314
52
177
197
264
183
156
153
250
140
153
393
88
13
58
189
253
373
131
128
144
342
311
377
354
229
228
312
229
11
274
250
236
255
255
155
116
300
180
175
152
456
139
80
261
223
467
139
253
34
240
214
335
321
394
225
299
404
190
177
388
134
177
148
185
310
371
364
257
253
219
342
304
442
308
301
313
193
114
138
185
213
248
252
259
263
208
187
21
336
157
181
246
389
271
165
210
216
145
77
351
288
376
422
278
9
61
178
333
336
267
316
304
221
260
256
267
378
234
316
239
417
105
118
223
244
205
125
192
295
19
269
162
381
174
144
190
63
250
273
168
337
310
229
288
303
218
270
239
258
123
138
235
138
107
103
333
139
201
132
123
337
170
191
208
214
175
181
284
163
141
169
134
361
241
150
153
163
224
46
303
171
192
340
186
175
335
49
352
197
154
208
147
297
107
208
247
113
295
124
278
280
73
182
455
120
284
292
274
300
115
213
187
239
216
84
308
11
136
331
177
318
334
164
191
174
237
300
175
149
322
151
270
319
239
202
204
160
283
174
131
109
198
128
161
146
57
85
155
153
125
218
116
168
165
141
259
34
163
149
289
268
118
189
192
268
155
130
112
145
352
265
54
149
100
11
77
7
121
258
165
147
185
109
198
95
92
91
76
151
95
13
171
301
68
209
41
341
148
190
92
267
264
100
92
130
149
142
264
63
175
129
77
166
190
39
209
193
142
117
248
129
189
314
79
108
92
114
1
252
151
142
130
113
168
176
223
141
86
68
193
182
165
198
72
180
192
155
111
277
128
271
137
213
28
152
273
261
158
170
39
207
183
192
211
163
219
268
173
168
196
181
73
93
34
265
112
105
79
250
156
246
181
196
175
109
170
157
210
56
128
132
178
186
204
204
156
255
235
173
157
167
52
185
174
162
167
133
113
180
116
146
129
53
187
129
123
198
176
95
137
155
154
98
70
83
113
142
132
88
126
64
77
52
138
197
211
