108
86
79
81
86
118
110
93
116
112
63
91
64
60
57
59
59
103
96
78
63
105
73
76
43
64
42
57
68
60
62
67
49
85
59
72
55
50
32
37
34
28
62
67
58
58
30
15
43
56
16
18
26
51
53
31
36
60
38
72
115
43
42
124
134
22
78
153
195
189
128
228
178
169
188
162
172
171
125
220
124
89
109
85
198
183
108
119
186
188
91
85
201
51
32
75
89
115
63
8
74
85
70
116
49
169
50
138
140
121
142
96
118
162
124
153
137
156
92
88
189
173
151
200
121
183
182
90
61
70
87
187
214
211
198
218
237
163
243
235
226
92
154
264
245
275
166
187
122
99
94
111
77
130
167
144
124
121
150
111
139
198
178
98
161
129
146
129
177
184
230
207
243
176
199
222
187
228
200
247
152
195
238
181
117
101
148
83
69
50
75
50
47
45
89
89
119
80
128
87
8
177
168
183
210
123
154
151
181
180
99
260
151
247
245
229
139
167
164
192
115
139
122
84
131
134
124
141
222
165
162
102
109
92
237
222
170
145
68
99
111
208
243
54
273
217
236
157
222
216
126
240
167
169
192
117
121
78
240
238
235
232
234
117
81
56
55
54
62
33
41
48
47
63
68
41
97
68
62
43
150
41
78
51
124
80
89
42
166
197
137
110
108
113
91
54
130
169
117
106
212
149
104
163
239
75
156
82
237
144
187
137
209
202
242
180
116
211
193
74
42
239
80
72
121
123
257
232
94
123
165
140
57
46
179
198
173
176
146
69
70
106
189
165
198
189
155
144
43
82
18
208
323
320
207
81
115
279
185
162
197
135
205
208
121
93
270
236
272
88
191
175
48
29
178
126
200
229
225
157
42
154
145
130
7
165
118
233
177
253
196
149
144
148
115
208
126
108
141
151
188
157
125
213
172
173
110
174
147
140
123
112
201
60
164
244
234
225
235
227
170
155
147
204
164
186
121
117
203
202
144
112
75
152
236
140
136
161
88
62
132
204
85
222
39
158
130
236
189
226
224
152
212
150
142
125
157
209
153
97
114
36
228
94
207
43
226
195
193
177
142
219
129
259
193
212
240
429
213
270
198
198
218
169
485
591
255
81
208
142
154
43
194
308
187
360
7
130
237
58
62
89
87
78
92
44
38
6
50
18
73
46
42
61
68
95
352
112
120
299
147
177
216
410
441
192
327
229
96
217
280
272
264
275
159
50
148
118
106
473
435
419
331
215
406
299
337
202
187
313
257
133
167
311
2
72
262
73
121
275
364
396
362
377
561
4
91
44
240
241
235
217
475
489
488
415
143
171
184
155
111
453
438
394
335
348
164
136
475
369
115
58
14
11
24
252
55
51
95
382
82
186
95
247
106
340
114
148
272
128
130
103
395
167
191
126
170
111
187
141
41
54
38
35
321
124
309
345
128
162
133
140
74
70
79
203
24
226
226
174
179
189
120
82
114
121
117
195
206
99
88
190
123
140
183
86
155
157
157
131
293
231
125
144
157
159
180
195
183
123
134
182
108
298
410
122
218
190
149
320
206
135
131
110
146
120
147
351
307
388
424
447
156
128
206
190
100
97
93
69
107
62
540
116
239
115
150
144
144
319
360
71
415
316
109
68
169
101
325
281
282
489
-1
292
138
175
149
168
148
165
33
141
186
62
257
102
143
129
151
177
102
123
195
190
405
148
302
269
68
159
133
47
75
91
128
110
91
272
186
232
126
241
284
291
231
155
279
198
64
151
54
237
179
225
84
87
138
140
318
62
40
32
127
105
405
379
266
302
286
266
159
379
132
310
371
201
237
88
290
188
85
120
81
90
223
150
184
192
376
370
299
130
177
355
476
264
425
45
276
232
183
149
82
94
68
54
199
284
305
241
117
79
18
222
322
298
99
206
187
134
175
163
154
96
134
174
206
263
324
84
269
78
187
70
114
97
163
191
211
125
230
225
276
257
265
516
122
121
152
319
140
157
126
128
126
114
153
174
145
408
248
241
121
292
187
263
238
170
212
118
128
190
114
172
253
370
188
271
176
171
171
168
134
417
38
131
193
185
119
105
113
186
117
123
249
59
9
50
155
152
320
106
110
117
246
237
337
224
388
125
199
220
6
292
258
273
142
162
95
90
379
110
93
118
274
185
66
143
153
250
88
189
36
161
127
244
290
341
119
195
235
142
217
281
83
140
116
125
235
355
392
331
164
141
260
196
275
215
267
255
282
81
84
130
138
382
357
384
175
230
225
66
372
107
146
260
256
187
143
147
116
75
54
220
227
273
257
198
9
60
120
216
295
404
224
328
120
194
170
159
230
130
280
181
294
77
74
165
140
124
97
114
182
15
155
96
276
255
103
155
49
178
143
113
259
243
168
189
195
160
548
164
168
59
104
172
78
167
91
225
100
262
96
106
323
109
139
122
105
113
123
191
79
179
106
89
283
204
109
92
141
163
38
345
153
183
248
93
117
202
40
181
126
103
259
149
269
72
262
408
80
414
87
204
334
38
136
217
75
378
352
416
178
77
363
146
152
142
62
274
8
112
196
89
276
332
118
285
232
144
250
109
142
204
122
290
251
394
125
232
171
182
98
86
91
195
93
127
131
42
124
152
152
86
158
60
134
110
107
132
41
119
123
198
148
80
143
145
225
105
102
70
93
190
142
38
103
72
14
153
6
75
289
123
240
115
99
114
94
73
60
78
124
66
4
107
317
58
245
29
296
119
257
79
229
143
63
63
141
160
118
299
45
97
88
78
161
124
42
115
224
145
93
157
85
247
174
47
91
68
80
0
181
155
239
99
69
127
100
134
177
65
58
220
102
247
155
40
126
157
132
82
183
106
183
82
169
38
116
155
150
151
114
32
153
136
138
140
108
130
136
123
123
144
115
46
69
34
187
97
55
82
160
119
175
194
181
102
74
104
118
131
56
115
82
238
265
249
188
112
150
125
112
99
247
46
118
97
215
229
195
108
136
154
186
104
56
123
78
74
130
128
71
109
130
168
83
106
92
185
100
122
56
116
89
102
67
64
117
140
