118
102
99
94
96
122
112
103
107
108
77
100
81
94
89
73
99
113
83
97
70
114
88
79
55
71
32
64
64
65
83
51
29
60
63
62
52
42
39
47
42
44
56
62
57
53
44
24
43
43
29
32
34
53
49
37
39
51
43
101
147
30
36
138
92
34
98
180
151
135
146
132
130
143
118
172
135
162
115
116
111
104
110
33
122
107
122
149
166
84
132
107
105
43
33
54
97
78
48
10
78
101
79
103
83
104
73
148
81
107
120
129
115
103
100
119
105
93
85
81
89
112
94
117
102
125
93
97
52
83
84
105
96
106
95
93
109
110
98
99
99
88
104
99
97
101
40
67
106
102
98
82
91
93
120
108
115
89
135
102
108
105
97
136
117
92
77
90
97
98
98
92
87
93
103
95
91
78
91
86
104
99
112
130
73
93
88
66
106
58
70
50
64
50
73
97
97
80
77
60
11
95
93
97
94
62
84
108
107
122
114
116
106
116
115
97
128
171
200
168
92
82
85
65
87
81
114
73
92
106
90
83
81
104
90
242
85
124
86
73
71
113
104
78
107
92
96
96
95
91
59
91
97
139
72
78
80
102
118
95
114
108
94
73
85
57
53
50
60
53
45
50
55
57
40
44
47
65
48
51
65
54
56
62
50
56
87
74
57
96
89
123
69
70
68
48
70
95
100
55
92
100
95
157
101
57
98
69
95
100
108
80
91
73
72
32
34
97
88
96
48
103
129
58
85
145
163
111
75
216
84
47
16
46
93
153
89
129
124
69
84
82
99
79
92
85
85
183
32
20
20
141
136
171
129
88
116
109
88
76
92
84
96
82
101
68
176
168
95
62
176
122
58
27
55
100
71
101
144
122
87
71
70
79
11
185
167
189
113
92
102
95
95
95
107
226
68
45
83
148
142
69
79
146
122
104
85
87
115
111
110
86
179
59
80
158
180
90
105
109
140
91
60
94
57
98
74
89
126
124
121
59
51
63
117
106
121
53
78
81
72
103
9
75
28
112
81
90
122
178
89
83
94
136
143
77
78
103
72
81
131
58
92
44
105
39
89
106
161
126
153
115
70
157
116
81
94
141
115
168
89
165
152
66
140
134
122
20
160
73
66
37
98
136
77
99
21
152
134
59
35
44
51
35
43
40
34
8
39
32
52
35
26
30
33
60
101
65
55
107
92
92
83
146
161
175
134
112
-1
152
139
153
114
145
99
48
83
64
47
85
81
82
57
53
111
73
116
137
117
147
196
74
127
179
15
70
156
51
55
138
124
116
147
157
120
10
101
56
125
113
111
104
76
89
83
94
76
65
68
61
61
149
145
64
72
75
68
62
130
104
86
40
14
5
10
138
32
42
75
89
86
81
69
103
65
129
59
61
153
101
144
65
132
81
53
67
96
97
77
68
9
63
46
57
148
70
71
83
81
79
82
81
74
72
73
65
30
73
73
50
56
56
55
59
55
43
72
45
41
60
110
122
59
65
128
49
73
54
56
118
136
79
79
94
68
83
92
83
77
55
74
70
48
70
68
47
81
65
77
111
87
59
56
69
60
56
68
127
133
108
131
123
67
51
101
135
51
55
46
73
113
85
129
53
140
59
67
61
115
100
128
45
134
95
94
60
76
41
113
102
110
117
96
101
67
81
91
73
155
116
44
64
64
24
112
56
93
90
85
86
63
114
77
72
136
107
96
108
43
147
38
79
74
90
90
44
51
108
125
150
57
88
101
91
103
64
154
73
66
131
33
59
132
151
45
46
64
73
113
35
34
26
55
56
125
126
79
104
89
86
55
134
66
148
159
148
74
50
139
108
107
77
58
58
95
76
97
87
109
116
136
167
100
132
108
110
125
38
83
106
118
41
62
37
62
28
89
88
108
51
116
53
14
63
123
134
61
84
73
76
64
60
38
70
50
137
93
70
110
62
102
69
103
44
74
66
78
45
107
86
76
138
125
97
109
110
72
76
68
115
77
83
76
42
44
55
60
79
71
122
96
52
57
107
60
90
93
100
78
51
65
43
22
94
114
119
120
104
72
58
57
38
46
92
32
48
120
143
94
80
49
42
61
52
90
33
11
24
78
70
122
76
84
83
73
125
118
90
84
33
23
125
4
146
127
121
61
48
60
66
115
91
107
72
116
31
40
94
35
121
44
49
22
39
61
104
97
101
96
79
76
51
108
99
68
52
46
40
87
106
101
95
39
54
120
79
87
83
78
97
95
62
59
27
81
93
88
80
76
73
64
7
109
60
51
102
139
128
56
66
56
41
33
84
102
84
88
92
10
56
59
68
87
103
131
97
58
89
78
65
127
99
76
79
103
39
46
61
102
110
51
81
116
7
81
55
114
36
40
115
31
63
95
35
88
86
125
59
59
62
88
64
73
64
77
106
99
29
53
93
60
61
52
54
100
87
125
39
83
30
63
66
38
105
122
67
82
82
48
104
50
61
36
95
73
63
115
61
50
63
11
67
31
41
81
55
110
54
56
96
61
86
49
76
81
13
56
92
38
106
88
93
93
64
53
40
62
37
35
76
14
54
76
69
95
89
47
105
68
74
78
67
66
77
61
93
83
63
51
43
101
73
78
41
51
68
43
51
48
30
27
45
49
73
51
66
54
63
58
64
35
72
61
65
73
31
48
55
115
53
45
58
71
92
69
46
89
55
11
25
11
56
65
85
20
77
40
70
19
31
24
46
34
52
5
47
93
20
92
53
102
49
60
39
63
58
42
45
54
90
62
101
18
58
71
49
46
46
22
64
76
66
46
56
56
69
110
6
35
26
9
13
53
12
56
59
39
64
56
38
69
30
29
66
48
32
64
28
58
95
86
36
67
93
65
47
77
22
45
58
64
85
84
17
105
107
111
110
60
62
63
37
37
96
92
26
32
23
96
55
44
35
64
56
68
57
67
49
32
55
44
70
28
46
67
55
59
62
58
56
68
62
60
55
49
21
33
78
51
58
43
47
42
41
46
35
10
90
28
24
58
62
28
65
50
57
23
45
48
47
36
45
14
51
16
32
17
23
66
55
