139
123
114
115
111
174
146
151
151
157
119
138
105
93
124
101
133
140
114
96
124
204
124
109
80
114
71
64
94
93
100
112
71
140
84
101
85
60
45
59
57
59
79
73
56
68
41
28
70
63
27
29
44
56
74
43
45
92
66
111
111
128
80
130
185
48
131
143
136
151
117
170
125
171
140
116
122
165
75
142
152
76
108
113
141
142
116
109
152
136
93
126
170
83
65
64
113
161
168
37
111
230
183
235
185
332
151
275
289
339
363
233
282
301
291
306
263
283
171
173
339
318
279
346
264
360
359
260
135
133
195
408
385
392
435
455
406
417
464
472
452
334
269
449
427
503
338
403
228
355
328
455
340
402
400
368
209
198
289
286
361
360
400
291
420
197
459
254
464
417
523
510
484
313
384
340
334
418
513
455
395
470
389
381
208
239
206
151
177
111
134
115
108
102
151
137
171
208
226
170
61
319
310
351
437
280
501
360
405
457
205
483
295
480
458
469
188
209
184
158
188
205
160
153
270
246
169
240
375
361
446
123
221
191
446
171
398
311
222
161
216
326
364
101
489
470
438
-1
432
407
249
393
259
259
230
267
315
196
507
501
485
436
465
236
157
112
107
131
112
79
90
98
90
115
123
91
174
122
109
111
216
89
183
119
199
189
136
122
258
499
187
93
179
291
163
70
184
201
185
148
298
262
218
225
509
161
285
211
381
340
504
86
556
239
180
78
175
476
346
149
100
454
117
136
255
166
296
307
103
131
339
227
79
101
300
152
100
163
134
102
116
273
420
374
329
263
252
149
28
45
7
163
161
173
163
163
164
472
385
265
363
261
305
281
213
234
180
198
428
209
184
216
102
60
335
291
384
420
289
306
99
191
182
186
27
121
87
194
154
434
441
295
295
294
211
161
186
233
265
235
273
443
220
287
342
457
219
468
275
245
229
203
185
98
245
191
172
259
443
431
212
231
249
364
235
441
202
222
238
238
198
136
154
296
190
156
160
285
259
196
332
492
138
398
59
175
254
407
245
216
446
332
400
133
135
216
271
285
267
165
151
76
380
145
387
129
342
240
151
234
225
187
242
160
288
344
414
246
280
232
414
176
213
253
284
213
144
138
246
312
274
67
373
374
328
151
47
129
232
114
117
141
146
105
138
63
57
15
73
38
90
62
67
92
89
106
169
208
169
185
285
258
267
291
320
230
336
281
96
293
241
264
221
203
306
84
386
215
170
184
176
180
129
123
193
153
147
254
241
211
204
190
275
234
24
62
315
92
226
304
187
208
245
261
195
23
190
122
315
245
256
244
179
173
179
159
212
227
311
175
106
199
243
153
162
147
263
223
209
199
311
106
51
38
42
171
24
104
107
160
192
288
178
229
154
273
169
175
213
219
144
106
222
286
273
239
419
150
354
174
13
92
71
59
268
194
145
184
138
281
241
249
141
127
168
278
35
257
253
261
209
273
241
157
214
148
191
200
195
208
161
294
198
204
277
165
242
203
215
109
298
241
181
221
259
270
297
311
282
182
186
254
198
143
163
223
383
132
184
260
399
188
181
177
201
155
232
203
249
200
233
226
198
187
262
200
216
185
174
121
175
118
212
166
237
199
223
247
114
171
165
76
226
167
144
108
275
190
284
276
285
172
157
270
225
216
183
234
128
113
68
180
268
101
220
168
227
217
249
311
195
129
245
213
245
112
251
323
73
251
217
75
162
270
314
171
128
271
185
236
166
230
285
283
291
221
195
340
109
168
55
157
119
212
136
170
233
224
256
164
72
63
165
117
226
206
257
276
275
236
193
198
196
198
183
168
128
168
236
271
167
177
171
168
280
228
342
248
172
180
230
110
266
222
196
310
210
77
243
275
191
233
134
150
144
120
220
231
269
127
115
193
40
184
257
224
224
253
285
203
206
177
183
182
204
175
282
159
169
159
234
127
236
116
161
146
168
205
191
253
376
256
295
145
278
162
197
171
247
277
219
211
231
169
171
166
217
243
249
207
249
127
178
227
211
226
367
283
224
168
223
189
150
117
245
186
211
226
211
253
250
155
217
175
53
203
158
158
222
210
146
235
145
153
206
139
35
81
217
291
229
101
98
102
178
194
179
406
132
194
151
175
27
176
170
159
199
255
172
105
195
162
159
184
312
70
91
369
182
265
143
158
44
212
269
215
211
210
219
281
268
183
142
245
145
182
175
185
234
198
209
156
200
189
212
264
266
214
192
194
138
113
151
168
183
168
157
141
319
148
135
11
198
175
175
147
233
202
148
197
242
176
108
223
178
231
290
174
17
65
224
258
200
157
224
181
186
203
224
176
260
207
175
139
232
104
117
163
174
180
176
205
248
45
306
166
248
112
171
131
47
163
162
173
224
198
193
217
203
170
142
147
194
224
100
213
107
80
97
232
179
151
93
143
199
139
168
189
247
188
168
167
174
126
160
155
208
154
148
142
138
190
54
179
155
132
181
199
208
199
25
235
160
141
158
163
181
206
151
162
122
162
132
190
169
155
171
239
125
155
165
162
285
101
122
166
178
203
92
176
13
151
332
300
159
186
149
133
115
196
178
265
134
293
126
153
179
136
216
128
125
245
229
247
165
146
120
140
131
76
64
103
100
93
150
136
169
217
142
241
27
199
148
192
170
179
162
172
161
148
139
164
120
256
169
71
176
100
28
53
21
171
141
144
83
164
106
216
113
94
91
66
142
82
35
156
188
81
143
57
202
126
146
110
164
228
124
89
134
129
95
168
46
142
143
66
103
136
51
149
117
107
138
145
184
125
174
87
107
95
106
1
176
85
122
108
105
93
222
171
93
89
58
129
182
118
106
78
162
139
209
115
183
92
179
135
101
23
131
159
166
89
178
19
134
135
126
143
126
152
155
121
129
133
117
68
68
29
160
111
107
71
163
124
157
122
107
131
95
124
134
143
47
93
79
115
117
106
114
141
153
153
122
77
109
51
118
90
102
110
91
66
103
92
95
107
39
109
82
70
115
115
72
85
107
88
64
40
60
77
84
81
90
86
37
65
26
79
120
178
