180
175
134
135
159
171
186
183
196
174
117
176
112
109
107
92
115
154
141
110
74
128
105
129
96
126
62
95
134
127
96
116
84
133
120
121
115
74
72
89
63
73
103
107
87
99
59
47
63
74
38
41
62
76
68
70
67
108
60
112
129
57
52
163
213
47
116
109
143
138
98
137
106
91
86
87
71
121
90
137
147
94
70
96
107
93
130
104
168
109
98
102
153
68
38
84
144
168
87
17
151
213
194
262
152
265
171
229
308
237
249
189
269
260
207
225
256
256
220
202
342
253
254
289
232
278
263
178
152
235
245
277
330
277
257
257
322
224
292
268
286
139
288
306
307
323
207
257
228
202
194
167
169
182
197
217
252
199
252
172
175
254
266
177
262
238
203
203
277
272
255
217
251
207
260
363
253
263
253
262
186
273
259
217
263
239
300
189
173
153
190
191
181
191
218
175
126
123
186
201
94
279
222
245
248
193
193
248
223
207
162
252
171
252
246
244
190
141
132
209
185
254
199
104
237
174
228
241
305
196
223
205
209
203
252
147
226
156
130
357
241
276
307
168
279
221
226
184
267
240
217
252
179
185
243
229
163
125
253
263
246
244
287
215
189
177
168
188
163
159
155
158
132
196
181
144
173
150
201
180
252
154
214
177
224
190
143
178
285
227
166
77
203
200
159
108
-1
189
220
273
308
170
217
168
241
86
284
127
277
252
231
67
239
321
136
83
170
226
190
195
137
227
111
174
192
173
236
243
116
103
196
286
91
143
241
118
78
132
168
209
196
148
257
227
207
225
278
127
32
42
8
85
184
160
135
213
152
259
244
244
218
246
275
265
221
134
138
159
289
264
175
158
125
148
231
169
236
275
232
160
118
162
137
151
38
100
112
151
107
266
227
167
170
172
136
117
200
152
187
145
154
171
189
184
167
208
181
208
156
144
143
178
159
93
187
135
129
246
236
221
129
226
207
236
187
218
83
94
161
158
115
212
181
192
188
157
140
195
135
92
245
225
145
221
64
170
156
237
166
150
227
177
230
196
198
180
266
192
246
164
150
126
236
83
215
104
228
194
162
172
180
157
133
144
196
238
216
206
266
187
198
124
154
210
212
180
111
146
142
230
185
67
208
233
232
156
56
95
176
70
71
80
87
66
93
83
60
21
65
34
130
70
77
65
68
122
117
134
123
143
125
222
232
207
203
174
201
188
70
185
205
209
189
132
168
130
185
158
112
143
131
133
90
93
131
118
127
177
169
167
189
196
138
154
33
73
205
105
124
166
184
205
206
194
171
33
183
119
185
217
202
225
142
140
150
126
183
208
140
180
155
134
186
128
113
99
182
134
164
151
221
51
17
5
44
133
8
109
125
117
94
295
138
187
113
194
111
147
145
168
109
170
171
188
166
140
190
133
246
161
23
119
78
62
202
123
110
115
157
162
195
149
131
135
117
173
54
203
195
192
136
148
117
71
96
117
206
170
167
74
167
200
144
146
212
96
156
206
157
75
200
179
222
219
162
186
173
191
194
118
266
162
119
98
119
171
210
102
145
183
190
117
138
110
164
156
156
156
173
188
185
188
230
119
219
115
136
146
145
97
128
88
160
114
196
117
176
198
69
112
122
110
172
135
154
169
199
129
183
164
186
150
130
181
133
155
169
135
82
91
118
148
170
53
158
118
160
142
154
177
138
171
156
136
174
110
189
203
99
147
136
61
163
130
157
111
104
192
140
139
112
208
196
205
170
128
161
229
147
140
78
117
71
138
70
112
158
148
212
87
85
103
117
165
196
203
182
174
196
180
142
133
119
165
141
103
125
94
184
206
84
113
130
128
238
161
172
164
117
127
174
64
163
160
124
181
178
58
184
176
116
116
206
119
89
42
115
174
163
68
114
86
39
125
199
158
96
170
172
126
128
141
112
99
127
150
177
117
125
241
160
125
148
62
78
167
142
140
118
111
210
172
184
113
208
156
116
110
145
213
130
130
143
115
116
283
162
143
147
154
165
89
114
158
164
156
200
136
180
104
133
127
98
125
162
147
149
173
153
180
180
111
142
145
60
144
87
132
109
107
109
132
116
95
196
100
50
32
128
177
172
78
78
83
143
162
172
197
111
111
170
136
6
149
126
132
97
181
115
109
144
122
133
96
188
85
67
163
114
174
85
137
33
125
135
129
148
163
156
173
180
129
106
154
107
121
106
112
180
167
174
127
124
135
122
137
172
121
135
140
106
95
80
103
113
134
119
133
182
106
99
14
167
93
126
110
163
108
106
138
136
94
60
188
99
153
180
116
24
89
168
179
144
116
145
154
170
129
112
148
153
127
135
98
172
68
66
160
91
89
95
121
118
8
164
233
168
94
107
110
58
125
90
115
135
123
112
155
136
117
121
170
164
90
92
123
127
66
83
133
94
99
91
279
151
128
106
101
102
74
107
131
190
80
87
101
150
115
94
101
131
175
71
150
146
128
129
140
103
128
31
179
97
130
100
120
139
76
105
114
108
144
81
140
133
7
123
186
70
127
118
121
194
105
111
108
134
103
53
122
42
75
179
88
166
165
117
90
84
130
139
119
104
197
106
129
147
111
79
108
90
145
107
106
113
102
76
94
119
53
52
83
73
93
112
142
104
113
90
134
24
129
128
135
117
72
128
145
103
92
80
71
86
156
133
68
162
90
17
52
5
96
118
137
76
90
76
136
50
80
52
61
87
101
12
92
153
33
93
41
144
127
91
57
121
133
60
61
106
75
75
122
65
147
60
33
81
117
39
104
74
71
93
124
86
81
129
29
48
53
59
1
131
67
82
61
86
89
110
111
48
62
50
97
89
76
99
126
125
98
118
67
125
54
151
103
123
26
76
137
103
68
126
28
102
87
94
109
89
95
111
99
89
106
77
52
74
34
119
82
69
41
133
150
113
81
101
119
71
101
98
103
41
119
92
89
94
100
97
85
97
96
83
100
89
40
93
68
76
70
66
67
80
54
79
61
31
148
53
51
70
69
44
71
78
62
63
31
38
56
58
64
41
59
38
43
24
104
86
101
