144
133
121
111
121
162
154
158
148
163
111
132
107
102
108
98
123
126
115
96
79
165
131
108
73
96
61
71
85
94
101
98
69
118
84
104
85
48
47
59
54
56
88
79
65
74
50
23
60
76
27
30
39
68
67
42
47
78
63
92
114
70
47
125
173
51
105
118
125
126
114
119
107
116
112
90
80
134
83
112
132
67
70
67
93
110
109
111
134
72
87
123
95
67
35
55
116
133
87
20
111
222
186
301
177
357
172
276
256
303
322
231
294
316
277
297
297
296
212
193
289
315
318
350
285
303
310
246
190
182
229
369
310
301
320
300
314
296
291
298
276
239
283
328
266
302
165
212
238
308
322
275
274
263
282
300
208
190
266
261
251
312
335
215
317
228
264
212
297
295
303
266
282
261
319
262
243
275
304
299
245
324
265
243
231
257
225
164
189
155
174
157
133
119
155
144
158
191
196
193
100
231
208
292
249
224
243
325
297
261
196
258
228
243
237
231
204
170
158
145
148
179
153
111
237
183
176
213
291
263
318
127
215
197
231
129
264
210
220
135
212
275
306
122
254
226
225
273
255
252
203
228
175
212
153
209
182
178
273
274
260
245
256
183
160
147
130
160
158
103
114
114
103
141
149
106
141
153
129
140
176
132
187
135
149
170
146
145
225
265
162
86
170
183
168
63
148
168
193
118
221
195
205
177
261
89
236
195
279
262
257
53
275
167
104
28
113
264
210
177
134
240
103
148
174
190
222
210
99
105
278
131
54
101
218
97
88
138
130
115
149
-1
256
227
173
164
207
138
22
17
8
82
103
109
146
155
180
260
228
210
307
188
248
205
257
157
138
147
252
154
135
167
90
83
232
242
215
255
215
186
112
135
124
140
36
84
73
119
106
247
226
279
277
279
174
119
138
204
146
165
171
235
169
186
217
231
215
244
189
175
174
164
144
102
148
117
108
174
266
233
116
158
131
217
131
245
102
128
186
185
149
115
161
169
156
126
135
161
176
167
267
263
66
227
47
162
152
231
176
148
238
189
245
136
147
133
169
192
145
140
125
88
220
70
240
81
181
158
93
177
186
115
157
95
211
199
240
140
173
134
248
124
145
140
151
131
81
62
167
148
161
51
219
195
201
82
73
92
137
57
62
69
71
63
81
60
46
11
62
25
80
56
49
61
69
98
74
112
93
97
157
175
178
164
174
168
187
172
82
155
144
158
130
106
176
90
230
121
89
82
79
75
52
52
98
62
75
149
138
131
123
134
139
130
35
58
170
78
110
155
105
131
142
151
126
18
223
125
185
179
166
156
73
80
79
93
151
133
137
119
80
108
138
76
79
62
146
111
131
104
177
45
18
18
23
93
19
98
125
75
133
234
112
117
103
153
98
88
131
171
121
107
126
140
120
116
256
121
201
121
12
87
60
57
156
103
61
81
116
143
156
167
112
103
137
151
36
130
124
110
143
112
85
98
130
88
150
87
86
128
158
173
110
113
194
102
126
139
101
75
160
130
144
184
152
171
176
168
150
93
156
166
98
56
64
144
199
64
91
151
184
102
79
91
105
87
114
109
130
114
131
129
128
98
143
139
116
122
120
82
115
105
111
93
155
105
120
178
68
81
82
75
120
101
152
111
146
67
144
120
145
101
106
144
133
136
151
138
77
100
92
96
110
46
116
87
146
143
159
171
98
127
129
121
129
98
145
183
70
147
111
62
167
168
237
76
86
172
140
153
91
142
168
159
178
132
120
208
117
136
46
65
73
108
86
110
131
127
153
101
62
53
82
89
128
124
155
147
142
137
101
111
109
120
98
86
61
91
150
169
111
97
207
189
148
113
199
143
106
101
122
67
148
121
104
177
110
46
156
130
108
89
108
92
91
63
106
121
112
49
117
112
27
107
150
124
104
125
122
128
140
114
69
113
81
153
149
69
91
135
124
127
147
68
102
157
108
78
132
153
202
146
160
70
156
96
136
118
115
155
109
111
144
97
98
130
127
138
116
106
137
49
110
111
114
131
204
211
110
91
116
74
80
90
128
108
111
123
122
125
126
60
112
93
44
147
83
93
115
120
78
102
92
77
121
103
34
46
128
155
120
68
80
73
88
112
127
192
78
71
58
99
8
98
90
90
126
125
90
101
104
106
128
90
172
31
51
187
88
132
83
78
26
66
165
123
89
109
212
151
138
102
64
118
128
93
116
89
133
107
107
88
82
89
104
156
149
105
96
95
81
113
88
53
95
84
80
72
167
61
63
6
99
99
94
77
128
120
85
105
120
83
56
153
109
128
141
123
17
75
171
136
99
92
117
103
109
126
111
114
122
140
87
82
127
58
92
106
127
126
100
140
127
14
164
140
134
34
86
98
53
98
120
65
102
86
120
106
91
93
80
98
101
159
87
90
106
21
74
114
100
60
52
119
100
116
122
73
147
86
102
95
151
87
103
88
104
107
75
114
107
98
40
91
122
80
116
146
121
97
14
136
57
74
66
121
89
153
77
90
110
79
68
109
87
39
85
128
63
89
90
87
173
102
60
67
86
60
41
94
28
79
188
161
80
104
69
78
50
121
89
147
89
161
108
85
94
72
98
53
58
142
124
146
109
80
70
85
67
53
29
41
41
103
95
106
99
147
65
87
19
140
126
95
155
115
76
106
109
92
77
81
97
147
123
64
167
71
31
23
12
116
70
118
27
89
52
145
45
54
58
54
54
73
7
69
95
39
67
53
106
67
61
66
86
93
69
50
104
65
61
87
28
92
92
32
55
78
35
107
70
51
120
90
99
67
134
14
62
55
36
2
92
15
60
73
88
66
91
69
53
59
37
75
100
49
67
103
129
66
163
66
95
77
98
76
69
14
63
85
82
65
148
9
106
113
108
99
117
86
72
59
51
78
82
55
47
26
112
97
81
43
98
80
82
50
70
119
38
74
95
108
33
67
85
52
60
55
59
76
93
90
77
64
47
34
64
71
46
59
39
48
49
40
50
37
16
101
39
32
68
53
35
52
51
47
22
30
37
38
39
42
29
40
16
29
12
52
73
109
