61
56
47
46
55
64
68
67
67
71
46
56
47
51
44
39
44
66
54
46
31
63
52
59
43
56
41
39
54
43
44
62
41
54
54
70
59
50
36
40
47
34
69
62
70
71
39
30
79
75
28
26
40
57
72
42
46
56
51
42
41
29
49
57
87
34
43
58
72
68
53
73
55
59
57
49
57
64
59
68
59
26
39
33
61
65
47
57
75
53
39
56
56
50
56
134
52
113
69
11
64
53
49
66
43
100
49
86
75
81
83
61
68
92
90
89
85
90
75
66
88
95
90
107
85
109
98
57
37
54
65
101
90
105
105
121
119
97
110
107
103
71
82
120
104
115
68
88
80
82
89
78
61
87
80
91
73
69
94
77
86
106
101
75
96
71
105
65
108
96
117
85
111
84
105
95
94
115
110
124
92
100
104
103
82
77
81
44
53
34
42
41
40
27
67
59
61
51
86
75
13
90
106
116
109
68
85
86
103
92
67
108
80
113
105
107
75
78
71
73
109
129
104
61
83
83
65
86
102
104
85
80
74
54
108
79
108
86
54
61
78
88
116
45
110
85
97
89
120
106
83
90
78
93
81
94
83
53
119
121
108
103
112
67
50
45
48
50
53
36
40
48
46
58
63
41
77
53
53
40
68
33
55
41
71
57
49
42
77
104
79
41
73
76
36
62
68
82
99
59
75
88
73
87
121
108
70
40
104
78
92
38
103
76
59
34
47
98
92
45
31
106
47
55
76
73
93
107
92
51
94
57
18
31
77
66
57
61
70
43
51
69
105
94
83
72
71
58
18
16
7
56
62
62
76
57
76
109
88
88
109
101
106
86
86
65
73
78
104
53
74
78
37
30
87
81
115
112
78
72
37
162
162
137
19
58
34
77
57
120
100
98
97
98
71
68
118
40
181
65
82
97
69
98
88
93
70
94
70
76
66
57
68
35
154
74
74
79
111
94
71
127
139
106
171
94
49
59
90
89
77
70
45
87
77
63
61
74
66
59
78
89
27
95
132
71
111
115
90
80
106
86
110
66
64
103
100
95
83
82
55
30
102
186
111
48
85
93
66
75
79
86
67
72
95
98
107
89
84
76
96
66
74
132
92
89
63
29
77
99
146
100
95
92
109
63
4
55
82
118
159
181
175
165
179
64
56
40
92
72
63
57
191
244
-1
164
58
146
127
61
83
98
85
89
86
76
92
85
33
73
88
83
82
72
94
34
87
140
155
63
62
64
47
47
69
52
61
83
79
72
84
115
64
83
1
34
84
99
119
84
77
89
89
80
75
21
63
26
97
90
94
81
71
64
66
65
80
43
75
75
52
68
84
58
55
56
139
107
79
77
90
139
28
10
81
72
12
45
73
63
58
101
140
71
131
93
152
136
74
74
63
71
78
81
72
68
97
60
97
145
6
58
42
32
86
141
51
59
71
78
52
81
47
48
60
75
28
70
75
80
65
61
56
45
77
39
53
54
55
72
60
68
140
133
68
141
92
62
55
37
100
75
71
85
100
115
105
97
103
112
89
103
105
52
61
67
98
49
51
87
82
163
122
116
144
43
117
70
74
80
79
75
86
174
84
67
75
52
52
47
59
42
77
166
94
98
144
91
49
57
55
55
78
68
55
47
145
48
88
75
87
73
68
84
80
91
87
95
50
57
21
128
61
135
69
102
79
79
82
92
100
50
75
64
87
59
83
90
67
72
66
27
49
60
73
43
46
95
80
71
163
78
101
96
84
80
76
88
62
70
37
45
43
72
53
52
122
130
97
36
26
30
142
80
90
83
81
73
88
78
57
65
80
84
72
58
53
102
74
67
59
41
47
56
84
74
87
58
71
72
82
45
84
75
73
87
78
99
87
71
58
48
56
41
105
56
60
92
83
41
56
58
36
61
81
78
75
73
73
89
81
100
36
53
47
73
80
57
66
54
76
48
86
131
53
63
69
67
62
84
90
69
84
54
95
75
78
70
103
81
115
110
94
48
55
64
81
97
104
72
89
41
138
76
98
77
97
75
75
153
72
63
29
65
73
86
66
85
136
116
117
39
100
75
63
66
62
59
55
84
129
70
100
109
79
35
14
93
77
74
80
50
48
50
51
65
76
88
61
41
40
69
14
74
62
58
49
88
112
94
67
58
54
84
79
34
125
90
64
74
133
58
75
52
70
84
62
72
74
74
82
105
47
80
68
82
70
47
78
75
80
52
54
90
67
69
84
68
70
65
45
34
43
38
55
56
57
56
90
49
41
6
69
86
93
57
74
60
96
112
63
81
123
68
73
90
87
73
34
60
61
90
69
62
67
65
57
64
52
56
68
71
73
57
81
144
49
102
74
54
58
85
59
18
86
56
68
39
66
67
61
56
63
37
73
64
57
64
62
50
59
61
66
53
38
52
48
30
81
72
93
47
26
48
63
72
62
52
65
51
74
62
46
37
45
115
70
59
141
55
107
100
55
62
76
60
71
60
83
72
12
78
42
44
51
64
53
50
44
59
64
62
97
71
66
36
81
77
43
66
64
61
82
54
48
53
57
39
124
53
3
79
93
60
61
60
69
48
36
72
65
74
51
95
133
57
67
56
56
50
38
68
53
53
39
52
124
101
82
92
27
45
39
49
49
44
51
75
128
58
14
61
54
61
76
43
86
117
66
74
55
42
49
79
56
30
70
47
18
19
6
47
59
55
29
42
87
70
23
58
38
102
30
51
13
84
56
37
53
25
65
34
54
57
56
62
74
75
54
44
51
54
35
64
44
27
45
58
88
71
53
43
42
53
49
50
68
13
49
43
28
2
61
20
44
29
37
42
74
52
38
35
40
44
68
40
50
33
60
45
64
36
53
34
56
43
54
14
47
67
51
50
61
7
56
49
53
61
53
38
47
45
43
49
40
36
45
28
66
62
39
35
54
52
47
41
55
58
33
56
70
59
45
67
48
45
47
39
51
54
50
46
43
40
40
25
39
33
44
39
47
23
38
24
38
28
14
57
28
26
42
30
26
35
39
42
16
24
26
32
31
34
22
35
25
23
13
22
47
59
