95
71
80
77
80
111
94
81
103
92
75
92
68
70
66
64
76
70
77
65
61
109
70
68
47
57
43
40
56
59
60
85
58
99
44
59
50
43
30
34
36
35
41
36
32
39
20
12
39
35
15
12
23
31
46
31
34
56
41
80
81
79
47
95
142
17
90
104
110
131
104
145
107
118
116
92
102
114
55
125
138
62
100
109
103
112
91
73
117
138
63
65
144
52
47
46
78
112
93
17
72
101
80
125
69
183
59
127
173
146
152
103
117
166
163
177
144
164
110
98
243
211
162
195
148
238
232
89
59
85
101
216
232
257
269
269
233
237
288
301
319
136
159
343
317
325
250
269
132
136
126
177
144
177
238
230
151
155
163
132
211
239
236
145
217
132
207
146
261
217
303
296
319
192
239
251
224
286
292
301
257
279
296
247
94
140
143
117
93
52
71
60
66
63
114
108
141
83
170
100
21
243
238
227
285
156
223
213
229
289
87
310
225
352
343
358
135
153
151
136
99
145
93
106
132
201
114
178
226
220
191
59
130
123
313
137
229
177
90
119
122
228
265
56
344
324
349
273
278
268
166
321
218
206
244
148
204
94
290
318
285
284
292
149
93
64
61
58
67
41
47
47
48
63
72
49
132
69
69
44
177
37
84
72
127
116
91
58
198
325
125
68
120
184
99
42
148
162
102
111
244
202
124
159
312
100
178
132
264
159
325
80
294
225
166
95
134
262
282
75
40
348
83
86
177
118
260
268
62
84
210
158
59
59
210
130
77
135
105
54
58
112
238
212
227
219
192
116
32
42
14
112
146
206
148
69
116
336
281
208
228
175
228
228
120
143
178
187
353
111
148
152
74
38
248
156
259
301
259
225
57
140
146
132
10
92
68
188
140
325
262
157
155
156
150
125
133
134
168
139
221
233
147
208
225
295
170
257
195
178
159
142
155
55
177
171
141
307
282
266
174
167
170
233
180
254
161
172
184
184
133
100
109
241
176
139
117
184
92
83
178
264
110
270
48
121
159
333
185
193
276
186
255
123
118
157
191
252
206
97
118
45
273
96
309
85
301
215
134
182
159
173
137
158
227
270
336
243
271
198
254
128
175
188
274
204
146
101
171
183
204
34
248
353
219
152
5
94
197
80
71
106
101
82
108
40
34
13
41
25
57
42
49
72
61
73
167
136
132
169
218
409
435
301
318
175
321
229
56
229
235
227
225
193
187
64
223
147
145
192
192
186
132
130
181
167
144
208
178
192
170
114
184
188
3
65
274
67
149
292
219
231
234
254
215
13
110
62
243
216
219
217
190
197
185
146
251
335
607
318
234
188
238
165
176
163
204
148
200
180
193
74
38
23
27
166
18
70
65
158
125
230
133
217
111
287
128
150
183
382
104
68
228
435
504
428
253
129
241
127
26
63
39
22
264
148
157
186
247
416
305
235
157
165
233
378
23
482
447
372
550
-1
593
409
415
305
304
349
376
382
165
222
140
162
219
107
367
216
483
109
272
449
230
225
335
334
269
341
298
121
115
295
141
149
190
197
286
143
316
253
320
131
137
130
161
161
163
199
234
231
236
228
189
134
380
148
202
275
274
128
122
78
193
123
213
142
157
203
82
149
144
69
229
172
97
66
231
170
312
293
291
206
189
297
265
287
203
274
97
101
25
169
366
97
183
120
153
140
162
222
122
100
222
209
246
94
265
290
49
192
330
51
98
162
140
347
259
369
145
190
121
234
434
437
321
289
174
245
63
137
55
168
105
201
246
108
182
171
287
97
31
33
122
90
242
219
406
382
381
359
396
171
233
188
168
132
137
130
239
233
128
139
76
76
243
330
243
403
157
157
222
67
205
207
194
301
227
44
363
229
147
465
74
277
91
87
294
319
256
127
76
108
20
278
272
181
198
363
481
208
265
244
445
140
275
144
245
150
182
78
344
98
206
91
143
92
307
377
163
166
292
198
277
121
274
183
264
249
255
281
155
155
133
270
245
124
288
239
179
203
308
118
146
255
243
352
290
186
339
118
268
419
283
115
226
169
156
234
182
223
223
214
193
202
34
141
126
125
202
125
102
393
106
127
185
78
5
61
257
198
206
87
88
93
225
171
201
297
178
399
198
147
17
165
155
143
259
245
125
63
191
216
201
129
326
89
62
197
393
257
102
303
29
461
170
289
231
232
115
268
275
155
115
314
161
185
240
304
323
210
228
157
422
150
233
215
292
293
265
281
127
83
187
377
379
152
159
177
202
127
109
18
212
174
179
137
237
174
137
149
158
110
59
346
202
289
325
204
7
32
116
230
289
163
194
186
232
253
195
138
244
261
244
216
322
82
184
164
116
106
193
181
190
28
163
109
225
135
158
117
35
270
183
252
276
262
152
285
317
175
156
260
265
115
66
175
83
100
69
224
115
140
69
102
212
224
117
353
156
332
188
163
99
87
117
97
247
162
111
105
136
194
32
193
157
228
176
133
169
282
28
229
415
224
161
123
178
82
120
153
143
184
94
280
183
111
159
225
145
171
177
170
226
141
164
409
251
359
69
225
4
126
249
174
180
223
136
119
115
227
212
175
235
245
85
169
194
150
290
129
105
186
136
123
64
134
89
122
145
47
64
110
104
88
152
84
168
166
105
342
23
121
181
172
142
103
133
155
148
113
110
193
204
215
143
42
85
155
14
58
9
81
174
174
106
152
115
132
257
81
74
51
257
65
23
125
203
79
119
43
193
195
133
85
202
330
88
55
94
82
107
202
36
112
95
66
119
118
44
133
121
95
81
157
111
107
150
190
120
80
216
0
184
103
110
90
57
98
156
207
90
79
44
128
157
124
97
49
105
116
112
124
193
67
178
85
109
14
142
152
164
91
102
25
94
92
84
101
87
135
156
143
144
110
84
51
51
27
137
98
52
63
154
93
138
117
103
74
76
100
111
140
48
84
55
116
116
126
114
117
127
121
89
86
116
37
122
79
122
111
89
69
99
90
87
85
37
101
81
66
92
93
57
77
98
92
76
35
45
75
71
82
76
70
54
48
27
75
119
151
