199
150
203
190
135
177
163
151
147
132
186
141
201
134
207
158
215
131
122
131
82
166
143
103
98
91
77
78
96
97
172
95
63
139
63
77
65
57
59
70
93
85
53
50
49
44
40
28
40
37
32
30
27
51
48
42
52
57
50
182
137
0
23
132
111
23
138
124
103
81
93
78
89
95
64
86
63
81
91
59
114
58
70
43
72
68
126
110
133
42
114
107
70
25
29
66
102
96
48
2
167
577
424
402
-1
182
456
264
274
264
266
257
337
226
201
204
243
224
286
228
235
199
206
231
213
221
204
284
215
399
285
202
209
200
195
167
156
225
140
137
144
250
212
159
130
157
72
149
225
238
226
252
278
217
204
227
314
178
219
205
218
174
180
208
184
235
147
117
169
178
146
164
136
157
179
212
154
134
165
119
194
163
143
165
210
263
215
255
525
304
298
301
357
296
253
276
209
208
109
248
154
185
120
152
125
121
166
203
149
192
218
146
171
153
156
142
211
172
187
157
130
125
123
61
188
163
229
198
142
170
177
145
199
283
139
133
125
159
223
208
202
177
127
197
135
137
127
185
111
111
121
123
143
176
139
197
124
152
151
135
140
137
123
138
197
295
265
267
278
311
274
284
261
317
251
287
224
250
248
225
200
239
261
308
179
220
212
299
162
162
101
93
190
183
205
74
152
86
142
136
156
116
189
156
139
40
190
173
140
179
155
43
158
155
43
23
92
125
100
253
162
131
177
205
191
162
136
144
86
151
141
158
61
188
199
86
59
97
101
153
196
177
145
148
130
132
166
108
22
13
14
84
84
109
99
144
215
150
124
80
173
133
134
141
173
105
83
97
127
178
93
132
174
220
156
142
99
114
132
125
219
76
69
83
30
82
93
75
91
120
150
143
144
143
173
89
90
115
85
135
151
124
86
120
127
145
206
145
138
122
123
106
98
64
86
75
84
137
121
113
125
94
77
127
65
133
105
124
121
124
115
88
210
140
99
115
141
82
97
112
196
133
0
110
36
121
98
100
128
119
114
95
125
135
136
97
93
115
83
104
143
127
100
42
123
143
106
107
74
114
123
79
126
60
150
100
109
78
149
83
132
72
100
84
76
70
56
5
110
107
79
51
112
102
103
48
149
89
78
63
40
42
47
37
46
47
49
8
47
40
74
54
44
39
43
60
56
68
56
47
115
146
129
97
103
111
102
105
83
93
76
92
69
61
111
145
114
69
53
54
50
55
31
47
61
46
55
97
96
82
76
79
108
78
114
95
99
47
71
97
88
68
73
77
65
20
204
176
108
109
102
97
43
43
44
47
108
108
66
55
64
67
83
44
43
44
79
65
69
66
121
38
6
4
29
55
8
138
76
55
90
124
69
80
67
90
67
58
77
137
88
82
78
99
99
103
122
141
82
69
9
114
86
53
85
57
31
44
64
81
102
86
118
115
140
90
78
80
78
25
68
69
73
89
92
20
87
15
13
101
163
114
56
55
99
57
58
99
64
58
91
84
138
142
80
92
93
97
84
61
87
85
59
40
44
133
93
31
59
83
101
55
50
59
61
42
69
69
82
61
67
68
70
42
95
101
46
80
86
88
87
100
57
38
93
58
60
87
46
47
53
78
82
42
104
118
71
48
81
73
83
50
49
86
72
57
79
66
65
71
191
57
27
26
83
54
79
81
90
85
62
108
87
87
71
56
77
97
46
112
45
89
180
101
139
52
28
92
76
118
49
83
100
111
103
78
66
105
124
115
67
41
37
70
52
77
64
58
81
59
79
69
47
87
71
72
66
84
74
70
69
78
71
70
54
69
34
59
84
114
91
46
112
131
105
71
118
80
57
61
82
53
91
67
63
95
70
22
71
78
81
52
91
49
61
0
81
58
77
35
97
73
25
51
85
72
79
81
84
64
64
60
51
96
31
93
82
44
55
133
66
140
105
55
85
112
56
46
64
94
85
89
92
42
83
52
65
68
59
87
64
65
85
34
40
109
60
74
73
61
88
26
57
77
50
74
88
111
62
48
63
41
9
67
83
50
74
78
65
64
64
5
56
47
37
96
66
58
69
78
47
42
60
58
68
72
39
19
67
86
73
64
64
59
44
74
69
102
39
47
26
51
3
63
61
50
67
53
67
61
61
93
133
66
93
23
35
117
34
80
47
52
18
42
85
72
52
55
116
89
65
49
43
57
98
47
60
62
66
62
60
57
48
46
67
89
67
66
53
58
47
99
67
40
82
39
36
36
94
36
23
7
53
44
48
58
73
81
43
56
84
56
42
67
71
59
78
66
16
26
119
68
56
51
61
54
68
63
70
56
75
92
47
47
71
34
42
65
93
109
56
77
86
2
86
109
78
25
42
60
33
44
92
17
65
57
63
59
60
52
44
55
76
93
66
69
110
21
34
57
56
35
38
109
54
91
78
54
105
49
49
56
159
57
88
57
50
48
42
73
44
53
40
59
72
44
75
115
67
50
12
84
40
29
49
66
45
99
36
46
85
44
44
56
38
0
46
76
31
48
48
44
113
80
31
44
62
44
35
49
20
41
83
100
51
52
25
37
32
73
47
88
48
70
62
42
59
39
60
23
39
86
86
76
52
43
36
44
23
40
25
33
33
78
53
88
45
97
36
73
23
86
73
49
83
103
40
47
66
51
41
45
67
82
70
77
94
56
0
21
2
82
42
86
17
57
33
81
0
30
31
34
8
50
0
38
58
21
51
103
58
29
35
35
50
70
34
30
49
47
62
49
35
68
75
34
33
61
24
85
40
31
76
49
74
44
81
0
38
31
0
14
58
4
35
55
56
40
77
46
35
49
26
36
73
31
34
151
64
35
94
37
52
54
50
57
43
17
56
49
48
39
93
8
68
75
75
75
47
45
43
38
33
67
79
32
33
22
70
56
57
35
46
53
49
39
41
70
22
59
47
65
22
32
61
34
35
29
33
37
49
43
39
44
29
23
37
48
29
36
22
30
35
26
30
25
12
65
28
23
44
27
13
39
26
26
7
23
18
21
21
28
9
25
14
21
8
48
65
77
