133
94
92
91
110
134
118
116
139
122
73
109
66
71
68
60
77
102
99
89
53
83
72
72
48
57
36
53
63
59
57
73
54
100
60
59
54
41
31
33
29
28
45
51
41
40
20
14
26
38
10
12
21
40
35
30
28
54
28
93
145
26
20
161
155
18
105
156
193
186
153
205
168
165
151
159
159
165
104
188
164
133
109
112
165
164
142
120
197
178
113
90
201
35
20
63
99
88
44
3
77
96
68
138
51
175
61
143
171
123
166
104
144
171
135
134
157
169
89
87
228
193
157
206
158
191
202
101
69
83
114
221
237
218
213
219
233
154
240
231
227
91
163
259
249
253
142
186
135
101
96
107
97
124
170
148
151
110
171
118
148
204
198
115
200
137
148
133
214
187
221
206
246
166
196
243
181
231
208
235
177
202
239
172
118
112
155
77
75
54
63
54
55
67
99
107
147
86
131
75
10
218
168
187
214
137
160
184
168
183
91
247
156
261
256
254
166
177
182
214
117
131
102
68
152
132
140
163
232
150
177
97
125
111
234
228
172
142
78
116
122
224
236
55
281
236
227
159
240
220
136
235
190
184
206
135
116
79
232
239
231
221
242
123
90
60
54
50
61
28
38
41
41
64
56
41
92
62
65
38
168
43
73
55
116
79
105
48
177
216
118
117
83
120
107
55
166
205
121
118
226
139
115
187
237
49
161
78
227
179
216
119
212
228
199
106
138
205
186
90
52
229
96
70
134
150
311
250
87
141
148
174
62
66
189
162
142
176
158
73
69
80
208
181
204
235
176
151
43
55
10
142
230
285
205
90
143
264
213
155
191
129
222
218
110
95
247
251
278
104
230
200
66
29
166
123
202
215
253
177
71
139
132
122
3
130
129
239
155
252
201
126
126
127
128
167
126
117
144
187
191
156
136
246
172
187
140
188
161
162
145
140
247
59
134
218
219
252
224
209
157
140
144
218
146
192
120
130
215
215
146
93
94
177
281
164
156
164
92
62
172
208
102
216
38
134
145
230
209
255
224
162
221
193
185
130
167
226
130
88
145
37
220
76
227
38
253
203
202
210
181
199
115
245
184
220
238
367
234
257
210
184
248
144
395
325
222
113
230
134
136
31
185
330
188
229
13
127
265
61
49
85
71
64
69
41
39
5
44
14
74
45
41
51
61
83
211
108
120
217
148
211
238
414
429
248
338
229
95
214
343
309
309
229
142
58
145
121
94
235
240
231
172
151
230
197
229
220
212
297
267
136
211
275
5
76
304
73
103
286
347
352
346
408
351
5
115
61
284
296
294
257
254
248
241
212
156
186
161
152
114
255
356
202
190
189
157
118
302
257
126
48
7
4
21
218
24
34
65
227
80
196
104
257
87
343
113
143
245
163
122
102
393
194
178
140
174
118
175
133
26
56
38
29
348
123
173
194
132
141
152
122
81
76
90
193
20
239
238
191
164
180
117
62
95
124
148
197
193
78
101
209
114
120
235
87
157
187
195
120
335
250
147
154
139
147
156
180
160
117
145
150
103
177
213
127
222
183
139
294
216
125
133
100
149
146
132
377
338
364
384
370
171
104
256
195
107
97
109
75
120
63
329
101
295
105
150
140
114
168
218
69
331
243
132
70
176
103
316
269
307
332
276
299
124
150
142
162
119
133
30
135
171
55
277
104
143
120
142
165
107
134
209
199
342
122
371
294
58
190
121
54
86
76
152
138
89
260
192
204
109
298
291
272
239
141
270
195
70
158
51
229
120
224
77
62
148
145
385
68
22
27
119
119
393
393
256
290
281
254
160
284
125
249
249
159
201
78
295
238
87
130
71
82
273
163
190
202
209
241
320
98
198
302
261
303
407
30
292
206
190
138
96
97
63
32
203
315
297
130
93
74
19
202
356
307
103
204
230
118
158
136
163
118
133
188
258
198
230
99
275
97
233
56
124
86
166
181
201
128
235
238
319
165
318
288
109
98
153
346
132
142
108
106
113
132
144
146
150
305
263
126
103
274
165
240
207
147
251
95
132
178
78
162
291
238
211
333
146
176
176
131
131
304
33
107
160
197
130
92
100
173
105
101
284
59
12
33
141
163
359
90
93
110
294
301
355
225
264
136
203
194
3
270
245
242
169
151
93
86
293
107
113
100
322
109
57
155
142
319
74
177
27
172
128
235
282
310
125
196
268
119
145
301
79
133
94
135
229
406
395
269
150
134
259
201
289
230
250
247
180
94
88
119
146
244
250
253
158
160
149
16
376
100
122
206
317
225
130
131
134
89
45
246
198
256
286
183
6
44
118
201
281
276
231
303
146
187
171
163
293
139
248
173
327
66
56
154
138
123
84
128
189
6
160
122
338
165
96
141
38
178
139
121
264
230
158
201
201
160
291
195
195
63
109
180
98
95
77
218
104
170
98
96
345
122
139
145
116
101
119
178
89
154
112
82
278
198
95
91
128
172
33
288
150
141
286
105
94
207
39
207
142
103
179
121
282
75
157
237
76
309
84
211
315
20
122
248
77
296
284
275
183
80
191
141
164
134
48
268
7
82
212
75
-1
323
119
169
144
152
244
115
134
196
111
247
276
232
109
170
135
195
109
75
91
180
71
104
111
40
75
117
118
81
159
82
120
87
90
175
31
122
109
195
164
69
143
120
236
92
89
64
103
236
189
32
102
78
3
70
4
74
234
131
130
130
84
124
67
71
53
59
109
77
2
111
314
35
187
33
310
114
163
49
222
171
62
46
101
122
139
273
50
125
91
62
148
146
28
123
181
130
81
183
86
160
228
41
67
48
66
0
195
112
121
103
65
136
114
151
123
43
50
191
88
149
152
47
125
175
131
73
201
108
212
85
203
26
113
172
161
131
129
34
158
154
163
154
100
143
163
126
110
148
139
42
56
33
213
79
71
55
173
124
201
160
173
99
78
124
105
139
39
102
92
168
191
190
178
95
176
128
117
114
167
50
142
117
163
170
130
94
149
104
139
106
50
143
93
88
136
132
69
123
117
159
76
76
70
134
105
117
48
118
67
73
50
88
151
156
