133
117
99
97
112
156
141
138
148
152
99
128
94
95
110
88
115
143
117
94
55
137
115
101
76
112
62
61
87
84
108
105
82
137
79
86
79
60
48
54
54
59
67
62
59
65
40
29
56
61
30
27
45
59
65
45
42
87
65
87
113
41
31
129
177
38
109
125
144
133
119
140
114
125
118
114
109
149
81
142
148
71
106
130
112
133
109
121
142
131
90
126
149
53
28
71
124
116
65
18
105
177
128
234
139
315
127
268
257
297
310
228
247
275
250
270
236
244
159
145
278
272
238
290
219
294
273
190
113
143
162
337
305
304
316
302
305
246
282
268
238
178
255
284
260
294
152
209
214
292
261
276
245
278
260
279
189
133
268
247
238
291
284
261
341
167
267
209
313
310
323
310
278
241
279
257
241
257
324
293
254
311
257
207
208
247
198
143
169
130
128
103
106
102
163
128
166
165
184
162
68
230
205
287
277
205
287
284
328
288
227
266
214
304
284
285
189
136
138
165
184
180
146
94
246
167
172
211
276
201
322
114
198
152
269
153
300
245
246
136
218
263
285
100
284
266
252
314
268
249
218
213
171
189
202
239
167
197
328
310
316
315
274
202
132
105
98
121
104
65
79
91
83
109
119
87
129
127
103
106
193
77
170
113
162
180
131
108
222
281
157
80
153
177
153
75
157
182
173
116
228
161
212
143
288
63
216
145
264
307
313
76
279
203
140
64
162
274
215
165
101
267
122
133
166
182
250
231
113
117
260
186
79
75
232
136
103
153
144
99
133
237
344
314
246
205
213
146
37
40
10
92
136
152
152
145
155
272
235
191
308
173
256
236
188
179
164
175
259
159
180
181
91
54
231
201
227
245
240
167
94
138
121
137
23
90
85
162
109
256
329
202
203
203
134
157
141
183
190
183
193
268
178
217
257
266
193
263
178
159
158
174
169
90
154
156
143
204
303
280
155
176
147
250
154
306
119
128
177
181
128
120
160
196
189
137
133
189
242
165
301
324
99
240
51
154
155
262
190
181
268
223
298
145
146
135
170
207
154
155
148
80
227
86
264
60
229
201
170
229
237
160
168
133
209
224
248
177
219
192
312
187
181
157
201
168
126
111
193
167
167
58
246
249
214
125
36
118
172
82
73
89
80
69
96
70
56
7
81
28
84
62
50
67
73
106
133
133
114
128
159
238
219
211
228
221
221
212
90
230
197
244
186
153
227
95
217
134
109
125
122
125
102
90
158
105
138
233
227
170
193
173
226
192
18
59
245
89
127
192
170
169
210
211
149
22
174
105
248
226
210
200
128
116
119
132
170
174
165
163
105
145
189
120
109
112
158
120
168
159
199
67
15
12
39
125
10
66
104
139
178
248
140
173
120
182
116
135
157
178
134
107
177
191
165
137
270
147
208
133
13
84
64
50
225
130
114
123
122
154
180
188
131
118
119
179
40
174
184
144
164
140
129
88
138
90
160
109
116
114
154
250
129
125
247
107
165
170
156
115
223
179
158
175
143
166
206
185
165
123
156
160
134
104
123
143
209
127
150
169
239
117
119
110
136
153
156
179
169
168
187
180
172
111
212
177
137
155
149
108
188
102
159
106
210
113
152
200
71
135
133
88
174
138
128
100
189
90
199
173
222
148
128
206
121
137
158
156
127
118
70
130
158
54
165
104
215
212
222
226
130
151
174
161
194
119
183
205
74
215
104
60
157
130
-1
117
119
207
176
152
95
203
236
224
248
152
190
223
114
154
63
126
99
194
102
113
153
153
203
98
65
56
121
104
179
181
204
194
216
180
148
153
139
183
173
133
121
107
203
235
107
141
157
168
200
181
207
181
143
146
196
99
194
167
133
207
172
44
204
189
149
126
130
104
106
38
148
181
175
95
103
135
36
141
198
187
149
186
194
140
144
134
107
142
134
177
206
116
124
150
180
113
194
89
117
138
162
132
152
173
239
207
211
119
206
136
131
121
150
212
148
144
152
109
119
148
146
172
188
168
218
106
117
178
154
171
235
215
176
123
144
130
82
127
174
162
200
181
119
160
157
100
126
147
51
167
128
169
155
135
112
149
119
119
178
100
27
36
149
184
182
92
94
96
139
166
167
242
128
106
123
174
8
173
171
157
156
149
141
103
163
130
149
128
221
74
70
276
130
206
97
125
34
119
159
163
170
164
198
223
203
112
114
187
121
141
105
135
181
165
162
122
109
145
186
199
193
163
154
160
105
108
123
86
137
145
127
120
209
111
103
6
154
129
119
125
191
130
110
149
194
120
62
184
125
179
230
132
18
58
178
179
141
142
189
149
166
175
139
159
193
170
131
125
193
77
76
148
121
114
101
159
186
12
250
157
181
85
115
127
53
136
110
95
161
136
177
174
145
143
130
159
187
122
67
178
114
58
84
196
127
117
82
115
175
127
164
132
198
109
138
136
153
87
93
116
170
118
91
134
120
155
61
149
148
118
153
131
134
159
35
175
84
86
109
132
171
149
121
128
105
137
97
156
137
21
133
190
66
148
151
142
216
99
113
103
154
107
64
137
13
97
209
147
152
157
97
121
99
141
145
181
111
189
114
141
154
123
142
102
117
199
170
143
145
108
85
103
83
59
52
87
85
94
97
142
106
133
111
145
22
161
122
145
158
128
121
126
160
89
118
76
107
207
156
63
152
75
18
35
7
166
123
145
79
130
79
178
46
74
66
81
80
70
9
132
156
41
126
56
153
109
122
59
118
147
84
91
97
109
92
134
50
123
115
54
83
126
35
118
116
92
118
133
129
106
155
27
66
57
53
0
143
56
86
88
102
99
132
116
100
57
66
97
104
93
132
71
159
116
242
75
149
82
158
127
126
22
105
139
130
84
161
30
135
119
143
129
131
118
132
95
91
106
97
62
74
31
146
103
94
56
136
118
149
107
105
138
83
126
101
128
41
77
96
98
106
104
123
116
142
111
115
87
96
59
116
84
79
94
80
65
88
72
91
94
32
122
90
76
108
109
64
81
105
93
46
39
67
68
89
80
48
88
40
59
32
77
115
159
