187
157
128
135
150
182
188
178
222
205
111
162
118
109
111
99
127
182
158
115
152
216
145
136
76
117
72
80
104
100
104
126
104
162
117
120
109
79
52
66
59
58
118
116
93
96
51
33
87
90
37
24
51
73
104
54
56
109
71
100
134
170
114
163
306
77
115
143
187
214
147
249
164
166
186
136
158
200
109
226
201
98
122
159
175
160
116
125
203
189
102
119
202
121
75
99
140
220
196
38
116
187
168
336
119
510
160
296
371
340
340
206
291
413
367
355
359
386
225
215
464
435
415
496
339
448
490
216
210
159
248
497
500
530
544
582
618
521
641
756
658
324
450
704
700
692
512
598
313
312
278
316
234
386
461
393
245
303
346
310
364
516
495
220
453
283
466
339
547
490
672
547
688
399
546
457
464
598
593
-1
468
572
549
508
335
266
372
175
156
141
176
139
105
101
212
160
208
177
342
219
61
429
471
502
619
366
465
406
477
454
195
636
341
632
602
605
238
262
214
231
224
307
251
245
328
307
249
293
510
509
372
181
268
176
646
223
458
338
179
191
266
449
619
123
712
515
548
455
664
606
321
570
352
327
308
314
366
179
592
614
584
568
657
307
146
126
125
139
135
84
106
107
89
123
170
90
241
138
140
126
331
102
196
126
301
205
143
120
384
533
264
88
265
365
180
87
262
292
237
213
373
330
270
273
631
233
329
229
513
319
536
117
589
397
230
120
223
522
486
184
117
631
137
151
251
219
364
382
137
124
456
305
123
99
345
209
141
209
226
129
127
299
445
423
423
317
334
164
43
64
15
166
200
222
231
184
196
656
481
405
432
355
416
345
311
248
263
285
646
196
248
267
102
84
514
297
612
573
336
354
97
308
302
269
41
131
103
259
191
697
453
400
402
403
274
210
241
314
350
209
331
457
260
377
350
488
252
474
303
293
269
213
224
126
373
229
221
339
619
476
256
301
362
545
347
508
227
226
301
303
231
224
221
380
286
178
159
379
215
166
334
486
231
505
83
237
321
665
324
286
539
404
545
208
194
299
373
435
417
173
169
80
570
204
484
152
455
375
191
264
249
260
290
214
386
521
519
356
326
278
427
215
249
388
397
316
200
207
261
372
382
79
493
443
485
222
49
129
257
127
140
172
176
162
182
76
61
19
83
48
110
64
78
132
124
164
208
229
224
227
342
334
337
374
378
305
377
319
86
315
357
339
324
244
366
137
495
265
237
254
243
233
180
168
237
215
195
313
288
238
324
229
255
247
19
78
386
117
250
365
259
326
341
359
299
24
192
94
375
356
323
331
243
238
238
200
324
258
337
287
158
205
319
236
218
197
369
294
274
228
303
119
63
45
44
203
36
181
143
221
193
474
221
261
179
335
245
292
225
282
170
150
301
386
356
309
465
188
541
253
22
89
61
65
313
257
192
223
215
321
254
278
146
133
178
308
38
341
361
410
252
301
263
206
289
247
267
373
325
233
167
293
278
247
282
184
367
280
294
117
375
333
220
243
368
381
402
372
420
206
253
368
229
191
236
326
547
159
197
304
394
270
248
202
295
220
293
290
307
305
310
291
335
264
300
218
278
223
210
119
172
126
291
255
331
241
301
377
139
212
212
115
288
258
188
137
402
266
397
342
401
288
247
380
295
358
253
325
136
149
68
254
351
165
280
190
328
306
353
415
201
186
281
268
342
181
349
375
105
244
290
64
166
301
293
233
156
309
246
248
256
356
417
387
329
302
244
571
119
192
75
182
168
220
169
233
303
311
364
199
83
60
236
181
330
283
409
349
404
343
268
222
252
247
239
155
177
195
295
282
204
200
188
202
378
292
460
298
229
248
305
112
370
276
247
384
288
96
351
298
200
222
173
162
125
226
225
349
329
151
156
238
50
245
354
272
221
316
335
286
324
331
254
150
240
245
356
215
219
166
308
147
310
124
189
223
228
305
195
248
551
246
352
162
397
241
275
249
315
369
275
270
308
255
259
242
325
359
308
262
329
157
233
325
328
328
438
384
310
239
259
280
207
170
291
247
252
314
317
350
346
234
269
254
64
305
198
196
194
227
198
321
176
214
314
191
37
116
276
344
277
121
117
138
262
236
266
471
219
266
249
212
29
245
211
199
242
367
193
140
254
213
144
192
411
108
108
351
292
328
192
265
53
263
310
311
257
308
293
256
388
275
165
310
189
247
216
169
284
293
300
206
294
240
298
278
367
254
291
273
181
118
123
222
214
224
229
235
334
183
182
14
287
217
269
189
284
191
244
286
216
167
106
292
237
338
369
271
21
102
268
414
292
229
266
249
239
222
210
260
259
196
255
205
359
155
153
271
199
175
247
278
230
58
351
204
265
156
190
154
65
222
221
227
283
248
201
264
269
209
239
226
241
206
128
218
115
95
155
289
202
171
102
167
250
164
163
209
231
197
230
246
211
116
154
172
286
195
235
155
224
300
61
254
231
189
271
189
250
291
42
316
222
219
197
275
237
155
202
206
131
255
151
255
222
210
222
315
134
242
222
217
322
130
201
218
219
206
115
253
17
185
415
340
235
284
239
159
149
191
253
250
150
510
197
227
236
216
233
195
141
229
222
249
181
178
158
254
226
75
69
138
141
117
203
135
220
285
189
240
33
222
198
243
232
132
236
274
228
212
191
180
118
300
225
67
216
105
45
61
21
138
222
177
136
169
182
244
127
121
116
99
190
96
54
202
247
112
182
47
273
159
172
152
229
253
123
115
240
129
114
227
60
182
128
84
139
176
65
189
175
126
192
212
146
152
224
103
143
131
128
1
228
128
137
123
168
133
200
218
121
143
71
171
304
151
151
93
213
167
215
134
222
89
211
144
173
28
168
237
239
135
210
28
150
134
156
155
176
208
210
160
161
135
117
87
98
39
205
177
105
99
192
166
169
154
178
223
104
163
221
178
74
167
114
152
159
161
163
186
177
181
136
99
150
62
179
107
141
139
134
91
138
103
122
112
47
167
99
90
147
121
74
103
146
118
123
70
64
110
101
107
93
103
63
72
39
130
152
199
