194
150
157
148
166
211
198
191
218
218
123
170
127
125
132
111
146
196
185
117
106
176
158
133
102
140
89
72
125
116
120
158
116
176
115
126
102
88
66
76
77
82
101
96
75
63
54
28
84
65
39
38
46
81
86
61
70
113
78
126
130
54
63
197
248
65
132
171
208
212
177
238
165
189
180
135
159
228
103
234
254
110
116
166
158
169
152
151
230
157
116
138
200
91
59
87
143
192
103
26
138
268
211
302
197
334
184
333
367
388
405
284
307
358
356
348
345
378
256
229
347
379
374
393
320
466
367
235
194
252
271
386
343
352
341
344
355
305
315
328
348
223
292
360
318
365
184
227
273
286
271
275
291
306
332
417
329
291
423
268
360
330
374
307
367
323
281
277
354
328
334
279
278
308
380
406
330
324
338
314
344
323
324
304
317
376
360
269
232
178
221
192
208
202
300
225
223
191
314
281
139
400
380
334
336
280
259
340
344
326
262
292
292
312
293
284
283
209
179
232
250
263
216
143
390
284
227
365
300
274
296
178
392
258
310
205
292
329
222
194
319
295
315
126
355
265
238
267
323
293
226
258
274
311
253
-1
215
237
372
360
352
336
318
220
169
194
187
201
198
163
186
176
156
194
244
162
246
206
190
173
385
167
266
189
261
243
184
210
266
302
208
108
226
316
214
102
229
231
217
179
270
227
381
228
327
97
260
205
308
295
331
108
305
307
156
72
235
266
287
241
134
276
158
265
291
233
302
327
129
118
263
298
142
160
305
196
145
186
241
125
164
209
367
363
349
256
359
191
47
44
18
124
146
166
200
215
237
326
276
239
331
249
321
289
245
174
209
249
313
219
263
243
161
130
264
270
265
266
246
214
129
199
164
189
46
129
122
205
157
299
359
204
206
204
206
211
193
241
215
207
269
251
193
340
252
243
317
272
272
239
221
244
191
130
200
212
182
273
337
294
226
184
163
322
181
306
157
164
279
277
173
189
251
312
209
203
185
213
215
161
316
290
147
258
62
204
194
279
268
234
302
223
302
217
226
184
221
309
191
189
194
100
271
104
305
137
282
296
186
249
298
211
186
129
311
294
311
203
256
221
312
227
216
188
229
179
104
226
255
207
214
65
242
255
259
122
76
131
189
97
76
92
99
84
90
70
57
19
84
43
109
70
70
82
94
141
119
135
116
155
219
334
264
230
233
272
251
257
78
246
234
298
194
196
249
160
214
156
125
147
133
134
96
130
153
115
118
313
290
169
247
183
210
189
41
90
278
98
129
201
202
210
262
234
186
32
249
178
311
276
250
256
146
127
133
120
259
210
181
239
144
121
213
140
121
112
174
138
170
181
217
65
24
16
45
143
23
139
110
129
161
306
154
216
159
217
140
149
167
203
174
163
190
244
167
230
245
244
222
159
16
121
72
52
234
132
115
135
197
129
187
166
144
128
125
180
49
177
186
203
160
148
120
128
178
144
132
150
149
148
162
259
170
115
277
130
168
216
156
118
282
166
195
216
152
184
200
150
170
124
187
182
161
105
125
281
255
130
132
175
236
141
146
122
162
198
191
178
185
191
211
187
192
137
210
205
109
171
164
128
202
141
172
144
260
103
164
207
85
132
129
120
174
176
170
128
234
98
215
182
243
154
117
254
134
161
191
180
123
140
146
145
163
64
170
114
170
171
219
277
144
210
200
175
202
182
201
227
86
221
99
67
231
168
239
128
100
223
259
161
133
234
269
270
255
155
196
269
128
198
95
129
127
189
103
157
159
151
242
96
90
90
114
150
206
203
237
192
222
192
169
147
142
197
176
145
145
107
214
258
127
126
167
191
259
181
297
142
151
165
208
102
261
177
148
235
182
47
224
210
125
121
148
98
99
73
125
198
195
100
140
156
41
146
237
196
157
183
181
174
156
178
115
139
128
232
195
136
141
168
178
167
271
90
140
197
170
160
150
201
222
197
201
125
265
140
112
106
161
242
148
144
183
73
83
182
130
187
199
163
218
105
131
192
174
175
240
216
162
118
111
167
70
172
180
195
218
200
142
170
167
109
131
145
56
181
151
168
124
148
118
158
125
132
216
135
38
47
147
219
210
134
119
130
160
166
189
233
98
119
191
185
10
179
170
150
165
176
147
141
154
176
186
134
227
81
67
253
151
214
109
107
36
124
155
203
153
181
223
214
188
128
108
197
133
144
92
115
196
177
171
132
150
165
196
180
195
144
136
144
99
125
94
81
132
142
121
137
206
113
106
10
153
132
137
113
193
127
112
138
158
92
61
198
158
174
252
162
21
67
161
200
144
128
194
138
143
153
131
157
202
184
132
119
223
82
80
164
127
122
98
163
190
13
240
187
196
100
88
171
70
120
132
74
169
116
167
153
130
106
111
169
194
116
87
145
140
69
76
202
126
118
80
132
148
139
165
122
254
103
108
134
231
75
103
117
160
111
101
149
123
147
55
160
152
115
186
177
145
160
34
193
101
68
112
109
156
101
127
123
95
130
95
151
122
51
126
207
72
146
139
135
243
98
105
126
175
110
64
122
12
85
233
172
135
146
113
112
92
151
130
133
74
208
148
151
162
115
162
104
106
166
156
107
111
102
90
113
107
53
47
96
107
129
96
143
84
134
119
142
26
162
115
147
194
131
130
143
174
92
121
80
112
221
159
74
152
105
39
36
13
137
113
126
91
94
64
142
35
62
52
67
75
89
21
109
144
50
104
51
158
100
114
63
104
135
83
87
79
80
112
121
74
128
85
69
81
135
52
172
128
94
122
110
111
81
210
21
55
67
52
2
125
71
80
73
99
111
126
97
90
65
57
97
143
82
156
136
164
112
182
59
146
84
158
107
117
27
104
162
163
95
168
40
144
120
143
143
136
141
148
77
76
144
110
64
73
21
178
99
89
49
128
115
147
100
124
155
75
140
111
146
45
85
85
96
94
91
95
110
182
133
112
99
91
37
85
79
72
73
68
95
62
63
76
69
33
164
69
62
119
80
51
87
86
70
45
35
63
65
60
62
37
72
40
43
26
186
154
181
