86
74
77
74
71
101
93
80
95
96
66
85
74
61
77
53
85
85
57
69
54
132
71
60
48
63
40
47
58
60
70
54
38
62
49
57
49
35
36
44
41
38
46
49
50
45
29
17
43
43
21
17
30
38
56
32
38
53
47
67
85
81
31
95
111
20
77
87
92
84
76
109
83
98
83
75
75
92
64
90
81
36
63
55
86
92
73
89
96
77
68
92
72
57
43
49
85
119
87
14
79
106
85
127
88
165
83
154
133
166
159
123
131
157
132
155
129
133
117
110
150
149
129
174
122
184
184
95
55
87
99
182
157
194
197
207
170
203
223
214
204
182
143
224
229
249
175
210
123
178
181
198
152
187
197
214
100
118
146
132
176
172
197
147
235
103
201
112
207
171
270
219
239
173
221
158
184
204
237
250
216
229
186
204
130
138
117
85
108
63
77
65
57
53
90
89
100
97
133
101
21
179
171
197
220
109
248
181
230
214
119
248
149
252
236
250
119
146
127
101
120
142
102
105
121
126
110
119
162
211
220
84
125
105
233
121
261
211
111
98
114
149
219
78
249
234
230
265
226
220
153
195
160
164
120
133
181
101
294
299
290
279
234
145
106
70
68
78
84
49
55
70
67
88
78
58
122
83
78
72
137
69
104
68
123
131
96
82
147
263
120
62
125
161
106
55
119
110
123
82
142
173
125
155
277
115
159
97
179
187
286
57
264
129
91
40
91
255
208
90
50
245
93
82
167
121
164
181
64
98
194
111
27
58
143
108
59
95
89
67
86
147
247
204
205
130
127
115
19
15
3
102
94
94
101
100
119
271
195
156
205
194
147
135
143
132
122
129
242
104
109
132
61
39
193
155
208
266
163
191
70
125
131
131
17
85
60
137
110
240
243
184
183
183
160
110
126
80
173
134
172
224
128
168
208
255
117
255
185
175
168
121
101
72
147
126
124
140
275
261
138
175
172
168
136
292
116
133
151
152
143
78
81
146
125
103
123
147
135
117
147
290
45
214
43
115
155
279
154
124
239
202
234
94
98
134
158
195
191
115
88
58
226
103
210
97
183
158
103
156
162
114
95
120
164
195
270
150
150
142
252
109
143
168
179
153
90
54
152
177
182
46
251
226
185
93
12
84
137
80
87
111
113
90
97
50
44
15
60
30
56
51
50
66
74
77
117
145
135
117
172
142
150
206
203
149
189
177
67
199
142
175
129
133
199
56
276
150
125
109
106
118
88
78
125
100
95
178
160
118
153
144
169
138
7
45
203
66
156
181
101
131
184
170
131
14
133
61
191
140
145
122
113
109
111
112
153
89
192
108
66
142
165
98
115
106
168
158
143
137
222
77
27
18
34
104
11
86
107
105
174
155
141
112
123
206
143
135
143
165
117
75
151
203
158
127
311
103
224
123
6
76
57
50
159
145
94
127
88
193
135
169
116
113
151
196
35
172
171
157
122
175
140
114
142
101
120
113
120
148
123
191
141
169
174
127
153
101
134
82
187
157
105
129
181
219
189
247
206
124
96
200
118
102
105
145
180
99
123
178
241
138
140
141
138
84
146
137
150
138
130
155
125
134
166
138
147
96
97
72
113
99
148
121
137
169
151
127
88
103
124
52
151
122
92
77
181
115
181
183
178
110
109
169
183
172
113
193
98
86
51
139
178
83
158
148
186
188
169
208
128
90
123
112
164
88
154
197
56
176
171
54
97
177
181
111
90
167
128
159
122
132
163
166
161
168
147
193
84
111
40
76
90
165
80
124
169
160
155
92
52
44
135
80
155
128
171
173
158
149
139
135
169
167
140
106
82
127
167
156
139
130
156
140
145
136
215
190
134
120
145
89
163
132
130
197
152
71
145
180
147
180
91
98
126
95
147
169
165
74
84
128
34
141
165
149
170
188
207
210
178
147
121
120
146
108
182
104
110
104
167
77
156
99
86
89
124
150
153
167
222
189
186
107
175
123
169
160
160
183
190
194
176
135
143
90
181
188
178
150
140
81
142
169
153
161
227
212
170
132
189
155
92
82
146
137
144
149
164
166
168
93
165
128
40
125
108
111
182
184
126
158
114
135
146
78
10
61
149
184
153
71
67
64
99
125
130
230
101
139
65
140
11
138
132
129
133
176
139
84
155
129
115
152
197
40
59
209
120
167
132
133
33
124
135
167
136
160
116
180
178
133
113
159
120
145
182
106
158
144
143
103
136
150
156
174
171
142
135
136
109
78
145
142
131
113
108
100
259
98
86
7
131
165
123
103
174
167
117
166
120
140
81
159
147
164
190
137
11
54
131
186
141
111
186
121
126
136
172
123
179
145
132
120
160
91
95
114
133
149
153
168
199
24
208
114
153
64
154
90
47
113
125
130
150
161
165
154
149
134
107
121
145
153
74
173
69
47
90
179
172
95
50
104
146
108
119
147
151
166
169
119
93
81
151
148
142
130
126
115
112
172
49
134
123
108
124
156
178
144
16
139
109
108
101
90
138
122
100
106
112
121
130
122
110
105
127
146
124
114
121
120
143
92
84
88
150
138
82
117
6
123
210
166
115
142
111
119
85
173
144
-1
112
199
113
126
122
102
169
79
83
167
161
220
93
120
111
121
107
90
41
78
78
87
107
92
170
189
118
151
18
100
112
147
120
80
128
137
127
132
124
131
97
177
112
52
131
68
10
39
9
105
111
123
37
139
108
156
83
72
75
68
116
72
19
140
136
75
113
51
127
87
90
96
122
166
110
75
109
113
69
133
33
88
125
53
82
93
50
98
83
82
112
117
146
93
122
66
105
65
72
1
129
38
89
109
74
56
140
132
88
110
60
88
150
72
66
51
96
99
171
128
119
54
106
104
65
17
115
93
102
77
93
5
89
100
101
92
71
98
98
105
102
89
96
52
50
34
109
88
57
71
98
91
101
84
77
86
84
75
117
95
51
67
80
89
71
79
86
87
91
110
83
61
80
60
82
53
70
77
70
39
73
67
66
81
26
80
58
53
100
109
58
65
83
61
56
47
42
46
78
65
82
67
30
45
22
33
83
101
