95
86
71
70
81
103
95
98
102
102
62
88
58
56
71
57
64
91
78
66
42
105
70
86
60
77
53
54
77
73
59
71
50
76
73
86
76
61
53
58
58
48
77
68
70
66
49
31
65
76
30
32
51
63
79
48
59
74
65
62
77
64
51
90
112
27
77
86
105
111
79
115
87
90
98
81
77
103
66
117
93
49
69
59
99
90
81
84
101
80
67
79
98
57
66
98
82
130
96
9
105
79
67
120
57
158
56
137
134
128
132
94
112
143
128
154
126
134
97
92
135
139
128
175
119
163
165
77
36
84
90
168
161
167
182
196
170
185
188
199
188
135
134
191
210
224
149
172
118
127
130
134
94
135
174
166
105
88
154
106
154
170
172
104
166
103
167
116
171
161
211
178
224
140
184
158
158
188
192
233
179
188
188
195
109
119
124
63
77
44
72
57
46
36
72
71
92
68
129
87
11
155
165
162
196
97
170
154
181
177
95
224
133
211
210
216
111
143
103
114
152
181
133
97
121
130
99
120
156
187
151
108
106
95
209
111
179
151
81
88
99
146
184
75
228
173
190
178
200
199
118
183
144
144
121
131
159
84
224
230
226
217
193
108
98
62
65
70
78
52
51
60
54
73
75
54
108
77
74
56
118
54
90
51
106
96
76
60
133
195
113
58
130
129
81
84
114
123
145
93
135
146
110
151
211
178
119
83
168
141
195
53
197
133
86
42
71
196
177
80
45
207
62
66
121
100
149
169
118
89
148
103
31
50
129
96
77
105
104
72
92
110
181
165
172
117
117
99
30
23
9
103
105
102
115
98
92
227
167
145
203
184
156
136
112
109
129
126
227
93
126
124
56
43
167
133
190
224
145
155
51
219
224
200
23
93
60
136
95
214
171
181
179
179
122
109
163
82
306
115
155
159
128
178
152
198
113
187
155
142
120
113
116
60
239
135
103
127
223
193
112
179
223
163
269
203
96
96
153
151
118
81
72
154
133
91
86
139
106
98
122
199
54
184
99
117
202
231
151
131
187
158
209
104
104
157
155
187
173
130
87
53
201
237
186
83
161
157
99
124
124
112
104
104
141
179
212
159
120
132
178
112
133
210
169
137
95
68
143
171
244
73
197
194
172
92
7
74
139
157
196
222
232
196
203
75
72
33
102
53
86
59
90
141
138
161
97
237
219
112
150
137
134
185
178
154
189
152
57
147
145
162
141
125
145
63
177
242
268
121
108
108
78
82
115
89
91
152
143
112
155
192
130
126
2
49
162
96
225
175
112
144
177
163
136
30
100
36
164
147
148
124
115
107
109
98
171
89
173
111
84
109
147
97
98
87
256
218
150
125
159
174
60
41
57
120
15
84
113
102
100
149
205
114
188
174
230
226
124
145
102
99
148
169
135
135
194
84
195
192
12
83
64
50
157
273
80
110
113
183
119
123
89
87
117
154
37
142
147
175
117
146
128
84
122
112
102
138
132
124
94
124
231
273
148
263
157
97
132
67
182
134
109
121
192
198
210
208
194
232
111
198
164
82
108
129
180
90
102
157
177
280
225
222
247
90
199
131
147
143
142
143
144
266
133
130
146
102
98
79
92
68
127
261
140
204
249
125
85
93
108
74
135
112
93
80
258
111
175
159
172
125
121
151
185
197
133
184
90
82
39
252
170
176
132
236
145
142
141
167
155
81
118
98
158
101
163
182
89
141
140
53
60
136
117
98
95
170
122
124
249
143
156
148
134
168
133
183
87
103
53
78
83
127
82
106
268
243
152
78
42
45
241
117
153
140
141
164
157
146
128
108
142
131
125
105
86
180
143
122
98
103
90
104
149
144
180
145
116
110
135
68
150
120
114
153
141
154
145
145
112
112
91
82
150
89
118
155
154
61
80
111
46
119
163
134
139
145
154
201
152
170
105
89
142
108
147
90
113
96
152
68
152
209
89
109
106
133
121
138
174
139
173
88
161
126
146
139
204
175
216
208
196
119
113
93
146
256
200
124
135
75
-1
153
193
145
198
153
142
286
166
125
79
94
144
128
129
152
228
229
231
102
183
132
67
109
108
94
124
171
241
142
157
170
141
47
16
136
152
140
142
78
80
81
109
109
134
186
112
94
87
112
28
115
105
113
104
151
165
116
125
123
82
140
174
56
137
146
127
152
216
118
58
123
118
167
125
142
109
136
154
193
83
152
100
165
128
81
151
133
148
101
131
170
130
137
154
117
123
126
87
64
70
112
118
102
106
95
182
80
72
6
142
164
159
79
140
115
210
220
99
164
147
132
133
165
151
121
26
83
107
158
122
106
137
117
103
106
118
118
143
119
127
120
164
180
83
142
113
101
130
152
126
70
157
104
140
66
156
96
64
106
104
130
124
128
125
126
124
110
96
104
128
114
70
112
67
49
109
146
196
84
54
92
126
92
114
114
103
116
175
117
73
60
105
183
139
112
202
94
168
196
56
114
110
105
150
97
165
117
22
138
105
93
90
91
127
75
83
102
82
116
162
110
109
85
148
145
89
112
109
113
132
73
85
101
116
90
176
107
7
147
173
133
103
140
179
95
66
108
119
142
77
178
176
112
111
95
116
74
65
116
109
119
76
87
166
147
167
119
35
67
67
73
83
77
130
174
221
126
19
96
102
109
122
51
149
216
130
159
120
113
75
142
115
49
111
66
14
29
13
79
104
99
54
96
168
120
62
79
79
124
113
88
30
161
107
89
86
33
125
83
85
107
113
126
138
109
84
80
69
109
37
104
68
47
74
90
96
109
81
59
87
94
87
76
108
52
84
70
76
2
103
47
74
76
74
71
123
116
67
78
64
83
118
64
73
44
98
88
113
71
97
58
106
80
81
15
79
95
99
75
85
13
78
76
76
87
82
93
93
75
83
62
72
54
61
45
106
85
46
55
96
90
98
79
81
86
57
77
124
77
66
99
74
75
74
67
76
82
98
94
67
54
67
45
68
59
65
59
59
37
60
51
62
54
24
74
45
40
82
62
45
54
77
70
59
43
47
56
54
59
52
59
42
41
26
45
77
99
