112
97
77
71
88
108
112
112
119
118
62
104
65
62
70
53
68
105
93
71
74
118
66
83
57
85
52
72
83
65
56
78
52
79
85
92
79
56
51
62
51
47
89
87
73
85
50
28
67
77
29
28
42
74
80
48
48
76
65
66
83
89
66
96
133
41
74
90
108
99
78
125
94
104
96
75
81
111
68
110
96
57
52
60
101
93
71
82
113
96
65
78
88
83
86
108
86
156
110
25
91
80
57
127
57
176
51
140
127
125
135
99
116
158
140
132
125
139
94
103
147
162
136
174
124
168
166
90
66
80
91
170
165
185
213
207
186
229
207
223
206
146
144
219
232
242
176
188
137
119
111
129
90
160
178
188
105
117
157
121
160
188
177
107
181
107
184
120
195
153
239
219
259
154
205
144
169
207
231
257
201
209
201
218
122
119
130
63
79
44
66
50
53
43
81
81
96
71
120
93
15
185
188
188
220
115
184
161
179
195
106
249
163
258
256
256
119
138
129
125
166
191
164
117
139
136
113
129
154
216
152
118
110
81
254
141
204
180
72
99
98
169
204
82
261
212
221
194
223
224
121
218
178
150
121
132
181
87
230
242
232
232
222
113
95
61
53
61
64
43
48
50
46
61
72
45
108
62
61
56
115
61
76
51
105
88
81
48
122
217
116
71
132
151
82
75
123
120
157
87
141
176
112
159
240
224
119
81
174
137
213
76
233
137
96
46
65
196
188
91
54
242
67
65
140
111
147
168
157
81
166
105
37
50
144
108
82
105
103
75
87
103
202
174
177
117
126
104
27
26
9
107
96
113
128
96
103
260
193
152
184
200
148
133
134
110
144
151
236
89
124
122
46
34
164
142
213
260
143
177
52
262
275
260
20
93
64
138
114
251
180
182
181
183
154
110
187
98
326
120
177
160
125
184
166
211
98
188
156
156
156
100
128
49
294
133
118
134
227
184
131
237
290
173
369
211
97
112
151
148
129
109
67
169
151
115
96
144
96
88
120
240
62
206
103
127
278
263
150
149
211
179
227
119
119
183
184
188
196
122
97
49
218
284
224
85
188
162
107
126
121
132
95
118
174
197
213
176
140
149
220
117
133
264
187
157
102
58
133
198
264
76
217
238
182
116
6
77
157
161
229
270
267
235
257
60
64
34
87
74
92
56
85
160
141
174
117
301
271
118
176
152
128
205
202
155
198
142
70
168
168
166
147
127
155
51
200
275
361
112
112
123
85
81
120
93
99
151
137
135
162
187
136
150
2
42
190
118
305
177
123
162
176
182
154
32
106
42
178
165
153
126
120
107
110
109
164
99
187
136
98
127
169
97
99
105
336
287
143
128
177
188
88
56
64
124
20
79
122
112
102
159
229
116
171
180
275
285
140
153
102
108
171
179
150
145
223
87
225
250
10
71
48
40
164
-1
86
104
117
208
113
136
78
80
106
133
26
155
157
206
112
148
139
95
135
118
105
176
164
145
106
129
248
326
129
261
183
108
155
59
184
150
122
138
220
247
278
255
241
300
141
244
204
88
114
133
207
82
122
151
198
384
291
302
340
94
246
154
168
155
153
158
189
295
154
123
163
86
93
71
97
79
154
314
160
241
354
123
91
99
111
76
153
122
98
77
313
127
196
179
191
139
124
174
220
244
143
244
75
86
33
359
186
214
143
261
132
129
158
170
183
98
123
111
180
104
183
165
89
132
173
37
73
154
130
109
82
159
116
138
364
137
172
172
124
221
140
192
82
120
48
85
94
121
99
114
319
305
179
78
42
34
338
148
169
152
158
183
169
158
123
132
195
142
142
95
101
232
159
128
115
102
83
80
158
148
187
143
120
122
175
70
164
146
130
163
168
150
153
134
118
129
92
72
165
135
129
178
167
81
83
114
36
116
180
145
181
152
165
214
199
201
111
75
124
121
173
88
111
102
165
68
154
215
84
96
119
147
103
134
196
131
180
85
176
120
204
184
252
167
266
253
198
141
148
109
178
247
226
141
164
79
273
168
248
137
186
169
152
323
189
141
71
91
161
126
134
172
285
317
320
119
230
146
52
112
103
109
113
169
281
183
171
200
159
68
20
146
199
138
157
63
73
75
112
127
145
213
109
116
84
113
39
135
128
119
99
162
155
125
133
126
89
129
213
54
133
171
142
163
232
116
65
130
119
152
145
153
124
133
171
253
91
164
116
181
146
81
142
149
155
107
131
213
155
133
169
135
151
154
93
72
81
111
129
112
114
116
164
87
80
9
144
182
208
110
161
122
286
260
107
188
174
143
141
166
160
130
32
82
91
176
138
123
137
139
112
109
111
105
157
128
137
103
179
247
90
195
117
115
170
190
123
64
159
101
146
64
155
97
61
112
128
126
137
125
124
144
125
108
109
119
124
111
70
123
73
39
131
140
199
76
44
80
144
107
85
114
111
106
181
118
86
71
102
174
137
91
256
81
242
233
55
126
130
98
154
84
186
137
18
133
115
118
95
104
137
68
81
118
77
134
184
119
120
100
182
152
100
133
129
119
145
90
84
102
104
113
209
122
10
206
192
150
123
136
225
87
72
102
135
145
83
199
208
129
122
109
125
81
74
116
106
113
76
91
198
172
222
100
39
69
65
69
110
71
140
195
246
136
19
92
109
114
110
54
183
248
145
196
116
135
87
157
111
43
120
65
18
26
16
65
102
107
47
98
212
112
87
114
79
138
124
86
30
177
126
91
97
37
143
77
85
110
125
133
162
125
94
74
66
127
57
116
81
40
67
99
85
105
80
77
73
95
88
83
126
67
100
62
91
2
109
48
66
75
61
68
159
121
58
70
55
85
130
65
77
45
94
89
111
77
102
46
109
78
92
17
105
121
115
71
93
14
92
85
90
105
87
101
102
73
76
90
86
48
59
37
103
93
55
52
92
103
102
86
101
94
53
101
138
105
64
125
76
81
85
82
84
83
102
89
76
68
78
45
73
77
67
82
68
45
69
53
71
53
20
87
45
47
69
65
47
76
80
77
80
44
40
58
62
64
56
63
33
48
20
44
77
100
