168
192
116
123
122
168
172
180
189
173
115
155
123
122
127
103
123
150
133
120
64
146
114
185
141
187
97
153
178
173
101
122
101
102
271
350
-1
148
169
175
162
167
221
222
189
177
153
112
136
173
113
117
143
187
148
176
163
179
126
99
109
81
91
135
153
132
111
116
121
108
101
115
93
93
88
85
87
103
79
97
103
69
58
44
92
79
100
101
112
75
95
115
92
111
63
106
124
175
130
45
121
87
84
144
65
141
70
129
109
120
116
94
126
123
94
112
123
119
98
89
118
130
123
151
111
146
130
96
65
102
102
129
134
131
114
115
117
113
101
104
102
96
132
114
105
112
41
76
133
101
101
84
84
85
107
116
106
92
126
108
98
129
112
93
129
95
100
70
117
127
100
83
106
103
124
126
99
103
99
109
114
101
113
113
119
105
113
58
84
58
68
70
69
57
82
82
86
69
94
87
29
128
107
133
100
87
78
119
103
109
102
111
92
117
104
109
115
109
94
116
179
167
167
139
108
85
117
91
118
103
104
159
105
105
114
117
101
93
78
101
82
125
139
86
112
84
91
85
107
108
80
96
99
106
97
102
94
71
115
105
108
106
105
81
130
66
54
64
69
58
54
65
57
74
71
57
64
69
67
51
82
50
67
69
70
69
100
65
99
109
135
74
55
78
73
121
115
110
152
89
96
91
89
110
95
82
95
59
90
103
102
62
103
98
60
38
66
85
86
87
56
91
70
54
91
107
123
116
157
84
99
68
27
48
116
75
92
81
91
131
114
85
89
84
87
99
110
91
35
26
19
68
89
83
84
103
107
118
83
107
111
119
112
105
118
73
92
111
113
92
107
105
47
47
85
103
95
124
99
94
75
141
138
133
44
76
72
86
67
102
87
96
97
96
101
82
142
84
116
92
113
69
91
103
79
90
101
85
91
91
74
78
103
91
113
91
86
101
91
89
94
134
111
102
107
95
49
57
96
95
83
90
71
84
87
81
101
72
66
50
89
89
33
83
65
144
120
101
113
112
101
80
95
114
113
120
102
109
94
127
102
89
102
70
115
44
104
103
74
104
104
75
69
79
103
91
100
93
104
93
95
86
92
111
92
78
53
35
83
95
110
76
90
105
83
68
30
65
83
84
51
66
67
58
85
110
83
22
78
66
144
92
86
47
59
99
64
82
71
60
66
112
94
103
96
120
90
82
52
89
95
96
83
67
79
57
89
97
84
59
60
53
41
41
66
48
65
92
79
80
100
119
75
79
11
49
87
97
78
78
95
82
93
92
76
41
89
40
107
118
97
108
51
57
61
57
92
66
63
72
80
56
82
57
44
43
103
82
77
71
86
56
24
17
48
75
28
41
124
57
64
82
114
75
95
88
84
85
77
97
75
154
86
85
73
75
102
69
91
125
14
78
49
63
103
79
47
44
85
70
82
78
75
69
72
74
73
70
71
52
59
50
49
41
59
44
80
36
36
48
96
76
93
80
76
83
69
70
62
50
92
70
102
114
72
82
108
68
81
69
103
71
74
45
45
63
86
46
54
78
77
89
71
77
81
80
81
77
75
75
74
75
118
86
80
85
44
68
71
60
67
38
70
78
108
74
103
74
54
62
61
89
70
66
136
114
101
51
86
73
93
64
55
89
68
73
100
66
62
55
36
77
46
33
71
66
70
75
69
78
77
89
70
56
87
67
80
88
94
75
42
59
64
63
79
56
44
90
89
86
81
87
88
89
79
67
80
95
113
76
72
54
63
75
46
45
88
88
95
41
38
42
65
122
82
87
75
79
84
64
57
64
58
74
77
70
55
53
93
76
64
51
48
66
96
76
88
70
62
64
88
49
85
63
63
94
74
41
81
68
53
34
84
50
62
30
56
79
79
27
86
41
42
53
91
70
54
77
68
69
60
82
27
71
44
97
70
54
61
67
62
73
97
46
49
71
61
53
57
70
79
82
77
56
90
58
62
61
74
88
66
67
75
43
39
79
63
81
76
67
75
41
76
74
74
60
84
78
72
63
55
48
28
73
78
75
72
79
84
95
94
29
66
57
70
59
61
69
55
78
73
65
76
72
80
33
42
32
53
56
69
56
47
53
66
75
76
86
49
35
41
70
10
70
59
55
46
65
66
114
58
66
77
62
83
33
56
76
48
79
56
52
28
41
54
79
51
68
79
77
66
73
46
74
75
62
51
39
71
70
73
55
52
65
66
57
72
51
66
58
48
51
42
30
59
58
51
53
80
42
36
6
63
56
63
61
73
61
57
74
56
50
44
73
58
66
73
69
51
182
59
66
59
57
65
56
53
56
55
68
67
76
54
55
86
52
37
83
69
71
51
74
63
12
64
73
76
33
48
74
73
47
76
30
62
54
59
62
46
45
42
68
73
42
56
60
96
26
66
63
57
41
40
60
54
72
70
48
59
40
65
57
68
52
69
70
57
51
64
52
69
79
78
63
76
50
71
65
61
57
15
83
33
42
38
50
54
42
47
54
61
51
43
56
48
8
56
72
27
55
54
54
86
56
40
39
55
26
41
46
95
49
82
55
54
61
57
46
26
54
52
49
50
94
84
53
57
49
41
39
41
66
55
37
52
41
55
62
50
46
20
35
34
58
41
60
36
75
59
58
30
65
57
54
72
37
63
86
64
69
37
43
52
70
62
73
101
65
55
22
13
42
48
66
29
40
45
86
9
38
30
50
22
107
12
50
56
25
48
31
67
39
45
35
44
57
36
43
40
43
44
48
59
70
41
29
34
57
28
65
45
32
38
47
44
37
82
6
31
37
12
41
48
18
33
31
49
42
55
42
30
28
31
41
59
25
59
43
63
31
52
25
50
59
49
41
54
16
41
63
60
38
68
12
56
54
52
68
55
41
52
32
32
48
49
30
51
30
73
52
44
27
43
62
48
33
47
64
31
62
58
54
30
55
56
35
37
37
40
36
53
46
34
39
33
21
30
40
33
31
32
25
32
17
39
23
13
67
19
16
42
22
24
36
35
26
16
19
24
20
27
25
9
27
17
19
10
28
46
63
