218
184
166
167
182
213
237
214
270
261
129
191
145
129
124
121
145
171
188
137
103
170
175
154
85
123
74
94
119
120
118
118
108
178
131
135
111
68
58
73
59
70
111
108
103
94
61
29
80
89
38
45
48
88
83
56
65
107
67
137
159
80
69
219
286
74
140
157
198
210
153
213
174
160
145
127
130
187
130
203
230
123
113
130
147
132
162
133
218
136
116
135
174
92
54
107
167
180
109
33
145
309
314
377
213
424
279
381
349
375
384
274
384
426
408
398
426
462
284
264
412
443
435
544
-1
460
441
351
333
247
364
458
469
478
448
454
487
444
410
392
446
271
461
438
395
396
222
301
331
314
328
283
273
360
372
337
382
349
374
345
285
441
427
299
378
339
314
335
404
407
340
287
360
354
413
373
388
431
314
339
333
332
382
371
324
290
354
227
215
197
226
209
197
196
255
244
209
274
286
246
117
362
333
349
352
352
250
375
320
331
229
361
325
352
350
344
286
220
208
262
226
256
240
145
333
306
297
313
424
382
309
224
298
264
346
208
277
246
217
195
267
399
368
162
378
295
346
264
367
332
218
353
256
274
233
320
243
195
343
327
339
324
353
218
177
189
188
193
199
149
171
167
119
198
205
150
205
173
190
159
305
155
217
172
227
189
183
177
306
279
221
122
193
262
194
91
232
241
208
201
311
267
282
232
346
100
246
257
354
279
297
101
340
267
122
79
189
299
287
232
163
325
131
182
215
240
292
259
155
128
332
224
110
149
286
155
133
209
236
162
153
285
293
258
283
205
294
161
45
40
21
119
180
193
218
181
259
360
304
229
362
225
308
279
312
177
203
239
333
184
233
238
142
107
276
324
295
285
261
221
164
187
168
184
43
127
120
191
146
367
245
300
302
303
200
185
182
315
181
205
236
230
182
313
273
261
288
259
226
216
202
219
204
131
196
177
159
274
308
254
190
188
178
400
164
268
155
168
257
258
169
187
253
289
249
193
170
222
194
154
283
259
89
286
63
216
180
293
252
237
247
229
294
210
213
176
202
279
180
152
172
103
272
88
294
91
251
267
155
211
208
187
271
114
323
288
240
221
249
192
235
172
213
182
228
178
115
118
208
172
187
62
269
256
271
127
95
117
183
80
61
78
74
81
97
65
46
15
64
36
103
62
66
72
85
124
115
117
112
140
216
271
250
221
209
259
241
199
102
202
248
248
209
139
212
144
185
150
102
122
124
120
84
115
122
104
118
226
210
182
231
160
188
166
48
88
231
96
125
205
208
210
212
218
176
26
233
163
240
264
243
239
129
124
122
98
258
204
162
248
184
109
182
121
109
97
172
123
174
151
160
54
25
19
35
130
26
116
126
126
141
307
151
179
119
187
130
135
152
212
139
153
178
212
171
227
221
178
220
165
17
101
70
57
209
124
86
107
182
152
201
165
138
127
135
171
49
181
192
158
164
148
128
139
181
149
168
150
142
149
204
202
148
113
209
98
182
213
168
105
255
199
207
198
161
176
215
158
166
112
198
193
129
88
103
208
267
91
133
182
194
130
114
102
146
169
137
185
189
185
187
186
197
114
192
176
121
166
160
128
152
113
154
126
272
103
152
211
88
104
113
115
162
148
194
137
194
95
200
180
209
157
121
210
141
170
224
184
108
112
106
122
145
59
159
90
154
150
195
220
124
201
187
174
199
131
196
205
78
179
99
85
195
179
219
128
113
206
196
162
121
220
256
255
207
151
160
286
121
156
86
110
101
145
111
138
142
144
217
114
102
66
110
149
198
197
211
203
243
195
137
135
124
138
144
110
120
81
177
193
121
123
161
173
251
171
252
152
128
133
186
84
237
168
133
208
169
39
209
154
105
89
143
92
77
64
125
202
172
78
138
129
41
137
197
165
128
166
161
134
163
165
114
144
108
225
185
125
137
156
165
178
207
66
143
196
160
133
126
180
249
172
205
104
226
132
125
130
156
213
120
126
145
98
103
180
129
174
147
152
206
81
119
160
172
185
229
249
175
107
114
126
79
143
182
136
162
193
151
160
159
86
124
145
45
180
120
151
108
114
105
148
114
122
181
153
56
43
138
186
168
95
94
106
149
159
200
253
110
100
142
141
13
145
134
114
140
166
116
115
144
139
161
115
206
72
63
222
146
196
79
124
45
111
164
181
160
166
281
173
181
120
82
185
147
124
97
103
186
166
172
139
143
107
175
154
197
144
143
150
91
120
79
66
141
128
127
120
182
95
86
9
155
110
138
118
166
113
101
125
128
74
54
197
149
177
206
165
20
85
181
191
149
122
164
147
142
138
119
153
162
159
116
123
199
63
78
148
133
137
111
155
128
23
180
153
173
77
94
126
59
117
146
74
148
131
151
133
123
119
121
192
152
153
104
112
157
60
84
161
93
87
79
125
133
151
138
105
169
87
117
142
183
79
114
101
155
100
101
127
110
139
53
147
150
118
195
149
117
142
26
199
87
76
96
161
138
145
108
110
98
121
71
148
121
44
109
193
55
126
124
112
238
129
96
113
123
70
52
131
46
93
190
168
158
140
100
89
74
113
135
122
95
219
127
128
142
104
127
84
88
149
152
107
147
86
70
106
93
45
38
82
79
108
113
117
75
137
88
116
25
213
113
126
188
121
102
131
140
100
100
68
101
197
168
79
185
109
40
31
15
131
126
155
79
91
73
134
37
61
62
66
57
89
17
90
142
40
91
62
164
96
78
70
103
120
61
60
97
82
110
120
62
126
75
58
70
136
39
157
114
66
148
116
96
71
189
21
69
68
41
8
119
53
64
59
118
99
126
94
65
65
42
97
133
76
123
141
187
96
162
63
118
86
122
81
140
29
88
137
138
89
189
37
131
121
142
130
151
122
121
77
70
115
90
76
63
29
173
109
112
43
108
97
122
79
119
161
45
150
96
133
32
114
93
74
82
78
85
114
137
116
92
105
65
34
90
81
70
75
53
89
67
54
60
44
19
171
53
40
83
58
31
80
77
66
39
38
42
56
48
53
31
54
34
34
17
154
131
147
