140
123
127
127
110
141
137
139
150
142
106
140
101
97
107
92
105
119
113
96
102
145
98
87
71
84
56
71
109
103
96
89
62
100
72
91
72
49
49
60
61
55
81
77
67
81
37
22
66
62
21
16
36
64
96
44
51
74
57
102
122
96
100
137
168
48
107
130
120
115
89
141
102
124
108
90
88
109
78
115
113
65
58
43
143
123
119
100
160
87
83
102
100
113
89
68
121
208
158
39
122
131
119
159
80
216
95
155
143
170
153
115
160
190
188
167
166
187
161
149
205
193
177
212
161
214
230
134
102
103
145
230
206
267
261
279
287
318
308
325
341
227
182
320
359
347
286
320
170
164
147
162
128
217
243
219
165
203
190
150
227
240
246
146
245
144
230
124
265
235
325
285
350
196
263
218
235
305
315
368
235
280
279
325
137
132
146
90
124
92
101
82
76
68
111
115
119
109
169
111
15
197
231
248
303
162
247
197
222
257
128
347
178
338
358
337
139
195
158
156
149
225
160
164
142
201
158
139
213
316
183
123
122
144
347
154
255
199
100
128
134
228
276
130
359
270
332
259
325
311
154
330
206
182
173
152
224
106
318
331
290
289
321
160
146
77
72
103
80
56
60
64
72
71
83
54
143
91
74
69
144
81
98
80
142
111
116
90
175
286
169
83
180
192
78
72
162
168
151
127
207
245
128
203
344
267
178
134
264
157
278
79
322
159
112
66
85
273
269
105
74
348
114
97
177
139
209
216
99
94
224
120
21
66
169
148
90
120
128
98
106
152
248
244
230
170
161
109
14
20
8
123
144
136
139
104
149
331
294
238
227
279
218
180
199
149
154
167
364
120
123
153
62
42
234
193
294
359
185
242
81
232
267
260
15
124
89
173
160
363
275
268
270
271
187
137
204
135
276
127
200
247
142
219
182
276
116
262
192
194
171
110
136
88
293
158
148
211
310
250
168
210
284
257
308
264
128
138
194
191
178
146
98
207
153
140
137
182
104
110
170
298
60
278
77
172
270
380
188
172
291
237
296
148
151
252
244
240
242
120
130
74
290
174
289
110
259
185
120
145
135
165
138
150
266
280
298
217
208
172
248
116
152
317
255
207
132
49
152
261
304
60
257
280
261
127
16
88
175
87
120
150
152
130
166
52
52
26
74
59
89
58
58
114
100
116
124
210
194
122
230
317
293
242
238
165
247
196
68
163
192
176
178
159
182
59
267
228
204
152
145
129
106
88
139
115
113
166
152
148
182
154
151
162
4
70
228
107
206
228
160
202
209
217
174
13
134
64
211
198
191
179
138
142
143
123
215
197
348
286
232
147
203
126
117
104
295
242
170
137
209
95
63
33
42
139
26
103
124
130
146
219
187
152
145
216
226
255
157
282
121
112
200
330
302
277
269
121
294
211
15
69
47
52
204
220
98
131
254
458
347
301
193
191
222
251
39
306
298
428
255
335
274
272
334
288
360
377
371
326
283
156
249
204
159
160
441
145
300
70
239
290
405
406
-1
718
448
559
610
193
178
497
186
98
135
163
293
91
179
187
278
246
216
183
249
133
234
190
190
194
183
177
276
223
245
141
319
340
339
159
99
85
184
206
195
210
240
203
98
116
126
87
182
141
130
115
366
211
235
205
244
165
157
229
444
489
396
499
83
112
43
231
346
142
167
157
159
150
200
214
184
135
171
154
199
112
220
252
79
173
403
63
103
199
143
199
221
242
145
196
201
196
301
300
242
478
151
260
119
139
58
88
99
136
182
139
246
258
232
114
52
35
201
116
206
168
272
255
280
266
252
150
408
150
135
97
104
185
173
154
149
109
101
90
218
253
249
249
147
149
188
87
200
174
156
240
176
101
253
187
146
252
109
304
122
169
208
256
225
81
123
150
31
186
224
176
340
240
291
337
489
438
255
99
229
135
204
118
139
108
232
118
178
123
127
135
194
280
130
188
281
150
215
96
241
162
498
489
353
236
241
238
221
345
341
152
418
375
274
151
223
84
192
197
342
233
273
218
247
183
376
286
277
105
188
146
135
209
291
312
312
231
296
167
49
161
114
116
162
194
173
310
137
169
172
67
26
112
411
166
178
78
79
85
129
150
170
292
138
309
104
119
28
150
130
130
183
250
150
120
146
200
184
169
243
41
90
195
289
188
160
215
58
279
167
225
176
190
142
195
231
264
102
237
370
247
389
187
244
175
175
139
270
215
180
156
234
188
202
189
118
82
120
230
238
121
123
128
234
100
86
10
175
218
286
121
198
143
195
230
113
147
115
224
210
234
247
197
13
70
118
246
201
130
163
156
284
159
143
117
183
194
198
174
250
138
365
236
159
131
323
336
152
55
203
131
182
75
205
115
61
161
189
255
200
200
134
209
223
135
133
188
198
159
105
143
113
44
112
187
179
99
62
98
162
199
108
211
131
205
242
148
90
87
128
149
219
125
215
87
172
238
46
140
295
155
169
107
301
210
15
178
212
303
98
114
145
88
97
128
235
143
143
187
135
148
236
197
239
128
134
137
202
149
114
246
194
194
102
177
13
188
262
201
139
166
204
97
84
159
169
181
153
285
158
129
139
117
216
103
82
147
125
142
101
119
132
229
219
82
45
74
69
102
143
76
235
268
174
228
29
113
376
150
136
64
174
266
152
209
148
280
145
190
125
56
166
179
37
45
13
87
140
155
55
121
168
137
221
99
108
67
236
85
30
175
149
120
103
46
149
138
100
167
173
223
122
97
136
83
90
148
41
147
99
61
93
102
61
138
96
88
95
101
122
97
148
130
194
84
172
1
141
47
83
76
80
80
195
177
72
105
53
100
203
84
73
67
113
97
114
174
119
67
133
87
78
23
138
131
129
87
124
10
110
115
105
118
92
117
113
113
108
113
107
62
64
35
121
143
73
91
120
114
101
89
95
113
75
98
202
114
63
132
97
95
94
100
100
118
120
113
89
84
93
38
90
101
83
89
77
53
79
59
75
71
25
117
56
46
86
69
50
76
96
76
76
54
39
82
66
67
76
63
32
48
21
31
95
99
