126
113
97
93
96
129
127
119
134
114
86
116
94
71
91
68
93
114
93
82
78
149
69
82
63
86
57
63
89
80
73
76
58
76
74
89
68
50
50
63
47
51
73
73
64
65
33
20
60
67
25
20
38
59
77
38
50
66
56
75
100
82
60
116
135
49
92
108
109
100
73
123
93
99
106
90
96
98
68
108
97
65
50
46
119
99
96
97
120
78
82
97
87
78
61
71
103
159
104
24
101
106
79
135
72
183
69
162
124
149
144
118
142
172
169
163
155
159
110
111
160
159
155
187
141
191
200
109
83
84
112
167
177
213
237
231
211
254
234
257
236
164
132
271
287
288
205
230
133
136
133
142
106
155
212
202
112
147
170
99
192
201
196
120
176
126
196
124
221
194
267
218
292
172
216
165
199
215
245
295
201
239
236
254
116
114
119
80
91
72
77
59
59
56
87
81
95
87
134
81
17
183
174
191
237
132
205
164
210
219
105
267
177
267
283
283
123
158
131
147
133
177
138
148
122
154
143
122
175
271
183
121
111
118
271
148
221
205
91
91
91
182
214
101
281
237
248
225
259
258
115
234
179
186
117
134
178
91
263
276
289
271
264
108
110
64
63
69
74
43
39
59
54
73
66
47
102
73
72
56
125
64
77
55
83
89
103
63
125
242
145
70
145
154
102
70
133
122
161
87
155
197
112
176
263
224
153
102
204
146
250
81
276
138
93
47
71
252
202
93
61
277
90
87
146
121
154
174
104
96
169
99
27
66
126
134
96
107
106
89
106
133
202
173
185
128
109
124
20
13
5
118
105
108
129
109
128
283
229
173
186
229
155
138
156
127
138
153
300
83
134
128
75
35
181
173
236
288
177
219
52
201
218
214
18
104
65
140
124
288
225
208
212
215
155
125
158
118
219
127
171
187
103
168
174
271
113
228
189
183
179
113
137
91
252
130
118
152
269
223
147
209
218
185
244
263
116
123
162
161
132
118
71
158
142
121
113
153
113
111
132
261
43
216
53
133
212
294
156
136
238
218
277
135
132
183
203
205
217
120
116
68
271
168
217
93
199
168
94
117
116
123
109
122
214
217
257
172
151
173
213
131
154
246
203
168
101
48
146
196
234
56
263
262
218
121
11
104
145
87
110
142
152
130
162
59
50
20
68
48
91
48
55
88
80
101
108
193
195
121
190
221
218
220
220
159
227
167
67
180
153
169
144
141
186
45
236
219
187
123
121
127
78
84
131
96
103
150
142
132
163
140
129
141
3
53
195
87
218
187
115
161
192
200
166
10
135
60
174
170
166
142
123
129
127
118
195
171
316
227
193
132
194
108
113
112
247
226
158
134
186
108
40
28
43
113
28
106
119
117
131
173
156
141
127
191
181
218
134
261
139
110
162
269
220
221
247
107
242
159
12
74
57
51
187
220
102
125
251
394
279
245
144
152
168
214
33
234
233
308
237
265
227
230
268
262
271
285
295
282
228
144
227
228
157
146
310
108
213
72
192
203
315
353
444
528
425
467
440
174
126
545
168
91
122
137
221
84
153
186
227
206
211
186
228
126
206
148
183
171
161
177
222
195
176
125
286
249
247
134
92
92
160
190
159
211
217
139
98
109
116
77
158
113
122
95
285
129
214
195
202
137
138
196
-1
468
315
471
84
103
45
238
333
123
147
171
159
136
173
212
158
122
130
121
183
95
198
196
80
151
333
49
94
183
121
171
199
203
130
162
183
155
228
225
202
524
135
224
106
132
47
87
77
142
130
124
232
223
192
86
42
36
169
87
179
152
257
217
247
224
231
116
504
153
126
104
97
169
186
144
131
95
118
126
158
201
219
234
135
134
169
76
165
142
135
192
172
113
209
140
142
234
96
247
122
148
165
220
193
70
102
129
34
161
198
142
345
205
238
386
484
470
208
66
233
132
184
94
124
95
227
92
148
115
100
115
150
241
127
150
235
165
191
96
188
143
432
398
316
201
266
248
210
338
299
95
338
403
289
163
191
77
185
179
319
213
239
207
208
167
347
239
248
100
174
151
129
176
264
274
273
226
278
158
44
135
104
114
154
204
164
282
123
151
164
66
17
89
455
139
172
66
69
77
118
140
160
245
112
235
83
133
20
132
123
129
149
179
137
103
149
164
148
178
224
42
93
172
239
170
146
186
33
243
137
227
153
178
141
160
193
226
104
207
278
277
399
164
210
159
170
127
216
187
178
156
199
161
158
174
113
92
115
221
189
119
116
122
204
100
99
8
159
274
261
109
161
139
205
233
85
163
109
175
189
220
223
204
21
76
86
213
187
113
162
148
224
174
135
105
161
155
169
166
221
124
282
194
131
128
295
302
139
41
187
104
169
67
229
109
47
131
150
247
175
201
149
170
185
138
122
153
172
126
86
157
91
55
112
174
188
93
49
112
159
169
100
191
117
199
275
129
63
77
123
162
189
121
167
102
189
236
49
154
328
133
164
96
298
162
9
152
192
241
110
111
134
85
88
123
189
137
143
171
124
123
225
163
231
125
119
125
151
123
92
208
190
198
105
165
10
180
241
162
124
150
210
106
79
147
165
183
131
226
157
127
126
117
186
85
71
131
136
144
90
115
125
203
177
85
43
72
72
94
121
73
225
238
172
190
19
113
378
139
139
58
166
207
156
201
152
237
133
149
111
47
136
137
18
42
15
92
122
149
51
115
152
132
207
105
83
92
228
88
25
185
157
125
100
37
137
122
98
119
160
190
131
87
129
82
71
146
45
112
94
49
82
89
50
114
91
73
93
111
87
91
136
114
209
76
157
1
149
39
78
79
53
89
162
156
67
98
47
95
171
79
65
45
116
107
152
160
115
64
131
70
87
18
127
104
119
88
114
16
120
120
104
130
100
107
103
90
103
118
100
47
54
36
125
121
72
78
114
102
96
80
94
100
75
87
156
121
59
110
102
88
95
93
89
98
107
125
81
75
84
53
80
84
82
92
77
65
77
57
70
67
22
109
40
37
96
69
46
79
81
73
74
52
40
72
60
66
62
55
25
50
17
42
82
108
