169
210
240
237
234
235
253
216
22
203
226
207
194
175
179
196
211
236
224
239
201
192
174
173
147
134
162
225
234
277
221
262
265
238
290
310
255
271
258
260
261
275
248
275
240
221
199
228
213
220
308
273
265
266
247
225
262
223
264
300
288
222
283
217
278
267
270
230
280
254
279
227
260
265
168
178
253
265
219
245
181
259
284
197
263
251
203
187
257
220
275
241
272
258
236
194
166
221
260
146
204
226
204
246
257
229
230
213
224
229
184
188
199
181
191
205
171
178
193
200
168
153
144
252
120
195
131
185
223
188
243
232
240
248
125
167
169
182
156
124
218
258
117
182
142
181
86
190
285
205
191
204
188
156
172
273
274
192
184
282
266
231
226
232
226
234
266
172
179
159
159
174
114
124
135
140
135
139
187
138
74
186
191
178
167
130
114
132
106
84
92
114
107
133
100
130
189
185
126
167
258
202
245
235
190
118
176
215
244
240
283
293
222
188
93
235
165
311
275
284
173
233
233
229
264
230
207
225
224
237
171
270
209
219
197
289
250
217
270
299
260
225
218
200
161
256
282
162
105
93
112
74
83
113
104
158
149
205
194
62
107
87
172
275
140
197
58
236
168
232
267
162
193
194
295
161
174
174
178
159
192
200
218
262
286
268
202
210
161
174
230
231
138
201
287
236
244
143
242
273
215
240
232
229
195
210
243
143
131
169
119
108
119
116
299
119
224
200
244
158
240
263
226
240
264
283
229
182
154
151
164
203
258
196
114
177
206
227
255
94
251
167
209
274
222
252
134
256
230
158
270
236
252
284
181
195
181
183
166
288
212
216
264
274
227
151
252
191
153
164
245
221
196
223
241
191
182
182
227
278
229
239
135
206
196
60
275
207
282
263
175
186
164
132
134
171
212
158
158
156
242
51
312
206
224
284
305
145
229
148
271
213
190
213
88
194
224
200
219
104
227
229
187
213
213
120
157
133
275
203
295
212
210
189
166
209
224
107
200
158
165
245
250
261
216
247
207
236
329
323
175
113
259
174
223
156
166
254
247
151
201
203
139
70
214
192
266
100
157
250
168
130
139
237
266
256
248
221
311
325
276
174
313
146
184
179
160
202
184
185
203
266
126
184
179
148
169
227
223
287
289
219
261
261
261
191
235
225
216
202
267
233
307
69
45
89
236
279
198
156
171
263
186
218
277
273
182
242
252
206
204
203
157
248
235
180
163
74
264
280
281
190
187
270
195
221
189
182
187
259
255
310
319
324
283
276
207
291
195
286
247
246
100
205
182
283
154
251
240
285
307
297
245
228
337
90
69
224
254
198
177
217
162
206
156
199
273
162
51
188
122
260
232
379
303
226
175
197
180
234
211
216
156
150
230
201
269
101
134
255
221
349
173
272
254
176
246
241
147
169
101
156
165
144
224
224
206
209
253
186
172
144
195
233
240
191
250
215
258
325
252
288
281
281
234
337
363
234
99
106
248
145
266
246
281
252
171
162
284
48
194
55
189
130
93
193
315
209
167
174
153
151
219
225
204
69
207
195
285
274
292
285
269
271
259
231
254
250
284
295
216
208
234
221
266
215
133
145
228
262
271
156
253
272
295
267
228
214
338
326
153
230
238
178
227
274
253
253
253
243
319
328
251
273
212
307
211
199
201
237
103
133
168
180
232
138
142
142
78
193
210
299
344
265
260
175
221
95
124
141
68
149
162
246
343
264
189
207
239
115
232
192
204
116
222
190
166
237
212
313
164
73
232
224
108
210
304
242
180
202
119
307
292
290
288
287
278
151
285
216
188
122
203
205
176
249
231
188
196
128
158
183
107
256
260
220
252
180
255
203
120
196
221
266
278
103
261
104
202
84
204
216
136
294
254
255
276
242
269
256
239
226
186
245
271
214
181
179
160
127
170
262
280
282
304
174
280
267
229
144
166
157
134
229
298
273
285
257
248
257
292
203
143
257
127
255
212
203
136
147
169
163
178
150
148
236
235
319
320
191
95
219
233
101
211
285
59
261
60
115
216
209
329
202
290
193
203
152
276
210
363
283
215
215
140
183
259
294
225
219
223
184
166
213
247
292
223
169
161
272
69
149
226
193
272
203
231
205
278
178
247
273
150
244
235
202
148
150
306
275
233
134
360
202
112
167
306
253
232
206
195
155
228
261
188
167
204
124
133
126
109
271
266
236
204
211
215
186
177
186
197
219
217
193
160
224
228
208
223
244
165
161
262
291
119
244
276
265
153
208
182
264
218
241
118
230
286
257
201
278
184
263
274
181
161
292
200
164
245
185
209
150
156
193
288
162
181
176
231
218
213
202
282
91
252
219
199
134
172
154
170
299
194
157
144
227
238
139
192
158
272
206
157
298
228
301
245
213
255
271
177
154
272
275
247
257
109
180
241
264
190
276
277
178
119
191
289
145
226
237
150
295
276
71
268
86
124
279
161
170
218
96
247
157
187
302
275
266
268
254
139
237
255
328
199
198
188
184
200
226
164
147
258
106
169
188
83
219
265
208
178
88
37
132
175
98
270
178
217
301
243
185
251
299
299
187
200
172
238
152
362
138
255
239
192
176
161
286
308
311
83
172
244
234
123
226
194
252
213
337
280
223
320
168
250
150
31
26
22
102
335
245
220
104
321
166
198
198
172
188
166
203
183
161
158
167
166
167
137
187
253
217
207
185
294
241
158
242
208
45
242
191
345
316
242
231
233
86
230
276
216
258
209
206
147
147
137
140
198
194
198
271
267
218
134
271
258
253
219
252
164
218
218
233
185
197
160
216
172
184
132
155
245
206
210
117
170
154
180
244
194
235
191
235
259
255
240
224
246
230
254
204
251
257
178
123
228
219
131
240
203
206
221
224
206
314
320
245
130
193
220
244
234
229
189
62
156
136
151
204
206
96
232
302
164
197
188
152
146
244
251
104
160
162
137
211
187
258
283
237
243
149
210
123
204
267
249
162
217
229
230
234
233
163
147
130
101
227
169
145
190
201
182
84
165
109
178
281
83
252
207
214
174
218
223
205
203
189
239
185
163
194
398
262
201
182
240
232
226
233
290
266
275
182
313
253
318
202
203
273
136
423
148
141
179
146
184
248
231
133
150
209
113
313
204
221
217
173
252
220
155
277
188
258
262
228
161
289
91
134
262
272
226
216
157
209
295
294
260
273
177
186
191
231
272
280
261
209
242
247
133
130
244
235
174
227
223
202
175
180
209
191
188
221
125
205
77
243
228
181
174
199
178
187
187
94
134
188
250
90
201
185
95
213
173
176
188
197
162
263
244
243
313
269
169
169
151
182
265
107
182
98
83
205
182
241
178
259
166
191
151
261
294
232
238
245
246
259
111
219
308
277
384
238
175
221
164
236
247
204
144
150
284
184
162
204
131
207
178
173
127
218
218
93
124
188
271
153
186
158
199
151
170
190
168
174
401
271
235
133
143
187
132
138
137
147
125
100
137
117
192
196
202
118
141
370
172
381
278
177
294
190
203
149
139
201
184
190
268
183
220
192
114
363
306
184
128
323
213
104
217
195
190
128
176
218
227
272
206
220
245
82
214
202
198
328
306
326
250
189
198
302
196
142
216
258
250
142
230
154
89
184
165
158
175
198
203
199
195
156
234
139
194
172
326
393
327
275
169
290
181
126
152
186
343
128
212
128
139
57
207
215
330
271
315
152
119
-1
315
360
126
179
303
220
230
155
186
124
202
169
44
95
125
163
221
237
148
154
162
309
192
106
237
148
182
206
319
82
225
230
234
298
207
187
125
89
160
119
173
237
85
213
123
151
222
247
131
203
169
200
138
177
118
185
167
173
184
127
173
182
317
115
194
370
274
253
232
314
169
128
248
207
225
164
180
197
124
203
207
174
159
210
134
269
198
168
233
159
231
149
223
212
208
150
158
22
213
225
183
200
150
230
245
167
174
222
139
217
224
121
238
160
254
230
163
284
146
162
137
127
159
331
322
197
206
11
12
137
127
137
142
169
226
76
198
130
135
137
150
299
210
151
138
177
125
191
177
291
184
181
140
172
216
216
110
153
185
152
200
172
191
174
168
201
272
189
163
220
256
115
71
131
227
202
219
192
102
154
108
123
226
150
184
166
220
121
276
226
146
246
135
91
199
157
141
163
126
154
376
134
136
127
151
126
120
97
104
147
250
113
190
199
235
235
171
153
156
172
172
165
38
211
262
55
196
220
81
136
206
140
72
279
249
136
138
143
172
82
103
86
144
99
195
241
189
115
143
96
160
144
197
55
124
42
140
200
192
164
148
153
212
166
262
156
141
101
151
137
148
60
170
96
171
269
142
81
195
110
166
116
68
197
105
145
145
218
90
104
121
149
119
205
128
132
43
194
19
50
127
168
76
156
203
225
166
202
134
194
152
133
130
56
126
150
133
141
92
133
149
109
122
128
119
172
104
252
252
125
93
72
148
110
108
184
102
128
221
71
96
87
94
95
72
146
139
32
90
118
128
64
157
128
104
134
143
148
123
97
53
89
122
73
49
58
75
104
47
91
90
58
79
78
174
205
