1398
1632
1623
1478
1404
1138
1731
1519
176
1576
1545
1425
1267
1180
1307
1330
1303
1327
1260
1489
1298
1171
1098
1252
1122
992
1116
1409
1472
1604
1453
1688
1682
1732
1989
2025
2021
1789
1979
1728
1739
1688
1743
1877
1712
1580
1555
1695
1526
1607
1821
1681
1813
1718
1611
1623
1614
1499
1613
1571
1605
1525
1612
1545
1517
1578
1662
1486
1575
1541
1978
1746
2066
2017
1290
1466
1846
1794
1801
-1
1133
1534
1444
1394
1673
1512
1451
1293
1370
1572
1711
1560
1754
1669
1592
1272
1215
1459
1622
1155
1238
1366
1384
1563
1630
1254
1201
1159
1187
1228
1132
1156
1282
1084
1052
1084
962
1115
1102
1053
1022
923
1147
1511
1067
1266
1079
983
1484
1006
1614
1029
992
1044
747
926
980
1092
967
885
1336
1297
765
1007
949
977
654
984
1643
1354
1379
1492
1278
947
1171
1566
1492
1032
1013
1652
1657
1282
1253
1380
1441
1571
1927
909
891
934
913
877
746
681
744
751
753
784
896
817
607
975
1191
1352
1379
1045
640
679
605
594
591
648
542
668
835
737
1199
1199
680
1154
1464
906
1418
1380
1225
876
1046
1328
1345
1342
1812
1646
1220
1257
793
1491
1120
1651
1579
1574
844
1482
1217
1212
1322
1457
1274
1366
1280
1287
1293
1515
1329
1424
1215
1764
1354
1052
1669
1552
1559
1448
1116
1092
903
1621
1112
1003
871
707
801
589
534
890
973
1120
1066
1057
884
457
603
480
705
1519
869
896
411
1176
1084
1492
1585
796
1152
1110
1612
1197
1163
1024
1031
1199
1225
1331
1363
1350
1212
1312
1245
936
949
928
1690
1806
1048
1230
1527
1118
1388
1132
1496
1222
1444
886
847
874
774
858
1400
1089
874
1052
837
746
862
1015
1441
928
1428
1036
1473
996
1476
1420
1572
1467
1303
1546
1329
1061
1010
840
1034
1220
1512
1330
741
1073
1190
1106
1243
667
1177
1260
1474
1339
1343
1365
941
1238
1205
967
1336
1223
1486
1460
1182
1185
1066
1104
995
1481
1188
1195
1322
1430
1300
1035
1264
1315
1045
1046
1266
1320
793
756
1329
1226
1225
1473
1158
1354
1351
1176
782
1098
1095
412
1345
1164
1382
1407
1029
1063
830
769
746
748
1179
822
823
773
1336
379
1443
1082
1088
1247
1385
1203
1196
859
1499
1446
1039
1273
651
1239
1181
1186
1184
661
1279
1194
1292
1009
1201
951
1079
913
1075
1197
1356
913
692
700
543
622
860
788
1116
841
847
1132
1133
1086
605
686
645
584
1142
1251
675
878
1300
883
702
1007
784
1207
1117
903
1008
959
955
539
934
1181
1109
518
611
1131
1040
750
754
888
929
921
861
757
1013
879
948
1019
1028
1083
874
1035
874
1285
1014
1018
1219
1173
672
1138
1107
878
959
1266
1292
1218
1172
1131
1227
1199
1206
969
907
1110
950
942
1172
1059
1215
560
327
618
1310
826
1070
1058
1071
1287
1122
991
1427
1139
724
1211
1248
1146
1108
1180
884
1084
1061
966
915
574
1134
1119
831
1026
881
1172
923
992
803
849
977
1143
1055
961
938
901
910
912
808
896
886
943
1097
1015
564
935
1065
1032
919
861
963
935
787
849
1223
1060
1010
636
538
1016
923
805
844
815
1069
964
785
1025
1339
1011
309
845
852
820
764
901
807
926
1071
1089
962
889
759
784
576
555
775
537
741
454
805
932
786
884
1008
1081
1107
743
905
819
861
765
742
837
834
824
1068
1046
939
896
829
981
663
762
852
1160
988
857
1005
1048
1139
788
874
776
1017
797
845
755
843
836
711
716
914
783
1035
1014
751
1255
577
514
827
338
1075
573
610
644
532
996
831
710
612
772
667
608
662
694
688
376
833
1036
1035
1020
1028
1015
992
1077
1056
924
697
595
727
868
988
855
919
811
802
833
658
698
650
796
772
761
746
737
737
896
752
1250
699
606
960
676
833
842
838
992
971
990
924
716
740
651
775
922
1063
675
1184
1090
983
979
574
666
573
678
850
591
593
634
467
750
629
762
743
812
826
962
1428
542
626
642
516
770
591
680
615
712
758
953
706
781
845
719
544
717
899
824
771
973
880
579
775
414
1033
730
581
635
688
689
589
856
627
831
947
636
857
644
1198
857
613
850
623
827
570
629
836
743
817
553
831
781
810
598
633
606
621
964
642
665
882
695
462
721
759
626
612
521
990
610
624
538
910
1020
712
713
881
1006
810
788
782
748
749
882
1010
662
1222
922
762
1064
727
624
683
990
726
658
620
566
698
647
551
886
910
813
866
957
903
905
967
956
847
860
872
698
849
772
664
575
756
943
820
655
769
661
531
705
574
914
860
716
760
771
547
757
921
662
895
790
282
961
354
636
525
888
583
1121
672
576
597
513
599
853
673
493
735
644
717
763
926
601
680
544
593
787
638
839
695
611
833
738
674
638
527
838
690
782
1039
564
987
732
673
756
882
828
626
703
692
730
701
555
643
742
721
565
544
990
611
679
832
1226
664
548
608
613
566
462
555
550
583
655
503
616
722
812
611
557
634
600
796
731
696
798
646
1184
653
709
653
572
646
505
672
625
637
928
646
1004
693
785
705
695
642
680
482
572
496
651
639
567
610
602
853
585
745
797
1044
664
659
695
705
861
910
647
680
470
716
497
686
888
769
592
755
445
704
803
627
542
642
609
678
661
885
542
678
670
484
838
590
809
838
378
627
869
610
548
529
790
686
556
566
478
701
671
560
916
637
532
624
856
483
515
716
614
889
764
582
839
531
692
389
860
515
937
520
564
586
602
545
319
502
705
460
619
864
545
743
649
523
506
471
510
627
738
560
612
741
743
570
651
587
471
837
563
463
455
543
613
450
592
402
564
523
889
544
406
299
527
772
574
499
475
624
428
502
486
637
576
577
635
725
549
407
633
486
639
544
470
911
598
615
614
685
615
334
426
456
454
432
623
487
688
550
504
340
490
588
537
559
514
221
242
196
709
377
623
506
541
648
366
758
941
478
786
689
572
467
624
618
624
603
565
448
651
833
816
530
518
531
433
473
496
615
410
595
684
428
329
689
631
643
525
704
584
325
396
348
637
617
473
474
662
687
685
317
455
718
588
659
576
688
666
667
713
852
706
356
527
430
340
559
318
639
407
319
385
475
529
379
510
496
405
364
479
407
576
749
452
570
536
686
519
480
516
466
537
602
453
419
477
861
529
425
662
330
504
729
396
389
457
404
387
433
479
572
617
573
416
682
338
334
185
644
462
370
764
316
468
764
658
437
415
514
461
588
739
448
450
480
366
388
422
382
382
372
526
524
395
1010
443
538
412
481
451
437
456
347
396
365
329
431
585
605
371
469
603
598
339
477
443
478
512
651
417
480
445
635
351
386
350
404
666
726
734
497
382
337
634
323
574
427
365
560
541
694
633
606
784
387
417
436
412
404
461
423
393
369
417
693
452
609
544
480
463
508
796
390
499
534
621
533
400
470
433
500
366
742
479
916
556
637
439
703
441
397
427
360
386
411
401
392
292
291
311
360
824
334
328
432
454
505
563
380
691
414
427
453
479
307
377
432
425
347
365
383
453
638
519
610
622
331
445
493
598
349
339
320
564
707
477
541
294
511
628
468
658
523
506
384
670
179
466
370
755
311
356
426
611
374
398
316
371
439
413
415
401
386
374
619
360
274
594
538
485
628
578
424
385
407
316
299
709
495
272
313
366
344
471
470
650
717
921
411
713
473
379
325
694
408
532
402
322
581
471
396
283
458
448
455
304
619
410
419
296
423
391
312
375
301
463
291
666
624
406
537
208
699
340
454
474
383
261
448
201
716
721
472
465
659
299
763
490
689
570
445
423
500
378
370
531
385
324
340
469
388
415
392
356
529
441
297
676
856
354
355
384
480
696
489
385
413
330
562
275
510
287
711
398
385
356
359
433
321
500
410
620
279
345
311
344
370
348
411
274
263
524
282
422
359
359
432
409
330
565
673
322
365
262
393
355
453
419
406
333
310
315
350
289
402
508
426
419
545
395
345
571
300
235
292
353
275
245
264
341
398
280
229
456
520
270
365
341
369
352
193
303
415
304
336
357
395
545
308
302
625
281
543
408
328
412
237
408
512
364
378
330
417
591
655
170
412
350
320
266
430
551
309
244
271
379
361
280
342
331
624
381
300
310
255
588
342
384
402
589
356
510
356
362
394
388
337
325
328
325
349
469
500
285
289
320
325
551
577
406
361
408
319
451
400
455
517
254
382
351
269
412
228
487
382
247
635
331
429
379
244
630
378
364
260
372
354
445
381
383
487
294
273
317
335
264
273
424
225
362
609
287
261
262
366
77
99
676
562
367
383
314
587
216
295
300
233
206
651
286
250
220
351
350
272
335
443
348
263
317
245
291
508
253
418
593
430
339
447
250
311
394
276
378
254
474
287
376
399
401
240
187
337
388
344
504
220
344
556
425
412
263
392
324
484
337
286
354
326
304
659
172
409
457
460
224
255
296
306
271
245
460
248
345
266
274
176
348
219
422
244
435
374
375
330
282
218
316
230
302
117
414
293
277
246
195
277
289
300
236
300
258
187
475
403
264
396
281
223
267
352
280
147
230
567
207
256
200
236
437
257
171
169
317
346
242
253
407
217
272
398
338
198
317
349
133
358
314
424
139
227
196
577
346
225
209
188
215
227
143
183
186
261
284
282
418
326
207
242
221
201
187
249
230
312
351
114
120
216
186
177
347
375
235
272
264
375
391
340
258
254
282
230
260
214
281
146
353
256
298
206
219
179
288
167
274
270
306
119
94
294
167
166
371
142
250
236
120
212
87
142
165
90
133
194
180
119
177
206
70
333
190
134
142
172
220
98
139
75
132
109
135
77
65
120
160
128
104
106
181
73
113
1091
258
