390
448
459
465
437
407
524
478
62
473
441
415
366
332
365
417
412
449
416
482
364
476
340
409
332
320
447
457
519
504
502
455
475
515
516
574
628
554
623
570
569
588
574
606
640
581
533
634
458
644
678
643
651
590
579
616
612
613
562
608
646
700
533
545
679
623
583
683
605
611
606
633
557
638
481
311
652
602
454
523
487
611
560
433
620
689
433
359
606
454
619
515
498
535
485
446
444
542
554
392
369
522
556
627
501
523
461
510
491
448
399
391
430
376
415
431
455
353
399
450
413
413
378
516
346
626
266
379
441
382
534
385
403
408
250
482
509
533
295
279
474
460
358
494
369
411
252
395
523
705
480
628
577
493
462
580
611
431
456
503
602
470
466
388
486
522
512
430
407
367
355
371
260
273
243
345
267
249
396
277
209
442
364
642
550
231
245
351
219
210
223
254
206
218
207
268
411
407
238
401
508
385
492
490
446
319
445
451
553
566
547
477
432
474
176
504
414
578
633
534
353
526
553
579
621
583
491
679
472
627
326
534
445
513
620
565
548
511
598
583
500
574
466
304
257
582
443
424
248
196
261
181
163
234
281
374
397
458
392
127
203
141
274
530
245
446
105
494
475
564
599
326
361
287
627
547
545
578
577
611
531
628
528
593
595
533
405
464
539
304
527
511
311
457
543
428
515
343
607
561
487
351
369
367
290
360
606
277
272
295
238
209
211
236
543
320
668
551
473
387
493
599
518
554
579
513
414
358
412
465
550
518
497
490
314
523
562
685
541
202
555
586
499
501
599
510
287
395
295
364
439
369
534
521
526
403
472
422
492
497
496
512
462
488
506
398
554
532
492
493
504
641
313
347
619
549
608
481
478
536
482
539
308
387
587
107
523
498
568
585
439
479
423
346
331
415
463
324
323
219
611
70
532
442
440
540
528
473
519
332
445
525
433
602
186
517
541
517
441
345
599
461
643
476
551
223
602
623
565
423
580
458
285
243
235
255
357
253
363
268
443
706
722
724
255
314
285
261
408
478
328
294
462
321
308
404
373
621
530
324
516
529
460
235
673
535
543
200
209
401
335
256
256
373
351
350
326
349
358
340
318
453
367
352
350
403
310
518
385
701
680
587
264
509
499
412
425
509
492
518
536
546
534
479
522
418
300
442
448
390
567
601
604
166
136
211
548
328
549
353
511
511
391
414
584
528
380
508
509
635
707
552
323
549
493
650
528
212
587
398
368
583
507
569
708
525
294
441
453
496
489
367
335
340
298
355
273
340
439
318
547
593
197
432
524
511
555
599
330
293
299
425
483
438
350
331
290
405
300
552
536
518
571
489
332
473
499
365
145
621
253
347
298
313
297
481
394
464
513
690
252
256
165
182
282
217
296
230
377
572
426
354
483
500
453
754
559
495
429
541
387
335
409
458
673
615
367
472
670
436
393
321
490
613
661
471
638
524
623
274
735
398
609
604
508
309
341
743
205
454
417
479
539
515
353
532
259
242
269
104
426
109
232
259
299
510
318
405
426
248
223
231
285
365
324
148
626
550
573
547
555
532
520
610
537
384
325
308
312
527
458
576
558
311
338
361
340
404
305
743
743
369
345
316
293
641
544
605
371
384
389
368
733
418
537
524
506
537
474
240
267
362
590
295
391
358
417
480
513
561
141
223
376
356
505
297
375
238
154
416
320
309
325
608
561
290
417
328
440
395
115
318
457
549
388
376
382
388
255
328
674
316
253
208
393
444
297
424
386
335
395
112
427
544
161
177
273
425
388
525
240
378
503
327
576
433
482
555
371
633
693
296
565
575
514
609
753
521
530
231
450
271
294
437
462
567
360
263
511
768
215
412
448
348
484
239
434
261
285
140
539
445
488
372
483
614
423
366
501
480
277
552
520
430
556
601
599
538
471
371
477
508
454
293
268
223
264
383
232
402
459
428
428
497
498
492
491
495
482
592
576
551
252
525
323
628
436
608
346
317
345
301
343
279
326
591
651
310
328
345
238
455
388
251
566
546
244
513
73
298
341
584
412
561
466
469
419
236
328
550
300
333
481
258
417
459
406
370
601
316
251
436
461
588
297
295
693
400
357
412
172
362
252
347
581
354
564
501
274
294
501
478
215
621
609
512
505
489
463
301
465
147
344
541
245
331
551
547
655
581
711
637
605
325
305
447
446
416
199
365
233
608
701
568
672
781
615
597
567
526
550
504
478
381
487
326
730
512
678
639
697
399
514
539
352
536
525
516
595
759
585
233
208
637
207
430
479
450
333
591
512
440
517
396
293
537
353
512
519
557
491
165
329
381
355
487
333
423
567
333
302
484
432
274
468
274
555
305
372
649
505
442
241
448
408
501
523
247
663
308
286
513
261
558
352
458
589
472
601
445
406
523
314
315
489
593
257
211
547
524
406
602
514
411
403
513
288
343
490
569
311
548
664
169
417
132
128
512
612
578
634
262
502
531
-1
444
390
500
499
506
426
500
482
442
475
402
376
362
379
396
306
268
605
319
389
593
208
663
548
555
265
155
86
500
591
285
387
241
508
296
303
575
504
475
474
245
388
328
425
575
307
487
512
486
498
467
427
291
461
431
262
456
276
412
597
620
591
608
405
341
225
589
264
709
561
489
58
69
48
169
335
538
444
278
475
304
496
520
451
551
413
550
517
464
454
452
448
426
359
360
506
554
436
205
459
380
667
441
564
170
311
223
300
243
435
422
448
190
459
588
392
293
383
485
355
413
397
328
279
276
290
213
408
265
353
695
499
484
371
482
306
405
399
425
397
297
521
353
567
550
424
563
399
357
499
384
670
329
330
539
360
465
550
495
501
343
603
429
391
311
366
288
653
420
507
425
471
433
318
365
291
417
435
274
365
322
307
311
514
669
449
417
389
582
458
201
253
186
373
709
424
311
339
262
356
417
308
530
417
512
434
324
489
376
417
270
263
426
315
281
291
355
476
476
487
226
484
558
587
381
419
241
232
403
513
470
239
452
207
306
293
501
543
234
404
282
426
357
188
272
596
446
507
264
266
257
266
328
459
405
502
277
251
483
348
542
467
536
408
405
557
436
410
391
298
340
312
250
248
397
237
297
430
311
405
321
395
488
429
511
237
564
330
292
613
672
633
537
507
549
510
389
445
501
429
445
432
342
283
325
404
340
394
464
349
346
246
226
222
216
338
386
450
324
280
256
447
188
368
368
265
239
473
442
380
359
337
642
506
501
269
479
426
518
405
464
312
373
299
427
385
286
448
406
449
270
378
369
622
294
414
486
292
353
499
616
139
566
539
568
290
323
357
469
505
391
354
315
345
252
232
240
256
392
430
353
365
383
392
543
508
260
373
406
413
293
286
480
332
260
256
227
292
530
384
599
251
606
392
409
225
391
270
442
315
524
198
295
419
459
421
206
559
296
403
321
393
245
691
463
569
353
416
398
356
436
234
483
418
338
294
158
322
425
290
342
405
255
276
168
386
390
492
376
480
249
427
326
515
477
363
296
513
282
367
328
366
375
265
319
437
228
367
247
403
361
430
328
432
359
401
510
408
409
267
360
338
240
415
206
427
223
522
430
287
246
240
247
303
607
459
439
357
531
388
211
244
389
277
187
279
506
318
548
422
375
363
207
344
270
398
424
416
324
303
259
334
355
336
243
346
212
256
237
323
348
248
496
310
135
278
447
259
185
251
488
490
187
196
240
149
389
241
369
377
215
412
304
417
337
45
272
385
333
437
235
483
258
381
266
505
274
453
375
267
380
209
222
289
321
337
195
358
488
216
160
475
309
279
256
154
403
373
378
253
322
454
295
425
306
297
384
219
459
257
433
345
330
311
534
255
245
340
263
256
343
308
222
529
246
287
408
403
231
279
357
138
404
421
361
301
409
273
433
413
364
482
358
457
461
238
479
236
485
247
37
427
286
306
471
372
395
312
327
314
359
347
308
365
263
413
298
239
283
349
222
208
231
269
334
453
238
192
222
403
26
24
437
292
281
307
323
362
162
223
370
377
328
486
267
211
266
364
337
270
466
410
233
283
184
271
391
459
219
291
433
319
305
347
256
323
451
193
414
202
446
254
306
274
345
228
350
260
395
391
379
168
386
313
433
386
364
220
212
497
377
197
420
267
253
244
267
284
352
334
179
213
314
237
287
245
334
207
276
233
265
157
326
225
345
261
412
192
193
204
151
243
296
269
323
120
408
265
166
218
149
173
246
193
284
201
237
206
287
274
329
374
165
304
201
243
110
120
171
514
320
238
282
241
283
252
137
253
99
421
184
230
303
201
239
198
283
176
344
272
149
310
286
428
137
280
232
395
276
293
209
183
202
270
109
180
178
228
346
346
381
198
232
258
198
202
217
248
258
74
366
109
192
255
173
144
264
284
221
275
246
313
332
268
211
182
100
238
248
206
252
171
415
248
229
196
218
207
274
199
221
217
312
180
147
295
200
198
273
144
175
241
152
182
85
142
202
140
114
226
79
222
199
172
134
236
153
150
148
153
161
122
115
80
171
125
178
86
109
176
202
96
116
118
166
78
138
377
213
