930
973
1015
1043
985
909
1016
960
59
1026
856
817
835
788
670
733
752
871
823
991
737
825
695
930
872
765
798
880
1024
1026
944
856
850
820
856
802
903
821
803
840
855
814
806
847
802
812
735
914
779
831
898
763
724
766
708
699
710
706
698
672
746
699
723
771
662
666
808
685
653
674
874
949
791
860
725
611
679
747
637
679
591
639
604
553
620
628
757
597
654
858
789
824
723
1020
1072
984
590
823
815
574
545
690
996
856
766
662
606
627
653
625
556
597
579
548
569
546
566
536
573
576
633
582
712
728
665
749
594
507
560
513
910
513
512
527
464
505
581
665
356
518
675
626
552
622
547
543
401
565
905
681
827
832
610
587
709
855
703
652
620
798
724
621
672
755
1108
919
840
581
539
531
514
549
405
444
363
466
392
411
547
398
366
536
481
667
637
623
393
423
298
332
304
377
307
336
441
416
659
661
622
727
944
512
923
1015
788
556
541
612
573
612
664
618
1067
717
422
825
708
843
888
799
512
797
636
621
699
668
548
692
697
658
644
906
674
656
576
686
871
601
746
711
807
644
513
454
368
662
480
968
556
396
674
367
344
584
482
549
726
619
490
218
345
315
395
957
369
555
239
540
663
781
829
448
530
510
679
623
621
553
543
649
707
790
766
824
797
574
917
558
527
418
589
589
437
563
876
508
894
509
759
653
920
469
456
473
377
481
833
537
672
552
445
529
418
436
948
579
609
576
905
671
881
942
887
656
696
806
932
509
848
504
601
808
844
592
419
696
709
663
564
471
649
588
699
848
704
537
681
596
528
584
648
637
662
934
669
493
602
940
563
758
841
868
876
934
939
560
568
641
599
585
649
647
435
439
550
753
619
606
587
754
537
1001
392
482
645
235
928
1118
833
714
463
489
477
415
400
451
703
695
694
314
603
193
830
872
880
885
817
635
853
609
702
587
422
763
345
678
888
729
522
427
703
955
679
528
559
419
549
563
665
554
785
558
383
345
335
321
450
331
508
397
468
615
567
530
354
377
376
314
560
655
393
547
785
719
387
755
605
644
527
388
490
482
464
278
620
765
579
252
317
963
455
428
416
436
440
445
435
437
508
405
436
553
429
497
653
485
393
641
762
592
668
572
440
806
896
616
737
915
927
791
948
897
900
684
635
659
464
1054
583
493
742
644
840
244
154
536
977
407
744
827
557
729
790
957
738
743
414
904
831
674
675
859
501
797
647
615
570
291
557
526
441
715
680
748
490
482
363
409
504
560
486
474
470
461
408
375
607
397
526
506
580
522
296
447
661
584
532
455
503
407
368
454
842
763
542
461
376
798
486
545
536
570
531
691
452
659
796
506
177
435
660
401
368
464
412
539
469
803
774
503
386
330
315
316
319
380
321
295
334
460
495
448
527
763
753
498
650
639
451
462
410
459
463
464
584
487
1019
679
473
444
324
380
497
583
544
415
645
531
616
434
492
673
676
536
515
388
448
484
482
451
478
562
812
767
395
564
326
310
491
202
585
360
323
472
301
498
460
449
414
360
320
279
388
432
451
218
569
689
619
607
600
620
599
695
686
519
382
346
323
594
631
468
617
389
378
418
381
416
307
498
468
816
398
432
485
523
424
747
349
308
450
436
474
442
546
746
657
723
795
404
439
341
452
547
661
367
734
624
764
533
241
359
294
359
475
298
386
287
274
362
379
476
414
483
468
627
728
298
330
316
276
411
356
391
357
448
440
941
403
628
481
464
308
417
411
354
476
856
816
327
432
215
650
410
342
196
415
336
325
573
448
582
578
370
457
372
679
422
335
525
428
297
374
392
493
402
498
318
501
514
427
350
492
358
339
599
365
687
484
452
204
393
483
396
577
700
820
340
471
315
521
828
356
365
439
491
403
371
379
710
379
533
560
393
660
630
419
618
404
379
503
513
665
412
385
389
359
355
452
546
775
702
620
775
507
518
520
445
444
488
430
399
358
754
423
365
658
575
362
336
349
317
267
348
285
451
445
477
458
469
402
893
827
276
516
482
209
621
193
437
343
683
321
609
437
455
475
232
355
553
414
252
416
342
429
631
542
328
395
367
406
457
378
582
350
407
475
807
493
521
300
429
332
463
635
431
545
617
309
418
460
449
238
380
361
666
401
348
450
348
661
380
297
565
595
-1
434
670
449
408
448
412
350
283
408
432
349
379
235
285
203
420
370
346
409
381
491
504
499
610
441
865
525
412
447
307
485
309
420
385
396
609
355
669
421
434
520
407
410
438
348
284
244
362
386
537
526
459
806
336
566
727
576
506
379
491
432
652
511
475
677
209
330
389
432
533
378
471
442
276
408
688
465
371
667
319
534
411
724
343
501
523
281
552
413
755
580
203
404
500
411
338
277
402
332
259
394
292
379
635
389
435
337
299
380
488
253
284
349
435
553
411
328
562
478
573
304
390
311
561
299
325
362
301
395
196
309
401
334
472
548
407
381
401
331
274
293
294
335
386
282
348
601
419
322
402
365
357
676
426
249
229
370
328
258
380
247
324
281
576
313
218
186
385
427
409
288
269
335
238
321
334
632
387
397
361
414
310
218
438
284
399
316
313
412
341
297
346
443
406
149
255
283
411
355
331
371
361
477
271
198
350
366
371
275
345
137
164
135
424
238
512
429
482
410
186
485
491
344
462
438
339
314
401
383
371
390
363
311
315
426
554
445
327
279
258
288
403
431
218
483
403
259
181
335
654
634
239
365
326
282
233
212
318
362
310
324
327
356
353
304
429
519
364
509
382
423
409
371
444
641
477
219
291
293
240
392
251
388
293
215
285
526
621
232
317
324
250
223
282
306
556
601
319
308
300
456
281
284
551
498
437
347
283
287
454
402
483
217
340
170
531
442
247
210
293
306
233
284
342
440
389
376
286
432
254
181
110
483
358
222
362
204
398
364
354
195
274
333
260
389
406
352
268
357
201
214
228
210
224
219
419
313
274
786
295
393
340
357
268
259
286
164
242
241
224
413
651
307
194
278
470
388
266
398
252
313
377
282
252
312
278
360
186
205
196
227
493
456
638
381
432
326
469
176
428
251
254
531
533
358
284
284
421
247
282
244
226
199
262
212
226
257
206
537
408
492
394
373
409
311
622
274
239
320
375
330
275
321
296
283
217
373
293
536
338
399
252
282
248
234
258
241
257
480
516
286
208
207
217
221
377
258
227
232
282
319
281
225
586
214
194
380
300
212
215
223
312
269
327
225
339
594
427
430
317
198
472
450
461
212
254
279
346
380
261
357
175
306
405
443
599
284
546
317
404
168
301
244
393
203
247
306
410
265
270
216
508
325
196
229
206
253
300
384
259
182
385
381
321
394
327
257
270
318
226
223
472
284
179
209
207
206
287
340
370
534
429
478
398
253
272
207
482
391
325
327
216
402
313
244
202
336
327
317
132
338
294
281
212
330
198
197
205
200
308
226
444
327
286
636
305
400
232
253
329
262
158
206
105
332
346
283
285
475
175
442
380
436
542
274
227
351
199
247
550
369
223
185
277
237
223
251
264
371
209
214
390
459
345
222
287
334
474
315
241
389
282
464
186
345
166
418
229
456
294
261
301
171
376
271
362
216
277
201
300
268
217
261
124
346
415
169
318
234
259
199
358
222
318
356
270
288
150
219
202
261
232
312
195
193
156
190
118
308
345
220
318
373
232
220
550
176
146
202
260
240
167
218
234
254
189
145
277
283
166
265
244
214
213
100
208
330
241
218
201
279
325
255
238
370
200
298
312
242
284
148
192
254
245
232
263
278
371
381
225
285
215
194
159
134
388
268
190
149
236
261
181
202
283
433
287
175
242
341
367
236
219
268
381
286
298
205
209
217
299
256
211
249
182
213
476
454
178
226
218
171
301
338
327
194
244
271
313
284
269
385
192
246
340
207
282
135
297
303
70
359
186
232
292
195
418
214
256
168
229
199
309
332
261
257
384
161
336
272
177
160
242
137
258
348
182
150
176
205
35
62
345
471
306
152
231
455
236
163
293
205
187
455
169
199
147
289
235
244
218
369
278
255
165
162
188
277
176
300
411
539
383
218
231
211
276
141
241
160
394
363
444
263
328
169
168
195
257
214
346
95
250
341
251
302
188
213
203
298
300
171
239
357
195
446
139
316
384
411
165
160
183
206
230
184
264
286
171
189
220
97
215
141
329
165
351
197
195
188
199
158
167
164
232
20
284
165
177
167
128
124
229
167
177
231
160
134
418
454
164
212
103
167
158
233
214
110
224
344
168
142
151
184
541
180
94
115
103
267
161
211
307
137
228
273
133
131
249
164
87
252
301
273
101
135
163
263
221
172
146
121
407
166
67
131
97
259
237
235
283
273
148
155
181
126
116
199
141
99
213
78
88
150
117
80
172
296
156
168
186
279
211
144
115
90
117
141
150
133
155
126
295
151
182
134
143
162
157
121
185
186
242
83
67
215
112
111
255
135
162
148
85
178
58
90
139
80
79
150
78
119
108
127
65
194
115
118
101
138
130
78
132
72
90
83
119
61
57
97
133
147
87
88
107
59
108
898
150
