820
984
964
941
912
773
1020
998
110
973
853
835
765
724
761
801
751
762
778
937
753
899
667
811
702
609
964
834
999
893
928
903
1054
1061
1149
1184
1393
1062
1239
1051
1129
1169
1169
1204
1212
1176
1110
1290
881
1344
1304
1179
1256
1242
1048
1341
1191
1212
1137
1126
1218
1347
1016
1147
1170
1132
1085
1206
1137
1175
1271
1609
1192
1255
1071
695
1375
1181
898
1069
949
1087
987
1037
1406
1272
938
665
1092
967
1111
1190
969
1051
1096
827
822
1195
1026
784
768
964
1154
1106
976
928
854
924
876
854
760
784
850
703
733
796
883
723
806
775
829
815
827
1049
665
1406
534
735
885
686
989
709
689
700
545
766
968
1075
559
634
954
908
814
989
782
777
533
767
1107
1500
1116
1219
1139
1029
991
1008
1025
903
894
1007
1177
889
903
788
942
1102
997
799
751
671
667
712
524
621
458
677
517
514
744
501
489
790
776
1357
1109
588
442
636
402
436
407
491
387
440
486
502
838
839
584
851
975
693
891
892
840
718
831
917
1103
1115
1095
1034
742
1006
400
1060
788
974
1099
962
640
1110
1020
1066
1111
1122
921
1271
900
1033
670
973
914
1006
1164
1123
1044
836
1084
1025
1077
1170
845
632
503
1120
749
851
583
446
538
429
353
524
629
752
786
920
738
347
390
283
489
1005
548
760
260
898
983
975
1147
558
749
551
1108
1109
1114
987
963
1299
1030
1208
1077
965
889
1016
811
786
882
578
1029
1169
870
1152
1086
739
854
908
1188
946
1044
670
632
675
491
595
1060
588
546
600
492
430
464
534
933
639
1353
938
1046
817
928
1161
1126
1127
1040
920
688
654
933
835
1371
1246
1023
1317
628
935
1166
1091
905
463
932
1657
1199
809
1153
921
568
728
572
720
879
697
1124
943
974
784
942
767
993
890
1020
833
929
859
976
723
1115
1062
897
890
915
1077
587
575
1151
1001
1101
1167
883
923
952
1084
573
739
1267
233
810
871
895
935
875
904
825
655
691
732
890
555
558
434
1091
221
883
789
888
1020
822
1083
982
629
916
1058
720
1065
462
1003
1007
1000
835
651
1072
853
1208
717
822
442
1399
1168
763
808
863
747
500
451
429
459
609
718
763
513
735
1071
898
862
457
517
510
431
731
776
540
690
768
531
465
780
603
956
826
606
810
822
931
609
852
894
894
400
340
851
683
528
532
614
614
646
588
553
610
580
633
942
701
718
586
817
566
980
747
1125
1366
834
549
1046
992
884
774
966
924
804
778
992
1013
817
792
860
547
813
768
737
1012
922
855
466
241
409
966
571
1004
637
1023
912
753
679
926
779
667
898
771
1184
1125
1126
719
974
756
1066
977
499
985
700
544
1152
1022
953
906
751
555
730
816
795
799
594
582
580
512
729
507
605
737
569
775
770
366
739
950
778
1097
675
639
591
532
646
944
909
595
864
808
704
550
876
867
833
-1
1035
647
858
839
779
284
964
499
597
546
561
531
790
637
1027
911
773
425
455
369
327
463
384
485
397
1226
840
658
586
830
670
656
1000
622
592
714
803
864
610
725
822
847
846
567
786
845
698
484
563
705
912
841
790
834
768
870
471
754
527
725
594
713
536
531
714
486
988
683
897
697
705
530
986
450
413
461
236
763
338
363
542
485
898
497
573
562
507
438
429
501
559
504
267
835
1047
778
738
749
728
729
784
730
628
521
479
464
579
707
703
782
568
537
571
591
671
430
701
706
586
528
490
440
731
564
1100
508
461
764
548
741
788
743
687
658
708
616
432
438
496
561
500
889
507
753
1040
926
823
328
473
439
495
692
421
588
481
339
739
474
476
507
658
662
587
839
405
670
555
226
643
507
523
443
491
610
583
445
642
684
561
453
372
618
673
565
635
620
419
656
238
643
588
266
469
407
569
566
827
456
532
568
471
659
453
861
1012
446
796
709
507
582
592
1033
594
767
464
709
458
743
485
618
503
493
880
446
507
707
699
299
544
615
449
557
421
631
422
454
252
774
890
837
488
657
745
662
519
615
473
426
742
934
519
865
896
888
1077
914
645
659
609
551
408
406
364
424
497
347
779
781
769
833
754
536
494
552
608
650
672
614
623
580
604
671
487
637
905
677
638
703
677
475
571
586
796
715
438
443
578
476
675
627
431
802
582
310
706
188
504
410
805
394
887
430
519
559
331
442
740
439
440
587
464
833
770
578
467
604
453
374
610
568
952
456
406
807
527
650
419
447
695
428
586
705
493
730
768
450
524
511
507
449
627
640
776
679
557
418
474
558
265
358
805
504
531
609
870
723
614
720
793
512
344
399
510
456
760
295
867
580
657
559
542
672
666
759
776
771
982
644
928
643
664
712
448
698
473
644
549
766
804
471
727
753
515
477
494
906
678
576
368
293
507
409
516
466
428
483
546
873
533
713
589
493
487
516
1030
727
685
723
289
586
424
474
752
480
564
609
355
452
805
415
515
523
389
689
551
815
621
739
444
377
1040
787
585
679
284
818
547
383
441
368
493
457
428
607
506
537
640
512
992
424
403
442
729
462
343
542
446
598
616
533
886
704
785
273
566
473
785
442
421
544
390
390
238
240
539
593
793
813
509
485
732
571
349
359
420
418
657
665
446
717
510
432
543
468
366
567
406
418
382
543
675
380
551
294
491
481
879
409
290
257
598
782
490
391
373
506
302
369
481
480
447
445
401
596
454
347
822
314
935
464
391
736
749
543
433
459
403
294
353
364
345
577
516
493
631
570
324
243
413
381
644
401
607
148
183
113
313
267
525
433
464
406
315
875
921
546
786
686
480
423
604
582
614
619
581
441
505
680
866
495
374
346
333
515
431
584
356
380
399
303
220
423
488
512
382
502
477
285
275
268
506
535
518
515
572
414
409
286
280
488
400
552
533
543
526
472
499
529
423
325
346
434
304
699
264
619
443
357
441
400
430
327
533
540
359
284
383
355
615
760
389
412
383
610
376
331
331
350
403
506
378
451
603
629
540
302
384
236
481
514
296
342
307
304
311
506
596
446
444
409
394
534
314
336
189
690
525
277
789
258
304
804
630
299
457
533
460
436
1021
603
353
493
245
293
309
272
254
254
530
470
437
754
284
512
513
489
345
292
318
230
342
385
355
538
563
371
266
371
550
568
350
435
410
416
313
380
325
632
454
572
240
253
227
286
459
488
550
673
297
224
499
269
645
361
358
462
452
546
402
371
618
276
328
290
275
282
329
283
246
414
381
798
483
711
442
398
532
358
664
464
308
505
565
469
491
456
423
490
272
617
382
574
430
590
315
649
407
315
325
301
326
428
376
285
212
192
195
293
613
266
267
361
309
378
317
284
454
442
355
440
410
323
253
248
524
459
453
280
494
493
454
631
439
389
369
347
625
315
305
381
439
649
470
540
272
436
591
539
714
500
316
428
842
153
526
380
516
232
278
292
466
399
495
374
307
285
375
287
501
562
390
518
308
250
349
543
474
629
369
280
343
372
252
239
502
789
206
205
246
235
384
465
595
377
830
370
483
322
381
234
605
378
415
301
250
623
483
364
163
458
704
548
238
393
290
460
346
383
316
339
301
284
459
178
482
363
343
491
165
657
328
356
567
478
241
368
173
534
529
421
516
734
196
538
302
453
705
279
312
488
339
360
465
435
337
235
336
294
278
418
225
334
322
322
437
631
484
281
450
394
856
418
298
320
241
478
217
409
449
636
310
332
233
226
251
234
495
467
485
285
481
266
215
268
313
322
168
326
579
266
481
311
330
325
294
297
411
434
431
336
259
258
217
290
292
342
225
327
231
319
189
283
557
298
486
418
294
263
442
219
156
215
376
381
162
181
236
223
338
165
378
319
202
315
297
293
283
105
342
408
311
285
242
363
400
332
211
601
290
403
427
260
349
164
379
322
247
270
225
305
484
340
131
466
336
224
174
259
447
403
322
160
260
430
223
354
278
451
398
281
299
227
542
267
579
330
500
255
352
281
231
244
299
238
212
388
259
245
362
342
213
240
274
209
409
417
427
271
393
340
354
390
422
428
285
314
427
203
351
159
482
275
83
463
249
322
358
334
412
237
372
216
317
327
325
331
339
403
320
245
257
387
181
204
324
203
371
598
191
166
217
311
53
57
775
539
431
254
275
428
274
193
382
307
283
721
186
201
214
412
314
322
302
425
236
302
251
195
276
366
186
494
690
395
328
298
254
271
402
173
331
171
506
244
306
257
554
250
248
254
316
317
353
178
318
490
399
303
245
265
236
432
432
209
314
279
225
469
199
334
536
392
188
196
241
196
265
250
479
259
312
254
234
171
402
180
469
174
427
227
228
209
168
225
220
209
268
145
350
198
405
182
124
327
252
200
287
405
171
148
439
326
213
308
273
254
382
311
168
100
161
526
270
187
230
197
302
205
134
204
207
415
175
189
359
148
236
249
285
141
358
236
129
316
317
472
153
239
176
339
246
228
229
153
258
202
87
226
121
227
288
290
323
362
251
194
188
172
143
217
188
146
311
127
143
174
132
202
232
260
171
206
203
339
310
244
181
175
150
208
218
185
208
152
401
208
243
181
177
143
259
175
187
185
290
123
101
253
135
134
240
106
177
175
127
203
69
133
160
106
82
164
162
154
154
151
80
216
132
134
127
143
146
70
126
80
144
93
149
76
72
146
160
134
89
90
225
66
140
682
184
