901
1013
1096
1024
1009
935
1167
1023
115
1019
937
952
811
776
839
871
885
984
947
1108
843
882
756
804
672
694
788
981
1066
1090
1145
1080
1128
1143
1234
1292
1332
1203
1176
1153
1208
1235
1157
1285
1169
1117
1051
1185
942
1113
1462
1141
1106
1085
1062
984
1094
1016
1043
1063
1163
1040
1215
899
1038
1017
1350
1073
1081
1072
1226
1109
1150
1234
885
723
1104
1143
862
1004
684
984
973
762
1048
993
877
739
985
952
1283
1074
1112
1231
1119
934
622
973
1139
602
697
949
1048
1202
1121
919
892
889
937
865
743
828
840
777
786
823
802
701
758
819
752
743
718
1094
650
908
550
783
868
766
1149
744
749
802
525
745
799
857
610
520
983
873
602
829
672
752
469
807
1108
962
951
1083
945
738
808
1158
1115
850
844
1197
1217
932
935
940
1046
1138
1185
764
761
671
655
696
498
524
501
602
517
515
727
546
393
765
724
971
893
563
438
572
392
352
375
478
388
428
446
501
826
831
571
797
989
713
1109
1037
918
567
742
1004
869
868
1143
1004
909
939
372
1094
788
1257
1183
1082
655
1088
945
948
1016
935
865
1080
873
953
658
1036
972
929
912
1092
1189
870
1165
1198
1158
887
738
643
549
1082
770
769
502
377
485
310
341
496
528
622
759
841
698
273
401
319
529
1237
529
783
228
867
715
1072
1232
597
642
548
1102
870
866
892
868
857
903
1014
940
1292
1337
963
885
797
870
618
940
903
536
783
1224
783
1088
615
1143
1113
1030
688
666
688
556
701
1221
650
575
653
532
487
479
583
1272
546
949
955
1011
734
1039
1249
1064
917
1070
1189
939
774
792
678
709
938
1119
811
473
812
910
959
889
428
973
760
984
1152
959
895
571
880
720
689
994
854
976
1204
959
767
812
859
733
1214
952
971
982
1177
1087
601
873
837
858
880
912
917
595
635
960
998
962
858
952
1074
907
1021
559
690
885
260
1160
954
1236
1148
728
754
692
596
573
745
1012
647
648
490
1075
194
1055
836
912
1072
1010
728
1139
688
921
949
749
1080
387
975
1174
1004
774
524
1030
937
964
792
858
517
744
592
1147
780
1237
808
512
464
445
499
644
393
696
528
681
968
941
915
462
554
520
474
859
1059
567
497
1101
744
533
740
671
1085
922
538
770
763
665
273
780
876
955
308
398
905
553
435
431
625
645
662
651
649
759
648
692
771
775
610
694
716
576
927
792
858
948
982
485
907
800
625
775
1088
1104
1274
1169
1000
1139
1064
961
844
650
913
850
664
1200
1017
1291
291
180
371
1051
661
918
725
691
1072
811
866
1206
1267
640
1072
1033
930
924
1037
751
1046
1063
887
766
327
1003
844
748
925
818
1074
793
749
521
648
794
930
871
728
702
715
595
626
663
678
831
722
989
823
327
713
883
945
689
817
744
599
580
792
1054
1012
767
442
367
895
677
964
866
917
727
810
589
891
1068
581
256
775
545
632
548
683
635
863
644
947
952
851
484
513
335
313
521
425
537
374
466
868
746
688
670
1092
820
694
1088
1047
678
702
564
615
720
597
983
889
808
890
831
677
597
452
734
925
946
710
1069
805
1200
617
934
861
1141
1004
829
638
711
842
445
474
777
686
1073
1031
639
884
478
452
612
220
721
279
411
495
430
828
712
674
639
504
435
460
521
689
624
276
731
856
1166
1114
1105
1140
1093
1064
1052
795
594
571
506
1010
926
729
954
641
676
666
512
620
497
907
885
663
629
634
627
875
707
1033
583
546
585
763
852
703
880
1067
1006
1078
932
518
615
597
747
685
805
669
839
877
969
1006
321
445
520
586
737
492
573
433
278
640
525
683
692
909
815
720
926
344
534
521
295
517
610
673
578
728
686
878
587
584
745
688
454
444
651
657
632
960
911
564
647
243
783
693
349
381
593
666
517
768
449
892
949
625
856
646
1043
668
574
753
717
552
648
682
708
731
791
586
667
506
726
490
462
591
656
969
572
538
816
735
392
646
889
581
724
492
997
449
583
316
913
855
565
600
800
937
764
621
749
854
544
793
907
745
1014
949
748
758
652
539
702
848
798
618
578
425
576
673
485
709
794
758
781
953
845
815
897
805
778
863
845
685
562
969
471
625
829
882
440
488
543
483
441
482
480
761
774
663
669
662
470
767
860
446
813
891
210
1017
183
548
505
924
572
963
823
781
743
467
586
821
651
508
745
536
596
756
944
545
687
542
581
638
607
836
558
645
802
702
624
691
293
795
509
602
1054
648
963
824
500
586
864
785
364
684
677
816
701
602
720
575
762
338
565
816
530
669
814
1110
751
613
681
598
616
495
573
661
636
523
346
509
486
885
715
598
695
639
834
794
771
753
717
995
734
533
645
480
702
599
725
663
626
600
786
-1
602
724
740
693
602
716
554
473
415
634
453
659
723
712
716
670
743
940
1040
699
618
772
708
736
872
663
798
301
469
638
718
793
606
610
695
466
599
852
644
442
752
541
745
488
693
555
659
715
487
652
558
858
833
324
665
571
623
572
413
750
578
628
607
538
705
746
551
630
568
510
643
819
418
384
711
702
817
813
645
706
525
783
490
602
590
963
519
622
656
348
680
209
306
787
541
667
886
386
681
696
539
558
499
572
587
745
488
611
930
828
555
689
640
568
803
716
423
376
658
462
450
660
294
600
553
837
508
297
189
545
640
482
530
467
548
425
483
508
738
726
726
491
649
519
450
555
530
539
629
533
713
521
529
532
685
610
328
458
487
512
420
570
527
778
597
516
346
590
548
579
557
486
138
174
134
358
397
745
613
480
660
305
648
702
489
688
543
601
487
618
599
583
590
529
442
546
722
760
596
404
524
478
541
622
702
214
637
481
456
350
681
696
755
346
788
619
372
426
371
622
578
513
514
654
454
455
413
455
852
524
669
646
799
742
651
805
726
646
401
549
482
386
569
414
721
470
382
435
560
609
375
502
527
413
394
574
481
680
836
518
598
553
751
553
476
581
562
507
618
492
461
539
708
676
405
593
309
585
761
414
415
503
503
428
457
544
684
593
583
470
711
233
268
164
612
535
422
470
355
539
588
563
351
459
534
486
659
448
488
442
435
355
362
437
399
397
381
602
595
411
866
476
644
525
559
448
463
403
340
427
378
356
400
719
424
381
467
765
634
271
553
329
497
593
422
428
507
480
620
356
379
341
387
658
775
780
535
438
401
721
320
601
494
404
706
751
687
609
573
670
428
483
447
375
356
461
391
410
390
345
710
474
600
599
565
483
455
917
347
475
614
698
582
459
544
508
480
389
701
548
805
563
676
440
426
360
420
487
420
414
500
534
488
359
356
357
373
653
351
379
457
469
511
430
407
747
349
295
515
528
348
415
384
497
373
423
385
452
630
582
623
588
298
522
570
575
356
400
391
547
685
401
489
335
575
413
530
726
465
586
444
601
230
489
422
845
345
422
497
666
408
397
322
500
455
390
382
300
295
439
614
387
311
548
564
535
618
502
422
427
433
372
364
669
401
315
349
382
371
502
536
641
687
794
508
657
369
396
356
673
423
536
370
388
537
494
381
260
500
330
457
313
636
423
490
338
477
432
352
393
310
463
344
686
601
414
630
298
523
371
317
448
416
328
374
166
632
651
463
472
570
313
718
559
719
686
483
436
566
304
348
576
455
361
364
403
440
374
387
425
552
428
310
692
694
384
416
434
445
530
462
451
508
412
658
327
492
236
702
401
464
435
422
479
327
586
445
644
320
381
325
356
387
368
440
253
315
638
291
431
370
388
409
428
335
478
671
363
428
271
433
362
497
423
480
339
340
257
303
276
525
428
405
462
533
267
338
638
338
243
321
389
322
291
299
384
305
314
256
461
529
270
370
308
365
357
109
320
422
316
393
372
447
484
363
365
580
286
571
413
407
422
264
365
450
383
396
372
423
567
445
250
480
360
313
271
319
609
365
279
274
391
395
329
371
495
535
445
250
409
318
530
411
365
514
617
472
397
367
361
390
452
381
350
372
356
383
581
555
319
319
365
272
580
536
421
375
442
344
481
430
485
686
283
405
378
312
446
242
480
419
102
603
344
425
452
273
596
403
387
293
393
375
509
435
296
495
356
298
386
371
301
266
387
244
384
658
322
275
301
369
46
71
576
506
382
390
332
624
310
280
365
274
244
577
322
329
230
372
346
312
359
495
385
310
266
300
334
480
275
352
578
494
409
382
260
390
419
273
426
267
558
361
484
410
441
252
210
359
426
395
515
192
359
431
492
488
301
372
367
520
377
318
413
393
337
450
175
477
509
473
249
292
303
323
311
276
394
330
273
219
238
157
345
249
468
282
509
321
323
281
263
231
319
245
371
135
483
330
189
261
210
187
336
319
254
319
274
218
491
418
276
414
205
228
218
365
205
167
284
605
239
238
208
241
469
262
176
211
194
366
282
279
473
228
310
365
310
227
351
366
153
392
398
403
108
235
208
464
425
221
219
208
334
249
150
190
195
298
301
303
509
315
210
291
236
183
209
275
255
160
359
68
128
220
201
148
279
498
276
319
320
407
345
275
190
212
179
226
228
204
245
195
412
230
288
197
243
192
263
198
321
320
331
129
104
312
190
189
441
160
227
271
151
256
93
128
181
101
133
250
167
144
185
187
89
323
200
156
155
229
220
112
172
91
139
126
165
91
74
133
204
161
114
113
161
93
139
749
275
