289
322
344
345
341
326
382
328
40
351
336
299
283
253
239
282
289
346
305
380
263
292
228
294
263
248
283
326
372
415
367
343
327
353
371
357
370
351
374
368
344
358
327
362
343
320
291
373
305
348
403
345
333
317
319
283
322
305
288
316
326
307
327
298
324
313
339
299
321
312
384
383
359
382
264
233
319
345
292
317
238
302
310
225
297
303
268
224
306
313
349
319
324
419
393
362
214
303
368
193
221
297
334
390
351
280
255
277
282
241
226
224
236
223
238
232
252
214
236
261
235
228
255
311
216
272
174
213
229
211
344
225
232
232
164
235
245
274
166
153
275
273
204
267
198
223
153
229
394
296
335
351
274
238
282
391
332
249
249
347
350
266
276
295
391
368
391
257
233
215
205
214
150
156
146
192
150
152
226
165
126
250
197
282
286
186
148
183
112
119
119
157
128
136
121
165
258
257
203
275
417
229
382
384
295
196
239
254
270
287
332
312
349
290
113
357
255
409
454
386
212
316
306
285
309
290
222
321
294
301
264
411
288
294
272
340
351
299
333
354
358
283
246
194
153
345
261
307
142
113
190
105
102
156
160
224
261
269
228
76
135
91
160
420
145
259
60
244
241
338
375
190
220
198
369
243
252
272
269
257
276
311
312
370
403
274
306
246
257
180
290
286
174
249
375
247
372
206
386
310
349
230
235
240
187
218
374
199
210
201
158
160
156
160
414
205
316
274
372
240
353
402
352
308
332
398
400
209
284
226
249
293
343
274
163
261
303
338
291
139
298
252
304
388
353
265
219
251
218
201
318
280
344
418
272
225
265
334
252
357
328
336
381
381
361
204
302
249
269
259
307
320
196
216
311
343
307
271
259
351
291
411
156
203
275
73
440
374
398
380
214
228
210
172
174
226
319
275
273
135
343
57
446
377
422
457
429
219
324
228
336
290
227
351
112
297
367
303
249
168
339
343
287
261
267
149
259
233
389
228
408
270
185
157
150
178
204
116
226
159
221
315
332
331
173
179
165
153
244
309
177
174
349
254
195
250
277
314
277
184
238
251
204
108
316
333
303
105
133
354
184
147
156
212
218
221
221
208
237
206
215
223
225
198
261
210
168
312
294
286
292
297
171
314
294
228
302
377
379
398
465
376
340
309
354
242
198
346
264
233
342
370
495
83
57
142
381
207
288
272
268
324
274
442
366
392
221
408
405
342
295
361
204
362
349
269
250
103
342
260
256
298
303
432
268
273
181
204
242
332
295
236
202
202
185
192
245
203
243
226
320
320
113
227
300
314
252
291
233
199
185
238
322
319
244
152
126
415
208
305
290
337
257
313
201
270
348
191
65
285
192
204
190
235
203
283
209
323
339
297
160
156
110
116
168
143
165
114
193
266
276
228
219
411
371
284
419
406
237
223
165
197
213
179
326
283
358
327
348
211
202
164
237
294
317
207
343
315
350
207
340
389
449
472
269
194
205
351
149
164
244
232
454
398
236
280
166
152
220
62
230
106
151
170
162
272
247
237
220
153
138
128
202
219
252
75
273
296
353
352
341
337
343
376
365
232
207
202
183
423
331
265
340
199
227
214
155
189
190
349
345
281
231
215
245
331
260
348
212
220
198
253
343
237
352
440
403
412
424
164
197
235
302
231
286
209
307
276
367
309
93
141
183
196
241
159
194
132
92
248
196
216
210
332
312
230
307
128
169
181
68
183
223
284
234
286
224
340
192
220
336
217
148
147
226
215
192
345
305
206
198
78
334
267
105
104
198
221
181
337
138
292
477
212
293
246
324
248
216
321
289
142
265
272
236
281
301
221
287
180
229
160
145
247
228
340
219
284
269
297
150
204
254
234
562
235
407
155
208
99
285
332
223
203
287
347
285
226
294
442
184
279
280
297
398
331
284
308
241
194
258
431
490
240
248
161
190
245
197
206
301
282
232
387
428
434
404
314
366
355
358
291
163
443
159
309
360
339
183
188
202
177
204
174
174
293
311
284
257
202
146
411
347
130
333
397
98
350
53
246
202
347
239
323
383
285
304
136
203
294
252
192
277
192
216
312
319
229
293
198
192
238
210
328
197
230
318
343
213
419
81
191
170
212
413
272
311
343
175
175
357
377
118
329
324
337
228
222
578
201
415
112
223
293
213
336
413
338
307
273
262
231
286
212
227
317
241
174
120
164
112
315
318
291
363
305
282
302
286
274
298
368
390
211
243
176
326
248
288
288
238
234
370
386
174
429
493
427
252
306
256
196
175
322
134
414
512
539
307
328
261
418
325
258
194
536
222
253
279
280
379
97
188
236
245
255
204
285
292
216
206
411
523
134
563
151
328
176
261
238
258
509
175
242
209
428
370
164
278
250
240
247
161
435
199
275
309
289
322
421
274
232
195
206
381
304
126
145
277
414
262
329
330
269
191
308
286
193
275
359
167
307
325
91
347
90
103
319
245
260
302
133
347
240
283
295
218
291
385
288
199
340
385
333
244
245
215
240
317
434
189
173
322
152
181
286
98
288
314
289
168
90
56
220
270
159
233
152
288
184
227
302
665
429
424
165
251
191
307
226
229
205
341
315
230
212
221
186
398
420
105
206
182
640
202
309
247
318
345
298
195
317
232
265
294
201
27
32
23
146
218
449
387
211
476
194
301
288
282
254
214
230
245
245
235
209
235
218
181
208
314
280
368
154
385
287
262
429
302
72
251
164
242
205
325
531
557
101
310
384
312
206
250
273
187
234
212
189
169
168
344
202
359
191
264
324
293
288
229
324
246
350
285
270
255
194
238
356
294
283
209
248
535
444
308
174
259
182
176
296
308
393
336
344
377
204
309
241
227
444
573
242
330
382
297
206
261
353
154
363
210
448
284
196
199
275
319
201
215
275
371
418
409
322
239
92
152
126
220
303
253
167
191
225
202
252
223
181
253
301
382
151
247
201
203
174
157
241
179
192
200
267
224
197
362
193
277
266
297
347
343
164
156
221
214
220
157
381
135
172
202
326
286
120
238
130
214
485
110
200
273
352
229
160
177
167
169
220
383
313
266
422
286
387
233
281
318
322
377
407
283
307
324
208
293
297
271
155
159
351
159
276
214
196
252
251
297
421
392
228
149
330
162
192
284
321
289
264
276
289
208
268
278
265
342
294
240
202
128
190
307
211
209
297
339
494
211
275
256
267
206
266
251
213
191
228
401
137
268
392
166
164
419
335
253
208
273
270
236
255
179
329
340
349
196
242
117
510
327
292
286
193
240
241
271
121
179
226
316
137
357
288
128
363
246
239
218
288
237
308
214
203
368
400
234
198
204
409
427
119
161
127
143
305
281
349
256
406
290
249
240
157
398
342
412
296
291
411
156
174
240
177
257
292
225
311
221
305
507
232
134
195
221
246
316
345
134
230
286
312
191
200
274
159
178
225
365
173
278
227
277
180
199
231
232
217
309
386
334
235
235
267
188
185
165
219
194
122
170
140
242
223
333
166
231
260
277
345
404
278
384
164
251
172
277
325
289
295
183
204
342
148
163
270
511
253
195
243
256
191
319
250
317
201
171
253
409
317
362
196
340
114
309
263
441
263
263
288
232
277
243
250
239
205
253
216
182
170
175
120
228
315
205
219
255
345
217
202
272
160
299
213
282
226
284
264
300
358
218
221
228
148
161
175
260
176
165
189
196
88
176
388
178
189
230
264
198
230
184
229
119
255
183
237
289
189
231
164
248
212
25
125
190
182
262
186
234
163
250
278
232
134
304
199
254
304
195
117
167
423
307
248
355
251
162
252
229
155
174
144
77
323
228
241
178
402
206
256
257
303
210
290
141
259
418
208
296
167
197
291
222
141
249
197
216
388
355
222
247
141
303
368
398
146
163
198
92
272
325
296
158
244
221
457
327
192
359
208
259
213
266
269
161
204
250
26
277
173
177
244
206
254
256
261
259
291
168
203
399
160
279
381
160
-1
211
245
142
130
169
162
244
193
189
151
276
9
18
197
193
222
161
193
312
142
133
186
220
179
254
179
261
193
172
227
225
260
307
248
303
121
184
231
254
183
159
225
315
283
232
290
265
231
179
242
197
316
335
339
201
185
109
204
196
252
238
298
124
207
163
198
314
198
149
159
269
175
177
272
234
192
188
134
240
205
259
118
121
190
259
210
209
158
241
175
146
224
110
189
170
173
185
296
152
152
145
110
205
188
254
222
47
244
159
78
145
166
113
192
169
208
118
211
162
188
226
208
197
102
145
122
137
71
173
163
255
174
137
144
264
281
266
74
171
53
246
162
299
220
139
255
161
187
168
227
167
109
194
210
233
89
180
123
239
197
181
107
152
212
168
109
123
108
180
207
210
237
154
124
179
177
195
152
156
172
46
242
46
83
178
121
85
193
315
185
211
162
194
249
181
174
151
49
196
207
183
214
129
198
205
127
179
182
151
210
130
165
162
231
135
108
234
119
118
254
143
104
147
99
145
74
129
139
106
124
178
45
122
173
155
93
231
196
128
113
132
184
90
124
73
121
104
125
79
78
119
152
80
87
88
89
77
121
276
148
