188
206
252
245
251
236
260
233
37
244
234
217
159
158
206
220
215
237
224
251
199
200
156
160
148
110
179
222
244
279
235
267
261
289
317
305
278
250
289
264
240
272
255
290
247
236
228
259
213
257
336
274
271
266
259
253
282
235
275
299
313
259
283
180
306
273
288
293
312
309
329
257
326
305
190
172
299
285
215
289
127
274
296
218
278
267
179
186
277
225
298
237
273
277
250
170
149
225
253
149
219
218
216
275
244
206
213
216
220
204
216
175
191
162
178
195
173
195
187
198
136
142
153
253
140
208
129
163
248
190
250
192
184
214
98
188
173
186
241
100
210
225
75
193
150
175
33
183
292
249
220
220
199
153
195
316
267
181
196
293
269
205
209
237
231
227
296
155
151
159
144
145
65
46
120
114
143
136
147
138
28
193
234
196
215
109
98
127
94
43
89
90
114
126
112
132
173
174
47
188
233
168
265
239
207
129
193
223
260
281
354
350
170
201
93
246
200
308
324
323
145
256
272
250
262
234
210
251
207
253
223
279
225
248
225
333
245
221
303
320
291
231
231
215
216
334
254
139
132
102
117
94
88
112
56
84
163
201
186
27
131
105
107
307
171
178
53
271
136
224
276
139
162
192
315
195
213
221
222
213
219
238
215
270
294
263
191
218
185
234
330
289
150
255
298
277
266
168
318
262
233
201
185
187
195
173
282
207
137
195
178
116
165
196
289
79
254
205
263
180
220
260
286
271
255
300
177
220
154
163
168
220
282
239
87
155
210
245
247
46
243
187
261
260
256
289
126
232
239
163
315
228
327
275
227
233
196
164
185
310
216
222
261
285
249
206
239
190
187
180
224
241
160
196
267
231
201
252
239
259
299
214
197
220
222
70
291
225
270
274
238
240
171
159
144
172
230
97
98
191
268
37
275
184
194
264
275
143
253
59
289
274
257
227
128
224
257
207
279
117
221
242
233
275
258
185
192
110
266
192
280
203
160
159
108
154
183
88
262
156
186
280
283
279
147
165
128
152
227
261
158
124
243
125
162
166
180
275
288
198
285
280
232
73
218
212
282
95
110
215
162
106
138
191
213
202
184
191
225
213
202
202
252
192
143
216
230
232
187
215
219
303
139
220
158
146
197
250
238
273
286
225
270
238
238
186
167
210
187
170
285
231
297
65
24
113
263
209
216
158
179
250
185
160
305
273
170
249
242
238
198
245
162
244
237
215
199
64
296
247
244
215
197
311
244
262
209
212
215
301
273
216
208
206
205
218
152
217
205
201
251
227
67
207
200
270
173
311
220
201
204
249
236
227
210
92
68
232
158
222
202
209
189
219
161
197
276
172
0
214
147
220
185
239
196
217
167
202
184
279
164
189
93
107
216
101
208
54
185
279
193
257
129
262
177
183
258
243
150
193
116
196
187
93
253
254
118
220
281
266
237
170
235
264
288
208
277
225
277
189
291
257
279
288
217
193
206
261
104
81
235
174
272
254
222
278
140
132
200
24
186
50
161
140
0
201
212
186
167
150
138
123
178
211
199
66
237
202
320
311
318
319
332
260
281
226
212
191
203
278
234
278
238
202
196
207
143
176
212
300
295
101
208
193
181
235
263
236
209
194
127
225
248
242
256
260
250
260
257
170
185
209
265
188
229
222
194
243
226
251
79
116
216
240
241
193
133
193
98
238
158
198
210
262
253
138
220
71
195
211
80
178
222
282
204
238
186
156
186
116
249
186
146
129
229
240
181
226
207
196
174
83
226
250
102
129
187
237
170
233
127
218
310
206
313
241
250
185
195
212
217
216
231
237
205
278
249
215
143
171
155
154
136
208
252
235
196
119
297
256
206
238
251
196
263
18
274
98
166
97
225
219
157
191
278
310
279
246
236
244
146
230
206
262
297
221
193
217
189
164
178
298
269
206
206
99
200
257
135
153
200
179
150
243
332
323
287
222
284
254
303
213
225
251
128
274
251
225
161
185
206
190
228
194
193
289
242
199
212
140
6
192
217
160
241
269
75
257
55
31
192
211
226
232
252
205
213
189
186
227
225
189
209
176
165
203
254
208
255
183
167
217
232
238
224
210
239
145
128
244
111
122
193
162
294
207
243
206
200
145
297
311
161
273
259
180
184
176
308
215
258
102
206
176
29
118
363
274
262
236
221
211
242
192
160
181
204
139
168
162
139
283
292
240
219
241
217
204
205
203
207
249
216
211
168
182
231
273
215
240
208
176
269
276
136
281
235
265
181
235
188
198
189
234
146
230
299
311
137
285
201
276
270
124
152
341
166
166
274
201
209
159
234
192
216
207
216
190
256
169
174
193
286
58
245
199
195
146
197
166
205
268
134
177
159
201
227
170
206
260
181
242
146
331
254
271
243
234
246
244
171
192
201
200
261
293
172
162
253
247
187
273
294
174
107
198
188
229
199
248
137
273
304
78
256
53
95
483
140
185
241
143
213
193
237
232
209
297
287
287
159
213
289
310
231
188
153
138
188
276
181
157
282
144
228
219
80
283
282
205
169
111
26
166
231
72
225
146
204
172
174
186
211
331
330
181
212
134
273
183
230
146
207
238
249
214
210
184
237
269
120
218
166
215
103
247
152
258
202
246
185
261
192
204
238
176
34
35
27
138
181
264
217
61
316
207
233
264
189
225
197
244
201
212
193
207
208
210
192
256
305
252
215
136
287
233
186
228
213
18
177
143
226
190
249
233
216
133
224
298
196
157
224
210
137
145
139
132
150
150
206
132
301
176
154
257
231
223
218
246
142
222
224
173
189
164
178
178
190
175
92
173
183
179
210
112
177
205
209
262
178
233
218
238
257
239
260
281
175
177
197
166
247
271
174
119
287
212
210
277
204
182
230
156
242
249
230
161
172
220
228
290
276
276
236
97
167
118
122
211
230
125
197
146
215
263
257
173
206
264
300
106
169
222
166
194
184
251
179
180
177
142
219
167
242
166
253
179
226
272
178
102
187
244
164
171
53
222
152
206
186
208
209
114
176
114
190
236
149
174
227
267
237
193
190
185
171
140
271
148
189
116
170
305
199
191
249
244
207
219
282
352
337
262
242
215
231
179
192
301
191
232
201
174
170
152
206
319
249
107
133
239
146
206
279
289
290
183
293
253
126
236
234
277
252
252
166
232
127
150
248
211
235
195
124
157
179
167
173
163
139
214
166
170
170
186
282
145
247
201
174
178
252
280
191
216
240
250
211
190
130
220
169
212
74
240
136
196
163
214
204
168
179
180
195
164
177
186
287
86
193
190
156
173
177
179
56
234
178
298
168
156
302
296
168
189
183
145
217
114
162
126
109
209
180
236
209
251
181
174
186
195
310
238
268
224
207
268
125
157
151
130
217
250
171
249
117
268
203
234
167
194
177
196
139
270
45
151
205
233
85
130
260
82
167
197
288
154
225
162
185
241
181
278
210
130
187
279
269
178
69
52
176
173
148
200
137
170
173
132
240
239
275
141
160
210
207
241
351
172
310
211
207
185
181
188
176
209
166
139
218
191
136
198
264
252
162
223
253
96
199
191
224
96
143
202
200
180
196
131
250
108
217
208
166
196
213
182
244
201
232
242
184
135
180
150
125
141
178
165
31
198
170
183
211
211
273
160
203
222
295
153
180
182
274
223
274
257
131
208
200
194
205
-1
198
170
172
161
164
35
151
220
159
164
208
156
140
186
104
163
141
201
173
189
288
194
206
163
238
206
44
154
167
168
213
152
168
152
213
195
241
145
214
176
205
228
187
88
232
231
274
149
225
212
172
1
182
185
168
174
132
212
129
144
148
246
160
191
224
164
125
204
147
183
101
210
185
125
174
206
160
125
238
212
243
212
210
162
184
131
271
190
200
151
131
185
106
213
230
204
228
220
146
288
216
172
224
192
234
136
174
200
147
195
124
50
219
223
198
229
150
150
222
204
232
247
156
170
230
153
227
124
187
175
110
183
156
152
170
133
176
171
178
147
212
12
14
161
60
98
281
146
226
57
179
123
128
103
163
191
165
142
142
163
150
201
173
165
173
120
133
217
228
141
80
153
172
122
238
132
215
202
279
173
189
230
95
197
157
132
119
125
182
201
209
244
181
167
70
157
213
164
187
134
236
129
178
219
144
192
109
104
159
153
149
75
169
172
190
169
177
127
117
151
165
64
116
211
138
95
134
185
194
198
165
155
183
193
188
133
82
218
202
50
123
112
110
186
134
185
84
188
156
97
139
156
236
143
140
113
128
68
105
116
218
126
160
156
165
116
180
106
111
82
160
163
148
207
116
157
152
258
154
161
199
70
155
114
203
82
128
89
246
192
134
97
142
48
164
155
58
152
99
131
131
225
98
136
160
127
138
142
148
142
70
188
24
67
121
121
85
190
215
148
197
162
147
233
244
186
236
83
155
173
154
188
112
135
179
124
148
115
118
199
119
168
167
144
94
71
141
128
128
167
65
81
154
79
112
73
99
85
43
79
106
53
83
117
146
48
177
132
76
95
113
142
65
79
44
69
89
36
62
42
55
92
26
73
75
66
63
61
155
160
