888
1045
906
882
793
620
1061
893
89
885
870
800
861
884
768
775
733
744
700
826
778
734
712
791
671
720
744
739
811
855
865
853
1023
1106
1191
1271
1286
1100
1176
1029
1113
1176
1217
1116
1093
1030
949
1061
1088
990
1253
1385
1303
1232
1118
1256
1238
1096
1481
1448
1317
1090
1235
1165
1057
1066
1072
1099
1142
1104
1106
989
1122
1110
967
737
1053
1003
864
793
954
1025
990
977
977
858
1124
1034
971
975
1039
1017
988
966
869
822
769
898
983
775
1031
1689
857
947
862
1444
1734
1341
1454
1667
1230
1342
1429
1246
1253
1788
1283
1023
1341
1607
1326
1170
738
1036
688
982
623
1249
948
1312
947
1628
1725
1502
1125
1133
1148
1159
791
893
1230
1613
967
1106
966
1208
888
1286
992
881
764
764
874
1000
740
960
1056
1256
1180
998
914
1182
1212
842
781
873
900
1244
1262
1093
1193
1163
930
1028
990
1063
863
888
1173
895
738
1044
1000
827
797
796
743
850
652
660
609
735
627
1037
604
776
994
988
670
694
873
1719
820
771
699
831
1364
1073
1094
938
891
828
809
765
491
921
684
953
877
919
1063
889
1167
1088
945
933
984
838
1028
901
637
908
807
845
850
870
928
1266
945
1012
867
907
1184
784
913
876
981
665
556
604
498
419
604
582
662
838
625
1124
1206
689
708
546
1373
796
816
1216
522
1093
806
1052
894
942
968
721
786
739
762
667
620
757
877
938
795
857
798
945
718
1212
601
941
755
839
684
764
952
1093
744
560
807
1085
813
1767
1705
1720
1269
1479
818
605
633
615
480
480
526
508
749
633
799
702
857
625
742
830
786
761
935
802
733
949
671
1011
756
920
749
783
872
1017
844
872
981
535
1057
718
736
771
702
860
598
1106
781
639
890
984
739
763
746
889
860
648
871
758
660
709
799
764
715
740
665
856
652
666
877
748
-1
1567
737
667
694
729
1011
844
737
681
806
1232
819
522
658
672
853
831
792
791
957
816
782
986
725
530
529
890
703
518
741
619
632
659
619
744
811
677
730
757
717
691
360
781
715
692
946
787
686
684
735
762
790
456
614
548
648
862
710
1003
1653
1492
1388
1487
1438
656
696
1074
917
779
767
726
1376
1471
1378
1151
1113
833
1105
447
785
538
1376
585
462
825
829
671
732
694
663
466
666
712
1007
694
1016
686
907
797
649
1045
1174
1241
1096
1441
1131
1030
1233
680
944
602
709
593
795
619
601
705
748
958
675
614
753
582
608
690
674
716
648
615
728
842
800
582
1194
627
983
879
778
570
649
564
258
351
717
1184
790
658
566
731
663
553
842
627
959
782
718
709
761
657
957
774
655
718
720
542
673
859
625
625
488
630
592
613
700
699
568
671
760
764
853
789
745
809
741
805
656
954
708
613
679
790
664
948
674
631
746
864
888
805
768
652
927
542
456
525
788
504
498
497
587
514
531
942
694
669
540
512
506
903
957
802
956
968
772
606
509
573
904
866
814
580
845
741
780
751
353
571
875
846
806
544
622
440
500
487
533
534
602
727
577
683
653
619
572
491
535
604
434
568
638
820
726
578
710
540
677
709
608
489
583
482
859
712
717
476
505
539
772
739
515
492
1019
745
1405
1240
952
380
680
384
668
448
488
529
751
967
674
869
798
900
669
567
460
411
555
641
762
715
733
731
696
647
630
697
1116
747
770
517
583
632
598
688
520
682
491
501
737
585
595
487
849
970
788
600
503
709
762
584
553
492
556
495
520
493
499
513
453
800
636
763
521
714
629
727
734
766
526
622
815
959
483
523
555
404
675
480
417
452
867
867
785
561
615
693
807
357
432
491
453
524
426
481
616
555
549
569
780
566
459
481
950
419
933
550
488
610
595
694
714
413
596
461
613
635
574
509
482
480
419
609
456
539
666
528
744
504
764
503
421
447
427
438
587
479
493
346
448
467
511
685
533
552
561
519
866
451
792
479
245
532
473
766
339
373
535
611
677
349
537
615
404
769
592
514
604
691
558
409
831
578
683
603
608
625
436
486
453
502
779
444
381
689
591
673
694
740
639
575
499
463
516
496
411
371
420
560
439
490
536
364
391
451
430
422
386
565
354
370
418
406
284
399
316
511
474
561
604
737
605
434
501
447
475
431
208
595
565
417
779
512
569
593
442
394
415
483
696
505
643
421
418
668
433
410
540
492
439
834
552
538
440
494
444
448
524
424
886
353
379
636
539
677
548
341
781
440
710
970
406
393
341
397
364
534
418
327
346
798
362
559
457
639
531
435
398
678
481
401
406
380
380
708
573
341
550
441
555
418
523
561
468
345
341
386
564
586
573
689
431
646
386
426
741
490
443
390
421
422
395
503
394
595
448
368
351
325
372
444
298
572
483
375
653
292
330
296
522
357
546
442
739
401
537
356
551
590
739
432
393
624
314
378
428
571
416
347
482
544
755
463
304
630
364
905
427
316
478
335
493
345
732
567
420
457
454
208
424
397
663
401
610
330
611
446
383
267
435
378
295
427
793
608
332
584
325
692
453
355
471
493
366
492
367
438
375
446
326
558
367
391
428
506
427
398
515
431
298
376
626
491
340
445
313
354
468
348
287
516
321
307
523
472
374
427
401
299
568
308
274
212
371
468
317
415
330
391
268
677
420
460
324
373
402
648
337
635
278
437
474
294
337
369
372
461
490
344
225
454
409
459
290
290
453
396
368
700
341
309
236
271
468
234
282
355
345
417
317
431
332
393
596
340
338
332
298
236
215
363
363
401
344
391
336
179
404
435
266
499
545
388
306
364
342
375
364
342
255
340
430
551
302
418
261
323
284
306
455
314
503
569
285
212
355
336
349
363
360
309
211
422
208
335
382
294
303
459
475
470
212
413
523
752
347
411
626
563
623
403
518
316
219
322
254
495
362
192
392
263
194
233
288
289
200
377
297
319
311
331
247
340
447
262
304
441
483
362
415
277
256
442
364
256
240
404
403
317
287
265
195
280
462
363
274
320
319
547
303
318
304
293
277
268
573
257
180
110
709
336
269
506
339
293
389
326
164
270
282
267
328
453
279
306
301
461
547
291
445
416
382
315
398
268
533
425
430
321
358
221
233
402
396
289
238
211
571
372
601
241
266
352
342
266
324
215
478
280
318
564
291
229
402
360
374
368
435
479
357
487
296
216
257
360
185
364
279
243
335
330
486
281
276
529
335
280
288
433
405
238
226
312
245
204
501
247
337
316
279
306
406
512
185
367
348
435
369
256
332
340
314
265
355
400
426
299
392
423
496
202
219
610
266
232
232
222
458
303
324
334
357
473
246
492
357
407
268
489
203
376
207
178
262
280
187
382
211
291
230
232
345
234
383
314
508
395
217
242
267
294
170
505
236
325
386
344
360
172
361
362
263
409
373
300
291
403
218
280
239
473
344
487
280
314
216
276
205
233
224
289
465
272
203
217
326
197
165
271
290
334
353
421
214
218
214
216
197
325
290
334
306
361
260
322
301
349
401
459
238
632
420
276
279
585
236
302
516
363
295
267
218
291
299
252
294
155
284
331
299
200
315
280
177
247
178
314
248
363
314
212
368
172
364
226
203
253
254
220
231
93
349
364
249
388
415
270
392
407
336
385
284
332
276
186
192
298
229
206
365
261
234
421
269
306
242
215
190
428
380
233
212
244
221
530
612
290
238
225
362
358
244
152
367
206
234
315
301
330
182
384
256
629
190
241
233
281
301
221
686
282
164
303
183
252
212
194
233
399
182
412
324
212
265
156
245
252
292
211
406
285
194
150
192
160
368
372
434
278
428
331
457
347
268
221
305
223
188
196
205
282
420
168
241
275
254
167
235
172
230
241
295
209
294
180
263
349
293
379
229
236
379
219
290
241
248
197
206
242
335
178
223
348
194
372
357
91
273
243
279
260
301
310
212
144
259
180
220
164
202
223
431
219
152
260
132
353
260
231
284
350
350
315
188
252
330
219
199
259
209
308
208
272
297
333
352
227
359
315
259
199
293
255
179
254
234
347
333
179
270
239
208
258
254
346
258
98
320
253
359
280
141
411
220
183
155
199
235
479
216
181
265
161
250
196
227
255
238
395
155
303
343
265
241
411
183
101
132
457
431
243
219
290
304
143
267
221
151
159
398
288
207
136
255
180
146
192
241
272
141
347
169
216
302
210
278
336
229
205
220
111
196
259
147
220
232
293
169
252
408
345
163
121
386
300
231
292
110
240
367
264
240
198
466
410
315
241
298
303
196
313
379
112
243
393
268
239
226
184
221
166
127
197
153
179
124
131
88
174
259
422
240
305
269
269
230
242
109
187
117
227
61
311
276
169
334
157
135
186
255
141
204
177
160
488
224
167
266
131
135
130
441
295
122
216
312
140
172
127
126
248
133
121
111
137
193
265
131
287
209
151
352
162
139
206
222
69
350
334
225
55
127
133
256
386
136
147
258
138
185
117
92
218
152
166
166
310
201
138
160
133
96
178
197
154
153
182
47
70
144
196
93
156
227
214
168
243
227
197
136
108
110
212
123
132
123
129
93
245
125
252
105
126
101
149
131
219
216
162
77
59
154
111
111
215
74
386
208
97
136
88
75
114
54
119
146
82
81
92
106
57
148
104
98
149
230
103
123
101
46
68
117
89
45
38
73
129
130
80
80
84
93
71
703
271
