942
1099
1110
1020
979
811
1159
1076
144
1042
997
977
822
798
890
966
918
936
883
1096
867
990
794
900
742
734
1067
943
1121
1048
1143
1035
1129
1310
1285
1426
1563
1314
1356
1261
1347
1346
1351
1371
1516
1445
1378
1557
1084
1479
1571
1429
1336
1201
1284
1341
1248
1296
1320
1238
1310
1424
1393
1035
1223
1148
1374
1332
1254
1254
1310
1378
1240
1314
1215
777
1238
1258
936
1010
880
1172
1099
906
1182
1201
976
813
1097
1058
1419
1105
1184
1212
1094
968
821
1172
1211
777
859
1132
1170
1345
1154
1086
1032
1046
1057
1014
840
927
989
885
909
938
1036
854
927
981
886
928
869
1306
817
1207
628
880
963
824
1209
838
843
895
661
1018
1078
1127
705
639
1205
1053
790
1103
849
909
568
907
1055
1263
1101
1365
1434
1096
1078
1105
1307
973
972
1167
1423
1102
1079
943
1023
1225
1101
903
895
810
806
797
595
670
551
755
594
607
823
643
514
965
835
1455
1264
624
503
736
474
484
466
578
474
491
553
588
1013
1016
532
987
960
840
1065
1029
1040
726
956
1214
1038
969
1125
1017
883
1132
480
1192
960
1207
1197
1135
751
1144
1144
1168
1147
1128
1023
1428
965
1102
667
1081
1144
1182
1304
1072
1260
1025
1311
1244
1104
1071
928
677
623
1102
850
885
627
432
604
417
388
592
642
772
859
939
883
354
463
350
602
1129
622
917
277
1027
1087
1214
1276
715
805
620
1062
1233
1235
1193
1165
1246
1136
1243
1150
1222
1164
1041
902
920
1213
688
1004
1018
562
794
1140
880
1041
832
1252
1098
1051
807
766
819
614
790
1313
686
637
720
614
508
527
627
1109
784
1056
1319
981
954
983
1172
1038
944
1139
1078
827
817
932
945
1049
1095
964
840
608
1040
1061
1085
1020
455
1111
1030
1033
1130
1225
1021
771
979
724
885
962
898
948
1017
1195
837
1011
876
1065
1024
990
992
871
981
1011
715
908
1121
1162
1207
1017
986
683
702
996
1157
1303
979
1097
1108
943
1011
668
798
1103
286
976
968
1227
1252
908
955
942
829
788
914
1043
662
656
530
946
234
952
843
814
955
890
860
1060
751
937
1025
813
1253
606
1190
1100
1103
901
722
1239
930
1287
866
964
546
1009
824
1015
888
1026
908
546
490
489
538
701
441
685
600
965
1158
1033
1010
488
621
590
498
925
990
647
683
1055
656
584
819
707
1118
1008
635
819
828
886
347
820
1018
1012
319
381
797
696
513
534
708
711
712
667
667
787
648
759
1033
789
925
937
877
673
1050
840
1109
1132
1087
531
1004
944
808
914
985
1020
1068
854
1185
966
1135
1010
957
664
802
928
743
1082
1071
977
290
219
501
1028
684
1002
731
872
968
837
717
1267
995
774
971
959
1085
1046
969
855
992
984
1107
1028
401
1017
819
698
1067
848
933
977
767
623
869
982
915
889
731
713
703
611
643
618
669
984
726
954
860
397
912
1189
968
1016
756
810
632
596
790
983
900
708
688
556
724
629
998
1007
921
934
910
791
960
935
757
329
950
569
653
605
616
613
976
820
978
934
822
507
541
350
347
522
457
552
458
587
775
794
639
847
831
716
787
817
792
934
852
823
711
913
693
952
912
711
889
683
715
585
500
820
955
993
883
1006
778
991
577
830
669
949
792
890
601
669
738
514
713
890
885
815
785
642
909
504
493
573
274
840
328
435
642
465
883
595
738
775
620
517
531
576
730
569
322
772
1005
1073
1006
1081
1024
1006
950
909
838
622
584
536
773
788
776
960
671
635
784
702
776
485
789
761
741
600
645
587
826
669
1216
528
528
668
652
752
762
874
814
799
823
730
518
524
499
654
641
765
614
855
941
878
962
400
563
512
524
672
477
703
552
353
594
585
625
586
775
813
732
924
337
640
633
306
489
600
579
491
703
803
690
551
785
679
678
520
454
732
670
705
736
683
502
868
273
747
587
345
385
484
612
632
819
541
683
677
596
769
550
1013
986
516
729
744
625
640
635
869
616
740
587
611
563
656
558
535
521
582
942
548
491
768
738
376
617
782
513
524
458
818
533
573
330
940
815
756
636
746
738
681
565
645
582
530
766
-1
652
926
978
854
836
742
718
787
691
574
498
474
434
514
580
424
929
887
805
906
785
603
593
619
712
592
639
715
700
562
683
605
537
646
1079
509
447
508
451
347
471
412
777
678
523
558
689
513
626
718
513
916
671
215
905
189
511
494
988
455
1055
582
712
702
437
562
891
522
437
752
523
749
746
684
460
637
533
481
656
681
833
513
517
737
648
681
498
405
767
508
652
847
472
936
750
477
650
609
585
418
589
578
789
776
639
477
539
550
316
449
857
508
560
619
1026
718
591
634
677
518
425
552
587
581
723
394
629
545
725
618
514
619
662
1090
1160
1106
874
722
989
689
497
856
464
657
509
660
586
750
661
593
907
640
562
556
502
613
703
517
409
336
546
502
502
487
501
597
505
756
678
977
553
552
546
649
907
850
648
697
326
443
572
633
960
552
609
616
395
581
752
439
571
541
493
723
458
742
600
700
496
441
721
576
685
680
284
729
578
492
513
476
538
564
475
527
499
620
571
517
801
519
513
502
771
553
397
575
556
696
710
475
639
628
823
368
660
451
1062
570
475
556
345
530
230
319
590
519
649
1002
450
532
722
520
408
412
473
423
550
650
481
709
621
523
593
552
457
642
511
358
292
537
619
380
554
311
519
415
949
541
323
258
635
714
694
444
426
436
343
390
472
533
496
503
480
616
418
327
648
383
730
475
452
686
521
497
519
478
431
381
416
453
349
512
499
438
571
530
385
259
489
447
540
456
513
155
215
138
357
309
612
513
561
490
248
608
694
491
836
550
563
415
586
570
592
561
514
407
496
565
736
569
446
367
349
511
486
642
375
483
457
341
268
500
532
548
410
583
476
291
333
284
510
653
505
514
567
493
494
315
320
655
529
624
532
709
665
607
629
680
462
298
412
450
297
637
301
702
427
340
435
394
417
299
823
546
366
345
481
443
542
753
373
424
483
681
470
393
397
375
454
527
393
440
609
623
532
404
442
235
469
713
322
343
362
346
339
519
505
498
455
430
383
682
318
226
132
677
489
354
548
280
384
543
450
276
488
562
380
504
587
447
394
440
281
334
356
333
304
296
520
538
426
815
340
545
497
512
321
349
336
269
359
382
340
433
533
441
301
425
696
601
290
488
306
494
395
481
382
473
369
621
300
305
284
324
660
550
573
490
307
273
523
236
543
383
344
518
512
612
436
421
694
289
387
341
329
332
331
343
302
409
301
758
372
546
446
408
422
457
831
317
342
541
601
524
400
423
460
431
295
565
457
668
424
782
374
508
307
292
363
353
322
423
370
378
239
245
255
342
691
298
310
361
343
388
391
296
517
274
236
439
441
327
335
303
440
337
369
320
419
676
513
617
526
359
358
372
549
339
361
369
472
648
549
566
265
463
578
453
732
520
403
408
722
161
412
432
675
270
309
350
473
370
386
276
347
313
355
326
288
275
344
505
312
262
406
520
662
749
440
301
332
322
282
275
499
438
230
248
298
257
386
443
537
481
737
342
639
375
341
261
710
404
476
344
300
458
448
354
186
453
352
470
244
425
389
506
343
378
354
291
325
244
448
221
519
462
429
470
197
531
366
275
417
422
318
311
126
501
529
410
601
715
231
847
390
535
652
342
401
501
253
309
424
373
358
272
302
329
333
467
285
368
322
322
530
599
458
311
370
334
616
462
327
340
274
528
236
389
215
638
308
318
280
284
331
251
543
364
531
263
411
250
265
310
317
410
229
273
554
242
404
315
311
305
374
321
505
480
331
348
225
298
246
344
301
453
251
264
180
240
206
351
508
334
470
594
388
283
497
238
179
242
374
329
186
201
258
272
313
185
378
386
210
293
246
275
315
116
314
406
255
302
257
435
549
292
258
510
306
447
368
306
314
171
377
393
252
277
265
357
591
453
137
464
382
258
216
345
490
331
250
196
267
411
253
317
331
562
393
211
354
227
547
321
313
414
573
318
507
269
249
290
324
271
226
348
341
290
413
391
257
295
319
239
420
412
336
333
383
292
369
359
527
521
264
326
337
223
344
198
507
324
123
497
304
372
368
246
499
287
363
238
315
366
419
315
254
365
275
222
280
271
193
220
381
217
311
650
229
195
251
276
49
63
723
500
343
328
291
452
232
247
341
247
224
642
237
241
206
347
264
261
287
365
273
242
240
243
279
401
192
323
562
374
335
292
215
302
371
192
332
197
508
227
331
317
513
258
205
269
369
302
435
145
321
484
522
352
279
322
287
422
378
246
316
302
265
440
180
363
455
458
202
266
252
210
273
223
355
251
235
174
200
116
284
191
558
228
428
264
265
219
197
187
250
197
328
137
411
230
193
249
132
160
285
253
232
348
193
165
520
321
236
346
171
241
224
405
199
102
190
563
218
207
217
198
354
221
188
174
222
330
219
208
399
179
234
324
237
151
297
299
104
424
379
393
103
178
172
373
327
203
200
157
225
208
107
186
148
240
259
261
418
301
198
236
163
148
150
239
204
179
266
73
120
193
158
124
226
353
224
252
264
398
277
217
163
169
219
177
176
167
207
183
426
183
351
148
176
154
218
191
223
223
327
88
68
244
171
170
344
116
226
220
154
211
77
104
161
75
90
196
169
120
133
144
67
257
142
135
122
184
155
79
141
74
115
97
143
73
61
116
168
140
98
99
158
83
101
757
204
