355
398
447
425
425
379
470
413
51
411
421
387
334
302
338
377
398
405
371
445
368
342
325
312
262
269
320
406
417
467
446
473
472
484
572
567
551
528
569
482
490
518
498
563
528
456
440
459
412
477
631
562
577
519
515
470
562
490
544
625
590
494
605
442
527
546
570
529
550
526
576
477
566
552
358
281
569
570
426
506
353
529
595
349
543
595
378
368
536
384
557
485
503
491
429
356
298
422
504
275
367
443
384
473
502
439
450
436
440
414
334
374
399
376
383
417
370
349
357
413
335
333
271
484
258
410
211
390
412
382
469
421
399
442
251
358
374
386
286
250
424
521
239
382
274
334
194
374
501
472
386
428
412
330
326
552
565
348
386
555
527
428
437
412
413
463
506
342
364
315
321
311
223
224
257
273
237
238
345
253
164
379
336
416
377
219
197
247
185
172
176
206
170
221
171
217
355
356
194
320
452
401
460
435
366
242
403
474
530
467
586
587
363
370
144
461
329
590
528
563
315
476
500
470
504
461
400
482
485
495
270
481
412
437
441
583
465
430
581
603
537
473
451
343
283
603
539
299
185
152
160
111
130
174
219
307
300
404
369
110
174
117
318
518
235
397
84
458
351
474
537
286
384
306
649
365
400
401
384
365
424
478
409
566
568
544
359
396
380
310
509
480
241
395
511
433
457
251
501
541
451
397
396
388
314
383
492
264
240
284
222
194
200
233
506
216
498
416
421
291
423
498
427
530
527
546
399
363
298
310
346
394
467
402
241
374
419
531
551
147
505
380
424
497
449
489
223
453
378
278
499
412
516
503
402
382
402
353
339
558
398
397
416
504
453
292
531
384
371
370
446
490
354
379
579
405
420
409
455
498
545
423
241
408
414
96
532
381
523
573
344
355
352
274
273
350
433
276
276
239
634
78
539
379
387
492
506
339
466
279
478
447
388
449
141
448
432
407
404
242
456
377
418
393
467
204
373
319
530
414
540
401
324
279
250
333
383
179
394
295
359
535
574
585
292
339
303
297
462
526
282
184
497
283
347
309
286
557
475
267
393
417
296
119
471
357
515
168
235
374
358
243
262
438
445
412
430
395
468
432
437
375
485
249
300
347
274
442
326
431
440
569
219
349
339
279
334
433
431
532
514
399
488
488
473
356
396
379
413
399
501
473
550
135
109
115
446
414
438
305
336
517
319
354
535
496
334
460
462
478
501
426
293
475
499
428
350
139
597
425
415
401
362
529
447
451
294
353
368
568
601
409
404
416
349
401
323
382
388
452
566
542
157
379
395
550
344
529
382
346
374
452
433
400
477
172
147
432
410
437
421
431
349
396
286
448
463
294
161
442
199
379
324
449
399
406
350
357
328
504
298
326
210
172
334
220
365
206
268
576
376
455
341
481
439
426
500
468
303
366
237
291
325
288
550
526
325
396
620
353
354
244
416
520
527
375
543
555
555
370
588
464
569
613
431
396
428
619
155
212
413
296
499
448
470
486
300
266
376
98
362
88
297
226
396
439
451
367
332
287
245
269
354
377
347
125
417
399
576
563
563
548
540
500
447
395
414
365
395
537
439
454
484
336
411
356
242
289
378
614
593
272
479
412
398
541
465
443
452
443
305
409
571
365
465
471
468
478
455
323
367
512
532
390
356
425
336
403
397
532
190
245
305
312
449
286
284
212
131
440
357
446
427
569
527
308
397
222
255
286
151
258
378
530
484
438
386
358
322
232
550
317
273
193
449
434
294
363
332
443
319
120
392
444
197
244
386
474
337
451
192
489
601
358
568
572
492
336
479
504
453
254
449
449
361
503
555
392
463
210
411
280
195
562
487
439
448
252
519
487
267
421
436
459
450
204
453
220
318
139
412
345
327
413
636
597
569
451
676
450
415
431
408
529
518
440
435
375
359
283
350
534
483
394
367
235
363
536
291
288
324
295
284
434
576
545
549
667
484
755
712
522
233
435
242
506
406
436
249
232
272
250
263
256
258
461
550
498
492
347
205
379
400
238
419
552
125
480
82
335
378
383
559
436
545
376
389
291
355
408
449
411
475
386
310
368
500
532
479
394
351
346
350
434
308
344
519
296
294
472
129
333
303
362
510
317
512
386
340
312
547
521
187
603
586
409
382
371
517
454
416
168
517
445
243
274
650
492
484
444
428
365
480
443
337
357
464
257
217
240
212
538
582
541
630
488
445
415
399
375
441
395
399
332
326
337
489
426
501
537
368
277
639
558
269
562
505
544
376
508
460
387
352
574
193
418
498
474
308
613
360
451
560
338
303
515
410
353
450
410
363
185
257
335
434
326
374
352
520
459
347
380
485
209
421
305
374
241
266
393
361
470
346
323
275
382
485
209
456
305
402
445
292
643
391
675
496
427
514
423
338
322
411
379
590
493
202
263
515
505
390
599
550
371
258
355
414
292
551
441
266
686
570
122
516
112
162
574
377
381
451
153
682
400
444
-1
441
517
633
519
330
586
466
645
415
354
331
342
335
443
273
236
521
211
314
480
170
508
542
430
262
111
59
317
392
200
463
270
556
445
464
461
430
508
507
273
380
316
382
341
494
256
634
569
379
314
318
389
488
509
212
369
331
397
295
554
423
576
381
589
419
455
386
459
567
305
33
35
41
131
503
454
380
230
535
212
438
399
404
391
294
425
373
380
375
358
349
333
267
341
487
407
361
221
608
612
434
411
435
109
361
283
455
380
548
383
399
161
586
603
388
401
475
507
274
350
302
346
310
309
303
285
487
315
279
559
533
480
430
444
283
405
455
495
342
372
373
363
439
402
337
407
386
329
424
310
423
248
301
475
341
360
353
613
702
367
453
409
487
372
402
309
544
446
444
264
446
398
285
457
276
363
427
433
415
417
391
438
284
439
401
472
445
437
354
127
213
153
292
449
388
222
412
344
292
368
274
345
313
485
431
201
371
346
254
318
302
389
399
383
380
327
390
280
399
362
425
358
465
431
555
301
312
328
319
306
158
357
235
259
321
414
373
118
297
171
381
465
178
375
457
413
332
306
330
321
325
327
441
306
377
294
362
445
383
372
580
455
396
394
593
514
517
322
442
413
458
294
295
414
254
487
272
222
313
284
314
426
391
321
236
436
195
443
492
538
490
403
488
395
404
474
402
495
425
495
319
403
189
224
412
397
397
464
267
329
387
365
357
327
359
357
391
410
370
378
404
265
431
390
209
203
373
345
329
445
365
386
320
342
353
364
329
357
272
407
192
363
344
352
339
337
322
422
397
184
260
383
501
165
342
334
230
325
342
369
201
394
335
554
459
408
461
441
341
293
247
302
338
269
287
143
151
431
468
322
277
419
313
370
322
295
458
433
388
354
346
460
212
328
527
396
467
493
373
512
266
534
341
410
229
274
478
344
260
487
197
427
346
381
327
320
374
186
237
345
468
256
447
293
429
273
366
342
302
380
372
484
503
233
243
229
241
315
194
292
269
208
226
129
355
373
356
229
320
443
372
496
469
341
497
271
381
225
285
283
275
288
422
293
555
257
238
358
468
390
262
422
360
230
505
399
381
246
295
492
322
303
388
429
419
135
438
379
312
391
381
401
381
434
338
573
334
296
458
295
298
303
331
224
188
351
296
317
340
370
404
261
287
238
424
273
352
292
385
416
450
371
305
378
284
179
215
232
431
224
324
261
276
127
364
365
405
321
416
368
263
302
263
352
178
352
358
454
395
204
331
217
381
272
55
165
241
268
398
361
366
242
275
346
354
177
496
297
296
356
355
226
324
370
330
336
345
363
183
195
325
204
293
303
150
361
321
303
387
368
263
406
371
290
228
280
154
348
234
314
327
242
280
390
330
178
319
385
403
325
275
314
340
235
355
313
353
276
270
372
184
495
409
315
277
377
196
439
321
286
385
243
401
294
326
433
296
343
260
62
398
307
310
353
268
472
367
285
291
310
299
347
285
198
418
241
329
295
304
350
237
225
221
215
399
348
372
302
456
12
11
296
206
233
301
288
361
185
241
238
263
209
328
341
295
243
259
386
206
377
361
329
261
204
285
309
409
267
214
380
279
209
346
219
316
320
243
408
350
318
214
280
366
224
150
218
357
424
413
366
153
271
223
300
337
250
255
259
384
228
325
411
219
318
188
144
270
273
227
224
191
309
372
215
178
212
209
231
147
199
107
263
364
251
305
364
234
235
213
144
246
280
282
280
92
364
305
102
249
226
128
193
314
194
126
290
308
251
194
292
319
148
153
135
231
95
191
220
388
199
210
155
195
228
235
107
219
77
311
263
214
256
263
224
215
246
276
237
260
120
271
241
260
74
253
164
352
376
229
135
246
145
281
123
149
220
175
239
238
359
147
156
213
164
173
234
187
230
88
339
54
104
194
214
108
243
315
278
247
257
227
309
238
198
185
96
193
214
197
215
124
275
199
178
176
235
145
237
165
275
272
206
156
134
228
155
152
313
129
184
244
95
145
96
117
135
100
164
211
64
147
199
171
106
218
170
120
178
181
188
143
130
65
125
144
140
68
69
130
169
67
100
102
82
92
98
319
244
