527
596
591
559
548
494
613
564
82
594
526
526
435
421
482
513
502
528
482
625
456
571
431
523
433
414
635
531
637
584
661
581
598
667
666
729
834
752
779
732
723
745
714
776
841
797
773
857
614
879
847
799
745
685
744
692
700
750
674
670
718
865
670
618
717
691
717
780
699
736
706
826
701
766
669
433
716
790
562
628
438
660
625
483
627
671
553
477
671
598
806
653
658
678
664
556
472
704
734
461
397
600
739
802
654
579
523
572
580
496
506
531
519
482
475
479
554
456
468
523
476
495
561
700
498
807
361
425
563
460
708
425
427
444
327
578
645
628
387
318
586
567
390
640
503
494
272
463
580
842
681
894
819
668
617
694
757
490
548
636
776
539
543
460
612
672
613
499
474
442
411
428
297
298
323
402
341
338
446
360
261
520
424
962
785
276
303
440
285
262
271
315
268
269
259
324
488
489
269
560
561
449
590
589
573
396
523
590
585
606
646
582
482
676
257
680
551
669
734
645
406
676
665
640
667
694
583
923
532
680
413
616
613
658
765
634
708
584
775
699
654
617
531
390
346
670
490
549
331
220
354
227
193
316
373
403
470
524
428
135
271
200
303
657
330
500
130
549
681
659
766
387
366
325
661
772
801
845
859
939
659
753
675
747
692
593
515
514
767
387
618
584
286
457
652
487
613
479
795
585
627
392
414
416
349
409
811
371
350
391
345
287
279
356
634
386
682
738
573
566
592
746
690
618
684
626
474
448
564
588
764
645
617
537
327
565
676
690
622
242
598
737
608
649
815
580
380
499
379
498
550
470
610
607
690
493
610
494
666
603
648
599
504
584
645
417
557
680
725
707
610
635
353
383
622
772
921
571
573
639
577
646
387
448
702
133
611
588
727
769
546
567
510
460
469
513
639
378
375
296
658
95
582
503
490
597
601
517
627
394
554
631
484
853
266
742
685
721
539
445
813
565
899
554
588
284
806
619
672
512
699
504
295
284
257
280
364
232
415
343
551
736
663
643
275
338
304
283
470
547
332
431
578
339
302
485
437
694
628
363
529
533
575
198
544
682
585
168
249
464
403
279
308
390
359
374
365
361
445
363
370
584
417
477
454
526
363
660
474
784
767
668
323
707
623
561
536
615
618
628
588
725
628
631
626
575
357
482
518
427
645
804
669
144
124
308
664
375
677
464
618
611
500
459
742
638
423
601
597
795
667
679
369
644
616
734
645
206
672
451
404
792
666
689
727
555
379
505
614
531
539
404
360
359
332
363
325
371
582
400
654
592
213
497
714
574
748
536
435
340
324
432
577
542
403
415
352
504
334
735
766
697
629
643
446
553
574
438
155
757
333
375
310
352
327
536
463
655
695
603
292
298
156
191
321
207
326
235
452
517
451
336
458
559
461
732
634
580
648
590
568
412
545
408
679
671
421
614
541
490
393
275
543
597
686
569
700
559
700
303
625
428
723
630
533
326
362
593
253
470
486
591
607
555
371
566
268
273
313
150
460
143
251
347
231
597
356
424
465
322
283
275
327
476
379
208
559
706
670
648
658
617
632
706
617
484
371
332
331
593
531
562
682
355
398
452
422
515
309
590
601
461
371
356
297
612
497
821
310
309
419
434
614
493
645
594
591
605
508
252
286
329
521
342
459
361
461
592
691
662
184
306
331
356
479
322
446
304
202
392
359
365
347
573
550
354
513
232
438
422
167
312
451
467
291
430
475
433
299
445
549
410
273
254
431
416
399
444
407
313
505
134
471
471
205
180
289
399
419
641
320
409
506
339
541
394
606
696
363
578
639
393
512
544
606
509
619
465
423
323
427
313
366
394
390
722
348
278
538
626
285
392
530
328
450
281
478
302
323
190
704
503
591
367
513
547
425
367
455
468
301
550
749
473
636
721
690
694
524
427
489
516
446
315
290
243
294
396
255
598
642
600
620
581
474
477
487
494
438
519
505
577
330
531
370
460
520
785
331
289
310
279
252
298
293
601
530
339
358
367
239
502
442
316
686
543
152
654
84
290
334
747
334
722
479
553
506
260
354
703
325
293
533
320
542
590
440
309
523
343
306
468
493
690
342
312
587
450
380
384
265
405
307
421
630
374
622
575
286
337
477
448
234
478
481
556
659
602
386
347
467
180
307
558
273
394
469
650
598
498
526
606
428
285
366
532
429
517
227
410
248
530
501
416
611
582
705
705
671
593
640
619
571
378
526
301
545
391
560
500
674
436
429
618
460
432
431
396
514
597
462
257
246
440
284
447
424
391
363
421
533
441
612
420
341
460
391
606
509
547
549
196
341
446
412
696
363
532
500
301
335
544
367
308
414
279
677
331
495
578
509
400
274
502
392
532
534
221
585
366
300
421
277
440
375
364
432
449
484
451
478
661
305
317
430
580
375
236
471
474
496
520
403
460
436
684
266
429
383
718
376
388
441
168
431
144
155
453
453
545
711
283
464
575
508
322
294
367
369
413
495
459
501
414
408
427
370
341
390
395
270
225
458
407
316
480
183
468
373
621
336
193
107
558
634
338
331
232
387
237
271
457
438
410
409
277
404
314
303
468
251
517
403
405
524
414
362
300
393
359
296
395
294
310
425
433
333
479
481
268
208
424
266
505
367
453
69
103
64
190
231
516
436
344
395
219
514
580
441
650
366
495
392
515
498
471
462
442
344
370
478
530
517
215
331
276
455
416
544
204
311
251
257
205
429
445
453
232
460
399
263
232
248
435
453
445
462
311
300
298
283
202
450
311
448
456
512
484
376
479
386
370
257
343
428
218
565
256
602
385
309
424
324
352
285
467
519
284
259
393
381
441
671
326
385
364
554
374
317
311
297
310
441
364
443
475
490
453
295
346
223
400
510
232
277
267
259
231
530
471
436
386
352
352
484
223
210
129
400
480
293
297
249
236
376
401
270
458
498
315
408
333
376
345
379
228
251
309
255
249
247
356
429
428
581
227
426
472
426
292
308
215
204
322
372
335
245
432
240
248
339
556
605
199
410
231
391
327
287
266
421
330
555
227
242
229
238
389
433
385
451
225
202
437
206
513
316
309
431
414
473
347
339
498
250
310
269
242
246
290
258
208
401
249
484
374
430
395
372
351
277
627
276
252
455
525
445
357
342
408
341
268
397
369
460
350
579
280
293
249
283
279
294
284
379
286
243
188
192
191
281
447
254
230
259
230
324
227
267
372
214
193
372
411
319
269
258
404
321
335
228
424
446
468
385
454
297
293
272
528
332
281
309
380
479
397
461
204
412
386
434
657
342
313
369
645
112
411
421
520
214
230
264
409
349
337
276
308
269
222
246
194
239
295
475
288
237
324
430
487
-1
266
275
300
308
244
226
440
320
178
191
211
194
358
346
492
302
583
293
446
266
292
214
492
392
425
176
236
375
439
298
155
406
253
409
203
351
269
466
371
328
323
262
311
235
351
166
409
379
382
295
111
345
351
239
370
451
291
232
124
364
361
412
445
558
180
518
286
446
558
278
312
464
223
332
333
332
346
215
244
292
236
400
200
306
272
314
351
482
452
278
311
304
385
308
294
276
197
443
172
316
207
579
275
277
208
217
251
213
453
310
401
232
424
244
200
207
269
270
172
241
513
223
398
287
275
317
241
301
353
383
325
311
200
265
189
269
266
289
200
227
157
228
186
286
387
251
456
394
211
224
414
173
135
196
342
317
151
130
208
170
299
150
304
293
171
283
235
251
284
50
279
381
221
267
205
382
352
289
218
460
259
399
311
251
273
150
221
298
232
250
190
318
485
262
108
412
349
256
180
216
389
297
253
170
234
373
245
294
277
309
327
183
307
208
432
285
262
344
562
226
328
249
205
233
272
232
179
355
261
241
379
362
197
228
271
155
366
399
312
258
322
288
328
357
419
428
237
293
307
186
306
172
436
228
94
393
256
273
341
232
370
245
326
223
283
334
306
261
266
324
223
179
240
213
161
188
241
208
223
541
188
146
197
246
24
22
449
290
270
298
223
360
146
212
265
245
235
516
196
196
166
272
249
259
282
359
205
220
159
215
256
360
177
251
477
289
295
285
197
259
345
176
314
165
488
195
251
230
388
201
187
199
330
265
348
135
290
276
502
338
248
233
184
371
320
187
271
259
220
245
177
264
342
355
135
220
230
174
252
235
309
181
184
165
173
100
261
161
400
191
387
185
184
195
138
168
221
164
246
130
343
188
127
166
129
140
242
193
230
247
176
150
336
246
226
320
148
258
217
251
115
87
136
506
225
199
235
185
292
207
144
176
119
347
169
172
301
157
197
200
223
126
272
245
87
284
266
408
100
157
151
322
237
194
164
137
171
183
95
175
127
200
218
221
352
214
188
212
156
187
135
236
201
117
262
51
117
176
138
116
212
272
178
229
233
352
260
207
157
172
135
162
177
158
183
152
422
174
261
150
188
153
196
190
194
191
334
108
86
260
167
166
254
123
166
175
138
159
64
104
158
77
71
170
96
138
127
138
69
216
140
116
123
143
140
78
114
75
110
96
136
80
68
122
176
81
90
94
151
63
106
473
171
