1486
1799
1724
1591
1546
1277
1702
1665
176
1822
1512
1384
1255
1217
1280
1298
1280
1336
1236
1596
1222
1352
1089
1256
1181
1073
1229
1391
1624
1545
1724
1570
1624
1714
1811
1705
1946
1693
1695
1711
1684
1594
1692
1749
1628
1612
1503
1711
1404
1649
1741
1546
1489
1518
1484
1561
1463
1443
1486
1380
1419
1433
1509
1293
1335
1360
1508
1409
1344
1420
1694
1749
1682
1768
1255
1222
1445
1616
1324
1444
900
1343
1218
1123
1335
1213
1295
1015
1227
1552
1620
1558
1599
1888
1886
1556
890
1460
1638
899
1031
1300
1607
1649
1658
1176
1144
1131
1183
1174
1053
1071
1131
991
1054
1037
1070
970
1074
1031
1003
940
1145
1411
1000
1302
921
935
1204
972
1703
944
943
948
711
939
1020
1129
907
842
1354
1256
810
1050
929
990
677
1012
1611
1292
1476
1598
1234
961
1260
1545
1346
1100
1079
1473
1439
1213
1201
1404
1715
2066
1598
955
893
894
877
874
637
694
641
787
673
692
888
727
588
1046
1025
1358
1286
979
588
705
528
493
519
603
538
603
723
653
1231
1231
819
1224
1435
931
1499
1501
1313
901
1072
1290
1174
1154
1371
1294
1278
1298
661
1604
1188
1459
1483
1387
798
1474
1215
1197
1228
1334
1084
1305
1060
1258
1055
1478
1326
1332
1119
1353
1470
1059
1431
1316
1501
1242
1030
904
795
1296
998
1223
829
625
868
541
486
882
864
918
1236
1064
860
393
543
447
672
1589
751
958
374
1033
1035
1273
1494
750
888
818
1206
1112
1133
1021
992
1208
1406
1429
1584
1364
1290
1079
1397
927
941
824
1214
1292
773
1088
1570
1030
1386
1008
1429
1167
-1
852
854
854
703
805
1472
1007
920
1030
864
806
794
957
1441
868
1279
1015
1597
1076
1582
1551
1562
1164
1234
1449
1175
920
1182
902
1016
1448
1483
1140
656
1079
1258
1203
1125
665
1191
1171
1368
1402
1278
1088
888
1098
1019
936
1158
1156
1252
1485
1163
1066
1219
1285
1010
1266
1379
1190
1367
1447
1673
900
1019
1209
1047
1054
1150
1107
813
789
1057
1325
1174
1267
1062
1278
1114
1306
735
947
1124
391
1307
1466
1321
1292
934
965
857
711
696
839
1243
899
897
667
1089
308
1346
1227
1181
1265
1238
1036
1429
946
1320
1322
954
1355
660
1182
1315
1293
1055
687
1264
1411
1221
946
1057
915
1023
781
1022
1065
1219
920
659
604
514
630
800
566
821
798
862
1012
1022
951
578
645
637
548
1026
1166
654
820
1362
912
657
1111
903
1142
986
807
970
955
984
475
849
1364
1057
432
471
1235
910
702
684
830
853
853
822
723
953
745
860
988
907
940
919
930
839
1073
1120
1061
1160
1094
663
1273
1208
968
1105
1509
1519
1213
1172
1373
1343
1151
1237
1048
834
1259
893
886
1209
1004
1221
423
216
640
1477
793
1190
1156
969
1152
1180
1077
1333
1197
746
1432
1266
1120
1124
1345
975
1240
1052
980
949
462
959
982
764
1130
946
1176
853
902
687
763
916
988
891
861
823
834
769
725
756
754
861
912
1026
873
472
826
1139
981
965
798
927
748
702
795
1355
1159
942
627
525
1142
858
855
895
869
1044
1038
706
1013
1335
751
279
784
858
729
685
751
738
934
933
1358
1173
823
642
642
484
445
633
496
624
462
663
808
814
791
808
1115
937
726
949
909
845
737
803
866
792
711
924
883
1076
965
804
854
613
634
793
1043
981
772
1017
902
1092
756
842
735
957
765
815
669
789
711
731
632
829
848
1167
1138
694
993
573
511
772
296
879
546
514
668
483
887
792
697
656
670
574
584
600
662
616
367
848
1121
1044
953
985
992
955
1097
1099
820
699
569
614
831
1010
828
1058
744
665
761
645
687
541
800
768
901
656
720
720
829
674
1328
598
516
780
640
772
746
857
1174
1102
1111
1006
674
701
562
687
876
1134
647
1099
1144
1136
967
515
703
556
593
748
546
618
581
399
682
649
743
682
770
810
1025
1330
433
657
626
431
576
543
607
495
630
723
1035
676
848
686
691
512
663
827
710
784
973
940
519
692
351
1088
639
466
496
613
572
561
841
648
831
825
608
739
577
1137
835
543
803
650
724
575
602
797
675
787
487
652
762
703
548
649
572
584
939
626
741
806
686
425
625
752
580
672
697
988
562
669
475
896
1275
680
653
777
791
706
619
679
779
632
825
1051
622
1129
947
758
972
688
616
796
815
791
624
549
524
592
584
569
937
1088
996
1039
1174
747
730
786
782
700
761
725
611
829
972
571
553
905
989
565
516
555
521
382
544
431
738
736
654
666
759
586
929
1015
638
894
709
273
954
281
606
516
1022
490
1164
630
636
643
496
578
863
610
414
666
599
701
844
879
493
620
565
579
778
620
878
568
542
750
880
745
653
478
891
597
778
1013
597
939
897
577
701
751
693
480
623
619
792
669
560
616
644
803
513
442
834
745
920
690
1230
705
576
662
629
557
457
572
627
586
694
468
619
580
701
594
555
667
618
794
766
755
936
644
1426
719
576
729
453
744
544
655
625
637
859
594
1030
714
669
655
643
687
673
489
477
402
577
579
647
690
628
861
522
843
814
965
636
684
656
735
900
815
746
883
413
490
511
632
877
635
673
609
414
719
978
587
535
713
539
798
523
984
516
801
636
460
898
665
948
881
306
637
1006
647
550
470
604
571
484
575
444
599
726
503
820
561
475
571
780
505
434
586
564
828
654
510
833
551
848
392
728
493
959
473
506
552
465
520
279
426
633
525
681
876
611
606
635
487
451
423
478
487
641
530
561
855
655
542
668
582
473
868
585
347
353
529
563
408
559
366
510
477
962
485
368
300
570
669
615
421
467
531
367
428
452
695
552
555
585
592
495
373
642
421
657
506
459
745
546
511
561
619
586
361
409
458
464
413
537
428
591
626
422
276
527
534
535
456
569
206
238
192
590
328
694
573
512
578
267
729
851
507
759
663
535
492
679
674
694
653
634
467
549
692
819
576
482
428
389
452
498
650
327
620
641
348
267
576
738
763
520
654
522
307
333
314
541
615
466
482
620
506
504
366
438
782
572
801
576
674
665
567
722
885
525
331
428
433
325
576
344
599
413
322
403
528
618
316
523
509
409
358
474
403
705
895
435
491
504
705
446
440
523
483
564
528
422
414
533
697
617
412
542
260
563
737
358
354
389
371
345
439
493
666
587
562
413
682
327
261
153
734
509
348
759
281
424
641
553
325
406
527
410
599
673
490
450
456
307
366
362
332
330
322
663
498
381
1157
426
565
482
504
384
395
362
291
409
347
332
520
735
547
338
390
679
620
337
480
321
502
476
648
388
480
413
618
310
315
289
336
713
717
776
534
376
345
681
281
562
407
371
653
662
602
491
478
750
334
385
351
328
325
372
351
321
379
330
843
509
696
565
539
488
441
921
343
381
538
581
511
392
481
460
451
332
625
447
854
500
637
368
631
350
334
405
327
340
513
492
393
278
277
288
337
780
318
321
366
416
469
501
341
719
284
262
501
467
332
351
347
453
354
417
337
473
688
534
614
536
359
475
498
638
315
366
373
497
644
511
539
272
477
530
533
846
546
531
441
624
175
452
366
647
283
334
386
591
395
352
316
463
391
380
342
309
326
396
571
383
273
503
552
483
627
519
362
396
435
307
292
650
491
246
284
317
280
437
456
594
646
762
482
659
445
374
289
766
441
522
423
338
528
450
348
209
495
399
479
250
529
445
436
309
395
357
313
334
287
428
259
618
494
399
675
247
680
341
326
478
401
330
337
147
632
621
465
485
746
247
743
467
646
692
380
389
528
283
344
616
430
338
297
353
362
361
402
315
483
400
323
613
733
415
348
390
421
675
484
358
439
295
600
279
485
242
710
335
426
356
327
378
253
564
403
550
293
367
289
316
296
321
392
209
332
583
261
447
326
391
345
383
346
576
605
361
395
227
340
277
361
352
423
267
299
208
273
233
416
526
359
445
555
384
294
676
259
191
266
379
304
215
219
304
345
311
200
389
459
246
352
273
323
344
173
329
452
296
325
314
461
549
314
289
558
305
497
392
332
385
199
431
399
327
344
307
397
586
631
181
415
368
274
233
403
650
344
273
227
354
421
269
333
387
628
449
217
369
309
567
366
359
370
651
357
430
327
298
327
388
339
278
346
305
307
533
540
258
284
309
282
501
529
428
352
390
347
422
441
465
594
297
337
392
264
385
217
449
369
187
542
272
360
410
273
519
315
404
272
372
319
466
393
317
395
358
244
349
310
216
229
365
219
292
624
245
208
263
308
77
94
708
624
357
328
278
590
284
246
384
258
242
721
262
246
205
375
325
314
304
443
324
296
255
236
293
448
225
368
660
517
400
361
254
328
416
246
357
210
541
325
408
346
491
258
219
277
389
322
524
192
356
470
439
428
270
319
316
440
396
253
341
393
254
583
186
416
524
583
214
263
260
260
321
268
413
305
247
208
234
125
322
205
487
239
490
299
299
229
249
217
268
227
335
128
415
258
223
230
169
201
342
256
251
390
211
182
562
447
246
365
224
227
216
344
264
124
240
560
221
214
195
256
525
257
171
186
266
372
246
253
429
199
292
373
271
171
318
331
123
349
346
435
114
200
184
443
348
220
218
184
314
214
112
192
170
289
292
292
421
456
202
300
195
189
170
283
229
250
302
111
121
199
168
139
275
416
248
286
267
420
322
258
192
202
253
218
236
199
230
178
399
229
280
200
233
172
253
188
263
263
333
130
108
304
166
165
404
156
217
222
132
236
79
130
192
90
93
224
192
136
160
180
78
319
181
136
141
187
192
97
173
89
139
112
170
97
81
132
204
173
99
99
168
81
118
1199
226
