696
719
671
674
592
464
796
674
91
678
600
581
520
546
661
580
534
507
549
606
576
547
515
556
545
410
535
567
631
606
618
634
804
829
874
981
941
706
811
701
795
818
746
783
752
767
751
755
690
746
987
893
926
935
742
1012
859
723
1018
891
1111
882
826
669
825
764
827
892
898
905
823
750
802
888
768
683
927
688
629
722
700
822
793
940
880
729
752
772
747
671
744
838
678
672
645
490
691
699
604
747
879
860
697
711
632
710
738
626
706
897
787
727
852
665
601
690
639
780
647
632
585
546
523
690
502
768
452
578
918
681
664
623
571
656
507
539
560
619
596
639
791
733
467
579
599
606
541
571
727
746
606
588
628
567
633
696
709
728
578
808
781
655
701
624
605
675
636
547
542
597
612
518
528
518
551
462
571
631
526
586
477
559
1112
633
544
625
456
421
419
495
434
449
420
546
755
559
671
667
500
490
602
584
618
572
543
690
619
743
764
785
784
671
424
598
348
669
524
710
651
614
514
614
723
829
765
632
787
630
541
638
503
573
642
690
694
644
610
587
717
886
767
677
627
668
573
603
642
382
567
643
426
415
452
451
586
525
549
610
615
614
418
303
417
649
663
512
420
819
445
638
652
462
580
528
609
563
608
464
458
610
618
640
595
631
554
809
524
571
434
643
788
802
697
792
750
783
556
808
628
940
580
546
500
546
519
533
647
468
390
460
413
270
408
416
569
529
688
550
635
491
533
624
663
593
638
604
395
770
461
444
591
704
603
667
624
578
628
622
621
485
658
576
607
503
538
762
612
568
607
477
675
583
600
548
638
773
558
410
517
621
532
528
557
526
556
610
603
588
472
497
575
579
523
481
573
492
493
706
802
604
560
511
514
661
685
317
473
486
547
576
729
709
588
562
491
457
544
331
326
517
614
389
502
410
455
520
437
587
617
468
590
505
654
513
373
576
599
553
743
352
499
515
615
619
686
385
463
367
429
544
486
473
441
440
348
392
536
814
688
490
514
683
569
572
385
397
413
370
615
578
424
400
501
365
425
425
336
596
699
508
637
650
593
552
474
459
664
505
350
493
600
440
418
509
542
555
533
467
539
496
589
592
496
514
352
522
568
574
458
507
687
654
568
489
404
369
419
543
505
540
486
488
551
536
489
466
441
429
526
491
644
400
492
606
371
238
534
527
504
365
397
470
477
342
603
446
452
525
472
493
493
491
746
486
458
623
550
625
560
574
422
483
358
453
536
490
535
561
451
471
528
473
488
474
476
522
340
485
446
457
464
433
403
478
455
614
489
515
487
477
439
478
521
488
477
489
451
422
452
379
359
368
580
425
387
556
501
622
219
416
350
517
436
421
451
517
420
466
371
512
412
452
456
344
443
306
455
312
424
572
429
534
528
399
339
344
325
325
351
490
466
569
414
574
485
480
316
408
420
602
381
458
554
606
558
526
529
367
489
381
482
356
429
352
464
434
410
368
421
464
496
459
373
374
420
556
382
346
416
317
549
550
319
344
251
416
402
437
391
459
419
432
370
348
294
270
454
491
515
482
512
515
492
440
441
445
440
336
403
317
432
508
398
485
333
422
341
367
378
420
430
262
406
395
347
435
408
505
373
337
471
369
386
410
398
384
350
376
347
387
379
371
357
375
600
359
435
600
401
426
438
488
355
396
510
315
417
476
390
389
355
390
392
416
417
417
593
451
382
380
212
500
383
385
312
346
367
317
370
281
343
385
333
264
493
411
378
501
493
301
522
239
377
384
222
525
316
412
354
369
305
381
342
314
500
324
493
416
307
339
326
357
338
327
528
391
383
314
264
339
393
332
431
304
361
371
371
365
544
374
192
484
364
330
248
260
392
359
350
173
397
508
310
397
395
414
390
372
400
252
314
375
545
340
436
454
378
421
455
369
366
340
265
345
323
279
389
385
238
393
365
325
448
361
295
300
338
355
435
339
382
279
404
280
266
287
282
421
363
408
437
421
313
397
366
380
354
310
319
404
400
286
365
337
374
320
256
365
338
311
298
352
283
435
272
268
304
251
374
325
355
297
317
336
314
336
409
306
374
303
288
451
430
433
320
295
431
246
436
220
162
637
398
375
408
285
449
298
347
445
267
238
394
300
290
368
282
229
248
367
274
311
248
445
337
203
302
517
388
296
360
354
306
266
274
249
305
405
233
401
-1
420
330
261
239
310
398
376
382
459
339
465
310
317
353
305
335
282
340
300
331
330
291
486
382
274
194
243
328
331
255
312
253
283
442
209
212
190
271
270
490
348
476
236
321
272
350
448
626
312
302
250
325
216
313
414
368
224
332
237
335
355
222
340
238
485
261
323
453
253
356
228
293
427
361
284
326
199
315
348
273
290
299
281
391
293
296
246
300
277
247
410
431
287
205
453
267
345
379
213
271
424
275
350
268
330
172
447
287
363
296
264
316
702
251
255
307
333
263
317
450
307
212
392
233
212
256
271
190
430
293
210
403
346
311
341
314
203
438
212
282
225
290
461
235
256
262
293
240
451
283
297
454
275
303
368
221
364
255
240
235
207
233
257
258
352
286
279
193
411
230
389
208
194
511
360
346
328
228
202
197
235
251
150
232
252
247
334
208
247
177
254
314
269
229
280
267
207
107
246
170
264
243
180
235
185
310
364
188
417
490
295
251
251
225
250
243
251
206
306
356
489
192
271
167
193
251
211
258
304
282
309
191
138
224
237
269
341
269
235
116
220
148
263
275
242
261
451
302
300
148
171
332
331
313
285
361
333
403
288
346
241
159
185
201
188
255
142
266
198
162
149
179
185
134
240
199
223
208
270
182
254
319
166
203
286
342
320
236
181
164
241
290
193
162
228
379
236
244
207
133
186
319
224
238
207
196
213
234
269
203
225
215
191
466
116
162
83
415
225
186
555
190
190
513
345
180
216
222
196
220
516
251
243
260
216
247
214
219
204
199
285
298
215
346
242
297
221
257
201
124
230
188
223
189
169
404
234
373
163
225
266
228
191
156
239
263
179
245
247
220
221
343
195
189
191
221
349
270
358
245
195
124
248
124
243
221
173
212
222
343
273
229
467
191
203
184
241
228
173
148
192
205
231
379
198
258
203
181
243
177
279
202
227
296
325
275
209
270
246
280
158
442
238
318
209
274
230
634
222
157
273
174
152
178
184
215
152
161
160
187
339
128
183
261
246
194
294
160
235
257
244
175
199
114
179
152
217
175
160
205
190
248
186
369
297
218
178
212
222
142
198
171
214
341
245
317
132
226
364
198
259
353
168
194
280
106
216
183
332
142
201
201
224
151
225
141
129
149
325
251
317
212
163
211
140
111
205
252
231
248
305
164
149
160
139
140
251
314
159
134
184
158
197
222
263
199
399
152
402
234
236
161
339
129
170
280
159
283
204
235
131
220
187
303
188
208
197
224
158
177
231
146
214
120
234
125
248
239
171
228
100
358
187
167
224
152
120
225
109
319
329
176
242
305
129
311
196
279
275
176
224
249
188
149
217
173
131
186
140
156
230
220
173
165
190
147
299
367
148
147
209
205
395
280
177
158
153
232
145
193
160
287
165
134
138
153
186
144
252
225
349
126
187
129
151
151
194
248
131
127
234
142
219
161
167
213
216
133
277
259
168
155
126
174
145
208
157
179
180
154
123
147
139
177
324
250
252
247
236
189
201
165
120
152
112
121
109
110
161
150
145
109
201
223
160
147
150
180
193
178
178
199
168
146
201
191
253
114
126
357
157
194
231
149
139
106
274
251
118
174
173
136
283
198
49
231
201
191
139
248
254
173
113
121
130
194
109
210
140
200
190
151
160
103
343
139
227
173
234
168
212
131
187
195
140
120
132
135
224
145
158
166
186
146
146
220
212
208
178
209
222
116
161
154
247
224
139
188
153
104
161
114
285
165
11
240
167
277
192
104
202
153
166
100
136
179
224
133
147
235
156
144
112
156
135
153
264
120
280
207
134
114
160
142
149
137
515
313
235
160
140
249
131
151
163
96
104
294
150
128
109
192
146
105
129
166
145
98
212
108
128
214
98
232
236
176
119
179
97
150
189
131
144
108
196
112
155
158
265
137
89
153
175
144
194
105
160
315
181
132
152
241
226
247
160
129
154
116
127
305
96
210
277
180
141
149
138
128
139
115
268
130
186
117
130
95
177
127
191
116
190
201
202
139
105
97
148
104
116
76
186
143
194
127
72
165
165
108
99
188
93
95
206
159
141
230
170
114
157
219
192
58
94
211
98
130
100
89
141
97
90
87
244
137
140
107
248
110
116
189
162
82
133
189
73
149
152
170
65
113
99
200
170
95
149
114
94
120
74
104
104
83
129
129
203
186
131
100
82
83
87
121
103
95
135
93
97
96
102
120
120
156
118
101
114
158
148
130
100
93
71
88
99
80
103
67
147
82
160
84
75
72
110
84
107
104
100
59
44
95
95
93
149
38
132
125
97
121
55
64
56
37
57
77
154
49
64
90
37
109
66
52
76
112
76
49
64
37
65
69
70
31
26
67
74
113
53
53
117
42
48
345
149
