544
693
742
657
662
568
757
677
92
690
692
640
518
491
577
618
609
645
609
731
567
562
488
528
437
468
598
679
709
734
743
774
795
864
956
977
959
799
877
757
808
799
842
855
853
800
793
824
635
820
986
834
849
737
775
746
803
745
847
891
865
847
929
655
770
764
952
770
797
780
918
845
881
889
631
541
861
826
684
802
508
743
772
577
798
750
598
496
701
639
874
732
806
844
711
586
437
658
771
448
595
716
677
809
735
665
683
656
655
652
569
607
606
552
563
638
579
491
549
590
510
533
470
880
497
673
361
556
606
544
763
597
614
622
396
591
590
587
507
391
685
783
377
582
466
512
312
518
767
715
713
776
822
575
588
823
790
531
574
933
985
605
621
704
663
749
868
515
518
467
464
443
324
334
370
427
340
364
482
360
267
517
600
758
771
411
287
388
276
245
251
319
254
342
296
331
573
571
317
611
652
578
736
713
634
377
561
888
700
653
896
911
569
695
251
711
570
910
827
850
435
769
748
755
730
721
751
810
735
704
471
724
826
885
757
809
742
572
849
840
815
689
637
464
430
868
727
524
327
248
303
199
197
305
306
501
482
556
688
159
272
191
450
827
357
533
119
934
607
704
812
419
544
440
811
747
760
717
712
669
634
696
639
782
740
938
573
595
648
487
731
705
377
567
800
615
729
484
811
682
665
605
586
596
454
601
767
475
370
478
395
312
360
426
813
349
702
806
670
608
680
753
727
722
708
846
591
501
557
497
553
637
741
616
330
553
593
644
739
255
675
618
725
731
778
762
383
840
754
646
1021
781
753
731
843
534
580
542
576
890
641
645
692
759
676
422
614
669
734
752
617
636
520
524
672
719
703
665
834
740
709
625
366
667
653
179
744
590
756
793
569
600
598
510
444
534
818
427
426
355
696
145
700
561
611
697
703
509
688
418
758
722
525
691
306
721
749
642
611
378
813
570
689
560
597
371
550
466
673
558
744
545
468
450
366
477
510
283
537
401
598
724
659
648
487
576
514
522
829
817
627
349
687
422
457
475
424
747
684
415
532
510
496
169
508
626
694
270
336
579
557
337
377
585
604
615
609
536
741
755
737
707
826
451
586
704
419
721
506
614
621
706
307
577
548
498
549
678
676
738
657
636
713
740
627
682
541
561
546
547
746
714
709
201
102
271
674
717
571
469
484
680
532
528
767
660
561
644
678
675
612
621
479
619
655
612
566
215
752
1180
980
559
511
680
551
508
571
713
766
750
758
943
855
836
814
939
752
912
817
618
702
573
218
876
647
664
546
515
996
937
802
818
658
598
731
314
258
581
617
643
608
615
537
585
713
632
672
560
213
581
342
846
755
865
792
568
538
583
537
508
394
468
340
282
506
429
674
277
362
695
487
737
449
614
577
462
548
516
577
534
450
408
686
396
577
613
472
616
518
482
397
328
634
640
595
644
626
590
641
607
563
816
602
556
533
750
749
491
273
327
1008
438
606
553
571
669
476
427
600
146
553
155
353
530
344
661
648
564
458
551
468
514
603
833
735
178
461
573
735
743
753
725
764
617
602
976
546
712
524
567
595
537
583
991
-1
841
480
600
432
488
482
434
584
691
577
530
466
693
680
568
429
833
511
604
599
535
535
535
516
525
595
653
463
589
546
684
582
567
546
653
292
411
335
374
454
357
406
558
311
470
448
581
659
509
527
480
579
194
339
383
186
317
417
412
603
838
709
528
748
439
474
724
481
312
684
539
697
502
483
552
464
194
571
390
303
485
518
824
673
558
357
558
525
821
619
507
658
534
555
452
446
420
416
437
526
408
483
430
483
341
468
609
306
528
630
597
494
362
628
414
313
419
694
494
414
285
580
288
453
229
562
556
476
602
645
550
710
707
511
449
550
477
635
586
678
535
492
538
488
445
430
583
443
579
786
524
742
516
394
523
535
483
482
548
524
500
509
576
509
519
586
533
413
496
450
374
458
595
366
321
354
344
264
346
300
506
472
555
605
521
302
436
546
368
590
481
112
560
132
364
421
563
484
633
461
460
448
349
735
543
730
679
573
499
469
493
609
568
400
465
438
425
446
524
894
833
471
410
392
438
243
451
773
464
600
359
587
464
566
421
484
487
639
472
447
452
512
448
390
647
411
245
561
514
326
378
527
684
473
393
372
376
348
429
447
406
403
403
285
367
333
512
460
370
421
395
513
507
481
510
481
592
444
418
440
848
394
334
425
398
419
440
496
676
386
421
418
430
376
427
335
547
480
379
273
357
375
379
454
376
475
495
706
413
446
435
442
464
541
388
421
352
294
599
729
566
415
386
444
389
416
506
354
274
409
403
417
334
464
375
415
429
507
460
361
460
475
208
400
387
453
350
452
444
429
428
373
350
417
434
347
486
533
625
414
517
335
356
426
385
532
494
393
491
320
442
336
544
348
616
651
384
395
203
472
116
237
561
280
386
559
235
439
506
338
411
549
338
360
470
403
402
557
516
354
424
404
337
427
373
284
238
362
382
262
404
200
361
339
553
688
171
94
348
469
313
744
496
340
421
397
327
387
439
439
624
723
350
272
368
523
379
402
345
448
349
347
498
422
389
258
295
670
285
252
358
289
450
404
466
360
354
529
330
380
302
63
96
75
264
392
398
356
326
403
194
437
472
293
479
379
374
267
383
376
392
384
337
260
339
457
478
436
533
326
425
331
389
376
154
425
403
570
459
415
392
398
291
501
371
226
339
249
358
503
342
339
392
729
724
272
377
535
582
346
397
462
434
409
422
439
388
244
355
354
319
365
244
459
284
229
279
305
338
226
408
331
255
247
335
374
363
443
312
346
609
436
367
378
328
290
379
356
390
302
304
472
387
314
388
239
314
430
307
460
702
620
380
314
319
371
366
364
271
416
198
193
136
400
296
264
321
398
436
375
336
232
322
348
299
443
362
299
269
251
283
333
271
398
311
301
335
490
269
524
433
352
311
340
281
343
429
296
263
207
193
247
374
325
239
439
417
375
154
330
190
335
369
314
428
305
277
351
279
270
267
278
395
421
356
337
269
354
393
211
354
324
257
360
378
503
356
361
430
431
496
731
295
266
290
263
422
227
202
473
284
376
386
330
267
537
493
185
450
391
436
360
269
324
311
291
301
407
361
551
338
478
558
272
216
272
392
417
253
268
284
470
366
322
326
315
466
219
324
582
401
308
524
265
413
217
185
297
329
227
308
276
290
241
236
313
274
380
352
363
340
209
281
317
345
254
350
232
325
440
302
309
207
363
328
318
412
307
317
248
429
214
285
258
523
292
350
352
401
239
282
211
272
282
253
383
163
172
267
387
228
211
320
341
321
398
525
283
262
261
342
381
420
273
259
428
434
413
311
327
399
383
529
253
472
302
223
494
426
310
353
271
280
350
305
209
294
287
228
249
182
385
319
330
230
276
242
218
254
196
312
337
421
397
266
304
217
360
226
214
296
285
194
225
106
369
391
293
355
375
361
460
405
408
386
331
415
322
172
221
334
251
242
322
256
275
267
260
531
343
242
185
618
430
245
247
260
254
323
403
345
273
437
363
300
305
130
420
225
265
300
341
367
272
330
237
507
184
242
248
271
423
214
408
186
170
329
195
243
204
243
263
515
227
305
395
199
237
158
356
341
499
278
272
429
192
158
184
196
409
294
379
249
474
303
353
345
344
244
373
259
178
266
319
310
250
214
241
312
299
154
227
158
209
213
81
183
231
193
237
333
271
612
211
395
354
157
360
244
272
261
250
250
569
238
249
422
295
339
301
120
300
230
222
285
283
328
218
171
240
244
232
268
232
233
356
232
152
229
169
321
221
224
486
339
474
448
226
371
380
269
232
285
229
344
270
302
331
308
298
404
226
345
314
250
282
290
211
299
242
487
341
170
253
208
244
281
211
309
288
115
388
461
268
266
161
433
324
221
194
244
375
346
248
185
299
193
347
227
226
335
245
376
168
210
476
334
259
286
229
16
26
383
275
222
289
276
328
206
280
217
151
144
378
287
382
147
243
222
174
225
283
295
188
269
234
197
287
326
222
392
253
232
235
155
226
248
171
279
350
302
187
256
412
296
159
114
292
290
258
303
135
211
253
322
251
165
349
289
296
225
309
278
207
399
335
108
276
334
298
314
192
194
285
169
136
246
179
175
152
135
105
204
263
292
208
285
404
407
344
207
142
221
143
204
78
293
343
137
222
164
127
176
270
154
185
328
290
269
206
182
276
143
137
149
438
156
134
301
394
124
298
130
158
243
171
106
121
150
210
273
184
295
204
181
404
182
254
192
217
89
271
265
260
65
142
117
288
350
151
125
194
154
242
97
95
194
176
171
170
376
191
119
163
146
126
188
176
134
149
220
48
58
126
243
110
180
283
215
208
340
256
228
186
132
136
150
138
158
139
163
129
264
145
256
125
179
107
175
154
355
354
215
84
53
177
162
161
263
87
158
269
72
117
71
82
105
61
111
145
100
95
125
140
47
202
134
92
172
191
142
90
106
44
79
124
96
53
43
74
119
70
108
109
93
85
86
460
239
