674
611
530
514
459
370
548
497
45
523
477
481
493
508
389
468
421
406
386
496
401
488
469
717
630
475
641
438
559
498
554
517
607
706
681
701
761
642
716
654
735
687
665
707
768
831
846
834
739
829
733
802
780
744
666
733
728
766
789
695
708
923
630
822
688
717
662
730
692
776
672
787
611
666
926
592
658
653
607
628
660
654
602
607
602
576
720
728
642
631
657
638
581
577
573
589
842
725
573
810
609
679
687
699
543
600
559
609
603
608
669
595
621
560
552
510
648
672
470
552
597
580
777
761
789
894
612
480
687
539
587
471
445
490
486
622
658
638
328
516
560
583
614
612
639
532
450
458
548
880
689
772
905
718
618
549
623
587
546
646
700
571
567
465
526
562
501
564
502
568
568
474
529
453
444
491
474
465
506
462
448
510
576
897
739
436
462
505
408
496
403
434
368
395
478
506
514
511
405
557
585
434
528
513
490
575
470
624
502
650
598
472
587
776
439
626
515
557
595
570
497
564
676
766
645
683
669
767
638
619
517
561
678
782
890
508
656
533
633
647
537
569
518
549
375
484
492
693
540
421
570
443
374
493
599
577
415
484
540
284
376
320
379
540
440
452
265
670
867
670
598
462
585
509
513
854
848
738
734
822
606
668
558
548
498
580
488
475
668
420
602
576
416
470
537
567
484
618
612
589
530
416
402
410
396
407
620
328
404
322
277
315
250
258
524
641
571
727
519
672
524
589
608
483
549
499
526
530
668
560
850
614
495
490
557
675
649
592
563
411
543
700
506
512
714
630
587
579
430
615
481
498
469
470
819
534
537
519
843
488
601
513
492
463
486
616
441
779
817
814
545
512
362
320
508
616
747
613
672
537
406
626
426
479
763
220
410
469
552
514
744
802
715
670
600
490
645
419
418
318
456
227
491
478
517
503
444
616
519
449
508
442
401
581
246
794
574
531
592
573
705
444
791
554
590
264
610
641
425
528
447
432
296
305
302
273
381
419
478
374
619
741
513
503
268
296
305
262
469
430
374
639
446
350
305
411
301
566
577
379
433
431
494
383
517
549
507
294
314
468
477
437
394
383
396
401
379
356
396
377
379
804
354
588
529
569
407
654
391
622
713
508
490
573
661
549
459
478
512
446
422
502
504
518
445
603
370
419
492
425
528
578
432
294
272
417
511
336
580
512
575
472
530
462
536
439
450
447
501
562
640
514
352
471
404
755
752
438
523
438
343
595
493
451
613
485
494
712
599
392
405
397
374
387
379
380
420
372
648
326
436
439
381
585
669
484
723
412
467
369
300
401
458
444
337
702
622
372
324
497
546
493
591
503
564
617
421
737
222
527
434
408
395
313
325
430
529
556
492
457
353
309
288
322
274
339
323
299
423
408
372
313
579
365
434
481
340
326
601
663
586
452
697
520
489
448
446
510
326
468
270
333
562
551
466
649
451
382
466
284
375
289
408
319
391
319
317
399
385
754
478
564
366
366
322
487
263
248
311
278
554
328
299
445
252
542
300
371
450
430
361
315
363
415
406
301
457
590
435
403
430
423
424
429
396
465
292
316
318
310
362
490
416
406
328
462
714
624
276
371
377
539
297
329
297
437
400
637
280
238
538
374
375
559
489
344
349
362
326
273
255
261
359
308
386
300
494
469
417
437
274
315
236
292
405
203
510
400
378
206
302
321
308
366
351
449
573
351
353
331
229
366
437
317
264
343
464
415
282
677
352
392
265
235
366
257
428
327
329
243
563
251
344
371
272
201
213
307
424
458
353
270
261
311
408
312
463
524
256
390
428
260
331
361
692
350
384
382
390
351
330
419
561
273
289
480
306
310
421
402
161
293
391
278
272
293
305
405
297
164
473
407
473
312
315
317
321
282
277
251
266
411
578
315
409
528
468
531
476
607
409
279
257
274
235
289
250
298
263
602
451
465
448
360
253
255
286
306
304
285
278
384
202
293
512
264
271
524
365
266
321
262
201
291
259
388
352
233
232
434
315
403
318
204
460
289
199
405
197
257
267
428
227
442
244
386
353
179
288
450
243
215
378
240
504
408
327
206
336
284
255
443
482
465
303
265
357
382
389
224
288
349
291
349
383
219
421
345
253
353
237
219
254
272
263
411
400
363
190
264
268
270
184
531
323
405
219
516
401
320
355
399
266
195
264
311
287
461
185
337
364
334
284
261
295
347
466
509
490
451
482
506
341
316
455
316
332
185
340
287
431
473
230
413
379
212
287
224
334
364
266
203
171
274
359
240
211
173
357
218
433
244
442
342
216
225
302
676
419
326
316
212
257
301
318
642
273
387
344
192
308
324
205
451
258
290
327
343
459
352
368
227
210
420
308
361
335
149
351
299
226
297
310
250
299
210
282
263
309
326
347
486
271
259
204
393
288
241
333
241
368
327
192
351
449
388
165
464
199
514
345
223
274
361
211
210
256
222
269
360
496
343
225
488
294
165
213
219
167
262
420
219
350
219
307
282
263
230
376
193
213
179
292
500
184
295
225
271
207
516
357
216
274
430
393
449
219
220
215
158
219
302
250
220
226
284
377
215
153
385
154
454
190
215
413
304
234
264
209
200
118
255
235
161
404
238
287
261
278
169
124
222
232
305
199
326
160
222
113
264
162
248
205
355
206
136
311
376
212
540
380
332
253
242
236
248
260
266
222
265
300
416
293
256
139
140
268
255
301
387
232
225
179
128
200
244
257
207
253
209
169
166
138
250
441
263
255
223
350
347
197
199
264
268
255
279
324
305
319
246
363
317
118
199
335
152
320
128
302
233
188
263
200
238
164
267
322
172
149
242
271
267
360
164
177
268
343
287
207
219
179
250
249
210
217
433
379
242
148
159
123
273
280
158
163
187
181
152
320
271
223
170
183
187
396
241
147
84
393
255
176
274
149
213
338
257
143
317
245
175
189
448
225
190
312
154
172
164
170
181
172
221
292
297
410
154
267
319
251
150
124
205
143
194
239
227
327
287
285
148
260
322
282
231
203
264
269
173
150
179
235
209
364
159
175
166
192
262
221
318
253
168
159
228
108
307
172
166
226
219
302
180
173
392
145
215
166
196
192
124
223
139
269
183
363
235
317
194
182
292
270
352
235
176
250
292
258
185
182
223
236
152
284
196
305
158
472
189
347
208
122
190
212
164
268
180
165
105
102
121
192
283
183
156
192
172
163
177
127
256
192
180
195
181
154
171
136
230
173
215
147
208
296
269
399
289
172
194
197
291
156
183
172
258
290
266
420
102
221
-1
246
390
229
182
213
453
112
200
257
288
146
172
156
200
198
221
169
206
154
187
211
173
214
144
231
149
113
173
233
292
386
265
148
147
164
133
130
244
246
128
98
132
143
204
225
272
262
351
182
373
200
194
120
355
242
171
203
153
240
268
215
122
221
272
352
103
177
170
271
196
242
167
135
193
128
248
120
229
242
214
288
106
304
239
198
243
195
110
164
70
199
195
190
378
374
97
320
158
241
332
146
224
253
147
174
250
221
177
130
205
124
175
312
132
160
99
177
256
329
297
116
184
202
466
261
146
186
149
238
109
167
160
294
157
169
126
124
162
99
255
182
267
121
268
129
142
180
185
208
95
171
277
104
250
182
140
164
185
165
268
202
188
168
92
127
115
173
119
175
140
113
115
135
86
162
331
190
296
411
331
148
221
110
80
101
151
168
90
125
134
174
170
96
151
163
97
185
187
156
177
78
157
298
170
144
139
203
345
143
143
313
178
172
247
165
119
78
115
242
115
126
129
160
329
189
79
285
249
171
121
86
197
138
111
105
109
190
119
144
143
276
167
110
147
131
359
153
159
216
252
165
419
97
140
128
133
119
124
185
185
127
210
209
156
178
171
149
174
203
170
146
172
146
157
183
345
215
144
159
217
116
186
112
302
145
37
216
173
204
200
116
290
141
166
85
115
251
213
153
213
164
163
118
137
169
96
142
262
112
211
270
109
72
121
125
66
73
400
330
193
129
204
211
76
132
179
160
149
429
120
104
81
192
120
126
148
219
143
119
142
102
133
215
124
233
271
212
162
177
106
129
194
86
156
80
245
156
149
170
359
113
102
145
176
144
175
59
173
329
234
156
159
181
102
224
208
98
159
137
130
289
91
150
240
195
131
148
137
103
132
127
212
135
146
132
160
71
132
90
332
118
199
155
156
158
132
79
141
79
162
21
185
128
150
111
71
97
142
101
91
122
91
88
311
203
118
215
79
141
148
252
183
49
111
254
129
127
115
86
194
84
96
89
74
160
99
91
210
92
86
193
120
84
180
136
40
193
217
215
68
83
140
181
138
103
111
88
149
125
52
56
71
128
182
183
199
129
113
96
78
93
72
122
109
66
147
66
60
120
76
66
113
147
90
102
119
182
138
97
81
57
110
79
81
69
86
84
279
80
263
64
68
111
105
116
113
112
161
41
38
116
110
109
132
66
158
118
101
82
49
42
91
44
51
82
52
71
52
82
32
102
54
67
68
90
62
38
74
35
48
52
70
37
24
61
85
94
54
54
77
36
60
514
118
