325
385
432
410
425
390
485
424
39
423
407
384
327
293
333
358
370
422
396
447
332
367
282
312
275
255
355
416
440
478
409
469
433
458
502
506
491
485
495
459
442
471
470
501
462
419
371
468
353
464
535
454
449
424
429
400
436
414
382
441
453
426
436
377
458
420
459
435
448
432
565
513
526
558
336
278
507
481
405
451
298
420
422
306
452
468
330
267
433
375
490
418
436
506
457
377
266
401
455
249
265
363
403
492
458
367
339
360
354
321
300
294
297
280
303
324
320
260
316
337
276
272
267
429
240
349
203
276
315
267
435
292
294
317
185
306
332
351
228
189
349
347
238
343
232
275
159
294
514
411
377
434
377
314
350
519
454
307
319
457
472
362
350
364
440
415
489
289
308
267
268
277
163
181
196
233
201
186
287
200
124
317
258
381
379
223
168
231
140
127
131
173
161
168
159
188
313
315
197
338
469
283
475
449
388
217
312
352
413
400
529
446
390
364
130
447
342
532
544
505
265
423
411
387
430
417
323
462
353
415
316
478
368
395
389
528
442
396
469
466
483
429
343
244
212
529
328
330
180
132
203
124
112
186
185
274
321
347
289
96
165
122
195
508
188
331
79
362
305
408
489
246
265
226
505
347
371
391
394
340
360
408
392
464
475
398
360
331
349
257
432
423
237
363
490
311
474
260
494
411
422
298
298
288
234
275
480
264
241
286
208
198
206
236
511
193
428
364
472
306
424
498
457
448
439
511
396
274
321
306
316
355
450
409
176
326
366
440
382
151
405
361
411
449
461
368
231
311
287
262
402
332
479
477
371
327
344
355
332
472
405
423
453
482
430
254
463
330
338
336
389
453
254
274
463
420
384
369
363
438
435
460
222
291
343
79
508
409
498
489
302
304
296
242
234
304
396
275
274
197
520
70
516
388
423
513
521
298
415
244
497
412
320
427
142
380
437
386
341
216
429
393
385
351
379
213
356
320
476
312
509
355
233
206
187
218
275
164
317
212
300
444
466
485
207
255
212
209
319
400
260
206
423
267
240
326
314
459
385
252
350
377
283
127
418
388
406
138
149
414
237
173
182
276
289
271
245
276
293
276
265
307
313
259
275
309
242
393
358
377
384
411
188
385
369
284
369
436
440
484
538
437
431
391
438
303
254
410
330
283
467
445
586
119
91
170
469
265
352
295
332
441
339
432
507
461
307
471
441
424
421
465
261
438
408
381
336
133
492
327
329
381
361
610
382
379
249
296
335
445
409
326
268
280
253
281
254
288
318
270
408
414
130
319
358
410
322
405
288
258
246
335
420
398
323
182
156
409
251
401
388
397
354
437
263
339
465
261
79
421
217
275
254
315
262
353
275
389
388
420
209
218
137
144
230
192
244
148
280
417
328
330
293
462
450
386
491
448
296
321
241
253
278
261
453
422
348
386
541
299
298
195
342
419
430
303
452
448
488
262
515
413
522
593
382
251
272
550
171
217
338
293
496
466
293
395
220
203
268
66
299
105
198
209
217
369
284
301
290
205
182
186
271
290
304
101
411
378
456
453
459
448
456
490
447
317
297
268
255
509
396
377
424
253
299
294
213
254
253
523
507
305
310
258
256
457
373
440
309
300
257
316
498
383
516
504
466
488
486
216
240
316
412
283
390
286
392
355
439
406
124
173
254
265
350
245
233
184
113
350
249
272
295
473
433
232
366
184
239
261
95
243
313
398
325
336
292
345
243
247
488
278
202
188
308
333
248
399
339
278
247
88
434
361
139
159
260
335
267
508
191
336
578
272
428
325
436
334
278
451
389
220
395
390
344
426
465
332
377
225
351
213
199
376
356
450
302
271
394
435
278
305
356
290
576
214
475
179
230
132
381
402
308
276
417
535
399
330
419
492
242
395
369
390
575
403
351
407
344
241
321
674
554
273
272
179
243
355
207
268
352
325
288
449
580
577
509
433
504
548
490
424
259
475
216
427
432
405
251
248
278
243
279
220
270
421
468
310
301
261
171
416
396
174
476
511
132
453
78
315
298
424
340
449
455
356
371
198
258
413
317
282
371
237
283
420
380
332
403
287
236
289
320
411
281
296
458
367
269
450
128
254
226
257
502
340
395
409
252
224
515
520
183
510
503
387
325
331
697
272
490
141
321
360
209
313
632
453
450
412
419
355
420
285
239
376
320
231
163
247
161
436
518
459
556
465
386
378
347
335
400
428
460
306
314
260
444
383
436
438
349
323
547
481
235
682
595
644
357
439
415
253
242
472
171
484
596
615
314
553
341
482
421
309
266
661
284
311
371
350
401
154
265
312
321
335
316
386
429
299
238
432
571
159
521
213
400
256
320
342
335
545
227
290
270
440
509
213
419
380
276
348
227
687
280
410
443
440
447
481
325
320
250
264
600
444
182
190
398
519
351
437
521
344
244
372
301
258
429
440
213
468
498
114
402
99
120
527
331
361
425
171
515
341
433
439
321
430
618
433
296
511
487
508
339
314
288
291
355
474
257
231
485
226
268
403
134
473
522
385
232
125
63
315
366
190
363
206
455
269
253
443
565
603
601
211
321
262
456
307
326
275
547
501
345
315
299
254
492
557
166
300
240
572
276
480
374
495
416
411
273
416
256
416
417
280
37
44
30
177
307
495
402
185
618
276
450
454
409
348
276
350
343
337
326
322
345
330
283
299
474
379
437
207
608
425
388
480
398
86
286
207
330
289
449
488
491
140
434
562
438
262
375
411
276
323
275
272
222
217
383
226
446
236
317
496
369
365
280
416
280
448
435
358
387
258
391
434
375
370
288
386
486
381
450
230
386
255
238
409
377
482
413
524
577
283
420
356
286
419
523
259
487
586
432
260
380
415
240
544
302
441
372
271
333
356
363
258
291
412
450
606
590
497
301
122
220
182
278
447
347
216
304
251
289
396
312
317
347
471
512
222
361
300
257
227
223
351
242
245
245
344
339
269
427
241
376
366
419
540
505
196
206
329
280
296
176
419
181
245
309
414
374
143
314
177
308
505
168
248
445
574
304
223
233
222
212
272
480
327
370
338
287
518
361
372
521
479
409
432
443
531
535
306
358
399
371
195
214
548
243
378
292
269
312
317
403
564
502
310
185
391
236
265
461
476
439
395
449
417
350
348
443
397
451
472
313
311
166
233
432
266
331
448
323
430
248
267
285
279
258
378
374
286
250
286
624
181
414
422
231
224
562
463
374
288
386
421
350
390
218
533
367
441
249
342
171
497
324
402
429
250
328
333
347
169
241
362
488
157
473
344
188
351
336
367
178
451
352
470
282
283
465
582
349
289
273
395
453
176
214
184
175
486
397
461
344
470
399
341
328
212
625
467
632
379
369
561
221
221
326
225
372
431
319
472
216
456
479
310
182
276
296
315
342
500
149
278
438
464
275
231
400
199
223
338
535
205
451
303
384
250
325
337
331
301
330
497
428
301
270
206
258
264
235
355
275
177
248
191
361
353
484
241
306
356
355
383
558
329
588
235
385
259
361
358
368
400
239
275
516
210
215
311
572
409
256
299
362
258
473
378
486
247
225
353
424
299
380
250
558
157
410
351
395
314
302
293
339
380
391
350
357
292
355
242
218
262
219
165
243
395
333
302
345
478
349
215
366
239
436
294
356
335
416
341
428
507
275
295
375
207
238
288
305
204
218
248
231
92
253
412
243
261
307
355
290
269
224
285
157
374
233
330
400
244
348
237
339
258
46
166
225
267
359
236
322
208
354
302
341
174
445
281
294
482
251
179
255
579
422
240
442
319
206
174
332
215
221
214
131
406
348
365
233
562
289
382
408
337
256
395
180
350
347
300
352
233
257
382
239
178
389
266
287
434
385
257
362
179
434
391
419
205
215
304
127
384
451
429
225
365
293
-1
454
250
445
294
377
296
292
407
202
287
272
54
377
280
224
357
305
314
357
359
369
391
238
249
436
253
417
315
236
457
287
289
175
167
228
219
341
239
263
196
441
15
19
272
219
268
283
260
406
200
182
236
301
244
325
248
271
272
253
368
297
382
406
265
400
140
252
320
368
226
220
324
333
291
385
333
371
321
303
370
277
421
318
326
243
255
133
269
254
341
401
400
204
273
204
277
403
264
210
209
381
242
224
382
258
249
234
169
299
263
303
148
171
273
306
271
267
236
245
232
223
267
153
330
226
202
229
367
208
210
194
149
310
248
371
274
76
319
229
116
186
179
154
257
213
288
149
280
223
218
276
278
272
168
191
165
185
90
184
199
357
235
215
189
337
291
361
112
261
88
353
220
341
299
195
320
198
305
227
293
244
159
234
227
342
117
292
161
346
251
264
140
176
191
256
148
169
164
211
254
254
313
188
198
243
227
256
194
203
224
82
353
59
123
205
161
113
276
360
219
283
206
274
344
277
217
234
74
247
265
243
282
173
285
279
177
221
239
167
292
167
220
218
279
188
145
263
164
162
301
185
137
191
111
206
86
155
161
132
164
208
65
162
219
208
116
282
240
147
141
157
234
115
148
76
166
127
156
100
87
164
169
78
111
113
115
90
150
329
185
