808
901
794
758
667
511
922
729
82
769
773
690
748
766
668
659
622
634
598
681
697
621
617
701
603
633
638
623
672
712
713
760
937
969
968
1135
1084
931
960
900
973
986
1084
938
910
869
805
913
1002
822
1021
1109
1077
1044
904
1057
1057
888
1298
1173
1102
937
1037
1034
873
920
864
921
989
945
926
818
894
879
863
661
876
846
770
692
836
853
870
913
814
706
1019
951
825
889
846
862
854
786
723
691
687
771
826
698
908
1394
718
750
730
1101
1361
1087
1122
1324
1040
1174
1241
1044
1058
1500
969
957
1185
1203
1007
964
636
886
608
846
595
958
863
1062
794
1327
1526
1285
968
894
888
902
744
824
1014
1318
739
864
811
924
717
917
842
698
674
648
744
767
636
809
879
999
893
857
774
1000
1008
706
664
716
753
964
993
919
1024
952
827
892
887
856
766
790
969
741
616
930
871
663
654
744
624
691
569
555
555
633
586
880
576
715
869
859
589
592
778
1194
691
675
573
772
1067
887
900
802
746
745
699
633
535
817
582
780
720
775
879
751
945
885
796
800
898
692
835
755
584
787
672
707
701
711
759
957
775
834
687
744
956
768
871
759
917
543
526
563
478
415
589
583
569
699
525
960
1035
613
684
538
1288
666
767
906
476
914
633
863
729
752
825
739
659
600
616
528
514
612
695
769
671
687
646
803
626
941
467
863
660
720
619
676
807
947
611
491
665
897
659
1466
1441
1444
1078
1175
676
546
543
570
456
470
480
466
671
565
639
582
740
554
651
703
640
667
758
675
640
824
555
749
577
767
643
669
772
772
676
713
807
437
909
587
662
654
558
754
551
1017
746
569
745
904
651
662
621
813
699
577
733
655
540
573
663
642
597
675
572
765
529
547
717
607
1653
1300
600
554
577
629
834
710
608
566
683
973
689
481
580
553
747
690
685
667
770
704
638
702
602
445
443
778
556
464
628
546
534
551
543
583
671
524
598
641
620
568
349
667
572
533
833
622
571
580
611
633
645
428
485
441
547
729
570
798
-1
1582
1315
1577
1283
562
622
950
769
671
620
617
1401
1517
1189
1230
1121
742
927
434
653
477
1245
502
371
664
677
650
598
579
577
429
577
581
849
676
1039
631
825
703
582
909
1095
1073
1007
1233
1145
1052
1204
604
877
576
583
535
735
513
515
550
617
808
609
474
601
485
525
560
560
603
541
511
627
695
738
478
1126
514
822
738
649
464
537
531
243
336
585
1101
625
578
487
624
603
460
694
524
758
638
579
582
634
518
815
613
540
575
615
477
542
761
566
501
403
512
488
512
682
592
468
544
610
695
851
785
730
722
648
746
548
938
583
487
605
674
569
831
534
522
656
844
901
691
662
540
904
466
406
420
724
418
408
408
500
435
471
782
607
582
464
404
487
811
904
778
957
800
699
496
413
503
980
899
835
646
885
825
772
622
322
487
682
832
648
480
515
378
411
385
454
436
452
653
505
563
519
476
518
418
455
507
375
519
568
692
569
520
562
415
543
706
509
405
481
412
710
694
724
394
460
464
712
609
434
416
974
657
1240
1054
872
353
567
380
680
408
374
441
705
761
527
814
771
821
628
524
428
336
473
523
645
597
624
616
589
542
526
605
959
719
795
440
459
526
472
620
468
619
459
407
729
493
483
385
727
969
777
496
421
582
751
527
520
420
474
409
418
423
414
428
391
839
673
748
432
735
575
655
630
623
408
530
786
864
382
447
444
330
533
438
407
378
780
863
761
460
527
600
684
276
356
380
503
430
356
401
567
503
458
489
747
490
376
416
913
419
794
459
454
510
495
729
575
435
539
374
610
654
569
443
404
398
383
561
383
513
559
500
631
430
745
414
348
380
353
367
518
419
413
304
366
422
387
664
483
458
500
426
754
392
656
405
200
436
409
721
329
296
462
520
564
349
442
547
327
749
478
417
518
593
463
342
834
486
546
492
520
503
359
408
399
430
588
376
351
662
573
608
640
660
609
465
380
360
413
429
325
301
363
450
395
408
458
302
350
344
375
376
336
471
341
306
376
379
255
337
273
417
384
559
582
626
483
347
407
414
396
368
165
489
560
347
664
414
579
454
387
321
347
419
692
415
646
417
350
574
349
327
442
441
390
689
527
446
394
401
425
405
421
363
751
299
373
489
492
557
458
306
634
376
671
803
335
323
320
357
315
429
317
267
293
744
312
560
470
483
414
383
365
571
411
334
345
324
338
684
511
296
463
390
538
329
441
448
406
290
295
330
431
470
454
556
333
552
341
372
543
455
376
332
362
377
322
458
341
512
370
320
291
285
314
359
238
535
463
315
549
272
293
290
440
323
443
377
597
339
458
326
446
493
633
357
335
639
253
326
396
465
378
301
370
450
696
396
283
503
325
757
339
282
418
266
421
289
646
468
358
381
378
203
360
335
582
362
565
294
553
395
328
235
359
343
265
378
715
588
272
490
298
636
387
312
412
411
316
407
306
344
362
384
294
481
336
342
377
466
397
404
590
393
255
326
487
407
308
358
285
324
419
322
253
409
258
260
436
436
332
371
341
282
471
283
247
193
333
418
269
319
264
342
265
590
410
438
292
308
319
492
300
555
233
432
457
257
296
308
311
411
443
311
214
384
458
380
260
263
388
359
329
692
310
269
219
234
445
238
240
292
283
358
260
405
328
352
614
279
303
281
281
227
209
331
361
351
306
312
292
172
325
361
211
428
495
340
258
300
287
309
292
299
234
298
381
489
260
473
237
282
247
278
366
269
471
523
302
235
277
296
317
339
317
280
207
418
199
283
322
249
254
411
426
425
184
394
445
684
275
364
510
472
529
328
420
273
207
285
218
437
282
195
352
232
165
194
266
243
177
271
248
275
262
302
215
295
355
247
283
397
432
321
386
237
224
395
336
238
200
335
354
285
244
229
192
253
384
344
243
287
291
521
252
284
278
260
253
268
463
210
177
98
562
281
261
424
310
271
332
292
163
251
249
229
281
390
254
254
255
489
508
273
475
431
398
241
356
221
444
411
382
276
313
221
210
381
429
255
205
199
469
325
571
217
225
313
295
227
265
193
406
232
287
541
267
211
352
390
390
376
444
420
299
385
258
186
262
312
168
298
247
225
291
287
428
267
260
476
320
255
268
426
406
246
209
340
221
179
433
203
290
288
253
271
353
444
173
379
311
370
329
239
303
300
254
262
300
361
368
257
316
412
414
174
213
538
264
217
184
197
445
295
324
341
314
389
210
431
348
417
254
512
180
299
188
166
254
248
158
348
197
258
204
215
342
214
304
290
418
348
189
227
221
256
174
433
216
283
320
279
323
153
308
296
241
318
285
264
255
341
204
238
202
399
332
468
265
281
193
244
196
220
210
239
434
228
175
199
281
183
166
256
244
285
295
411
209
211
216
192
192
312
268
310
299
387
279
294
246
289
344
386
233
535
395
251
271
520
210
271
479
320
249
235
167
275
299
204
252
149
264
272
268
190
264
237
154
221
165
266
251
294
277
191
291
158
324
203
191
235
198
191
195
100
281
302
235
313
345
270
357
389
316
336
260
335
258
167
157
254
207
179
383
216
220
423
243
311
226
192
171
415
342
210
186
227
201
458
510
245
207
192
311
356
240
137
318
205
201
322
312
323
180
326
243
559
188
217
207
289
290
186
677
281
151
263
163
232
209
200
228
372
177
370
286
188
226
147
216
280
262
204
361
281
182
144
168
160
366
324
401
226
347
285
421
313
286
223
307
193
164
210
216
283
384
170
269
254
228
133
214
155
234
217
301
186
256
182
264
337
249
347
211
241
328
205
268
241
224
205
216
189
312
177
187
342
191
366
331
86
249
209
238
289
288
284
192
143
249
160
175
165
196
193
359
209
141
226
128
326
238
211
258
295
342
288
176
264
320
213
188
276
189
285
197
251
260
307
309
221
314
263
232
180
265
236
166
233
213
289
295
170
268
194
203
233
261
291
224
98
279
256
328
257
142
343
235
195
134
204
212
452
228
170
243
156
233
185
202
238
223
369
153
251
301
306
274
384
183
101
132
391
373
198
189
241
283
99
289
210
139
155
352
330
185
131
246
179
134
183
227
278
154
335
163
216
253
205
257
274
218
178
202
120
188
238
142
218
216
263
150
235
402
303
146
116
384
254
201
258
94
216
294
223
235
191
478
377
288
212
306
267
177
295
327
110
243
331
208
231
217
176
236
163
125
196
141
164
132
125
84
172
283
331
243
261
266
267
202
237
118
192
134
204
58
290
307
131
348
198
116
180
266
134
165
182
154
346
204
164
227
112
135
124
374
320
137
217
269
131
151
133
124
207
132
94
111
136
172
259
144
261
187
155
378
158
169
193
191
62
321
290
198
62
129
136
227
385
139
127
271
138
167
117
78
241
152
165
164
268
179
134
135
132
87
184
192
150
155
172
35
68
136
189
96
153
214
212
163
236
196
194
145
118
109
200
116
136
116
132
95
204
131
219
105
118
108
156
124
225
222
159
84
61
147
116
114
188
76
349
219
86
119
105
79
102
57
124
146
76
99
100
102
69
147
102
100
158
222
109
135
118
50
81
111
81
53
56
74
122
96
87
87
86
99
59
639
302
