517
456
387
390
359
273
435
360
21
388
382
360
371
352
350
350
314
292
266
376
312
345
337
472
430
379
366
307
371
344
410
358
438
476
480
520
572
464
472
428
509
535
488
479
476
511
527
503
653
441
513
596
535
549
496
506
539
520
660
575
568
547
478
538
463
474
440
518
482
545
456
434
403
446
522
444
408
452
429
376
472
509
458
428
426
395
594
777
445
492
442
455
438
419
380
370
540
452
423
585
429
769
391
419
393
673
695
587
699
709
781
833
723
830
705
639
646
762
498
651
629
643
545
457
472
518
564
608
578
766
393
678
609
566
660
638
646
530
339
455
475
549
553
494
725
669
594
543
381
467
357
398
426
477
351
395
450
567
544
405
419
549
553
359
340
415
356
912
787
985
1102
826
841
715
1109
1123
1043
932
771
928
588
502
505
424
328
309
1269
966
1308
1039
1561
1356
1066
901
412
837
413
411
353
308
382
543
366
338
323
564
482
443
376
431
399
352
342
361
414
432
342
372
353
359
783
374
481
471
427
455
493
424
417
399
314
370
371
404
450
348
420
540
419
472
355
405
396
389
437
351
394
347
393
362
394
305
522
383
515
380
258
457
487
457
677
524
563
343
513
533
455
440
394
455
389
787
418
374
331
353
361
303
299
397
459
444
379
387
363
403
337
478
289
468
403
368
254
301
389
503
336
306
338
440
367
435
432
418
448
518
355
236
325
251
244
212
239
222
327
439
352
320
365
319
363
377
353
319
386
337
344
583
304
462
370
407
320
302
460
462
402
392
399
410
445
329
321
354
327
426
382
491
367
305
332
401
283
307
354
408
404
302
467
331
315
314
322
297
326
425
299
501
334
341
389
344
411
370
336
315
351
335
446
392
236
318
541
399
419
282
273
289
388
370
372
424
450
430
406
459
332
216
215
475
296
299
302
290
259
254
272
339
391
330
312
274
308
362
182
370
314
322
481
609
331
319
377
432
431
225
309
278
285
446
295
403
336
390
487
318
452
277
333
536
386
375
350
327
306
320
365
288
373
326
391
312
332
211
346
286
204
371
433
286
304
289
310
286
311
335
392
221
458
292
419
369
305
317
332
357
329
380
342
305
363
336
263
344
325
257
462
335
272
356
365
387
609
295
308
259
267
289
305
302
281
291
324
378
347
259
367
276
394
303
348
252
282
215
250
233
316
307
375
359
293
307
352
269
380
288
385
311
300
316
363
270
293
324
262
346
358
384
307
303
216
294
257
300
335
330
369
354
228
242
284
246
270
263
259
264
273
260
284
315
315
267
611
351
310
408
364
324
277
265
222
266
326
289
278
300
242
226
257
241
255
237
267
223
241
440
281
312
493
218
289
293
266
245
241
389
413
287
258
272
335
281
204
240
213
256
270
870
171
249
370
240
379
240
248
229
237
222
257
290
248
462
292
303
303
272
274
222
217
298
175
207
340
348
330
334
340
219
315
224
279
195
267
229
351
222
236
239
285
312
320
420
225
255
267
323
298
272
263
874
361
254
233
199
193
254
235
352
333
335
281
220
260
229
174
-1
260
319
302
326
302
310
286
281
261
278
290
233
252
219
222
337
290
226
178
257
312
242
224
259
252
228
220
271
222
252
293
364
231
198
362
189
254
200
197
230
203
233
197
230
203
204
237
253
255
247
297
312
232
278
257
294
162
188
295
153
331
262
245
139
267
260
253
265
271
307
360
260
202
194
297
176
229
233
186
211
228
257
214
274
225
200
250
205
300
150
221
224
239
202
409
234
261
245
296
153
162
206
210
187
204
228
184
181
292
238
321
229
211
227
195
196
209
205
288
235
240
197
215
255
210
245
327
187
221
235
248
167
323
230
82
190
221
222
142
191
210
773
208
134
224
251
207
245
222
193
234
215
202
187
235
266
322
194
264
312
231
266
200
261
365
156
161
190
179
225
198
228
197
272
228
242
245
236
188
165
206
211
195
191
222
184
152
206
223
182
157
271
196
117
150
122
90
124
99
212
208
181
214
293
288
194
217
183
177
194
72
260
197
144
217
225
185
257
181
196
187
163
212
224
187
134
200
188
177
191
226
156
232
232
196
312
254
228
183
161
242
179
568
146
284
252
177
265
261
127
313
205
205
410
162
138
161
176
176
244
195
159
119
227
164
215
144
311
244
218
143
309
220
179
192
177
164
171
190
117
243
232
186
128
270
231
213
162
160
191
280
306
291
311
208
290
174
169
358
163
201
108
211
225
185
249
156
276
209
153
167
141
181
208
131
163
138
178
361
144
131
121
216
156
251
167
329
172
160
144
219
301
325
217
175
192
104
161
182
257
182
152
221
152
263
200
135
502
153
307
209
171
259
161
263
131
177
217
142
206
203
75
181
179
191
206
213
172
236
169
173
123
225
159
137
225
225
179
124
289
150
231
224
157
248
215
149
194
165
222
135
224
130
280
158
181
179
251
176
194
222
149
140
170
311
204
156
216
148
125
163
167
114
198
189
136
219
181
213
190
190
154
250
122
88
95
159
220
122
169
127
172
136
346
183
649
280
199
161
356
124
157
133
116
168
139
152
153
153
229
195
146
94
192
102
207
130
116
263
158
141
223
149
119
91
148
152
102
165
155
146
186
130
132
117
189
185
156
155
200
264
188
117
138
121
171
148
247
135
65
159
178
100
273
226
211
169
154
151
166
157
156
134
149
185
255
108
153
98
113
138
124
219
379
163
192
100
85
131
134
152
176
179
139
103
134
104
167
183
136
136
149
203
204
86
132
194
228
133
189
261
223
247
159
210
178
84
145
130
140
192
89
177
119
82
136
137
132
99
170
137
115
120
162
97
147
218
111
123
185
234
208
146
118
107
138
173
107
114
209
243
148
92
77
96
111
207
111
113
113
119
130
131
166
127
117
101
133
323
96
76
49
299
161
127
165
110
124
200
161
104
156
104
120
142
186
140
124
176
134
154
153
137
149
132
111
186
145
232
124
192
146
166
103
108
146
103
119
134
133
269
157
265
94
129
175
183
134
98
117
199
114
131
152
119
117
220
137
143
138
164
202
147
177
118
89
88
145
71
168
122
112
159
140
219
132
115
290
110
102
105
175
158
98
90
106
136
83
213
115
140
128
120
149
181
250
85
130
164
198
186
121
149
167
164
119
159
167
176
112
200
147
196
80
85
153
128
106
106
95
130
79
88
93
130
159
117
136
137
117
115
145
87
154
80
62
108
106
63
144
96
143
110
111
115
95
179
126
262
204
100
99
107
134
89
141
127
174
168
162
214
72
160
301
118
216
187
117
141
192
68
120
116
213
115
143
114
119
106
126
95
96
93
96
160
58
67
83
140
93
70
101
118
169
208
172
93
99
90
91
77
134
120
109
89
106
94
131
108
161
200
200
106
294
160
119
96
287
99
131
160
126
133
115
148
98
149
103
161
86
105
115
149
98
141
96
71
134
83
145
85
138
165
89
160
67
148
137
100
103
97
97
70
39
114
122
101
184
208
81
191
132
154
185
107
151
155
66
104
118
102
84
125
119
99
158
157
99
105
78
107
165
220
99
89
103
128
241
187
115
107
91
176
103
107
51
173
109
101
92
98
101
78
186
115
204
84
122
99
96
116
103
183
80
65
134
74
139
128
100
113
116
90
198
142
106
126
62
100
95
122
82
139
104
77
56
87
66
122
211
150
180
184
180
125
143
92
61
82
99
99
69
68
106
134
80
77
105
113
66
109
112
116
118
119
104
155
103
127
114
139
164
77
93
201
122
131
144
97
81
67
60
133
67
86
103
84
206
157
71
136
123
138
101
130
133
93
72
87
71
94
70
98
97
144
108
50
118
65
220
118
71
118
170
116
189
72
103
114
89
79
87
105
118
79
121
112
104
108
93
75
122
134
88
115
128
89
101
114
164
159
93
130
120
74
110
95
167
81
42
122
114
150
134
78
189
101
94
55
83
115
158
101
91
111
72
83
75
94
70
92
181
85
92
159
82
65
116
77
85
68
179
204
90
80
108
125
38
107
95
68
68
212
94
66
53
116
67
66
101
131
100
64
83
82
102
154
81
128
149
115
96
115
56
84
129
46
103
58
134
67
120
134
148
62
57
114
142
96
116
40
114
183
123
105
97
114
91
142
126
77
126
93
79
146
62
88
135
118
83
113
99
74
87
64
83
70
64
62
79
31
63
82
269
88
131
81
82
89
85
49
106
56
115
26
135
100
55
107
63
37
96
86
57
71
66
70
265
102
70
151
45
75
81
188
127
43
71
129
58
67
71
52
105
56
48
50
48
84
74
57
126
72
56
128
77
59
104
86
12
168
157
115
38
47
74
117
133
66
47
85
71
73
35
35
54
66
104
106
146
70
59
69
43
42
65
104
94
48
82
7
32
75
60
25
72
94
72
74
102
100
83
57
59
38
119
44
49
44
53
46
137
44
138
48
55
73
56
55
76
76
70
26
17
86
63
63
100
51
190
83
54
59
35
25
44
26
42
71
38
40
34
51
21
72
39
49
51
76
44
40
44
19
29
38
46
18
22
26
56
38
36
38
33
27
24
358
116
