138
169
195
186
200
181
190
189
21
175
188
155
134
121
127
143
149
178
163
193
134
147
104
151
136
106
127
169
192
196
182
186
173
169
201
196
200
184
198
196
184
191
165
201
193
173
163
178
169
182
202
193
203
214
194
188
203
193
187
200
208
184
179
161
213
208
192
198
213
200
200
186
199
210
132
129
207
210
186
206
136
199
203
156
196
203
150
136
201
180
192
206
183
204
201
162
147
182
174
128
142
144
162
190
191
153
146
160
149
144
139
127
141
134
138
132
121
122
120
131
114
133
134
171
101
167
93
106
170
148
185
125
120
143
87
127
130
136
106
90
153
163
79
142
118
133
73
131
218
180
152
159
135
122
123
202
202
137
151
167
184
153
154
150
189
175
184
130
118
122
111
114
84
71
99
108
96
95
117
104
65
125
141
158
123
100
90
104
80
75
80
86
81
91
80
92
132
130
80
130
198
116
198
194
150
104
137
144
159
190
194
196
143
133
52
180
146
189
210
199
128
183
178
168
202
186
148
185
144
195
128
190
144
158
156
226
172
164
221
213
200
193
155
115
104
211
158
129
85
65
89
46
53
82
102
119
138
152
120
42
77
44
92
208
91
136
31
144
116
158
217
123
133
128
229
125
133
148
138
133
165
172
183
196
194
159
169
132
126
110
249
274
182
235
205
156
175
117
190
172
180
130
135
128
120
121
192
97
103
116
103
87
88
104
201
90
217
143
209
125
184
205
204
271
190
200
156
140
122
115
145
177
198
203
86
151
170
202
188
81
169
157
168
182
170
182
87
142
129
104
152
136
196
198
128
140
154
141
141
201
165
161
200
201
190
134
221
147
124
124
173
204
106
115
217
150
143
181
149
185
188
180
96
135
165
37
201
163
193
211
143
138
121
100
95
111
138
117
118
83
226
35
219
164
185
221
222
139
195
95
194
156
145
179
62
158
179
179
149
87
167
181
164
162
196
110
163
128
196
147
202
142
102
102
93
99
128
75
180
108
134
186
224
217
94
108
95
104
144
164
101
90
181
116
119
134
131
194
190
119
165
158
126
68
166
158
185
75
89
175
140
106
103
145
144
143
139
127
142
128
147
120
150
93
93
115
109
164
146
168
188
193
106
149
128
108
147
202
189
199
231
171
192
169
176
117
126
190
130
148
198
180
216
64
30
72
182
134
175
137
143
198
142
146
194
190
122
188
185
171
157
182
98
194
182
141
145
79
208
122
131
164
162
215
180
194
118
123
122
173
171
135
115
116
109
115
87
132
130
135
192
209
79
119
155
186
138
181
108
121
115
150
193
190
146
83
74
190
130
160
147
153
151
164
86
128
179
115
34
160
100
115
102
140
127
138
119
160
164
208
103
126
67
66
117
73
113
65
127
182
148
152
137
203
137
157
198
209
118
139
106
122
115
112
181
183
131
138
239
163
136
99
144
176
190
131
195
207
219
120
186
144
203
200
146
132
135
190
68
96
146
122
215
207
149
193
99
84
131
38
146
57
99
75
49
156
148
131
115
90
75
80
100
110
104
51
188
180
176
176
188
176
182
187
181
127
135
112
130
197
206
180
196
97
140
122
75
95
128
221
216
106
141
124
127
195
179
189
120
127
130
122
189
138
185
201
195
197
191
99
117
139
210
132
151
133
145
156
182
176
64
91
122
117
189
121
90
76
56
162
129
132
136
203
195
114
166
94
105
119
41
125
142
196
132
130
124
143
101
80
204
109
89
82
154
149
95
168
157
140
120
38
178
199
67
82
136
126
112
164
90
154
219
124
206
162
195
128
131
187
161
102
163
160
143
215
206
143
158
89
118
93
80
157
145
166
141
107
189
171
125
139
128
144
217
72
186
94
127
48
161
172
122
138
182
200
182
128
186
193
101
199
144
152
205
179
152
158
138
93
138
212
218
146
109
75
112
170
112
107
143
136
108
198
240
225
197
165
169
215
188
179
117
190
102
199
177
175
150
155
162
143
169
133
139
210
220
152
147
102
62
187
162
91
143
207
50
187
34
74
139
174
148
189
176
157
157
90
115
165
146
116
181
119
112
151
193
150
195
140
128
157
135
188
130
132
201
133
116
201
51
129
99
135
199
145
153
176
130
105
207
226
107
231
209
169
110
110
224
137
218
73
130
165
73
127
230
209
200
182
185
140
194
127
139
134
149
121
82
90
90
197
203
201
181
185
145
142
143
165
154
184
161
204
117
106
195
162
192
197
151
122
157
187
91
207
172
205
160
195
162
124
111
206
72
193
232
193
141
235
167
176
183
135
114
232
139
139
196
172
171
69
171
117
150
136
146
147
200
141
136
163
253
82
200
118
168
89
151
147
160
235
104
137
122
165
202
124
155
158
125
180
95
229
134
195
212
141
196
209
123
169
140
125
210
211
77
110
207
211
150
199
242
152
84
162
137
102
177
172
85
209
224
67
167
52
65
185
139
178
183
71
196
122
172
171
118
224
206
190
124
194
213
178
183
136
117
121
160
173
144
154
219
87
144
152
59
196
233
162
92
59
26
117
166
65
146
104
183
108
133
169
185
219
218
91
119
125
220
150
124
115
196
162
180
183
168
132
204
236
70
161
104
191
117
200
149
209
175
166
118
179
131
180
193
164
18
16
13
73
139
186
166
81
220
162
166
184
128
169
157
156
180
147
139
146
150
151
135
145
344
200
167
83
207
158
154
174
182
44
135
105
121
116
177
193
194
75
164
265
157
129
214
185
92
118
120
125
112
110
143
95
176
113
135
204
169
166
157
170
130
135
203
148
134
100
154
174
137
150
119
156
166
172
203
83
153
122
110
193
136
199
173
203
200
147
191
201
141
165
174
125
219
188
144
101
265
192
105
197
169
176
155
137
125
147
140
114
123
188
199
220
213
225
166
51
167
154
113
180
169
120
118
116
209
270
271
123
116
239
171
105
176
153
132
118
121
164
125
139
134
127
146
127
180
103
185
137
185
193
156
88
115
141
155
154
77
162
100
123
119
169
183
66
110
101
133
207
79
128
219
194
157
126
120
115
115
128
186
128
143
128
135
211
183
169
183
222
190
196
179
232
220
151
142
136
148
120
118
196
102
140
161
149
144
114
168
227
206
117
76
157
139
147
189
208
210
163
191
164
148
173
166
184
184
160
112
130
81
151
239
138
142
171
126
161
126
112
115
107
122
157
154
130
106
126
201
89
184
178
148
145
183
165
128
151
180
200
176
171
114
160
122
142
100
169
81
177
150
173
170
135
164
167
170
83
126
150
202
82
169
145
104
151
167
166
68
210
141
195
143
120
166
232
150
167
162
166
178
89
94
105
109
176
170
207
151
210
132
143
138
111
225
237
235
137
119
218
142
127
102
111
128
185
124
210
81
203
182
160
101
131
112
158
113
184
64
117
165
171
107
105
197
115
126
154
231
111
174
129
159
121
142
195
188
143
128
206
194
105
95
55
123
142
134
134
115
76
144
149
155
162
193
86
153
136
146
161
222
153
207
123
195
171
151
158
152
154
107
141
182
106
103
122
243
176
134
134
187
87
166
178
191
127
118
133
166
120
178
107
196
107
188
193
148
137
151
140
196
158
199
164
177
123
176
119
94
129
118
88
61
154
163
157
183
184
204
71
173
108
182
141
184
185
180
150
162
204
128
124
176
134
164
146
130
130
119
129
86
41
112
180
121
116
125
158
113
128
73
122
69
161
129
167
189
141
186
152
188
154
17
99
115
160
174
114
152
78
145
129
188
102
173
159
133
188
136
76
115
217
188
116
197
171
81
36
143
97
129
117
68
168
123
159
132
209
112
151
149
181
94
155
134
165
149
163
146
118
100
192
116
69
165
132
144
171
160
123
186
78
188
176
168
84
91
110
68
166
204
173
114
185
119
208
172
115
168
162
182
138
140
164
117
155
119
20
158
141
134
192
130
141
145
157
173
171
95
130
179
156
171
121
112
155
127
114
113
86
135
108
112
106
100
118
188
6
11
126
84
104
130
94
197
69
89
114
149
117
172
114
99
184
129
154
138
215
167
120
153
82
114
169
192
99
92
144
155
132
201
126
166
186
153
173
93
169
123
149
111
112
75
122
133
156
164
174
108
166
109
103
165
110
90
81
177
107
98
160
117
105
100
87
147
124
129
68
91
163
144
141
133
130
110
150
146
101
120
153
123
100
123
188
92
94
108
66
133
162
144
142
49
174
129
100
101
103
114
133
99
153
74
129
104
101
128
158
170
127
120
138
85
37
95
84
177
124
91
102
159
126
161
57
134
40
134
112
140
131
102
134
92
167
106
152
130
61
100
85
131
84
140
84
248
120
136
60
113
84
110
90
71
88
92
157
157
143
83
98
119
117
148
110
128
133
32
179
18
56
130
79
99
237
142
120
130
96
106
309
269
288
240
36
263
274
255
284
83
136
293
82
264
116
113
290
90
106
104
118
107
99
157
94
92
150
86
77
118
88
76
57
169
89
72
72
119
29
95
131
-1
62
128
119
96
80
92
124
74
82
53
102
73
92
52
57
88
117
37
65
65
66
49
75
129
131
