314
355
337
335
338
320
377
349
39
354
311
292
300
267
227
270
276
321
286
358
258
313
262
345
299
253
281
316
366
336
366
330
343
346
377
389
442
383
425
375
383
431
362
439
434
381
330
417
338
429
440
427
463
442
402
448
429
423
393
418
462
475
356
427
460
434
382
470
422
445
399
438
385
415
373
244
411
426
340
351
372
453
430
352
419
458
360
285
471
343
399
454
333
370
398
346
357
421
400
307
298
352
386
385
362
336
304
365
353
336
294
279
309
272
310
295
313
271
312
306
331
316
317
361
248
482
222
275
310
276
377
256
290
297
223
300
335
365
177
262
317
361
275
349
284
297
194
308
391
481
337
377
323
345
308
400
406
353
368
353
373
325
343
278
362
379
372
330
290
268
263
300
210
232
197
266
215
193
295
206
165
326
272
378
289
214
214
250
178
173
170
211
171
174
195
211
274
276
209
269
397
279
350
359
298
286
317
307
348
448
355
336
357
305
157
388
283
371
407
383
279
399
390
384
447
407
342
406
361
446
242
387
281
333
369
390
404
336
413
397
358
383
330
251
172
367
355
363
233
170
233
147
159
218
232
260
272
343
285
108
169
137
216
389
187
311
99
316
366
428
428
256
293
235
429
321
330
333
337
381
419
472
410
409
416
365
321
304
309
198
337
344
271
389
382
298
348
231
371
419
392
263
275
267
212
259
390
179
227
207
155
195
138
154
369
212
433
318
386
261
342
454
393
393
429
380
339
246
332
298
397
458
380
389
259
412
445
532
389
163
360
388
359
347
372
343
231
277
199
217
292
256
368
383
306
309
356
329
333
348
353
342
400
339
381
334
396
341
309
292
381
445
239
247
404
350
362
361
339
393
322
428
212
260
458
98
369
345
367
405
301
316
283
229
242
278
307
242
242
155
418
80
370
328
350
412
350
370
414
264
346
359
317
403
128
344
370
377
306
251
385
338
417
327
401
142
382
452
365
304
404
321
194
186
209
195
252
206
266
210
288
461
487
512
191
226
232
190
271
291
226
251
323
247
224
277
245
424
381
242
392
417
320
213
632
341
414
194
183
381
239
220
210
266
273
260
268
265
264
244
248
326
263
223
255
265
213
354
278
447
504
401
247
354
394
262
292
376
362
362
409
365
397
319
339
302
238
366
345
287
416
405
440
168
126
184
385
257
449
306
345
392
308
355
381
374
275
404
376
451
535
405
227
442
349
450
401
182
385
254
245
421
423
404
462
398
214
272
277
312
318
228
229
222
203
226
210
212
290
261
349
411
165
283
351
363
387
461
228
194
204
274
387
393
251
308
274
327
228
384
342
349
427
347
224
370
352
293
108
353
220
260
221
235
225
345
249
343
360
495
202
186
161
161
183
185
209
185
230
379
296
249
367
344
366
504
366
351
242
391
260
251
256
317
453
382
289
303
507
319
323
287
363
417
444
317
473
370
428
206
472
265
418
370
334
217
223
489
181
319
292
368
390
385
286
341
209
182
232
100
360
106
204
191
273
328
250
291
283
208
185
170
222
243
232
120
585
444
373
365
365
362
369
384
379
253
255
220
243
360
352
425
395
199
208
224
220
230
245
565
517
274
271
228
243
484
407
428
276
285
279
263
499
270
329
359
337
369
329
170
207
272
485
228
347
247
339
402
379
378
102
174
290
291
419
251
234
173
149
307
237
236
244
428
405
240
319
261
348
317
102
255
350
440
300
241
256
295
192
250
449
206
189
151
252
266
215
323
290
232
273
98
288
442
130
140
200
280
276
359
182
280
332
211
383
333
373
295
277
500
446
172
418
395
393
508
613
412
442
183
303
224
307
328
342
378
290
219
391
554
107
341
297
293
386
188
308
202
231
92
334
364
290
251
307
399
278
269
328
301
218
422
337
310
387
459
339
365
330
248
332
315
390
230
195
179
196
300
206
276
298
291
261
385
357
321
354
307
335
434
371
341
171
375
261
529
338
365
241
248
263
252
257
219
270
351
444
233
246
300
180
387
306
166
344
390
238
347
73
222
263
385
314
356
324
306
317
182
228
350
236
208
320
202
274
320
312
265
484
243
209
338
322
477
204
204
470
307
305
284
143
257
182
250
375
302
381
395
213
228
325
317
131
424
446
441
291
284
309
227
361
158
227
413
200
340
376
377
485
443
600
505
465
263
225
273
350
303
133
224
153
397
484
472
408
558
389
374
374
433
386
380
327
355
335
237
593
416
534
507
435
342
328
378
257
382
424
383
448
521
399
185
164
435
182
331
337
304
268
413
482
323
351
337
214
351
257
440
385
482
377
112
239
232
251
279
239
278
413
238
233
386
304
211
378
198
372
234
303
439
435
311
193
417
382
357
414
183
475
213
225
411
209
366
250
308
505
265
382
398
321
320
229
241
320
419
165
170
400
343
277
436
360
382
328
390
221
214
394
339
184
380
439
179
311
117
136
323
399
483
416
247
314
367
461
294
303
374
346
364
245
317
382
273
368
280
238
286
350
262
234
229
448
244
335
432
187
476
394
410
170
126
65
352
373
200
241
165
344
202
252
406
372
325
326
155
282
231
295
487
209
384
335
335
339
351
269
217
350
301
187
322
208
299
442
397
514
397
307
248
170
438
219
513
393
466
59
65
62
148
244
414
357
218
315
223
382
376
279
420
370
413
436
319
318
300
309
306
274
229
393
472
272
141
296
247
434
294
421
124
224
166
189
153
295
328
326
150
312
394
314
253
274
304
217
281
263
228
227
225
201
196
296
207
247
490
349
351
305
324
265
312
280
313
229
267
340
252
296
426
351
373
358
317
350
204
419
269
279
425
224
374
386
319
336
239
393
283
307
249
314
240
486
272
329
360
306
390
252
252
214
336
309
212
228
230
223
234
320
501
317
291
289
428
331
205
232
156
326
474
328
240
248
212
284
353
217
344
248
358
284
288
457
284
432
217
222
336
234
231
236
282
318
373
365
172
396
395
507
256
248
182
176
302
442
394
240
364
174
266
181
360
375
226
321
206
324
243
111
207
388
322
339
169
189
181
189
244
309
328
438
202
217
341
255
442
297
387
339
346
395
270
275
295
221
224
202
178
172
302
162
202
312
215
367
277
328
332
329
486
147
387
270
206
387
396
399
438
427
433
344
294
272
367
303
359
287
222
231
253
271
257
276
312
265
292
204
159
158
173
253
269
387
242
174
207
307
129
265
287
246
192
342
263
253
291
228
422
366
385
204
337
252
353
338
345
264
332
226
331
215
243
401
304
302
161
300
254
382
217
337
343
226
259
435
401
128
370
346
358
215
224
250
320
384
303
254
278
255
211
190
201
251
315
336
266
247
258
299
318
307
165
277
315
323
196
178
335
270
185
177
156
207
350
297
385
183
380
337
306
167
393
187
339
208
312
162
215
334
275
322
159
388
275
320
206
272
167
430
334
483
231
323
256
256
304
178
331
285
187
244
140
290
321
206
286
257
151
201
135
248
272
304
227
364
186
253
229
326
403
258
196
397
224
257
307
357
241
163
261
283
167
272
180
284
225
366
215
346
291
257
421
363
338
223
232
270
204
374
154
313
181
393
331
286
195
193
210
219
486
346
344
283
392
309
197
186
330
205
119
253
336
217
475
326
325
219
169
230
188
286
388
361
207
198
188
224
247
238
169
269
141
191
136
216
299
175
344
195
102
227
306
167
147
169
291
381
149
164
195
140
259
185
244
242
155
330
240
322
251
41
237
314
301
312
178
355
167
278
180
371
221
284
333
200
273
156
150
171
233
223
159
209
358
134
132
352
216
204
180
73
301
331
286
177
223
314
201
281
215
233
276
177
354
207
365
231
268
186
351
202
181
271
159
174
226
208
185
326
166
194
304
279
221
273
229
115
283
302
305
267
308
232
296
307
240
303
277
347
-1
179
369
197
336
191
14
304
182
226
355
327
305
228
255
212
261
242
236
258
236
258
246
153
213
299
164
156
160
190
273
290
146
133
164
264
19
16
305
237
268
164
248
305
120
153
369
286
254
424
179
153
184
314
269
213
379
348
185
239
135
171
273
321
163
274
331
331
232
238
219
201
356
123
302
140
316
224
248
216
304
183
272
172
334
285
255
109
332
241
220
256
290
137
152
395
306
158
280
199
169
224
225
256
359
206
160
151
262
175
249
186
270
182
200
201
263
134
245
166
247
220
354
127
126
158
113
204
217
196
228
44
294
164
155
162
125
144
174
130
223
156
142
133
267
286
230
239
123
229
150
181
88
105
151
345
266
145
189
179
240
187
100
159
61
323
146
169
226
156
203
151
156
111
288
198
123
209
251
270
117
207
210
235
189
273
180
135
191
194
86
152
117
196
290
289
256
171
183
173
186
122
145
226
198
43
275
119
202
209
140
117
181
192
155
178
160
180
249
160
144
114
52
165
180
160
178
132
294
173
140
143
148
187
195
141
146
145
171
114
99
219
133
133
210
135
134
160
106
162
69
108
139
121
98
170
62
196
140
138
94
164
99
135
104
126
117
98
109
84
115
97
126
56
81
156
152
99
95
94
110
62
110
292
151
