608
666
691
687
679
630
760
640
93
668
628
606
550
499
550
564
592
640
566
705
554
570
495
569
493
444
527
599
705
695
704
691
781
745
810
870
923
801
858
763
825
894
780
897
880
801
765
784
714
783
956
934
934
949
884
833
955
855
910
925
1049
892
848
766
950
882
930
1002
1052
1068
824
749
816
809
649
481
860
895
684
775
677
999
1002
794
846
904
736
615
1036
710
833
822
733
729
725
588
625
800
797
554
597
817
688
748
737
796
758
773
801
753
665
714
724
677
720
683
624
599
649
699
640
614
562
804
469
796
387
615
856
662
762
660
645
722
448
634
682
717
507
512
719
764
467
720
606
677
360
681
794
813
593
666
626
636
567
777
867
722
741
773
743
749
746
596
667
702
729
633
637
616
591
598
447
407
459
495
473
460
612
489
349
691
654
726
550
392
409
480
369
319
348
420
360
401
380
469
603
603
295
514
675
604
695
680
567
539
650
662
714
993
744
727
574
595
284
724
556
766
734
729
588
759
809
828
941
797
718
784
645
975
472
694
631
639
702
784
820
782
868
961
719
741
608
586
499
748
823
505
403
370
369
243
306
395
411
443
477
758
610
227
382
305
445
779
484
672
224
727
547
782
876
550
542
480
848
596
604
593
581
652
738
836
717
867
869
781
606
688
573
557
738
757
470
693
813
817
682
459
711
879
687
595
595
601
516
621
749
462
402
440
391
331
375
409
747
379
753
639
729
498
644
821
749
755
892
743
577
670
529
568
612
749
767
660
529
730
779
1038
764
275
877
599
653
749
627
817
420
689
530
493
642
568
717
774
607
799
681
554
632
762
609
612
668
721
705
635
771
656
560
576
824
802
521
555
805
601
659
695
776
814
619
649
522
588
794
219
706
657
819
824
730
753
592
524
498
588
606
387
389
457
786
177
700
521
583
691
658
553
821
421
660
681
858
733
317
738
697
665
674
424
696
629
732
832
996
354
588
542
767
720
786
700
432
428
372
404
572
361
623
473
572
881
1099
1087
399
450
446
411
621
685
482
383
659
436
488
508
450
901
909
632
934
960
697
346
1062
586
897
364
347
643
481
383
372
642
655
598
580
574
628
580
590
614
596
466
441
488
560
675
553
762
823
901
465
554
550
420
529
696
668
737
738
639
749
725
710
527
525
627
740
541
850
693
809
313
264
288
697
540
816
523
515
791
591
544
796
740
542
711
640
729
839
670
531
855
709
803
758
342
750
557
499
699
605
713
911
986
491
595
507
684
672
510
519
511
489
475
406
526
575
543
730
808
310
586
625
866
631
1113
498
458
449
608
744
690
542
430
366
563
493
650
569
596
561
537
423
715
684
503
178
580
396
541
466
498
504
698
495
587
574
1195
465
514
288
295
510
296
527
307
387
700
657
548
587
663
606
668
674
663
443
650
453
606
516
524
809
745
447
545
854
837
817
601
815
807
839
671
869
682
819
425
954
570
805
692
744
477
521
794
343
409
630
620
704
673
602
726
400
376
461
189
592
197
436
364
460
572
524
602
556
432
375
375
427
479
452
237
1018
719
799
781
782
768
759
726
681
595
593
459
575
681
631
955
753
433
463
476
452
429
602
1059
1008
412
571
489
469
1032
968
756
556
615
484
511
834
500
565
634
635
675
600
396
441
576
-1
501
586
625
524
714
595
778
259
351
731
763
900
706
492
378
266
608
528
560
556
927
917
438
665
545
662
670
242
421
798
1022
563
509
516
516
395
398
738
457
394
315
558
526
430
611
568
536
612
201
532
1003
277
325
436
560
451
586
313
601
656
451
876
708
769
488
604
824
722
464
691
694
654
1066
931
876
633
357
501
419
466
573
787
586
641
332
935
898
274
728
580
607
541
263
609
397
421
222
600
589
465
561
617
705
602
543
682
544
451
748
654
647
682
813
580
560
501
487
651
560
609
461
402
290
440
634
362
497
521
482
516
632
647
633
687
596
596
714
703
573
430
643
394
866
559
638
423
435
482
426
416
408
415
646
803
510
528
541
293
516
589
494
534
712
453
736
166
354
598
594
632
602
645
534
539
551
484
616
473
467
531
429
429
500
614
469
909
519
425
704
685
719
413
435
809
462
517
512
299
608
382
496
716
473
759
609
440
523
586
566
295
697
671
657
487
455
509
488
567
274
487
725
278
452
655
765
830
684
777
720
834
589
427
432
792
586
402
362
357
783
837
664
575
808
699
695
664
721
605
672
514
534
583
406
852
796
904
894
615
455
604
747
441
603
600
585
561
838
518
372
354
752
410
479
513
492
448
644
666
581
796
478
436
559
539
619
927
740
537
315
423
448
475
530
465
429
677
452
474
598
510
398
533
517
567
389
538
583
771
526
403
555
464
563
596
308
674
452
469
843
495
616
638
612
730
421
722
553
457
511
497
484
550
973
403
415
912
602
506
817
526
537
421
584
406
427
579
659
355
706
774
343
607
209
255
602
538
660
780
387
526
556
590
532
521
607
545
663
392
543
679
597
882
536
457
457
523
471
402
368
682
438
692
621
425
679
559
797
349
274
155
570
527
371
430
347
542
400
444
502
529
500
508
371
511
433
444
717
421
504
553
498
691
490
497
500
526
489
439
626
424
406
547
597
677
698
422
470
313
803
428
660
617
740
122
138
107
283
444
603
526
311
526
304
535
586
381
830
694
753
771
497
493
504
495
488
426
468
654
786
415
292
482
436
553
420
706
230
452
371
369
295
538
512
532
342
560
599
373
509
416
552
379
397
393
456
376
375
290
332
587
422
406
799
740
674
670
580
468
501
398
479
369
410
471
378
507
499
356
428
447
435
437
390
545
555
586
754
372
499
572
497
552
527
780
624
543
408
400
384
753
416
393
532
630
534
647
435
301
435
586
409
391
391
380
447
419
597
479
472
444
601
726
326
310
178
506
588
567
392
408
350
514
575
368
541
375
531
493
395
540
644
633
504
499
606
507
499
492
373
574
537
636
348
683
534
774
416
414
325
430
563
503
477
343
506
408
566
352
566
533
413
422
328
670
418
326
430
506
446
752
421
437
414
425
466
503
460
508
321
336
534
369
554
501
513
506
510
756
521
503
732
402
386
388
433
416
451
323
384
451
331
553
356
436
476
451
594
323
668
348
425
568
647
636
540
634
614
600
482
569
604
550
553
464
454
444
364
424
475
460
449
304
387
355
306
325
325
435
490
517
407
390
395
464
335
375
450
320
310
426
381
281
593
358
496
369
408
383
378
439
453
485
716
492
398
364
445
308
467
497
534
519
401
566
355
618
359
404
536
545
388
639
563
182
441
426
700
380
414
393
514
419
387
324
346
367
401
434
302
281
408
501
337
289
459
418
493
521
379
399
412
410
294
287
544
364
336
308
315
359
543
454
598
327
685
407
720
379
670
340
689
274
450
258
430
452
421
520
244
565
279
585
365
440
307
554
378
640
493
423
404
341
470
265
533
547
295
349
210
454
559
311
401
376
335
356
183
494
509
373
382
535
316
493
459
532
552
437
434
514
333
318
419
387
300
369
360
434
405
466
309
405
400
467
486
613
373
392
535
468
474
402
375
341
304
634
298
479
214
607
534
367
349
358
401
358
755
459
681
346
463
428
291
321
561
402
299
231
430
300
564
486
413
443
318
301
520
555
396
562
293
386
342
396
383
442
305
338
274
300
265
399
516
383
501
388
223
388
469
342
237
331
372
348
251
235
339
256
304
305
418
399
245
416
329
595
490
83
434
503
379
494
345
574
330
320
297
620
383
482
451
289
383
257
291
405
330
338
284
308
711
324
159
496
472
346
345
285
481
357
284
327
323
405
304
433
310
371
399
240
533
248
684
374
333
339
531
334
298
321
325
344
326
293
303
406
328
317
408
417
419
413
358
243
489
493
352
623
481
290
412
364
400
486
329
571
485
275
512
359
577
297
85
493
349
468
513
291
514
373
327
271
362
350
430
337
320
457
286
255
302
383
282
263
310
285
378
457
304
261
322
400
41
62
507
321
347
351
346
431
154
323
487
253
249
562
387
245
263
441
375
250
428
415
303
267
264
278
400
640
240
332
482
388
280
423
226
288
458
257
409
248
401
261
374
370
428
335
256
358
580
459
402
198
481
423
332
378
394
357
282
637
362
279
403
303
292
320
247
363
496
342
271
309
453
282
328
217
389
252
313
251
285
178
315
288
417
388
537
281
284
287
235
259
377
253
352
124
537
349
180
284
193
212
306
283
242
227
227
222
435
371
347
499
207
294
222
340
171
158
220
504
272
223
262
194
333
255
245
191
169
356
249
234
377
257
247
293
317
200
307
482
138
408
376
350
135
274
353
424
384
319
331
265
211
273
149
164
292
227
343
338
434
221
263
238
201
162
216
308
385
116
391
227
261
313
248
167
297
365
277
250
303
305
364
291
223
217
186
209
226
196
249
159
389
237
299
193
200
246
270
193
280
279
237
147
127
283
254
252
335
151
243
283
156
213
109
135
163
131
152
226
144
181
181
210
127
263
157
166
157
191
180
151
139
79
152
128
146
69
111
159
194
151
115
116
152
99
110
513
323
