1294
1443
1462
1362
1322
1112
1656
1323
146
1348
1307
1303
1174
1114
1154
1206
1128
1197
1172
1360
1164
1110
1027
1104
968
911
1082
1224
1313
1377
1413
1476
1718
1596
1805
2026
2037
1706
1835
1649
1862
1921
1808
1927
1823
1655
1626
1690
1501
1605
2222
1927
1932
1951
1703
1705
1848
1653
1893
1850
2066
1752
1834
1552
1733
1718
1996
1785
1888
1863
1753
1485
1751
1809
1361
1142
1805
1765
1313
1552
1306
1697
1696
1463
1683
1514
1544
1338
1711
1454
1815
1749
1665
1530
1419
1131
1264
1494
1600
1171
1320
1624
1302
1548
1529
1513
1502
1387
1490
1628
1251
1424
1502
1311
1340
1384
1219
1209
1330
1304
1216
1214
1106
1709
987
1528
902
1270
1595
1254
1532
1236
1254
1385
915
1197
1234
1300
1070
1051
1587
1488
919
1261
1119
1200
818
1224
1537
1550
1272
1372
1364
1190
1119
1622
1753
1400
1271
1640
1698
1489
1543
1283
1266
1460
1597
1170
1192
1161
1170
1120
906
878
874
957
922
917
1177
941
711
1151
1392
1491
1227
981
739
890
738
667
668
772
631
769
918
896
1293
1289
726
1020
1360
1186
1333
1304
1126
996
1200
1643
1401
1578
1673
1561
1195
1225
723
1572
1083
1631
1446
1481
1071
1591
1485
1496
1694
1546
1477
1523
1460
1528
974
1350
1298
1332
1417
1568
1591
1288
1867
-1
1510
1448
1145
1162
957
1541
1324
975
875
741
719
582
643
847
895
1019
981
1354
1138
520
703
573
916
1488
977
1185
489
1469
1195
1764
1746
962
1254
1018
1513
1238
1250
1141
1147
1319
1392
1540
1340
1641
1521
1578
1180
1238
1056
1069
1495
1504
984
1269
1634
1316
1272
927
1419
1832
1316
1149
1103
1111
918
1116
1454
962
833
952
738
679
739
849
1442
842
1359
1284
1399
993
1232
1561
1441
1353
1652
1467
1247
1301
983
1013
1197
1455
1411
1194
889
1366
1394
1435
1386
635
1582
1149
1397
1440
1205
1544
899
1415
1103
927
1415
1284
1387
1436
1288
1296
1223
1011
1101
1477
1143
1160
1316
1380
1325
1104
1263
1349
1160
1190
1485
1348
1012
963
1376
1151
1249
1287
1577
1634
1288
1181
926
1115
1371
480
1314
1085
1522
1597
1220
1246
1068
952
957
1047
1243
776
772
918
1388
416
1278
973
993
1230
1164
1195
1479
983
1299
1309
1255
1344
622
1420
1300
1222
1241
758
1283
1159
1395
1222
1422
749
1012
894
1281
1385
1436
1148
834
795
701
787
1081
812
1196
953
1049
1444
1364
1305
772
856
837
781
1298
1364
882
772
1349
856
867
891
747
1571
1415
924
1261
1246
1105
533
1166
1077
1535
648
667
1160
924
745
739
1018
1040
1104
1041
1040
1197
1031
1139
1218
1248
936
906
1055
1012
1296
946
1217
1413
1519
770
1064
1028
820
908
1223
1221
1392
1242
1129
1370
1391
1253
1002
1016
1049
1274
974
1609
1172
1403
571
339
542
1222
1047
1279
982
952
1418
1089
1063
1619
1254
959
1237
1169
1251
1305
1157
1185
1329
1325
1304
1233
630
1253
1206
957
1128
984
1168
1130
1164
923
1031
974
1257
1154
1015
1081
1069
958
1008
911
1043
1100
1094
1346
1118
608
1125
1176
1441
1060
1134
1060
971
937
1135
1343
1194
1069
790
628
1061
1009
1058
1052
1024
1025
909
811
1425
1297
1073
400
916
773
1029
918
988
951
1234
1069
1052
963
1153
827
850
662
622
855
652
867
638
688
1153
1014
1051
1161
1095
1056
837
1031
982
833
995
889
1020
991
1033
1275
1150
957
989
971
1143
836
874
1202
1372
1234
1080
1369
987
1334
864
1149
959
1313
1084
1119
976
945
964
670
768
1160
988
1025
989
925
1273
717
686
944
377
1252
481
678
678
718
1071
981
940
850
926
755
779
863
939
853
472
1032
1209
1379
1292
1349
1357
1275
1181
1138
1123
914
795
822
1033
1100
1068
1138
924
840
933
803
809
777
1028
1016
740
879
899
835
1150
973
1311
817
787
978
870
980
886
901
1006
946
1012
901
790
811
813
961
934
1102
886
1064
1278
966
1293
594
710
735
950
1096
721
817
714
533
842
814
957
967
1069
1072
1021
1321
631
794
786
506
821
814
869
774
936
985
968
831
781
878
840
673
611
1062
799
834
1077
1020
749
945
461
986
900
569
645
752
840
740
891
612
1020
1010
798
1151
826
1342
877
772
984
811
891
746
779
1050
980
977
757
829
667
981
766
783
679
892
1028
836
676
1185
896
470
992
938
792
678
529
999
706
788
457
985
1040
730
890
965
980
962
889
879
779
830
1045
1244
953
1116
1171
861
932
891
848
884
876
766
786
728
631
774
864
666
928
876
806
918
953
883
873
914
988
961
998
967
739
822
861
718
759
832
1102
689
658
783
702
532
635
571
868
940
834
854
1063
709
729
930
684
886
1040
346
1115
391
688
673
923
700
1045
890
762
776
655
802
913
776
634
785
735
737
777
986
680
861
690
724
932
853
1051
725
702
959
715
908
709
562
1110
741
843
1124
673
1267
800
743
967
850
762
558
745
712
1064
812
633
707
824
745
553
627
1174
674
711
899
1354
902
702
787
757
736
611
673
594
769
826
577
679
886
1063
779
668
687
742
1036
1014
983
1052
824
1143
726
710
851
689
779
650
833
770
763
841
824
1198
854
713
687
634
685
816
581
658
603
735
788
636
636
690
836
700
986
885
1326
764
736
759
850
1078
1308
759
744
520
620
650
771
940
767
602
851
530
781
887
648
721
697
870
730
672
870
617
845
712
677
950
766
777
812
357
759
734
720
713
667
748
866
671
696
562
814
754
647
819
847
679
670
1098
632
630
886
799
879
955
662
901
731
797
526
833
604
1076
627
703
754
709
764
365
542
822
540
734
1113
659
752
823
583
603
585
631
617
903
622
644
952
937
746
839
764
623
938
654
492
407
678
758
561
694
538
665
596
1139
652
492
323
644
712
690
589
660
611
488
585
534
677
652
655
712
892
563
449
787
604
789
616
554
981
620
615
772
635
567
455
547
614
464
536
649
602
799
593
583
420
658
698
617
614
648
266
293
240
545
443
832
681
712
656
330
732
841
494
990
894
721
576
702
671
699
667
638
509
739
841
1038
572
588
542
553
543
603
748
430
704
676
523
386
745
677
710
603
835
638
421
506
370
683
694
589
582
842
665
664
387
514
831
740
637
745
958
871
882
760
806
782
402
559
489
438
645
426
761
492
354
422
530
565
381
638
557
527
486
618
447
649
769
502
620
705
869
672
541
565
492
577
703
459
435
675
837
671
567
550
350
548
785
446
474
542
530
480
513
581
595
574
546
500
916
383
326
190
830
546
465
754
402
531
785
663
395
532
496
501
625
725
509
549
554
438
507
524
471
475
444
528
679
471
922
533
749
531
606
512
491
506
434
504
417
379
582
617
693
438
560
747
650
473
556
427
628
594
633
536
509
498
800
426
446
415
482
749
672
792
573
440
431
648
318
614
526
418
666
647
900
620
596
997
472
471
466
486
471
490
473
449
438
371
868
486
629
541
479
524
602
929
384
563
645
779
670
470
611
559
581
422
786
616
869
568
731
535
701
426
422
565
460
422
431
453
489
383
386
392
433
803
368
416
544
524
497
612
396
654
381
366
470
485
340
474
404
508
403
424
428
438
640
529
796
740
404
477
481
578
375
458
424
636
756
616
666
324
625
647
499
723
714
519
478
715
259
491
414
963
360
442
483
589
409
429
332
416
408
502
514
422
330
461
653
349
298
546
572
592
699
648
448
393
401
378
369
644
548
351
400
438
421
535
607
691
664
962
469
926
534
495
392
852
417
540
514
444
602
472
436
324
552
389
537
334
588
470
519
352
503
487
398
456
322
543
357
610
680
459
581
289
692
419
385
504
447
368
397
182
696
723
440
558
729
341
810
578
661
740
509
537
594
333
362
549
426
341
409
431
442
499
525
460
520
433
356
787
848
464
414
456
491
762
567
446
417
412
748
380
483
249
802
434
454
425
450
501
344
630
466
817
328
435
344
412
433
404
560
329
287
563
278
475
415
416
527
509
316
744
711
363
437
278
422
376
520
416
513
400
335
303
349
320
525
618
506
503
641
411
430
589
332
269
351
363
313
299
302
410
465
325
264
527
515
285
391
355
438
416
206
368
516
357
436
424
480
575
330
397
722
370
583
491
377
410
279
447
586
350
370
426
406
693
573
236
519
437
390
310
504
570
360
284
291
356
439
308
426
385
688
438
267
406
278
713
417
421
447
653
449
546
332
399
451
391
332
355
383
439
369
479
513
375
392
367
380
574
573
396
505
518
339
466
399
619
588
317
454
397
282
487
289
604
404
166
604
415
509
472
259
722
433
357
278
371
430
539
383
343
564
332
316
354
366
311
324
519
291
467
680
329
305
378
379
88
99
778
643
502
462
381
581
283
367
393
240
239
748
360
357
227
447
369
311
372
470
411
288
359
302
363
561
308
451
612
458
368
446
243
362
472
277
419
296
504
297
466
451
621
291
208
387
481
399
489
211
411
670
475
460
314
488
433
594
409
328
417
343
347
602
191
463
629
459
292
351
358
341
354
251
462
279
306
259
294
178
329
269
585
305
546
401
405
339
359
259
389
261
369
142
567
382
248
324
204
219
327
333
256
377
295
227
613
389
307
513
254
262
257
496
329
174
281
612
236
261
240
216
412
257
228
192
293
370
309
258
486
232
284
474
342
236
332
461
135
480
437
442
133
243
239
506
449
248
277
241
259
255
151
204
247
263
325
321
529
355
244
276
229
176
216
314
295
250
343
94
140
248
222
159
298
416
303
300
331
392
371
309
236
242
300
228
229
203
251
179
411
230
394
187
249
206
280
201
321
319
298
122
86
309
217
216
410
151
320
294
154
233
93
128
154
88
127
237
204
126
167
213
76
310
171
147
160
249
198
122
140
74
128
133
152
71
75
116
189
175
110
110
173
96
98
951
335
