339
253
203
205
183
133
244
219
84
213
198
189
246
267
196
175
176
151
169
186
204
179
227
288
268
217
178
167
182
182
181
191
241
238
248
265
269
206
225
198
223
232
231
204
199
217
204
222
334
183
248
237
237
258
207
255
230
173
318
237
273
227
247
267
188
196
209
189
221
233
199
185
223
238
305
290
193
191
218
193
180
197
167
271
181
160
338
397
160
251
182
213
192
178
188
208
235
217
181
252
341
318
191
175
186
245
322
225
232
341
355
299
399
260
253
300
249
444
292
236
253
191
251
221
243
204
290
224
264
312
180
342
327
270
324
191
208
199
357
336
265
270
189
187
268
225
140
217
217
160
167
148
160
154
168
209
188
278
188
203
187
211
223
192
174
189
182
222
199
289
304
235
223
196
349
186
284
314
184
280
141
202
349
125
137
315
247
143
236
192
226
179
264
417
442
329
220
215
174
153
199
255
170
177
157
347
248
215
186
228
190
200
208
147
258
197
157
174
167
182
200
178
188
188
165
172
204
136
220
152
271
208
170
159
151
188
166
169
164
206
181
152
215
278
441
170
167
155
362
446
231
340
514
311
176
124
150
221
206
275
355
444
285
172
329
195
650
198
156
210
177
185
217
320
117
124
128
107
95
156
161
164
164
174
150
163
155
194
104
351
205
210
273
222
216
224
157
228
152
226
173
247
238
245
240
210
151
184
216
165
190
151
205
180
140
170
137
119
195
126
163
173
183
153
160
160
159
263
161
163
146
189
155
168
146
177
128
136
179
179
189
114
191
142
121
178
247
240
244
138
176
197
153
155
138
254
152
174
174
152
127
143
174
134
142
263
111
183
107
118
158
157
295
220
104
102
119
150
200
154
147
148
311
248
137
547
112
140
141
143
200
191
179
175
167
166
134
112
112
377
148
532
154
136
125
138
121
137
168
94
141
121
180
108
181
145
148
132
245
126
120
155
147
171
156
206
89
102
116
165
118
164
301
305
203
234
338
152
229
484
165
147
122
122
242
229
213
215
214
144
171
207
159
164
298
139
97
128
145
223
184
166
180
147
139
114
163
197
377
185
258
222
216
192
236
241
208
268
234
199
238
128
184
215
165
162
294
109
137
124
139
173
280
108
142
88
121
143
141
129
119
94
155
166
165
123
257
138
156
165
159
96
123
181
130
155
146
196
141
178
100
136
162
118
160
116
160
188
147
136
159
125
280
132
93
133
108
183
104
151
98
114
78
116
106
116
188
119
108
142
130
142
174
146
161
119
130
148
127
206
121
102
378
139
104
161
122
123
146
161
153
116
151
130
209
153
121
112
148
86
80
82
105
108
91
202
140
160
0
79
223
135
182
149
192
143
137
118
86
115
299
234
279
255
215
175
147
95
112
94
113
176
121
100
143
89
84
83
86
89
114
204
100
99
109
104
143
86
104
149
100
195
121
158
123
111
114
91
125
157
102
76
98
70
130
133
136
82
191
74
133
122
86
82
179
158
200
194
199
150
155
204
218
100
0
75
148
120
97
214
192
185
135
95
109
119
102
120
133
128
140
138
127
104
113
133
180
119
169
81
102
118
95
124
81
127
92
86
181
95
96
110
140
175
173
112
101
127
132
93
102
72
107
85
81
82
79
85
80
209
163
125
83
170
173
111
145
171
107
92
322
227
130
140
113
76
110
153
194
108
177
187
147
98
101
175
206
91
136
123
227
189
64
84
107
92
98
119
161
124
78
81
163
157
165
104
98
153
142
112
132
245
114
87
131
131
125
79
78
84
123
120
92
89
109
81
142
67
127
84
67
123
73
71
122
87
84
74
63
164
89
133
180
73
82
95
160
93
152
82
55
131
83
147
63
47
94
103
180
131
89
152
53
138
84
94
79
137
79
61
171
101
116
91
95
101
57
121
75
78
96
73
78
139
109
122
162
107
148
97
93
80
110
81
72
72
85
75
114
86
70
63
136
66
78
63
87
90
95
116
139
136
89
135
111
82
88
111
128
137
50
93
93
153
90
68
49
96
513
62
137
87
91
110
72
61
66
104
114
84
119
64
70
114
65
66
99
79
87
140
164
109
94
101
90
103
94
106
143
65
104
124
104
162
97
83
140
68
120
200
79
70
105
61
58
82
61
44
53
138
60
247
67
124
63
100
74
117
77
65
69
76
68
119
104
66
84
75
210
96
178
94
65
54
50
59
80
85
94
114
72
113
79
94
92
71
73
66
73
68
67
134
46
109
94
53
69
69
60
67
39
110
128
60
277
48
53
51
118
50
136
86
113
64
132
55
112
127
137
72
60
208
106
51
73
97
99
53
67
71
183
78
50
92
66
178
63
85
113
48
87
50
102
107
76
80
88
72
80
103
137
66
127
60
138
60
76
47
75
79
62
93
136
104
50
101
96
183
72
48
67
83
47
82
72
66
60
99
46
100
56
59
57
226
69
75
264
92
59
67
94
165
45
79
45
55
69
57
56
70
48
41
100
105
73
71
66
48
146
56
75
58
54
116
69
80
109
61
43
103
77
284
245
63
59
140
47
117
40
64
84
52
51
58
61
111
105
68
31
97
84
96
42
45
117
84
87
131
64
51
73
42
70
38
30
48
53
59
52
61
59
52
130
46
55
66
483
270
401
163
48
65
64
54
55
55
82
85
53
99
115
58
57
78
72
73
80
76
73
104
82
115
46
118
52
35
50
56
62
87
126
151
56
38
48
48
57
175
47
45
29
67
29
39
72
52
44
109
108
106
33
106
77
147
60
65
93
87
105
71
139
82
36
54
48
76
45
26
70
49
35
35
59
61
38
32
51
86
72
47
30
56
62
51
39
73
79
69
83
55
44
105
49
46
37
71
95
59
68
48
39
48
88
70
60
51
50
72
47
51
49
42
47
47
113
81
46
22
117
44
47
158
42
62
117
88
47
33
54
41
50
123
54
59
61
87
113
49
78
83
63
74
59
45
91
94
60
47
55
52
27
57
91
68
41
34
94
80
221
50
52
57
57
74
53
37
67
42
118
74
42
61
86
95
96
96
118
110
62
129
53
41
48
58
33
71
33
32
55
50
88
50
44
131
54
44
47
102
100
46
65
54
33
57
85
42
61
54
44
49
28
74
43
72
54
52
55
43
54
52
36
41
81
48
77
60
59
63
215
61
30
89
44
38
42
50
75
47
55
70
58
91
38
62
48
87
48
120
35
63
54
59
47
47
37
54
37
43
34
31
70
40
65
59
67
81
53
52
52
56
33
57
26
55
54
80
65
12
53
78
44
55
90
58
45
59
31
35
36
70
45
77
47
54
28
47
32
34
37
78
93
103
57
48
55
37
25
42
56
51
50
116
37
36
36
29
33
65
77
40
33
56
46
47
64
47
63
81
48
107
162
63
43
93
39
48
73
30
82
45
30
63
55
39
62
35
43
80
44
33
54
62
39
43
35
29
50
56
68
41
47
33
80
39
54
50
41
54
75
31
83
81
35
53
70
39
82
58
61
64
49
83
48
54
26
71
31
39
53
39
39
143
58
44
41
44
38
83
91
45
41
46
51
77
96
37
38
37
58
45
56
44
71
30
40
55
54
65
26
47
43
96
31
38
24
69
44
40
100
100
21
39
26
54
38
36
51
70
33
139
72
34
31
27
43
44
44
39
51
36
30
56
70
44
51
79
90
65
66
103
66
50
43
53
50
25
22
44
34
56
136
27
37
40
42
25
44
43
40
45
-1
43
73
34
35
57
44
63
42
37
73
32
37
49
35
39
29
58
79
32
36
64
28
64
122
2
37
60
51
51
100
68
33
27
36
26
51
22
55
29
84
35
39
29
26
75
44
42
53
59
43
79
37
51
63
35
36
56
31
61
34
45
49
66
66
43
134
44
48
41
53
42
23
46
46
47
43
30
41
41
38
48
43
69
54
0
55
46
88
43
15
68
36
30
27
38
37
98
42
44
38
32
29
25
29
32
56
95
21
50
49
53
36
45
22
164
156
117
61
42
46
48
51
11
52
35
21
28
65
47
28
23
40
41
18
28
31
62
22
84
19
36
53
37
50
54
49
35
42
16
31
37
39
33
35
46
14
37
67
43
31
21
48
37
27
35
32
33
51
46
31
53
119
58
66
26
64
37
35
43
117
19
50
66
41
44
48
32
37
30
28
35
29
43
36
22
23
44
34
39
44
40
82
81
55
87
27
32
28
23
20
45
44
29
62
30
46
40
46
20
41
28
24
74
54
29
41
57
30
44
57
130
23
36
32
23
31
29
20
50
24
28
21
97
32
40
35
56
29
34
75
31
26
23
46
26
52
45
39
13
23
26
48
59
20
36
40
14
22
23
19
38
40
31
31
50
54
35
28
17
13
28
31
24
33
41
5
16
26
32
24
27
33
27
26
34
39
43
45
28
32
37
26
33
30
28
17
33
25
42
22
22
21
34
18
36
36
21
14
9
20
33
33
30
11
60
36
23
25
23
14
13
6
21
20
50
18
14
17
5
21
15
13
15
27
22
16
23
6
15
17
8
10
4
15
19
26
13
13
16
14
11
177
49
