118
128
143
147
137
140
147
144
20
134
134
116
111
97
109
115
122
132
138
144
98
123
91
130
111
88
108
144
147
158
124
166
152
138
169
172
182
166
190
150
154
173
157
187
166
145
135
158
127
159
192
159
208
190
170
155
180
158
155
184
193
187
163
152
214
185
158
185
194
173
183
185
185
174
131
106
196
191
157
185
142
188
179
151
207
205
131
113
193
143
168
172
152
161
155
126
136
157
165
115
129
128
130
156
175
137
130
137
125
122
108
106
117
111
118
112
112
102
113
119
109
109
110
163
88
159
72
102
144
112
152
115
115
123
76
124
120
120
81
82
127
147
86
129
90
113
61
108
192
183
129
142
133
131
129
199
177
118
121
166
173
140
137
125
148
148
190
119
111
111
100
107
72
81
78
98
79
77
113
75
56
129
126
145
121
93
76
91
67
63
70
77
67
88
76
85
108
110
74
117
166
108
155
153
127
85
129
133
160
183
187
174
132
117
55
162
122
172
182
173
111
177
146
151
197
175
124
178
138
182
123
176
133
156
159
199
155
144
189
190
151
187
138
109
82
189
160
114
69
59
76
47
51
75
82
91
110
150
114
36
66
42
82
171
80
111
35
145
121
159
199
106
132
121
246
124
130
144
149
147
139
169
164
163
164
179
137
113
124
92
222
232
170
211
176
134
154
114
176
160
153
114
120
119
96
117
145
88
83
99
69
69
80
72
178
73
187
133
171
116
159
180
162
229
165
176
137
106
118
109
156
158
176
214
82
136
151
189
162
62
147
164
158
142
166
191
102
124
116
105
154
122
197
180
132
131
127
119
134
173
140
157
161
172
151
121
199
143
124
127
162
185
110
129
217
137
148
159
143
182
180
151
79
122
157
30
171
143
175
196
125
127
108
93
98
99
133
102
102
74
217
30
180
134
151
176
183
143
152
92
185
143
140
155
48
147
148
135
136
86
160
136
162
138
155
70
158
126
171
129
191
125
98
94
93
103
120
92
182
102
124
180
180
193
111
105
101
108
145
156
94
88
151
103
120
108
110
185
168
104
154
153
121
77
180
137
181
79
82
157
105
83
75
129
129
132
130
135
146
127
131
136
133
117
113
119
90
157
122
178
187
180
84
134
137
108
126
154
142
166
167
147
181
149
150
126
112
157
129
122
190
171
197
80
37
60
155
129
148
107
162
188
120
129
167
164
115
165
150
169
163
164
100
181
163
154
141
77
202
140
145
165
161
188
159
165
115
125
127
158
158
147
125
125
117
137
98
145
137
139
179
182
73
126
133
180
149
171
123
126
134
147
162
170
148
99
85
151
118
172
147
150
189
159
90
138
175
116
30
154
77
138
121
152
131
138
99
141
139
186
107
112
93
73
120
87
121
66
112
186
126
147
135
157
148
180
168
152
113
135
105
109
112
123
172
166
101
130
231
142
119
111
143
159
172
142
172
178
195
135
182
148
183
178
146
146
140
207
66
112
133
126
167
165
146
277
100
91
112
39
138
47
100
86
65
158
144
110
103
96
80
84
119
111
102
49
186
170
159
154
164
160
163
180
161
127
128
116
134
177
181
162
147
114
136
121
79
99
126
200
200
101
126
117
125
178
170
163
138
141
126
127
202
119
146
161
155
167
156
106
127
156
178
137
167
143
133
157
140
155
61
82
120
111
177
96
101
77
50
161
119
139
143
182
183
93
145
85
115
117
33
198
116
171
155
134
137
119
101
91
202
103
95
66
144
139
94
140
126
136
112
39
151
172
52
88
137
141
123
160
82
139
175
126
179
168
175
130
137
177
162
80
154
164
154
192
203
132
184
78
124
97
90
147
143
162
124
98
171
171
67
135
147
143
181
68
150
86
90
41
135
146
133
148
168
214
161
125
171
148
102
182
132
136
187
159
158
166
133
102
103
181
183
119
129
87
126
154
106
119
122
115
88
164
178
170
155
151
182
180
184
167
90
157
135
199
145
162
199
207
219
216
240
173
212
289
207
143
155
114
56
160
140
66
153
184
60
161
37
91
120
146
164
142
156
128
118
81
114
158
142
130
138
116
111
147
152
144
181
121
112
136
120
188
132
133
185
115
108
157
51
102
111
115
169
159
140
158
158
93
164
175
102
199
195
156
113
118
166
135
164
70
149
155
70
110
210
178
167
177
178
166
195
126
103
113
117
111
73
101
83
191
185
184
157
186
160
146
148
163
140
138
154
321
122
122
176
151
189
173
155
129
145
164
107
177
164
175
164
190
160
110
93
189
73
166
179
146
120
202
176
148
163
124
103
182
117
153
168
158
154
63
203
118
146
115
130
121
196
123
120
140
184
79
165
108
155
111
121
166
144
177
107
142
131
143
176
166
170
119
123
151
98
204
133
166
206
132
185
186
134
154
131
125
170
195
69
98
180
182
124
189
221
162
103
141
144
105
151
157
95
190
190
64
150
52
59
179
141
184
153
69
163
150
186
153
128
186
172
206
122
164
180
179
155
150
127
133
135
130
212
196
192
102
132
155
75
193
209
167
89
48
22
129
177
76
134
97
177
133
141
161
167
184
185
92
143
120
203
161
138
145
161
140
167
240
211
136
165
175
62
138
121
163
125
188
163
217
151
147
102
156
128
177
167
162
15
12
10
63
144
167
157
68
171
214
169
159
118
166
161
156
162
134
133
133
139
127
108
116
265
197
138
85
175
113
157
141
156
45
133
98
128
130
154
164
148
70
147
225
158
127
160
155
105
125
114
114
108
103
107
104
154
109
98
194
151
158
124
144
100
148
183
156
128
110
137
159
133
160
118
139
158
147
193
88
155
112
106
171
106
170
153
182
186
151
184
149
140
132
161
103
198
158
125
118
203
174
92
153
271
151
144
128
125
136
135
118
125
179
151
161
172
211
124
57
289
-1
109
166
165
107
118
123
186
237
215
132
106
238
153
119
172
135
125
116
107
158
124
130
120
114
158
127
152
108
185
157
190
165
135
110
109
143
138
138
80
151
86
111
117
154
161
66
114
135
134
157
52
118
214
165
132
120
112
110
106
107
157
116
160
101
131
183
147
179
152
199
151
153
204
183
171
142
120
120
134
104
109
192
69
131
144
212
140
106
155
177
170
136
72
149
178
135
172
180
178
187
200
159
138
178
154
164
177
161
123
143
96
206
211
126
133
164
104
137
118
106
109
103
99
155
149
129
113
110
184
91
173
158
217
212
160
167
112
124
151
196
191
169
113
146
136
141
102
152
87
157
125
142
126
118
173
144
144
69
113
143
192
84
141
132
71
121
147
177
71
186
134
186
131
122
147
185
153
247
241
127
162
89
101
189
166
153
164
181
164
158
133
162
129
109
175
199
192
98
103
195
134
103
108
96
133
182
138
209
73
219
165
143
78
137
119
126
108
149
87
106
177
136
108
79
181
141
113
114
179
83
150
138
158
103
157
163
164
135
127
174
149
97
83
68
119
132
174
112
112
61
202
214
153
160
165
98
139
136
138
144
188
158
151
106
175
225
133
151
150
124
109
170
163
96
100
115
174
148
128
143
176
91
149
188
162
138
113
121
143
116
152
93
168
155
181
181
145
127
138
119
168
147
191
164
193
141
150
124
105
130
116
79
69
161
134
169
161
174
143
92
124
91
168
148
142
180
154
149
165
166
124
115
172
163
163
118
138
119
97
126
94
37
113
147
128
123
121
120
135
136
88
127
67
151
121
142
152
114
168
181
166
117
22
85
120
141
176
88
117
90
149
140
178
109
155
141
111
196
123
73
116
164
178
102
136
154
70
36
150
105
111
112
49
145
108
141
111
148
123
121
155
139
94
141
175
150
113
150
148
159
104
149
119
85
146
133
125
153
147
115
156
85
150
136
138
96
98
116
68
139
163
138
109
180
117
182
157
113
162
154
188
156
116
169
108
148
121
7
172
133
109
160
132
136
142
133
142
169
105
123
166
170
180
112
128
126
174
103
79
89
140
119
106
116
106
107
183
6
5
124
95
127
87
106
162
62
110
138
143
125
155
130
97
170
140
144
122
187
161
127
132
113
108
167
175
112
115
146
141
130
156
128
134
168
94
173
107
160
105
120
114
124
64
133
124
169
164
134
87
149
113
92
141
125
86
78
195
106
108
168
105
117
111
104
139
145
94
84
83
140
142
116
117
136
103
218
171
92
184
154
126
90
125
159
99
98
129
74
135
140
132
136
34
168
131
120
112
117
160
114
104
136
79
126
108
93
130
148
143
104
121
111
86
47
105
96
153
150
88
118
139
105
147
50
123
40
151
105
142
120
90
122
100
164
115
173
101
90
86
88
153
115
188
86
178
110
150
64
119
90
115
88
64
87
93
148
149
148
80
117
100
134
104
141
123
129
23
195
21
59
123
94
148
166
131
140
131
116
110
234
169
173
135
30
191
191
187
194
92
141
191
74
170
126
108
217
88
116
115
103
120
75
140
89
89
128
80
83
126
75
91
68
134
89
75
78
120
26
114
131
154
71
129
97
111
81
92
107
80
81
67
115
73
86
61
59
103
106
44
64
64
61
54
79
123
115
