452
563
571
540
529
508
631
561
60
573
537
514
436
395
450
495
501
577
544
654
450
518
378
413
356
379
491
539
569
639
630
536
533
593
602
612
680
666
664
643
637
634
619
683
657
599
538
662
520
644
725
628
597
558
588
522
573
549
551
572
599
577
614
471
563
526
621
579
561
557
601
628
569
663
475
363
568
631
462
517
344
543
512
364
499
491
456
358
537
525
663
559
609
671
614
556
319
563
667
310
340
498
602
691
634
493
489
519
502
451
407
412
438
420
449
449
433
375
401
472
404
396
404
565
340
488
290
416
444
401
642
408
407
423
262
456
476
505
355
221
513
502
328
506
368
419
263
436
567
542
527
646
529
436
489
662
612
444
479
538
593
500
486
460
591
660
581
419
419
380
379
374
247
272
273
355
269
265
388
295
206
459
363
539
508
222
243
334
221
203
207
267
220
228
193
270
441
441
302
464
552
387
617
556
509
292
446
492
477
471
538
483
474
510
170
588
454
605
646
558
361
559
509
509
525
536
426
620
414
532
337
576
495
501
508
531
638
519
614
588
550
472
439
311
295
537
429
425
243
163
271
144
158
252
306
331
445
459
380
131
217
151
291
632
255
463
106
449
384
549
645
341
309
258
560
469
491
533
526
479
558
583
582
656
711
471
480
455
527
350
469
455
230
389
648
447
613
301
612
559
594
381
389
387
316
380
689
319
311
339
293
247
266
289
663
326
513
506
537
407
614
657
568
487
572
600
446
405
418
434
415
519
557
428
233
415
509
565
475
237
538
434
507
668
552
478
304
450
332
356
487
453
485
645
507
377
482
484
457
555
554
578
478
607
599
328
466
456
474
483
502
533
333
363
497
582
564
441
472
573
446
587
305
370
473
120
648
590
737
682
392
400
393
319
330
404
524
351
353
256
536
98
601
494
467
564
579
373
609
399
483
523
384
655
186
510
607
578
437
306
598
565
566
452
464
265
453
348
674
420
665
482
295
265
234
274
370
167
318
310
396
550
519
541
256
314
286
271
451
546
306
269
617
371
318
437
419
589
523
277
389
406
381
152
449
588
536
129
206
480
322
221
231
352
348
343
324
381
408
323
355
400
365
328
370
368
321
485
455
524
506
568
282
536
476
392
520
595
617
658
631
612
593
589
638
418
360
515
448
386
575
590
657
106
78
202
636
331
543
406
435
568
452
449
666
669
357
604
573
543
496
583
369
590
587
511
446
173
525
417
415
546
508
630
484
426
317
380
400
457
469
378
360
358
314
315
319
328
404
374
580
545
181
380
544
537
429
467
388
292
286
414
561
517
396
237
193
489
325
526
514
549
428
471
298
455
574
292
129
479
270
319
268
316
316
476
357
511
564
485
266
267
136
145
275
213
292
219
273
460
456
349
345
624
424
468
695
638
419
403
296
371
368
316
511
536
443
478
527
364
334
217
393
479
577
385
601
464
627
311
580
493
680
680
481
304
374
549
232
268
413
423
702
655
355
467
263
242
307
103
344
135
236
270
196
439
375
400
394
277
240
238
284
388
326
159
446
512
649
607
617
602
587
766
670
431
332
329
279
655
495
450
599
294
341
383
277
367
308
643
625
389
362
351
328
516
434
628
302
312
321
401
591
347
536
672
683
680
600
271
306
320
486
374
423
355
444
443
588
546
151
248
278
292
418
264
351
228
131
347
345
367
339
574
516
311
464
179
281
300
129
238
368
431
308
392
362
432
295
330
492
350
261
251
373
366
330
518
465
328
374
112
530
432
160
171
311
355
290
463
257
475
587
337
503
414
598
425
319
484
489
280
446
450
394
464
509
361
331
287
372
261
239
380
387
561
341
308
486
532
206
331
489
346
516
292
549
268
312
158
548
508
377
333
429
535
387
318
448
637
271
493
521
439
588
556
479
437
361
310
450
538
526
310
293
200
287
388
247
397
513
470
452
614
554
528
522
450
422
493
499
416
288
659
233
460
480
568
233
214
260
232
255
225
248
485
495
363
374
320
251
481
498
241
490
588
100
597
77
273
307
628
344
571
576
508
477
253
317
528
323
272
473
290
347
477
475
281
455
332
343
387
375
487
287
303
494
460
363
477
171
430
274
360
621
363
562
552
293
318
535
511
180
467
449
470
415
395
544
298
496
160
342
430
281
385
499
582
519
441
475
434
475
302
355
462
421
306
205
275
224
585
516
421
506
506
532
502
498
482
452
601
504
322
427
259
527
437
505
500
434
342
505
686
327
521
504
481
401
503
413
252
227
457
231
528
583
584
399
463
429
567
591
393
337
579
413
428
484
442
558
188
256
388
406
461
333
443
467
319
346
527
501
240
531
297
591
236
427
377
427
489
261
370
331
579
538
207
478
342
328
431
240
534
345
439
424
389
484
451
372
404
303
302
444
515
271
248
445
558
447
499
484
380
259
547
410
318
408
597
285
442
498
149
535
125
150
473
445
426
553
196
461
420
482
385
304
424
424
462
331
445
547
447
395
408
365
345
433
535
238
210
463
273
283
446
126
496
422
512
281
156
89
376
457
255
329
251
411
235
277
395
599
535
533
245
333
303
383
361
289
320
444
414
411
335
326
293
502
506
203
343
287
461
289
470
340
498
404
350
233
510
289
445
421
352
50
60
47
166
253
594
502
251
512
227
392
439
352
447
314
424
337
418
421
419
400
368
288
282
469
480
419
233
425
326
422
441
522
130
373
282
287
237
450
524
549
181
455
497
319
275
321
414
344
347
343
340
258
255
350
241
555
288
437
489
518
493
393
602
373
356
342
368
319
242
416
360
505
377
293
369
426
399
355
296
441
268
276
455
344
483
612
389
475
335
545
409
329
396
434
310
495
411
387
331
416
485
267
410
286
413
504
264
266
333
319
271
369
437
567
434
415
412
461
125
205
162
349
470
365
235
256
285
313
365
317
338
379
401
453
211
327
316
294
253
249
375
253
262
259
384
395
314
566
257
472
435
470
348
403
210
220
320
334
330
240
496
235
248
256
554
528
143
370
175
345
436
235
265
403
370
426
262
273
251
264
406
539
441
354
306
270
592
285
440
394
376
508
523
445
445
414
391
285
327
288
260
253
379
224
289
339
244
405
302
356
543
483
316
224
614
237
287
492
549
475
371
421
445
325
345
399
449
500
386
440
295
205
232
371
302
300
369
372
388
291
238
261
254
260
398
309
287
265
260
463
220
314
466
197
189
478
471
288
338
357
444
330
386
240
392
484
502
343
416
199
417
368
431
322
274
352
395
401
242
308
287
503
215
398
511
264
428
365
392
142
420
368
559
258
277
379
527
389
325
302
371
399
201
221
163
158
328
457
365
303
418
355
472
428
266
372
376
388
300
273
493
252
219
253
224
248
437
301
464
337
530
454
440
234
284
239
421
325
466
205
310
328
378
255
175
456
176
300
269
475
273
435
332
364
325
273
348
282
344
251
478
450
344
361
172
280
335
215
274
319
247
239
142
363
339
464
311
399
248
447
414
592
461
366
289
453
206
322
338
341
364
247
277
390
246
265
249
456
290
304
364
409
260
369
340
349
309
271
352
415
271
471
226
386
137
503
344
326
301
300
311
256
460
359
371
276
317
295
248
215
265
288
193
249
518
260
360
340
367
318
258
333
290
437
331
364
247
348
276
361
381
346
218
314
175
213
224
365
275
244
356
326
139
231
566
251
170
232
392
287
233
178
256
149
302
207
312
434
257
334
238
290
323
43
218
298
260
353
208
374
274
318
279
410
232
448
282
309
356
201
199
272
360
346
211
382
422
248
165
347
261
253
229
183
531
287
283
217
353
346
286
321
428
314
418
172
391
297
335
389
227
309
513
311
220
323
247
270
385
342
256
335
217
335
468
469
201
200
278
131
396
468
322
251
346
283
445
402
322
-1
278
346
303
271
353
215
336
292
71
407
257
297
386
246
353
323
358
276
366
255
371
399
222
381
287
224
359
241
194
206
220
244
217
437
240
208
223
331
21
39
321
294
227
305
244
459
157
230
264
266
242
387
253
223
192
252
239
263
319
391
264
262
140
235
327
384
219
216
371
357
346
343
247
354
395
237
347
207
482
316
370
281
299
164
208
253
374
317
430
140
339
250
365
488
247
228
249
403
324
216
378
354
254
212
178
343
296
374
163
229
265
260
292
246
259
248
199
184
197
115
261
213
324
228
427
195
197
192
149
180
276
215
344
123
436
270
102
210
193
128
314
239
243
206
227
194
316
273
262
342
133
218
153
236
97
146
189
462
228
205
197
255
347
258
134
185
100
332
216
243
369
167
262
226
292
178
298
262
108
289
282
364
96
219
159
357
322
228
140
172
259
219
130
142
161
247
264
265
401
209
171
287
181
195
178
265
230
97
312
46
107
207
154
106
254
400
245
298
251
365
317
234
194
193
118
241
239
212
260
193
370
231
202
195
238
180
279
173
239
238
337
131
100
311
169
170
360
148
175
212
133
179
96
133
182
97
113
247
90
139
155
168
87
292
183
148
137
180
201
102
157
85
120
104
159
97
73
143
203
117
103
102
123
81
115
425
226
