859
970
971
933
918
782
1060
940
129
974
859
851
743
729
828
804
805
812
854
937
783
831
675
713
669
589
743
826
920
921
1013
906
1071
1022
1112
1234
1317
1112
1164
1083
1171
1233
1080
1207
1205
1111
1069
1138
1014
1092
1327
1411
1354
1346
1175
1350
1356
1208
1350
1296
1456
1302
1143
1061
1331
1183
1192
1449
1496
1483
1083
1039
1147
1127
910
788
1214
1148
846
959
868
1343
1299
1250
1180
1154
1033
935
1334
1010
1142
1124
1035
1036
956
747
814
1018
1040
792
928
1255
938
1030
976
1145
1076
1075
1149
1121
1002
983
1041
884
998
997
946
950
1010
990
886
778
749
1048
630
1135
536
811
1278
920
1030
868
869
971
558
833
973
1036
1079
813
1109
1073
639
1040
794
965
434
934
1049
1116
829
900
892
921
769
1012
1177
1100
1025
1027
998
1068
1067
822
868
998
1020
763
759
781
766
759
501
497
575
597
660
648
729
658
387
950
1118
1022
781
655
489
580
474
359
444
482
511
537
731
711
892
888
369
709
860
783
895
893
763
863
984
952
978
1363
1053
1058
740
827
460
1016
736
1005
986
931
741
1024
1160
1124
1276
1061
973
1049
869
1273
825
901
845
854
968
1033
1058
1048
1194
1246
1034
981
866
962
923
974
1041
614
706
738
511
497
545
679
441
520
718
1035
830
323
615
553
533
988
845
842
450
1030
686
1047
1124
645
682
695
971
804
812
768
761
999
1033
1188
969
1063
1019
1025
776
940
717
993
1039
1033
730
974
1061
1235
855
743
958
1046
955
812
801
803
712
800
1023
778
568
670
625
482
589
710
948
459
1058
868
960
649
799
1021
996
912
1187
945
695
1008
658
840
876
1054
1010
922
683
1053
1022
1319
1007
311
1173
840
1022
937
819
1086
611
942
703
632
860
775
979
947
783
1403
1021
685
871
932
756
821
864
889
884
1185
956
875
712
752
1073
1040
694
733
993
773
832
960
1079
1005
974
761
973
835
1076
419
863
791
1023
1078
1211
1185
818
727
730
794
789
458
459
826
933
308
813
654
693
827
768
733
1028
461
842
878
1493
894
552
940
882
861
1031
521
816
791
1024
1254
1395
610
743
673
859
937
887
917
579
542
413
529
736
604
824
706
802
1120
1335
1301
501
553
532
503
819
861
625
589
896
593
586
657
575
1104
1275
1128
2024
-1
1337
678
1145
735
1154
576
410
801
712
529
613
826
834
785
762
718
769
757
803
774
814
706
523
720
981
817
717
969
1082
1185
646
729
669
569
649
866
866
902
793
774
914
922
868
666
648
775
981
712
1023
744
882
564
410
442
857
728
999
671
662
909
773
606
1032
855
690
915
790
918
1004
846
924
971
792
970
947
450
815
714
587
773
666
844
1179
1182
764
738
633
803
807
614
624
615
586
621
507
640
702
685
886
922
377
786
767
1135
857
1244
659
592
603
756
889
808
709
622
529
690
606
723
675
631
822
646
502
969
889
645
68
665
639
655
604
609
587
966
646
718
690
1215
627
672
419
440
753
363
682
304
680
760
837
677
718
725
663
714
678
658
573
748
719
978
598
627
963
842
544
628
804
1317
1304
1131
910
1044
971
818
924
725
863
522
973
564
856
662
879
608
603
726
498
531
809
865
686
661
727
949
498
465
580
188
776
373
576
444
352
630
635
710
677
580
496
524
529
545
570
289
1079
839
924
882
869
872
846
760
753
708
719
544
699
651
732
1153
808
537
510
599
522
525
780
987
947
482
630
601
528
1069
1035
896
611
632
580
575
830
635
623
692
656
699
628
488
493
586
960
589
772
650
703
1059
751
845
434
548
1111
1148
1029
1023
631
639
451
685
618
631
617
905
993
639
872
655
1143
1125
431
692
809
979
550
585
620
613
513
486
713
549
478
443
732
662
537
719
690
533
780
309
629
1037
325
504
480
637
545
612
415
636
619
483
841
618
909
617
614
791
693
838
633
601
805
1044
894
812
632
529
510
501
718
552
746
633
733
420
1016
887
403
917
601
622
491
220
695
441
532
360
700
789
522
629
701
710
650
619
704
529
499
827
828
711
780
839
589
668
600
618
784
657
550
523
457
326
492
644
415
651
634
564
676
667
556
530
638
611
642
674
664
517
645
571
463
754
594
790
607
635
669
587
505
621
560
734
770
510
518
636
242
510
677
840
659
669
831
769
329
357
607
685
564
736
552
515
538
821
532
644
532
450
506
514
511
527
650
484
919
540
510
968
878
743
475
456
834
505
615
464
530
623
484
669
744
476
855
611
535
739
525
482
473
597
617
678
500
425
487
535
525
392
471
809
257
482
637
896
762
652
726
789
737
567
510
426
727
785
622
599
650
754
765
584
500
758
746
735
726
888
596
833
514
556
694
466
796
748
828
746
642
645
501
763
600
569
535
546
620
797
479
458
453
633
763
417
427
489
526
526
819
633
837
402
560
527
582
739
1037
732
557
440
614
452
505
662
526
418
590
432
571
590
444
401
471
680
533
470
666
532
856
466
414
714
554
567
553
344
655
663
480
757
581
558
857
542
629
432
567
507
433
668
594
527
491
1028
645
549
829
504
514
725
434
570
535
609
333
621
510
764
403
573
663
538
494
259
361
595
432
642
866
836
479
579
529
417
467
540
492
658
418
460
664
655
887
567
474
409
554
488
431
401
553
612
852
549
754
607
477
924
408
486
343
567
560
504
407
378
478
372
414
414
448
432
434
488
650
439
403
887
446
671
433
403
875
571
535
527
474
407
654
595
399
358
527
490
556
576
409
401
294
671
472
584
576
807
258
277
225
458
361
534
462
309
466
331
580
659
388
877
864
713
762
563
545
584
554
602
464
665
623
855
387
366
415
350
512
375
642
175
462
457
348
276
463
485
527
591
486
468
292
437
338
475
447
390
370
571
396
394
277
346
575
471
475
682
688
657
632
545
592
510
314
402
370
405
466
303
462
419
287
358
372
392
355
402
477
770
712
653
314
477
587
395
433
546
734
524
472
350
335
419
643
357
339
562
665
457
827
467
240
365
615
371
441
345
333
403
428
549
439
453
434
491
796
585
291
153
675
544
459
672
354
282
631
575
321
478
411
427
463
630
512
756
721
505
606
567
437
450
405
414
529
552
670
355
590
442
620
346
307
312
459
631
483
467
471
462
572
715
326
524
484
669
396
389
644
368
521
405
428
410
891
384
387
370
397
554
479
483
497
250
270
469
299
493
407
427
441
445
725
492
438
1102
371
344
330
382
383
415
426
340
416
395
635
332
469
418
386
525
356
669
390
343
486
537
524
466
545
560
545
382
583
463
593
501
487
386
812
371
353
417
411
355
305
296
322
253
277
285
394
608
402
362
333
386
399
422
338
414
370
359
400
375
290
488
284
450
338
357
339
373
469
435
426
699
681
325
289
419
258
404
413
429
530
684
695
276
502
431
352
517
708
351
556
595
134
412
396
609
319
390
338
460
358
364
288
293
286
475
403
416
374
348
404
290
245
413
423
427
533
440
328
353
342
261
249
481
450
267
238
292
318
440
422
523
361
730
342
715
535
786
284
804
277
407
216
357
482
395
415
203
467
360
629
345
405
349
500
358
509
546
385
352
286
361
222
472
473
305
313
149
537
489
359
438
395
458
400
189
544
561
348
419
593
254
514
369
470
533
358
499
469
351
270
413
351
269
300
284
338
484
476
274
367
385
467
501
619
384
319
468
388
561
450
308
298
233
517
270
423
302
608
436
296
302
309
344
300
646
410
656
316
406
353
266
256
481
365
322
170
388
245
523
427
336
462
350
285
824
493
358
426
262
311
274
325
323
378
249
293
305
323
280
335
699
346
477
434
247
373
413
257
222
304
332
309
203
187
301
389
276
238
366
324
206
350
292
554
500
166
508
573
294
404
313
511
387
284
247
629
418
384
432
263
347
217
344
480
268
269
258
286
698
480
57
446
530
286
288
486
426
305
256
265
293
427
241
405
250
485
375
290
418
197
832
308
397
325
518
284
351
308
283
307
292
251
257
350
328
276
331
363
391
370
305
335
397
422
319
699
408
272
377
343
424
406
293
449
417
220
445
297
596
268
142
474
300
465
400
270
415
278
292
233
347
334
411
291
329
375
272
218
251
305
256
255
372
250
401
427
242
239
276
319
88
106
726
328
324
390
300
378
161
318
457
215
211
566
296
216
213
426
289
231
367
320
253
225
292
232
341
527
198
360
457
355
252
382
222
268
380
259
313
222
383
200
317
307
495
435
250
303
459
340
367
221
410
410
334
311
460
378
269
542
314
250
339
253
263
468
267
311
530
334
201
338
364
244
299
196
377
199
331
253
220
171
321
233
346
299
456
317
319
245
262
244
264
245
249
140
425
276
251
227
143
285
274
216
234
338
176
166
438
327
299
442
274
313
270
361
226
120
170
461
252
191
295
180
311
208
249
174
261
319
239
194
357
229
238
294
334
158
258
570
133
344
323
351
138
225
363
385
327
244
465
211
158
230
138
172
273
204
248
249
380
286
262
227
174
133
169
270
314
202
293
366
312
296
199
175
225
326
223
198
217
295
299
296
208
234
292
183
200
169
205
137
322
182
272
159
147
220
228
165
221
219
218
128
99
235
253
253
275
113
187
227
154
208
91
116
132
95
125
191
179
158
149
158
94
232
138
122
118
170
151
118
126
57
113
116
89
68
90
125
165
167
94
95
161
73
77
663
273
