710
848
946
889
848
688
925
929
107
864
822
789
708
628
717
778
742
780
752
900
742
752
675
748
590
546
846
838
892
871
852
922
943
1019
1036
1009
925
853
879
855
907
870
905
885
895
1003
972
983
742
911
988
844
827
812
747
778
823
809
881
862
854
887
869
672
722
747
971
800
776
818
929
958
894
940
834
593
776
788
681
771
504
742
737
653
738
666
682
509
700
818
899
773
881
901
926
685
494
749
781
469
609
731
900
967
786
699
689
689
682
699
655
642
639
560
593
626
664
598
595
606
554
550
630
1026
756
765
505
570
738
590
877
560
586
612
420
631
654
635
562
437
736
714
430
647
570
566
333
550
850
820
903
963
931
650
887
847
743
637
603
1005
949
688
697
884
800
848
862
531
547
521
515
504
354
352
410
435
424
429
504
425
293
565
687
828
861
502
345
434
329
286
321
376
345
361
379
396
697
695
416
858
711
547
901
850
886
488
549
928
652
678
834
787
716
965
331
813
836
877
824
815
477
841
774
806
745
775
757
831
625
639
570
728
1148
1060
851
722
828
614
798
834
786
646
558
526
485
765
652
706
415
331
476
296
294
432
346
424
642
600
714
207
316
274
395
946
455
551
213
868
638
698
767
455
523
470
722
834
831
759
759
777
672
729
707
717
698
773
785
619
734
584
672
722
385
554
861
661
878
602
861
692
784
561
527
535
454
553
850
600
481
590
488
440
480
565
946
478
671
857
802
906
756
798
821
642
703
862
627
592
740
555
621
697
802
573
383
593
603
628
609
348
670
659
738
748
818
705
588
794
793
939
961
886
687
826
1051
643
599
706
672
869
823
820
754
818
776
476
575
700
880
886
660
573
488
488
576
860
791
707
933
729
606
725
469
586
710
223
793
728
775
698
659
653
663
644
546
554
1012
469
466
405
593
167
707
576
669
700
635
513
682
383
748
676
570
710
454
798
885
668
632
446
817
720
759
609
607
499
585
460
599
588
648
530
454
414
352
411
490
271
490
438
641
753
603
565
427
463
448
415
726
740
538
461
725
551
412
654
545
657
672
500
566
537
586
208
478
671
645
248
298
641
472
332
343
490
493
531
490
475
594
607
619
873
663
580
686
726
522
717
659
604
669
651
421
714
625
586
746
748
733
729
631
727
731
756
641
970
496
657
527
457
700
703
655
215
125
422
792
566
614
599
518
659
727
533
737
626
601
673
631
591
602
680
532
617
591
686
656
263
652
966
771
644
553
625
583
503
567
915
829
638
600
743
714
706
661
635
658
669
1002
543
580
470
255
856
764
615
605
506
961
682
588
654
695
654
595
397
331
586
514
628
639
650
565
655
892
654
733
580
153
547
490
612
540
617
600
539
545
730
620
488
371
416
295
266
456
410
531
275
396
589
485
569
413
630
499
423
462
468
645
638
509
506
833
363
520
495
586
746
412
520
407
397
672
586
518
687
532
476
587
577
515
702
538
479
492
566
609
447
387
381
739
529
576
549
470
578
410
371
526
163
505
245
301
899
263
663
554
481
524
552
477
460
514
733
685
221
477
615
670
641
632
681
667
602
592
918
457
522
443
492
517
519
525
756
697
841
600
685
362
443
453
656
416
576
486
481
432
726
460
421
381
718
447
620
619
573
553
556
569
497
567
456
430
563
613
524
610
568
576
602
293
412
353
392
469
350
483
553
341
399
415
475
552
451
458
528
660
203
430
413
232
311
444
375
387
635
683
628
662
669
396
847
414
385
564
440
-1
579
553
414
526
209
647
405
304
354
453
508
637
563
476
514
467
589
525
387
658
568
413
425
420
450
373
413
591
395
442
451
385
479
378
491
403
374
475
558
389
377
546
421
337
445
772
378
375
333
646
318
412
287
587
620
466
468
486
468
537
497
374
438
402
463
705
486
612
574
432
571
497
558
442
463
412
463
534
415
542
405
373
679
689
636
609
532
399
398
447
468
449
448
435
479
475
449
488
350
437
596
331
283
327
311
219
310
241
434
401
444
425
493
258
458
627
407
625
422
154
548
176
275
360
547
347
652
375
469
474
327
525
552
505
404
470
377
524
535
553
411
380
399
371
436
515
495
556
540
437
523
399
374
307
444
610
405
556
340
531
475
421
435
413
409
492
391
347
431
524
423
340
457
401
287
365
443
337
476
413
671
450
373
389
400
320
311
346
427
352
430
300
428
378
442
389
332
380
382
489
533
548
535
477
693
473
367
482
480
377
311
374
358
416
391
364
632
402
351
329
321
367
420
313
361
307
316
375
374
365
336
511
325
475
516
606
324
370
389
397
545
528
373
454
318
264
666
586
711
413
452
364
260
391
479
333
318
359
373
426
275
600
365
412
339
367
500
368
453
412
173
378
489
390
330
390
371
386
320
332
334
337
408
372
490
406
446
323
466
399
307
369
331
490
424
316
446
329
469
265
600
264
645
639
302
338
244
372
141
251
464
264
355
553
313
329
513
297
294
388
303
290
384
419
307
509
434
331
386
387
300
472
339
255
170
336
487
269
301
195
311
294
560
635
257
176
370
424
386
441
382
283
286
275
295
366
389
391
532
530
263
228
381
342
422
298
302
410
336
314
375
321
274
273
286
440
247
240
292
270
368
371
308
227
306
399
316
286
330
128
162
116
360
271
373
306
294
347
151
410
465
308
519
354
368
277
339
338
341
332
314
256
337
394
447
396
474
248
302
307
386
344
178
371
422
343
247
327
383
414
330
405
300
194
252
172
306
596
336
330
340
423
425
261
331
491
439
424
347
410
400
377
399
575
308
197
257
399
234
368
190
407
256
186
284
281
291
186
356
324
246
233
309
368
354
484
269
303
451
423
332
280
305
275
300
315
317
275
377
437
340
284
293
178
327
412
232
330
411
404
246
327
312
348
307
292
242
443
235
163
94
409
277
234
339
282
324
374
312
186
347
345
240
348
374
279
270
270
230
297
257
308
257
246
291
463
294
596
332
357
310
310
258
219
281
240
271
237
219
258
385
317
227
444
436
338
191
278
163
336
299
376
308
284
257
390
232
223
223
251
410
406
375
318
201
251
383
154
303
250
204
316
325
400
305
293
475
305
424
363
238
228
234
273
275
241
177
458
285
385
309
264
236
432
494
170
287
324
374
325
245
300
313
229
232
362
291
467
293
533
346
373
191
214
300
363
205
297
257
350
258
241
251
227
428
180
234
348
305
259
454
217
386
178
160
276
295
213
247
207
260
219
224
227
277
441
336
314
326
211
228
283
367
228
276
244
301
346
388
380
171
302
428
319
479
331
306
256
425
140
242
268
428
199
245
282
319
217
259
199
243
227
228
312
154
168
231
336
201
181
278
366
329
399
465
220
197
218
337
358
346
299
211
243
276
259
253
272
329
365
424
237
426
274
247
285
444
309
298
223
213
291
314
172
178
280
209
305
177
315
297
290
226
240
260
189
210
153
226
223
321
308
287
372
178
368
243
180
298
256
207
206
82
342
357
261
378
395
219
492
323
364
381
261
320
291
157
195
330
251
230
210
206
213
244
304
310
255
225
208
516
416
258
191
234
242
314
338
257
251
286
321
215
267
145
395
199
218
246
245
269
191
332
216
393
171
253
177
212
253
197
306
169
163
335
145
259
196
205
217
420
219
370
362
203
238
122
272
214
311
224
245
273
166
136
150
181
301
331
265
265
575
437
240
343
215
148
242
213
185
166
196
224
216
179
161
232
263
132
187
162
198
211
98
209
265
189
196
237
250
929
189
269
338
197
268
236
245
224
166
206
355
174
200
264
258
356
384
103
292
254
206
216
301
328
214
148
157
202
248
228
214
200
340
217
134
204
159
343
201
205
489
306
314
648
172
246
262
209
174
201
214
307
223
291
303
234
225
303
201
278
304
244
269
256
185
248
244
527
330
164
218
215
169
219
165
307
260
122
312
304
221
240
160
318
234
229
145
198
402
280
217
184
238
187
236
192
176
225
161
342
135
177
421
225
183
197
166
28
62
396
297
203
242
253
317
133
208
230
147
130
367
223
319
112
235
193
168
181
232
223
164
190
205
173
262
203
201
345
248
240
209
131
205
231
168
228
225
336
181
255
255
335
165
120
214
240
198
287
116
211
253
306
257
158
274
200
291
220
191
218
221
262
340
113
257
309
328
194
209
180
199
181
146
231
189
145
141
115
79
177
167
293
168
274
269
270
204
192
123
177
134
176
81
263
241
118
170
112
100
210
193
138
190
214
173
285
217
149
254
128
157
153
353
210
92
211
344
116
233
126
112
260
154
140
96
178
226
185
149
330
160
147
357
171
162
177
214
59
259
250
264
69
113
112
258
283
135
140
152
159
215
87
98
144
155
157
156
335
199
132
150
119
103
133
164
133
169
164
49
74
121
166
96
157
248
156
180
243
317
194
163
109
123
180
105
115
96
145
132
273
118
264
103
138
103
137
163
220
217
218
66
46
149
142
141
230
83
157
199
85
132
60
69
101
46
72
120
129
77
93
95
52
187
102
91
106
162
101
60
112
52
73
81
70
52
40
64
107
96
91
94
80
74
65
623
183
