295
309
311
318
304
290
355
314
43
313
284
288
240
221
260
263
265
300
269
327
246
284
217
258
235
205
271
308
331
341
348
310
330
367
389
400
436
375
404
369
357
392
376
400
405
356
343
392
328
374
444
434
440
398
417
409
420
399
435
484
469
446
413
344
479
406
409
466
442
461
405
365
375
442
312
243
428
395
340
375
313
434
421
306
403
417
301
336
420
327
406
340
349
366
329
280
319
346
372
300
313
357
317
400
338
342
349
348
357
325
325
291
321
294
306
316
286
307
258
335
251
265
269
370
249
350
211
271
354
323
360
292
293
324
199
322
306
308
257
213
318
385
197
307
261
317
164
275
371
388
290
332
314
269
275
405
416
312
318
363
375
334
318
288
311
348
343
297
283
291
279
264
195
175
236
233
231
213
276
230
133
305
337
353
294
162
203
230
191
174
187
210
183
206
176
214
251
254
147
261
327
287
334
322
283
232
302
329
405
433
427
359
270
295
135
359
275
393
417
411
281
344
422
413
402
347
336
395
334
422
257
369
283
317
352
403
368
353
434
456
353
383
379
272
230
394
370
236
179
168
188
125
130
167
198
211
221
317
296
99
175
110
216
371
213
304
80
375
256
394
410
265
293
248
417
292
300
339
335
327
354
403
333
405
429
369
272
326
308
266
430
387
211
334
386
406
334
214
374
417
334
284
286
287
280
285
393
200
195
206
170
139
160
190
373
183
412
311
335
232
302
392
364
362
398
377
271
327
224
260
296
326
317
324
241
324
360
443
409
144
400
308
318
353
349
450
201
320
284
216
358
305
372
354
320
308
332
256
314
369
305
330
318
363
349
318
346
336
290
285
345
390
247
273
407
328
323
336
364
363
335
308
240
332
361
78
355
329
399
442
343
360
290
242
226
278
301
203
204
201
400
82
381
290
281
371
369
258
356
198
321
313
305
366
121
344
356
332
434
201
346
297
370
394
388
171
323
254
379
300
379
313
221
225
180
217
279
176
332
237
291
458
448
457
211
230
217
208
315
359
217
195
336
190
243
234
234
429
453
223
352
352
298
168
402
323
424
157
196
277
298
213
223
305
299
311
281
300
305
281
283
288
292
235
224
266
257
352
248
376
377
462
227
293
268
218
272
337
346
358
357
329
339
348
361
246
252
290
301
298
383
357
391
127
84
130
343
288
370
243
316
338
268
260
398
366
267
336
358
371
354
308
218
361
321
362
336
174
431
296
289
328
286
418
397
368
278
308
242
366
401
260
248
258
243
264
209
274
290
267
389
371
176
295
321
418
299
441
271
229
236
318
296
300
279
176
151
296
238
329
315
320
301
298
215
337
342
268
97
359
201
284
249
264
231
330
301
287
284
426
249
257
146
141
249
162
262
161
261
380
295
293
299
359
275
346
403
363
243
322
198
266
265
248
415
429
207
279
424
321
269
189
366
407
519
349
438
336
431
219
424
301
404
438
341
242
259
448
169
207
330
301
369
350
306
403
208
207
252
95
315
93
224
164
115
302
278
291
288
222
195
195
245
273
237
134
384
335
427
419
425
406
407
383
369
288
276
247
257
369
332
410
399
225
254
260
217
257
272
506
509
186
297
243
249
398
420
370
262
265
250
284
448
269
359
352
350
370
334
189
219
298
404
245
273
291
271
350
323
373
154
207
257
257
332
227
234
198
133
248
282
266
264
426
414
206
309
187
251
255
100
231
342
427
289
286
266
248
217
202
413
214
193
149
328
299
210
288
251
274
306
104
292
396
145
167
219
302
238
292
171
294
367
240
496
400
341
288
263
362
362
235
378
406
347
406
416
338
255
196
253
224
215
333
336
345
293
185
435
418
186
263
317
282
323
117
325
211
231
99
322
287
270
293
378
398
337
274
359
324
234
375
325
353
380
372
344
300
282
243
322
362
323
251
231
164
224
396
201
251
273
245
211
352
384
378
352
332
342
364
411
306
198
347
196
418
270
367
234
213
244
215
243
231
246
392
409
261
271
243
125
276
306
177
319
374
122
351
88
159
290
343
318
321
369
319
292
198
259
326
252
254
310
215
213
273
300
248
416
276
210
352
345
347
258
243
441
242
250
309
134
245
221
241
397
244
383
303
261
225
348
334
180
383
401
329
277
282
362
267
331
142
276
350
138
205
393
399
467
405
392
330
404
262
267
254
352
239
176
188
214
429
470
367
365
425
364
371
343
325
322
332
297
283
284
245
416
314
381
414
340
249
379
393
203
345
358
350
288
402
337
218
198
410
175
313
349
349
225
444
336
306
414
254
206
405
260
297
397
330
276
149
247
265
260
303
248
257
442
294
233
286
341
207
329
273
323
205
258
313
322
332
209
242
209
305
369
224
326
278
252
387
232
416
308
375
406
325
422
314
259
300
271
256
335
437
182
222
398
381
277
429
422
250
180
310
256
255
332
360
191
439
509
148
375
127
132
401
303
309
393
171
346
302
398
342
284
511
322
398
266
332
374
344
360
272
242
244
276
313
228
201
456
213
259
427
126
523
413
346
206
122
66
270
350
180
264
219
326
228
271
346
319
403
402
205
279
229
321
296
249
269
342
328
380
299
284
244
326
359
145
351
220
308
252
417
305
421
245
295
206
434
223
368
403
295
45
41
35
125
272
390
311
175
352
229
288
349
247
363
282
391
335
300
288
299
300
308
265
310
386
387
266
168
342
305
331
295
374
104
257
173
249
204
301
302
303
145
338
408
302
237
335
379
214
246
235
225
224
224
258
167
356
228
211
451
400
377
349
325
203
312
328
280
252
217
317
282
311
285
230
322
249
261
353
206
308
219
231
415
242
301
334
346
387
306
417
454
298
238
260
222
434
311
279
245
400
295
232
297
269
258
336
222
253
242
255
255
286
390
314
306
303
473
389
114
206
163
218
414
381
191
269
204
282
340
325
301
237
382
321
173
252
301
275
251
231
348
251
257
239
217
356
275
326
185
361
324
373
312
294
181
222
313
325
315
148
282
199
217
212
330
369
151
229
186
309
299
142
252
352
328
341
248
257
258
246
212
335
256
245
187
209
358
270
334
388
435
290
298
369
394
373
333
264
248
255
248
249
286
243
267
341
245
242
202
260
409
330
241
177
356
219
270
585
626
608
307
407
416
259
369
321
452
307
282
269
306
183
240
301
308
327
337
200
211
213
181
203
194
250
271
343
280
237
211
327
162
289
284
214
206
304
321
237
322
322
445
367
360
205
272
239
271
240
354
148
266
235
276
273
257
273
346
295
176
269
247
467
193
251
261
195
227
287
339
105
381
320
436
270
241
326
348
326
278
273
242
281
162
218
174
159
264
290
307
247
294
221
318
311
211
329
327
329
234
224
347
181
243
229
207
218
409
279
379
164
413
269
384
196
254
228
327
188
357
140
240
272
312
227
188
412
144
282
247
329
208
412
273
342
281
267
-1
323
301
212
334
380
222
173
107
199
300
202
221
224
210
200
167
248
257
337
229
296
228
303
286
401
270
352
257
354
220
239
223
222
244
222
240
343
228
236
202
328
265
266
264
324
156
326
301
280
233
234
314
260
196
305
193
288
145
324
332
235
219
229
218
269
358
329
333
281
293
353
188
188
241
249
181
105
303
303
307
372
285
376
193
258
231
341
251
303
265
289
249
309
286
251
219
308
173
214
278
261
238
238
298
227
107
237
306
208
193
201
270
252
190
138
202
152
307
235
294
313
219
350
250
375
318
43
180
265
293
358
198
303
193
349
219
404
211
326
306
260
277
200
139
265
281
303
171
269
366
156
63
358
243
310
244
126
289
232
243
227
273
240
253
290
267
177
276
154
332
175
294
298
181
224
353
212
182
291
226
275
267
253
195
362
190
291
291
287
215
188
264
123
289
339
237
250
379
181
337
289
235
348
329
381
256
232
338
212
317
169
45
290
291
296
431
213
285
289
254
261
276
217
234
292
214
335
161
231
231
192
201
209
195
310
224
265
219
177
241
295
16
18
250
164
156
316
220
271
89
207
196
255
197
309
251
174
204
251
234
196
359
284
203
202
138
194
365
376
200
172
258
236
187
377
164
284
384
232
339
180
298
190
243
228
206
142
217
244
333
318
324
138
270
209
230
274
257
207
202
352
225
191
382
204
221
153
154
213
219
214
151
211
293
225
216
217
213
154
222
194
161
143
214
211
210
220
319
186
187
213
137
168
352
217
268
81
358
259
98
207
169
117
225
184
193
104
213
199
212
194
294
377
130
230
142
194
92
132
151
307
211
230
219
215
214
204
103
206
76
226
202
179
232
167
173
180
306
157
294
232
78
233
223
266
97
196
166
311
256
229
129
213
126
214
137
91
169
138
292
291
305
119
185
220
147
180
190
244
231
59
283
44
95
215
149
108
249
257
209
233
211
201
300
242
223
203
81
204
222
188
224
125
257
211
191
185
175
200
232
179
195
196
185
134
113
224
178
177
224
105
164
218
166
125
96
121
134
89
123
203
52
135
161
195
75
193
147
125
148
157
158
97
116
67
115
110
114
73
70
107
170
59
113
113
93
82
97
239
228
