263
305
342
341
332
299
352
297
17
309
314
282
256
223
230
268
286
303
271
332
270
241
233
269
224
198
247
300
321
365
337
390
386
370
421
485
421
400
439
366
403
420
362
436
394
341
319
359
316
343
465
452
490
456
406
377
444
390
429
509
491
397
450
397
433
435
434
420
458
402
428
384
408
416
260
224
425
420
322
377
374
414
473
337
441
478
327
313
417
319
439
386
394
365
341
278
301
324
379
263
317
375
297
357
372
374
381
350
360
383
294
308
300
279
323
340
293
274
321
326
318
262
220
382
223
342
208
319
330
318
368
383
416
425
234
278
307
311
209
259
345
487
228
303
238
281
178
334
417
360
269
316
304
280
257
423
437
302
321
438
423
353
363
322
300
338
405
309
314
263
272
286
220
236
217
249
220
215
295
218
144
306
292
315
278
206
188
215
172
162
167
193
163
196
161
198
276
278
183
242
351
348
329
324
266
189
315
368
436
412
424
415
329
279
140
339
237
449
398
409
277
352
415
385
453
388
326
351
441
417
227
393
329
359
368
446
364
380
431
443
396
390
395
280
220
434
537
284
176
149
173
115
143
161
173
268
208
352
322
114
163
123
308
378
194
324
81
397
305
407
421
259
371
303
494
283
311
304
295
281
320
359
325
401
415
491
275
332
258
261
361
359
219
302
413
368
331
205
386
462
328
383
377
370
281
370
357
193
178
215
152
143
144
167
399
207
403
326
350
247
330
384
333
444
407
405
355
280
227
241
275
327
371
334
252
358
347
429
455
153
402
299
318
357
334
434
222
408
350
229
427
335
398
397
319
314
321
253
260
440
308
283
354
376
334
261
447
298
281
287
393
420
363
381
451
298
313
319
407
389
368
341
205
379
314
83
381
287
372
417
278
293
291
233
218
300
327
246
248
212
430
88
387
313
316
364
374
301
367
245
356
337
320
327
113
335
333
324
335
198
333
316
322
339
391
140
286
314
380
336
427
345
361
306
306
382
395
209
315
245
293
437
464
497
358
455
399
380
518
464
302
182
352
204
377
201
203
455
423
232
352
361
237
136
452
280
450
204
278
312
315
288
247
480
544
507
511
439
600
627
509
298
566
199
257
272
235
347
242
343
341
452
196
271
295
214
248
329
326
429
408
323
396
392
354
288
413
298
358
358
401
358
436
157
98
133
333
571
333
226
246
410
262
317
405
378
318
363
353
352
404
327
264
378
359
330
310
155
430
405
400
319
286
392
369
362
258
321
293
417
445
462
458
472
415
477
331
469
335
463
414
453
182
360
277
508
260
448
364
446
519
468
335
343
559
178
146
313
445
318
304
317
267
299
270
372
369
316
132
344
153
454
444
566
519
359
262
280
261
431
345
388
400
319
471
368
483
187
200
493
338
616
324
356
404
372
350
333
227
317
178
242
268
278
449
396
282
282
482
309
305
238
384
412
410
315
374
424
421
481
482
383
418
419
371
524
574
561
132
209
370
252
352
349
611
404
312
302
412
86
347
95
344
200
262
330
555
339
274
279
244
290
349
360
286
121
366
301
419
416
414
420
391
372
360
348
491
411
591
392
325
386
342
359
392
316
213
225
423
482
493
236
569
471
455
446
387
331
721
621
244
348
450
272
321
335
328
342
315
350
494
709
444
416
283
534
308
323
303
408
158
230
293
278
382
232
225
191
158
354
379
497
649
452
450
240
319
214
212
268
106
240
335
439
777
400
301
288
388
208
471
264
324
140
398
352
271
327
308
681
259
144
297
374
206
413
471
504
364
328
142
456
411
439
503
543
400
262
632
409
378
177
355
368
290
434
446
342
389
165
299
310
208
493
469
329
503
221
459
388
150
366
317
590
313
155
339
188
288
97
299
292
257
564
469
448
400
412
524
313
467
394
309
400
378
342
346
281
289
213
272
367
343
458
436
304
451
508
373
240
223
236
203
315
369
358
354
440
367
467
509
394
194
330
243
432
258
289
238
231
269
243
257
244
235
361
462
526
524
338
162
287
295
162
311
400
169
354
108
251
404
288
810
307
418
264
264
249
450
295
581
561
376
388
228
298
381
521
409
425
340
301
285
346
330
380
438
211
269
323
128
235
329
314
379
250
383
279
443
279
364
366
221
436
425
320
265
255
354
546
290
208
660
381
198
238
407
352
413
355
367
277
422
527
328
247
371
193
204
193
170
437
476
430
391
394
344
318
314
315
297
303
280
276
262
480
394
347
417
423
295
260
393
397
185
352
349
354
286
392
364
423
338
469
163
283
316
306
276
524
316
318
403
305
291
362
329
272
386
335
270
186
218
289
410
239
295
233
450
467
325
288
311
194
294
319
257
224
222
345
299
338
350
269
244
282
375
209
349
192
403
369
277
412
374
567
417
309
406
317
271
229
555
497
395
405
183
301
417
364
298
477
413
281
221
252
385
218
412
319
250
541
457
139
355
176
222
404
316
321
380
163
379
322
335
503
538
409
386
418
254
359
348
450
359
295
282
279
308
291
282
222
438
196
293
361
176
390
387
350
280
118
61
246
274
188
450
291
390
812
660
396
323
362
362
269
362
318
290
278
717
242
390
348
295
251
260
537
329
319
140
321
361
249
279
445
421
459
259
537
427
341
507
366
445
277
40
45
28
161
-1
308
277
185
350
208
283
288
254
304
283
322
299
248
241
252
255
232
200
255
364
329
241
236
387
384
297
293
344
84
351
253
496
409
346
270
289
128
345
417
315
543
337
356
221
246
216
271
318
315
195
429
339
336
193
472
420
391
389
326
217
331
325
367
254
459
287
265
262
301
246
343
279
257
362
239
307
226
259
401
229
266
271
370
404
390
358
361
523
277
289
301
447
305
294
214
327
293
238
266
237
269
314
446
378
369
371
587
201
341
279
297
288
363
282
132
195
144
246
346
352
188
493
411
240
298
230
305
205
387
300
186
304
288
226
374
321
337
594
520
456
223
368
255
289
424
378
302
377
291
347
535
486
279
280
271
172
280
225
230
231
277
258
149
248
182
313
305
105
490
332
295
239
371
378
360
337
255
322
282
273
214
411
320
282
294
380
373
288
301
508
339
317
263
367
337
432
334
334
300
197
547
246
195
256
222
233
293
268
274
235
304
163
537
363
380
343
328
408
319
339
444
279
464
318
361
245
518
152
199
322
522
418
346
193
222
416
398
371
352
433
268
374
499
458
397
287
292
259
293
196
199
267
254
222
426
279
322
272
289
427
237
240
251
250
322
157
259
244
233
201
356
295
373
302
145
200
277
394
162
227
249
177
229
313
309
260
317
276
409
582
544
332
312
255
234
190
235
248
230
324
154
150
278
298
233
202
288
246
280
231
348
280
285
250
251
247
309
185
427
491
529
501
379
298
385
214
371
241
319
206
279
475
296
179
307
255
373
252
247
254
365
315
178
208
212
305
204
349
226
403
227
299
272
257
317
376
343
315
165
224
214
196
249
193
213
210
131
205
135
260
263
247
215
254
433
265
462
328
249
338
272
288
181
175
236
206
186
543
266
363
274
203
417
316
245
229
438
301
181
336
361
276
240
305
288
248
293
299
371
307
121
282
282
220
402
424
443
309
356
266
543
289
259
394
348
479
293
393
223
149
247
238
248
288
244
333
281
182
205
276
236
300
224
292
486
357
270
276
373
232
157
168
181
569
200
348
219
211
85
439
248
615
392
484
265
219
335
362
400
233
235
502
406
264
169
247
193
364
231
48
157
178
247
333
402
275
214
221
330
325
172
317
262
202
263
438
153
335
232
253
391
233
267
144
135
259
176
247
446
103
264
230
198
423
243
204
262
236
229
211
200
150
295
153
263
234
205
244
270
470
174
246
500
369
231
206
359
295
208
246
239
256
288
300
357
231
309
292
211
251
332
151
307
216
274
253
199
347
244
274
342
361
295
184
28
279
351
262
262
215
402
256
219
206
210
298
347
227
189
282
174
375
218
281
315
250
232
165
261
247
444
471
382
316
21
25
232
192
188
194
298
263
118
276
220
208
172
240
447
241
196
243
253
144
294
291
399
173
330
214
255
286
315
195
230
222
170
280
161
230
225
158
329
395
225
172
223
535
194
127
169
448
320
342
254
114
202
213
192
247
209
259
240
337
191
412
326
170
380
211
134
244
250
170
335
152
278
404
168
145
181
165
182
154
164
124
195
494
196
326
289
270
270
272
213
188
249
183
232
42
301
426
107
330
237
116
165
336
144
89
286
333
230
190
243
254
116
134
105
233
132
199
289
261
166
198
149
146
178
183
92
154
55
187
264
167
196
304
173
242
196
280
206
196
95
221
221
196
75
210
172
250
426
181
134
321
127
241
117
80
323
132
201
201
276
120
145
150
185
114
267
164
194
56
288
66
91
167
259
101
176
214
263
171
230
151
219
169
155
150
65
140
160
143
162
106
194
152
163
135
144
141
180
131
286
289
141
114
93
165
150
150
233
112
206
286
90
126
100
91
100
91
190
154
47
110
142
139
82
173
107
119
161
170
139
161
100
56
112
151
102
49
61
99
123
72
110
109
71
98
77
254
317
