274
332
402
388
392
372
436
373
61
391
362
345
275
261
308
321
334
380
352
406
306
320
244
258
228
212
283
360
393
440
377
393
392
383
454
455
463
427
463
402
394
444
417
464
421
356
333
409
319
401
518
417
441
440
408
374
429
388
366
429
467
402
403
338
469
416
445
423
446
402
491
425
482
500
272
240
496
462
362
461
260
410
432
317
458
469
288
228
438
339
436
433
406
439
416
324
223
354
441
189
261
342
364
419
419
319
311
319
322
321
262
280
276
261
267
307
264
246
298
292
250
244
231
376
187
336
171
263
345
260
396
285
293
310
157
283
286
307
256
162
332
350
163
315
203
256
100
274
467
397
327
356
324
276
291
469
429
293
317
399
430
336
350
331
408
386
484
274
274
241
232
247
129
152
177
209
185
179
262
182
75
308
295
344
302
178
152
208
147
94
143
158
170
172
159
197
292
294
160
292
391
273
403
395
322
201
285
324
379
384
472
507
304
303
127
404
289
456
466
405
232
418
373
352
422
395
300
402
316
388
294
421
337
343
336
519
394
343
457
490
430
405
317
245
232
499
329
260
181
133
164
116
123
176
122
201
267
339
290
65
168
108
193
466
224
292
76
344
247
384
485
213
237
232
539
293
316
336
346
343
342
379
351
444
461
401
336
321
297
259
386
435
251
383
482
325
399
246
446
399
372
291
292
290
239
267
429
274
193
279
227
168
213
241
456
137
419
318
424
269
392
450
430
466
443
465
330
287
284
255
302
352
450
394
153
279
370
443
360
105
386
336
462
412
380
359
190
308
270
230
394
309
514
456
323
327
321
292
288
445
350
373
391
468
404
260
470
295
289
292
377
448
238
298
441
351
351
370
351
428
433
362
236
265
355
87
480
387
443
469
312
308
264
224
200
253
343
209
209
207
505
59
436
325
356
434
465
270
399
205
411
403
358
389
168
341
407
360
323
196
396
369
344
344
393
224
337
273
446
324
500
329
246
212
184
233
269
168
319
213
277
410
476
482
214
259
218
227
313
405
223
178
400
252
250
288
286
424
377
258
379
415
300
131
407
318
407
136
151
377
229
153
170
273
304
285
291
300
316
282
286
295
344
265
227
299
260
335
328
367
390
398
181
331
267
232
306
418
409
437
492
368
460
366
389
289
256
388
318
278
457
413
553
114
87
152
418
280
354
246
281
443
303
340
461
444
271
411
373
407
389
431
268
441
402
339
308
112
412
313
316
361
351
481
378
364
241
287
298
436
374
297
275
274
252
287
215
293
314
292
406
425
108
298
326
404
291
431
269
249
276
335
389
381
330
151
126
358
284
375
341
370
329
356
230
303
445
224
50
343
203
261
244
324
279
349
239
336
356
435
211
242
126
143
263
156
261
137
231
423
296
338
243
445
410
359
449
414
252
301
216
256
260
220
419
395
264
344
532
337
358
246
325
395
424
290
430
411
482
274
483
384
496
505
347
273
306
496
161
169
323
271
469
442
307
362
208
194
253
61
237
82
204
202
231
345
306
292
250
181
175
187
248
263
283
98
391
352
438
417
421
419
407
471
444
318
281
259
272
460
379
365
400
262
290
271
195
229
296
532
515
219
306
268
261
434
371
395
307
315
215
305
476
317
346
450
417
448
451
218
261
332
451
296
357
303
306
361
397
415
120
155
296
302
385
268
199
207
126
380
247
290
310
469
433
217
325
172
290
288
123
247
315
410
332
314
270
295
252
194
458
284
207
177
311
310
234
382
344
305
247
83
341
387
124
180
279
339
258
412
182
352
525
285
391
322
416
320
295
424
356
241
349
357
307
473
474
345
359
216
304
206
175
346
371
399
300
229
393
443
189
359
367
311
463
153
422
172
221
119
347
377
272
267
388
528
362
323
424
432
235
390
331
405
464
404
352
390
325
226
276
517
451
272
265
159
245
327
188
252
308
297
277
430
481
464
502
407
546
574
506
376
293
458
202
484
416
388
237
269
288
259
316
200
254
392
494
324
332
232
118
320
375
203
395
518
145
417
83
283
278
349
360
366
430
321
353
232
256
363
312
296
331
242
255
341
391
303
423
273
248
296
301
412
257
275
461
283
241
393
141
265
227
263
459
318
366
378
237
205
428
433
188
450
463
368
291
277
557
267
409
140
342
349
157
262
625
390
413
380
407
355
446
292
242
307
304
223
201
248
173
471
490
464
457
430
368
348
332
336
367
389
386
298
268
241
452
464
445
443
328
299
533
461
219
587
581
556
351
460
353
266
257
455
177
414
496
533
280
518
326
437
399
265
258
568
293
290
398
358
385
183
291
286
304
271
268
265
357
279
268
372
516
124
438
252
381
253
291
327
325
454
229
296
269
366
389
192
408
300
264
347
192
634
317
417
408
392
397
397
300
284
261
276
483
438
194
200
384
504
326
443
521
326
243
337
311
263
443
384
199
440
455
109
385
94
120
521
323
354
388
160
463
317
397
414
331
415
620
474
231
436
429
566
370
313
273
260
317
447
250
241
423
200
312
360
141
438
509
359
215
134
51
262
331
131
325
214
464
276
268
356
466
499
501
208
307
268
545
333
371
264
499
407
357
302
305
279
527
453
197
296
248
516
239
414
367
490
324
398
269
432
278
417
462
314
34
48
27
163
300
450
378
149
511
269
406
372
344
332
276
353
355
338
333
304
321
286
241
272
437
390
337
197
541
384
364
375
369
67
305
220
340
311
470
466
431
157
409
566
395
278
407
355
244
278
249
281
185
180
286
231
383
254
270
480
365
346
297
404
249
440
433
416
302
258
322
423
333
399
301
320
458
333
481
197
379
272
283
446
278
391
365
467
571
274
413
331
302
323
436
239
499
460
358
219
372
401
287
419
318
353
376
263
299
318
322
267
261
429
384
443
452
485
317
139
224
192
228
403
364
225
275
248
303
382
330
274
303
500
443
196
356
314
264
260
247
429
260
259
275
260
323
268
394
251
418
312
429
465
442
193
242
321
308
291
133
367
203
284
257
357
336
144
293
160
285
379
196
235
422
495
336
235
235
209
221
244
400
284
379
274
258
461
378
348
471
493
387
389
450
509
467
322
344
325
338
205
206
-1
190
365
273
242
306
260
326
480
464
290
184
372
215
297
387
426
385
399
456
424
327
401
412
389
405
500
268
272
179
226
534
272
273
429
237
341
260
269
268
288
243
334
340
272
280
283
697
209
472
341
255
215
475
427
339
313
330
409
332
340
231
399
293
390
207
351
203
423
271
328
350
244
367
291
353
192
245
403
469
124
350
310
224
330
343
323
187
431
316
438
270
267
390
534
322
272
260
284
443
198
204
176
172
432
375
435
373
398
338
308
290
226
527
504
507
308
308
523
235
225
303
231
385
421
309
447
216
451
482
289
201
312
277
307
237
423
125
273
388
350
253
207
370
182
231
498
426
197
377
319
366
294
329
286
340
252
323
449
402
257
192
197
227
274
230
279
283
187
233
201
413
399
400
226
277
321
296
368
483
327
486
232
364
246
322
294
363
329
265
241
501
222
226
279
440
407
300
307
383
230
484
383
442
226
207
342
371
248
393
241
486
157
416
372
308
306
306
317
400
383
361
349
423
291
353
231
207
266
238
183
188
351
326
324
332
495
321
209
297
258
402
289
369
361
403
344
371
599
257
271
386
253
254
301
318
239
221
247
219
89
235
369
278
277
309
308
275
273
222
302
149
350
243
336
358
255
323
221
364
291
46
193
250
225
372
252
300
210
317
259
333
206
453
230
250
480
286
166
264
449
394
210
328
297
209
157
291
225
203
221
161
396
309
335
254
485
261
320
437
314
207
388
188
356
291
304
328
258
248
332
243
161
434
283
271
427
425
276
315
167
340
330
331
192
221
261
139
402
408
334
274
353
264
548
401
227
379
298
412
302
263
419
240
304
229
56
364
234
234
336
317
273
348
321
369
529
235
257
420
238
477
276
231
351
317
314
186
174
230
236
293
256
280
182
427
14
16
266
183
242
262
234
398
135
211
251
259
243
295
256
220
287
257
338
251
352
386
245
312
146
228
331
339
234
198
296
302
275
305
321
315
329
247
350
291
374
261
362
235
214
169
305
242
347
399
329
176
286
165
240
336
293
230
204
370
225
226
377
243
249
181
206
281
260
245
141
191
280
301
274
210
229
195
218
227
209
172
277
221
175
258
366
203
206
179
157
321
241
389
264
102
343
243
98
182
195
159
300
208
301
152
227
227
181
222
288
293
155
228
162
161
91
181
170
343
252
176
205
295
242
331
125
215
97
345
218
333
290
189
251
199
329
235
268
263
261
207
181
335
120
326
153
317
258
266
160
185
169
235
150
164
185
177
208
209
295
164
175
233
248
206
214
209
228
82
374
60
135
209
160
122
264
316
228
259
206
234
329
269
234
243
85
229
255
210
268
161
222
255
151
204
250
173
273
173
221
220
237
193
150
260
165
163
261
153
126
200
114
178
87
144
148
164
156
204
65
179
233
196
119
258
215
147
142
163
198
126
141
79
161
130
146
74
89
153
155
67
102
102
128
80
124
273
223
