342
393
405
396
395
373
459
406
62
428
387
383
313
297
347
376
371
399
366
440
323
399
310
345
276
284
418
403
448
445
446
395
404
485
487
507
579
487
533
473
455
499
507
515
560
514
470
572
395
571
585
564
552
487
512
547
543
546
547
594
595
653
496
445
611
546
507
601
556
574
502
547
485
513
461
270
534
516
417
419
428
587
560
383
537
598
368
315
570
388
526
447
446
478
438
380
355
460
478
331
342
449
462
541
455
460
414
463
471
404
381
370
378
367
388
402
450
330
358
439
364
384
314
483
308
548
209
362
380
356
451
350
344
370
239
473
471
472
277
258
424
450
304
459
327
404
225
371
461
602
420
513
526
475
429
491
525
389
429
464
528
404
413
365
408
471
432
397
380
348
324
322
220
242
238
309
242
234
352
259
197
426
354
569
464
207
212
312
189
181
193
230
188
201
183
238
346
346
197
395
431
362
448
435
413
308
416
429
487
497
505
448
359
452
139
454
371
496
556
503
332
452
557
566
528
469
432
630
424
563
264
463
432
486
587
501
485
476
553
519
437
470
437
282
234
532
430
365
202
178
222
146
139
185
237
294
332
414
379
101
185
122
256
490
217
417
85
466
440
476
509
319
332
238
515
490
497
560
558
540
496
533
441
523
527
496
369
427
504
291
433
428
252
406
481
423
449
309
556
501
436
359
352
363
276
336
543
230
234
271
226
197
197
224
484
251
532
525
419
358
432
513
458
460
490
477
328
338
373
432
476
448
431
423
292
478
478
644
479
154
474
474
433
475
531
464
241
355
254
335
400
351
460
451
493
388
466
371
461
464
428
461
413
433
437
346
483
465
495
501
428
509
299
333
532
503
535
428
445
467
415
452
282
380
568
103
475
445
519
550
442
461
430
334
306
409
457
272
271
216
534
75
485
367
361
472
475
381
440
268
414
443
446
525
179
503
510
439
435
319
532
397
579
443
503
203
501
488
518
378
514
426
268
227
215
255
314
209
326
252
453
728
685
718
238
282
266
244
365
432
286
249
408
281
270
352
341
586
542
298
472
500
420
194
615
444
508
214
184
362
321
233
233
363
351
333
320
315
335
311
314
456
345
304
320
402
280
497
354
623
533
520
250
427
395
351
414
448
439
464
484
469
434
447
446
400
279
387
415
352
508
577
505
151
132
163
462
305
496
300
436
455
342
361
510
482
372
436
445
567
611
460
292
469
442
625
537
196
587
330
317
488
440
542
654
477
294
447
406
475
498
300
276
278
246
331
233
294
421
298
505
547
162
409
516
502
496
572
326
280
287
377
406
380
323
293
259
365
275
551
507
478
460
465
328
431
414
334
142
620
210
315
288
298
283
433
363
413
429
606
231
242
158
159
232
182
267
199
358
538
399
329
383
464
383
634
527
489
419
549
326
308
418
366
556
527
309
423
612
393
413
287
482
530
600
489
530
446
562
246
686
372
560
601
447
289
280
663
196
388
383
447
499
449
347
447
247
236
268
101
364
112
237
247
303
478
272
377
403
247
218
235
291
361
320
149
574
459
541
510
520
487
502
505
458
342
332
298
298
509
411
553
523
264
330
335
312
393
304
743
729
330
354
280
269
596
549
545
348
372
333
373
687
443
569
464
467
472
428
199
230
384
554
263
362
353
338
437
451
529
145
243
351
332
436
299
350
244
164
391
309
303
281
549
577
252
377
262
423
377
110
236
499
543
370
362
401
320
262
308
568
306
218
168
366
399
290
342
303
322
389
99
395
508
144
174
229
430
376
532
220
328
480
293
612
456
427
508
357
574
714
285
596
601
517
538
700
540
450
216
371
266
254
480
505
506
366
244
489
661
266
366
454
342
429
207
412
232
274
111
476
377
454
319
481
521
434
382
477
419
254
498
506
476
493
570
560
445
463
363
452
504
438
272
265
193
254
461
201
361
409
363
374
469
484
472
436
452
422
520
543
566
222
446
273
600
397
560
262
249
259
230
264
230
285
538
569
278
289
287
205
387
370
239
536
514
226
449
71
276
353
494
430
497
448
485
456
249
289
487
297
336
507
282
393
447
386
364
545
329
242
425
474
519
284
296
602
341
328
364
151
327
257
308
493
305
492
443
270
288
467
444
204
623
600
450
473
473
463
277
452
123
350
462
217
281
539
479
708
626
672
587
576
342
301
471
468
402
194
321
224
524
721
558
677
777
541
562
539
473
546
433
457
320
462
304
640
466
647
667
566
326
497
490
307
499
493
502
486
770
605
247
218
609
205
442
454
457
280
558
456
399
492
345
261
479
327
414
446
521
431
143
242
383
327
475
295
422
496
403
276
425
409
252
422
250
471
244
327
647
468
423
251
366
333
417
510
207
627
311
262
496
287
509
341
453
638
512
601
396
390
415
278
322
505
568
290
230
531
481
350
563
472
379
329
435
306
297
464
521
276
636
738
141
441
119
117
488
552
520
571
230
469
535
691
447
423
532
491
477
415
510
469
428
466
320
318
305
329
426
250
238
666
316
374
535
195
634
528
505
255
128
75
505
490
252
392
233
471
291
300
655
455
503
507
218
363
287
404
468
300
413
531
549
466
378
351
267
398
419
306
544
274
387
528
526
530
546
388
378
261
545
245
696
517
418
49
57
50
132
349
474
411
242
469
234
461
475
456
510
354
552
509
394
392
421
420
414
341
360
444
491
445
179
461
419
637
448
537
154
280
196
316
266
388
386
394
165
445
536
398
317
381
499
325
412
376
296
252
251
353
196
407
264
315
660
464
431
331
418
294
350
400
378
413
316
487
356
549
517
447
559
355
306
449
360
647
322
315
557
401
418
460
472
484
354
545
491
412
284
356
266
635
479
525
385
426
418
373
415
271
392
388
270
418
341
324
323
478
638
415
437
407
572
399
188
220
150
340
679
445
251
417
212
303
351
284
585
406
467
403
287
431
407
385
279
291
413
320
295
307
354
486
512
432
224
439
616
620
392
424
215
256
459
471
457
205
381
203
304
308
514
484
194
332
212
442
362
187
336
518
463
455
243
259
249
235
298
419
324
488
256
242
430
328
463
526
533
375
388
521
441
435
385
346
381
349
220
224
377
317
303
415
261
343
327
360
436
393
438
192
486
261
261
627
668
644
501
566
585
475
453
385
507
377
417
421
379
258
236
365
311
503
453
319
316
256
228
232
223
383
358
511
343
275
248
405
169
358
346
207
186
444
427
413
387
346
563
439
445
265
457
350
477
325
420
284
336
286
404
414
338
457
425
410
254
365
350
590
271
398
410
260
320
524
523
145
479
695
510
328
326
340
422
477
367
309
324
303
252
255
194
195
406
422
344
308
361
370
495
466
214
383
426
418
323
311
425
267
258
313
217
297
533
366
525
211
515
341
402
213
376
327
423
311
487
166
309
392
465
365
216
529
226
368
296
391
229
-1
473
551
308
424
412
309
386
229
430
400
316
235
149
276
475
213
342
388
259
226
141
333
335
461
362
421
288
384
333
448
432
392
273
481
222
319
295
326
388
263
259
447
201
362
251
395
364
421
285
347
300
411
463
371
312
279
381
317
245
399
238
386
169
449
403
288
236
236
246
312
544
390
427
343
498
447
197
224
381
264
177
249
445
305
444
442
363
400
225
355
255
359
386
404
290
316
255
339
342
315
273
311
170
217
225
310
310
235
393
293
137
350
399
256
206
267
449
426
186
182
221
137
435
268
340
337
203
387
209
430
343
44
245
338
356
441
233
469
248
388
233
449
255
408
416
280
358
215
210
293
331
294
217
404
490
180
133
518
344
286
279
152
361
409
383
279
352
389
346
390
292
239
329
144
417
235
393
356
276
294
442
236
201
322
222
247
312
265
200
526
264
332
356
343
290
314
441
151
362
391
353
332
429
262
451
398
351
435
344
441
430
244
473
259
461
239
55
370
351
292
453
336
357
296
334
305
312
397
278
326
206
350
259
243
278
296
253
219
207
268
269
478
239
202
275
407
17
18
399
248
263
341
307
343
176
207
345
389
294
427
245
240
255
347
347
267
496
382
227
285
152
290
388
418
221
251
384
289
249
388
240
354
435
216
453
231
411
234
279
258
361
217
374
279
439
456
351
184
334
257
427
343
381
209
217
464
321
212
395
252
266
209
227
258
329
303
215
228
328
239
248
228
271
210
243
180
224
120
301
263
333
278
397
201
204
189
119
260
319
263
316
130
388
277
124
187
151
144
214
208
245
181
210
222
284
242
389
377
160
274
191
241
82
135
162
453
331
246
254
227
257
250
160
279
92
363
203
209
295
222
248
183
265
180
301
296
120
316
301
380
117
257
224
346
258
291
183
230
179
312
115
158
183
177
342
343
373
178
260
246
158
196
219
235
248
68
318
96
184
237
210
131
254
298
219
259
232
296
301
233
201
179
99
214
226
206
242
176
453
237
237
190
208
183
255
215
198
195
277
168
150
262
227
225
251
131
157
229
161
164
81
135
193
125
129
209
80
199
195
174
124
227
144
153
157
182
160
126
130
82
161
130
157
94
88
182
202
84
136
137
146
90
126
312
191
