506
607
651
629
629
578
671
637
71
647
575
566
504
463
528
525
542
586
562
674
518
585
507
519
432
460
564
608
676
652
697
624
670
699
694
749
791
719
720
699
747
795
711
832
833
807
723
859
573
842
858
768
679
691
679
647
708
738
632
666
716
779
727
567
671
643
801
721
671
706
724
747
720
747
662
415
637
732
541
603
413
618
606
479
588
613
549
381
656
639
794
677
681
713
709
573
416
710
764
400
403
602
682
793
706
596
572
606
605
512
521
525
559
518
545
520
570
450
510
551
490
541
509
730
436
692
303
507
538
482
702
438
455
458
350
571
628
640
359
346
605
532
438
636
483
519
306
522
652
731
637
762
766
611
589
709
731
553
585
665
772
642
653
527
652
724
687
522
484
462
428
460
320
329
300
419
321
346
483
372
260
532
437
765
637
328
304
400
250
258
252
323
249
253
282
350
562
561
320
554
624
442
673
643
615
399
500
649
527
604
631
592
553
655
203
721
566
705
729
624
449
701
668
633
722
695
561
829
520
648
360
610
644
649
689
618
803
618
769
747
628
548
467
378
323
639
479
546
309
226
313
186
193
304
326
389
509
547
481
162
258
209
304
739
345
524
139
549
597
638
813
413
361
339
654
654
673
727
713
636
674
732
697
879
908
593
569
556
730
386
533
544
329
487
695
501
669
415
787
673
679
432
452
446
369
453
801
370
376
387
336
311
299
343
738
329
577
780
630
542
660
872
704
592
721
680
607
518
559
558
579
667
655
524
299
539
635
677
565
242
637
552
586
716
757
586
370
495
386
484
596
473
590
714
677
478
578
563
630
717
670
648
592
678
698
396
552
574
705
715
618
620
352
400
591
746
743
571
620
774
520
666
411
402
663
159
737
641
784
756
501
532
541
442
462
525
678
388
387
299
654
114
639
518
571
750
664
490
720
458
578
587
473
844
258
750
779
702
479
401
814
611
752
539
555
267
567
439
891
473
847
562
313
283
262
300
370
197
391
319
532
721
629
609
291
341
325
308
502
626
373
347
683
434
311
533
473
712
603
352
488
524
506
180
527
593
626
178
217
567
360
253
269
382
360
370
346
380
431
387
421
583
455
392
439
483
395
706
539
665
716
611
357
628
567
472
550
696
673
768
738
739
712
674
673
564
370
590
538
382
780
841
879
147
114
271
698
393
690
489
490
674
542
606
767
828
475
653
571
682
624
709
453
752
781
699
653
196
644
492
470
743
720
738
645
544
352
479
567
572
527
437
418
420
367
365
377
413
613
399
676
564
208
514
790
648
613
566
446
344
362
510
648
635
412
358
283
612
351
857
772
824
550
622
399
576
658
409
142
611
338
388
320
405
366
579
414
651
686
630
283
278
174
182
311
237
328
248
327
558
531
388
417
757
551
584
836
816
585
587
467
427
537
352
637
602
518
693
575
479
408
306
529
541
658
526
733
504
769
346
724
602
852
776
572
392
420
629
281
379
523
549
796
688
380
530
285
265
324
151
424
178
241
358
254
566
396
473
493
357
307
276
348
492
461
175
581
718
784
769
754
770
749
777
715
519
362
365
313
781
657
527
731
382
417
455
382
489
302
648
639
513
357
395
343
633
556
806
351
362
369
558
615
480
690
747
698
809
677
295
336
355
566
371
551
429
473
535
685
712
176
280
349
392
536
366
452
296
200
417
349
387
405
652
573
408
553
205
438
380
142
292
505
534
368
518
542
497
331
429
538
463
306
265
428
386
436
567
525
348
484
139
519
539
207
204
336
423
399
657
308
552
683
424
634
461
685
565
377
625
698
342
617
651
585
557
638
511
431
329
447
321
363
400
524
702
355
371
536
658
264
394
688
343
610
356
639
296
341
189
696
581
482
376
483
604
470
399
468
638
301
570
696
536
682
768
651
560
544
409
543
564
619
347
390
264
340
477
253
540
604
540
584
689
620
610
601
492
534
585
523
544
333
748
352
555
663
776
289
316
341
288
307
278
331
540
551
401
418
392
326
561
573
321
649
691
136
736
81
348
330
742
400
689
633
772
762
291
397
682
400
323
626
313
470
698
589
359
542
361
397
466
527
705
353
393
616
518
420
500
199
526
356
364
747
527
583
809
297
375
594
549
218
546
529
676
595
554
570
332
634
172
376
532
317
470
566
710
660
582
614
546
525
311
384
630
476
451
220
377
266
599
597
487
621
625
669
649
645
621
616
679
662
385
548
308
590
512
625
569
582
395
542
765
484
530
509
524
488
660
526
272
264
538
260
617
598
583
432
499
573
622
697
476
345
598
474
572
560
560
666
205
316
538
461
590
355
540
518
337
352
666
537
332
610
307
674
292
508
524
520
578
308
515
452
573
584
218
572
377
343
462
286
523
380
401
534
493
554
582
461
495
332
345
494
604
360
257
542
628
536
579
480
494
436
698
419
381
415
818
395
481
553
190
608
132
164
539
515
621
717
272
514
562
501
414
365
450
433
471
428
500
636
506
451
471
418
396
471
529
314
259
558
368
381
497
201
490
456
641
369
185
132
544
553
347
371
263
456
270
295
506
570
567
568
309
437
308
367
458
316
452
491
487
519
431
372
351
484
480
270
441
382
401
381
484
408
530
559
360
232
514
313
560
413
460
87
119
85
187
277
694
600
352
509
228
541
560
486
605
429
538
460
487
467
461
469
442
364
366
535
591
606
245
410
368
513
566
593
173
374
275
311
252
493
596
600
262
580
500
344
273
287
484
506
441
460
388
310
311
405
262
560
316
481
538
551
539
441
584
445
444
349
404
412
240
484
385
620
437
356
434
439
493
328
404
523
329
306
479
457
571
674
454
490
403
602
473
341
426
456
306
498
434
441
450
468
654
351
453
270
552
563
273
327
400
367
272
486
540
587
482
458
410
527
200
237
154
479
507
383
310
294
322
390
417
286
467
503
393
508
349
404
387
377
258
259
376
304
270
275
456
513
404
642
296
525
536
517
365
390
242
240
399
386
369
275
540
245
308
358
-1
579
226
458
213
407
454
282
300
476
423
524
249
267
258
259
427
542
451
482
347
298
569
252
540
416
377
682
668
523
440
416
479
324
402
342
257
246
357
256
278
399
281
572
428
472
473
441
384
264
730
283
310
527
614
499
453
461
491
360
335
479
432
590
440
643
340
310
278
357
323
358
367
428
481
339
284
268
273
287
452
297
263
318
291
403
257
330
459
255
214
488
497
340
338
321
458
370
382
254
439
502
527
410
456
279
415
392
549
357
323
388
389
484
344
458
285
481
322
501
626
334
460
445
542
193
451
451
648
264
278
358
500
422
390
295
420
362
254
289
210
226
358
554
351
284
420
452
531
556
291
359
378
387
330
312
530
323
220
280
269
270
439
404
523
352
574
414
499
236
345
269
526
447
461
222
313
425
472
289
182
475
241
445
262
486
283
514
372
395
361
320
330
270
378
261
486
450
429
371
261
355
382
227
382
414
313
270
141
414
433
451
403
509
259
516
401
537
639
394
335
520
251
321
420
390
378
241
293
363
243
340
304
436
341
321
425
498
362
345
391
392
369
312
374
388
312
585
221
421
202
610
351
446
298
290
296
275
533
377
453
298
388
288
245
268
316
297
187
345
605
255
414
347
358
321
301
323
352
494
375
418
262
337
269
388
351
376
272
300
179
237
208
389
340
246
421
387
182
252
516
233
182
235
373
313
201
212
274
165
352
193
346
399
215
332
229
318
321
57
297
373
287
329
244
445
351
324
288
469
273
475
347
339
346
172
277
317
319
317
272
413
515
268
207
448
370
280
221
220
511
349
302
211
314
420
311
344
386
379
400
213
371
281
447
365
289
402
544
318
299
278
250
258
343
304
244
370
296
322
450
448
239
241
332
167
448
475
382
320
401
314
414
409
435
554
276
351
360
233
376
205
412
303
63
443
305
302
397
263
422
332
392
267
333
325
338
349
242
389
333
245
326
268
216
198
269
230
251
601
247
183
215
304
24
43
470
362
295
347
270
481
264
244
353
289
249
544
246
289
213
334
304
305
332
432
272
281
171
265
304
429
219
258
515
406
373
338
270
366
402
203
383
205
506
301
376
281
447
244
215
243
416
357
434
158
338
300
460
434
278
241
237
451
382
209
341
354
261
309
177
367
384
404
201
252
284
229
317
263
338
290
213
208
221
128
283
202
413
234
485
216
218
208
153
215
280
216
339
145
471
268
135
209
168
148
280
218
236
280
227
190
385
306
266
390
156
269
194
279
117
138
196
552
252
223
224
222
364
252
223
212
130
365
223
232
409
166
296
237
247
171
311
319
113
335
353
398
116
211
181
338
352
213
194
180
293
218
105
188
175
244
281
282
490
263
197
259
184
184
168
257
240
102
310
61
140
217
172
138
247
375
243
296
264
382
309
234
180
180
143
210
218
201
236
201
450
223
277
192
223
163
235
214
259
257
314
114
94
318
203
202
341
152
163
234
144
226
76
126
197
95
97
249
133
154
162
169
87
283
167
158
142
193
178
97
137
88
134
115
170
89
74
137
212
147
109
112
147
94
120
491
207
