1200
1296
1082
1037
951
760
1213
1045
96
1086
1106
1011
1046
1032
971
940
895
882
833
1033
942
889
930
1129
921
904
922
894
1010
1010
1086
1062
1287
1341
1406
1573
1650
1398
1459
1347
1474
1503
1533
1458
1477
1373
1369
1393
1629
1295
1568
1830
1633
1630
1424
1628
1660
1409
1965
1618
1618
1537
1468
1482
1330
1339
1368
1504
1523
1629
1310
1195
1300
1378
1360
990
1282
1290
1241
1084
1329
1429
1302
1393
1249
1055
1737
1558
1298
1354
1312
1269
1245
1174
1097
1016
1135
1262
1290
1203
1243
2487
1084
1115
1116
2142
2319
1933
2149
2131
1670
2665
2173
-1
2144
2026
1774
1465
1978
1963
1840
2053
1093
1375
893
1377
860
1985
1337
2030
1171
1993
1849
1755
1713
1738
1757
1686
893
1425
1536
1490
1430
1555
1804
1961
1740
1799
1158
1182
987
1014
1135
1432
925
1150
1385
1853
1612
1196
1179
1760
1750
977
950
1126
1063
2233
2027
2178
2265
2029
1959
1719
1643
1839
1617
1627
1965
1804
1597
1541
1222
1162
958
1033
1403
1663
1299
1333
1211
1440
1191
1236
914
1433
1317
1315
878
769
1081
1677
974
957
800
1426
1561
1247
1109
1207
1005
979
937
921
639
1217
862
1077
1041
1042
1973
1094
1379
1314
1310
1248
1322
1075
1141
1186
739
1097
997
1069
1156
976
1198
1735
1231
1311
973
1041
1071
956
1068
1030
1095
882
756
858
662
530
890
798
1072
1004
783
1543
1400
1215
1118
928
1633
969
1150
1903
843
1209
984
1340
1136
1841
1150
858
964
936
929
803
815
959
1183
1251
1068
1139
1002
1126
889
1564
796
1067
1020
1080
851
914
1133
1284
908
719
986
1314
991
1406
1379
1406
1116
1535
1029
680
716
696
583
577
550
585
964
921
977
890
1034
776
1024
1081
994
906
1240
1011
951
1521
829
1354
930
1162
884
860
1149
1331
1139
1144
1090
783
1457
837
848
997
833
1203
767
1276
833
781
928
984
863
913
906
1177
1184
815
1214
933
799
798
924
915
933
1063
764
1243
851
910
1234
949
1246
1048
873
835
906
867
1243
1090
787
853
1170
1001
1069
741
828
828
1124
1070
1036
1059
1274
1238
1245
1432
875
628
622
1164
858
666
887
754
758
764
769
966
1074
870
873
869
1005
940
425
1059
886
888
1069
1208
892
869
1008
1045
1170
502
739
705
866
1100
923
1451
1044
998
1113
936
1297
752
772
1348
1148
1031
974
932
941
992
1150
860
1079
960
1235
597
1009
649
1019
718
558
1118
1108
906
933
884
868
669
866
871
1195
662
938
833
925
871
671
881
903
941
862
1097
946
818
1061
881
838
765
790
659
1143
862
718
935
1033
1132
1121
757
911
720
721
839
845
884
767
779
887
1040
992
676
951
762
1315
864
976
726
811
715
483
412
863
841
1058
851
815
888
885
697
1108
827
1049
888
828
887
967
754
1111
934
818
908
996
811
815
865
607
804
648
775
850
862
844
852
679
738
755
729
792
742
729
663
700
730
816
856
887
744
946
868
855
1182
914
790
749
729
671
829
927
803
787
814
697
613
689
648
651
631
703
634
601
1199
828
819
923
615
662
699
713
643
723
1382
951
770
658
827
751
691
662
509
685
633
664
1226
414
692
1230
684
1023
686
711
586
657
625
679
669
783
1160
704
866
850
779
747
612
592
797
626
728
862
959
906
864
894
651
873
632
829
555
781
633
1241
661
663
620
611
725
898
1164
640
676
713
894
830
772
681
775
942
564
563
484
643
660
662
1066
966
884
750
695
552
609
479
830
765
890
950
873
954
893
856
786
745
770
738
589
639
623
706
848
803
642
552
715
687
559
614
725
724
597
615
738
635
790
720
916
591
493
853
527
707
537
591
626
627
668
564
608
563
557
677
685
757
645
848
836
648
827
601
737
530
620
735
562
968
563
535
456
691
689
683
716
848
821
1036
555
600
597
572
523
619
590
521
582
688
681
571
628
609
516
752
492
792
527
560
689
657
554
1110
431
736
647
563
512
493
458
503
569
478
673
554
513
814
591
944
624
556
645
563
543
501
521
736
618
649
524
560
536
630
681
702
458
618
671
628
507
876
653
249
570
615
568
405
544
650
1237
544
370
636
746
528
653
613
577
599
549
565
496
684
762
885
545
706
864
567
581
518
655
1101
521
446
502
462
526
553
645
490
741
613
587
680
621
519
492
554
639
510
567
612
495
426
541
547
508
470
747
469
336
436
394
275
373
325
596
582
538
585
856
919
530
609
713
563
555
249
755
388
504
544
670
489
766
544
502
501
574
571
634
496
369
517
504
464
501
597
422
584
540
526
775
619
611
485
442
647
519
1409
392
483
928
514
695
713
404
894
597
555
1390
506
445
362
460
459
678
574
445
386
569
474
470
428
809
704
548
477
907
582
499
514
576
527
441
504
409
574
677
424
400
665
648
534
408
458
518
737
784
728
874
493
818
459
455
956
433
543
421
578
547
494
577
485
777
576
425
438
399
442
546
347
417
354
459
932
384
396
364
606
410
681
533
961
509
499
413
646
819
975
569
480
499
319
441
487
697
518
396
542
402
693
535
384
1167
444
795
541
372
623
391
668
388
489
718
543
553
550
190
519
464
518
538
494
420
618
442
449
304
580
423
374
576
558
491
371
801
422
494
627
455
588
577
396
585
435
537
354
512
346
755
415
473
503
707
502
354
492
454
413
519
831
592
474
555
376
376
387
438
312
513
437
398
583
510
559
556
512
413
643
361
270
227
448
582
390
462
481
446
358
978
467
719
550
506
456
909
332
480
361
304
395
356
410
401
408
469
543
338
259
588
352
590
395
340
638
423
401
585
383
345
342
396
398
289
389
402
408
483
343
357
252
491
472
421
383
450
462
434
418
363
279
513
432
474
402
176
434
515
278
755
710
500
428
425
417
448
429
429
295
415
510
715
341
410
286
334
361
364
566
686
451
496
282
216
408
399
432
452
496
376
254
353
240
442
477
378
362
534
493
488
227
362
542
550
452
500
729
680
694
495
625
406
250
362
294
307
412
254
523
331
252
286
323
339
246
479
372
373
330
419
285
406
517
333
388
482
676
483
403
331
299
399
467
291
300
586
541
395
403
296
220
334
532
294
278
316
288
357
359
377
379
337
308
324
783
362
184
111
973
386
305
604
252
333
468
372
225
415
324
311
380
569
321
391
430
308
370
355
325
333
327
382
468
332
658
346
511
389
434
299
302
351
287
365
323
294
793
452
618
287
297
518
452
306
317
274
475
341
400
399
340
279
597
302
332
326
362
620
430
543
332
260
251
419
179
413
297
279
406
405
559
351
342
746
273
299
266
365
358
261
264
267
334
223
627
291
400
363
322
376
416
650
231
362
419
516
448
314
375
402
371
286
442
427
545
313
524
363
665
229
254
396
324
276
297
284
331
232
228
254
278
518
280
282
309
330
315
419
227
424
207
193
303
300
182
342
240
338
263
269
298
292
454
375
665
519
335
284
311
390
239
347
287
426
408
455
502
207
413
560
317
488
561
326
383
514
180
297
313
610
266
335
297
357
266
282
218
275
263
336
358
268
213
243
421
226
183
329
351
445
482
390
264
269
264
231
215
404
370
252
264
299
243
354
346
420
441
596
302
850
392
334
248
866
274
348
483
294
336
299
310
215
404
289
399
189
327
286
367
255
375
307
210
294
199
366
210
392
387
261
462
199
475
303
237
268
264
309
224
98
371
379
300
446
574
211
557
357
424
496
310
380
398
180
236
378
275
215
267
284
266
368
371
250
303
239
247
452
527
286
266
283
301
655
440
326
270
235
484
263
299
146
483
301
284
255
258
291
197
481
286
530
211
301
242
235
284
272
458
208
214
333
177
354
295
245
282
316
231
530
403
258
308
173
267
245
313
256
534
223
197
156
188
162
344
479
302
386
449
450
278
406
231
145
215
262
216
181
184
252
299
191
175
282
336
177
275
211
282
310
260
272
407
225
310
259
373
398
232
230
432
284
386
340
259
229
155
310
340
211
233
262
254
592
417
143
356
306
263
227
391
421
238
185
193
200
268
191
245
265
516
258
147
304
183
529
294
262
332
446
301
394
188
244
274
249
217
221
256
310
225
333
335
274
264
266
238
382
344
227
367
309
215
280
281
426
420
209
326
272
177
296
201
449
284
140
370
270
360
341
175
491
280
248
159
226
297
393
247
215
319
204
193
223
249
195
183
342
190
275
449
214
179
248
210
176
180
541
558
271
243
254
374
206
257
303
182
168
562
272
195
146
306
237
186
249
292
252
172
242
200
254
403
181
324
440
303
234
260
156
216
334
136
285
182
332
198
289
320
431
252
146
281
341
260
333
106
281
552
364
293
249
340
299
418
299
199
281
239
225
472
147
301
454
314
213
239
251
200
219
160
288
196
203
141
183
91
198
191
755
217
375
229
233
230
196
115
269
130
290
87
401
245
191
272
150
118
246
241
137
282
171
153
731
300
217
351
131
181
156
465
259
104
184
375
166
174
165
150
312
164
179
132
172
217
187
163
299
173
169
313
178
143
225
314
81
397
403
234
66
141
175
328
353
167
197
182
197
176
97
127
159
204
230
226
393
276
159
185
128
116
153
257
198
178
227
104
112
194
155
96
196
291
197
204
236
254
242
162
140
109
297
145
157
145
174
121
309
161
305
122
164
155
183
128
218
218
193
79
59
213
153
152
270
97
350
201
112
154
75
86
135
67
91
193
120
104
108
134
68
193
113
131
103
168
126
87
99
54
83
86
126
56
67
93
134
265
70
71
107
67
63
819
223
