841
980
917
878
837
707
980
932
115
919
835
841
752
712
772
831
799
825
762
956
731
874
722
867
682
675
1051
836
951
918
949
887
994
1198
1044
1077
1147
1014
1079
1073
1092
1016
1070
1077
1160
1225
1192
1322
899
1327
1189
1088
982
898
948
936
936
948
973
893
951
1127
959
842
913
895
1053
1015
925
984
1100
1229
974
1145
1160
685
954
985
836
888
636
853
831
692
854
856
809
701
840
937
1108
878
1016
1024
984
826
646
993
963
629
653
898
1097
1342
942
851
783
798
820
766
719
746
805
697
709
740
786
680
696
769
669
704
807
1027
934
984
585
647
789
684
999
623
629
685
512
828
870
879
581
486
902
812
583
851
695
692
458
639
917
1022
1135
1280
1343
916
1088
1014
971
772
747
1034
1123
826
810
768
900
923
922
674
640
657
613
610
432
430
446
549
479
466
608
486
407
689
679
1230
1338
522
425
582
364
351
359
436
342
402
414
469
809
809
481
1045
859
639
911
902
965
574
694
946
741
769
904
798
792
1412
402
996
879
1059
1074
986
576
918
886
946
884
906
785
1185
702
834
625
899
1070
1116
1065
838
1003
796
994
940
900
776
722
570
504
875
690
853
507
362
597
362
324
483
527
624
738
705
668
247
367
301
453
985
522
652
213
848
923
916
948
531
595
499
830
1195
1190
1229
1192
1085
802
926
807
908
857
783
761
724
1145
595
853
837
456
643
959
730
951
749
1190
818
877
608
614
597
523
582
1274
597
577
599
542
488
462
543
981
668
820
1115
860
1046
927
1024
950
738
863
900
760
639
929
797
922
840
851
658
456
739
763
842
754
425
812
835
822
913
1222
806
685
795
639
952
870
804
762
891
1330
724
753
816
950
906
1015
1038
788
875
899
587
663
972
1186
1184
768
753
571
564
713
1246
1193
801
867
843
753
925
549
653
907
224
870
880
1010
909
837
876
797
760
676
707
1100
584
582
444
765
183
826
734
760
869
780
688
792
524
780
837
639
1019
474
1116
1132
913
758
633
1128
814
1192
715
738
438
925
711
793
672
847
682
465
446
365
408
562
306
555
501
842
1051
792
767
384
463
418
418
750
751
497
621
839
569
447
742
616
833
805
524
694
662
737
275
632
953
792
233
322
722
568
412
413
561
573
577
534
540
593
544
605
964
583
748
763
825
561
956
731
873
887
853
495
1019
958
934
911
853
882
874
799
965
871
885
811
1022
562
713
704
564
827
1019
813
215
172
514
944
555
797
690
818
783
761
657
999
809
601
872
812
893
835
894
563
772
741
1089
892
309
859
782
654
943
785
849
827
638
534
777
964
704
677
639
618
607
524
520
559
559
915
535
737
645
311
730
1138
749
834
598
740
580
496
617
797
753
578
548
465
653
509
899
935
896
752
885
785
763
800
660
194
870
526
591
514
514
522
690
665
902
865
663
436
460
278
292
456
363
460
318
516
631
582
503
566
755
616
660
668
631
1010
836
785
567
909
552
723
726
653
941
552
623
459
412
723
756
705
753
724
630
779
477
658
610
721
624
650
492
505
583
436
640
675
747
726
714
502
706
403
403
495
205
666
269
380
700
314
850
473
553
632
553
462
431
513
655
573
257
622
781
829
790
800
772
784
888
838
740
525
484
428
651
658
634
743
603
566
724
715
969
409
616
589
752
475
533
448
648
549
1052
435
397
517
634
620
835
1008
706
691
716
654
426
418
438
530
519
704
488
764
704
792
713
308
473
405
460
537
383
625
471
298
435
468
493
475
583
612
560
814
265
528
527
272
435
519
467
373
584
703
653
513
983
564
674
394
432
562
522
711
644
621
389
694
220
675
477
299
303
394
527
564
841
544
511
547
498
622
468
790
828
430
569
651
516
515
558
821
499
573
520
489
562
535
494
511
429
479
859
459
437
654
637
463
468
708
426
491
409
706
395
453
312
988
734
714
481
584
607
562
523
476
573
440
628
960
554
824
811
705
785
695
686
605
612
506
446
434
375
464
471
343
1010
906
846
879
702
538
513
536
539
515
551
572
633
482
593
553
450
557
918
419
366
404
375
289
381
337
665
516
410
423
529
372
619
637
436
989
545
172
728
178
369
428
877
373
947
480
754
704
361
492
920
436
339
650
409
857
748
606
364
500
447
415
555
612
686
538
489
557
652
480
433
338
575
483
524
754
405
728
644
415
502
518
493
387
494
490
571
827
669
413
443
531
283
341
637
434
533
493
878
615
493
564
586
413
360
461
691
480
579
326
587
414
577
495
402
561
553
716
780
737
671
792
910
691
436
683
424
511
384
516
490
675
540
456
793
546
461
499
435
515
597
432
348
318
421
435
463
428
418
553
372
580
581
760
469
459
500
469
758
640
517
632
293
396
563
568
-1
493
764
489
329
501
612
392
425
498
393
667
357
703
542
551
443
375
556
438
636
579
236
561
522
437
430
442
459
463
370
428
497
446
499
510
781
415
416
409
603
479
348
472
453
652
523
372
532
492
678
284
685
335
906
571
367
446
270
429
190
259
518
419
493
791
401
429
726
487
326
357
373
335
455
603
420
608
476
431
484
469
362
592
441
293
242
451
593
308
477
225
460
343
745
491
265
212
652
749
508
386
373
351
262
320
437
483
479
481
468
503
340
288
504
290
560
377
422
546
470
424
406
415
378
329
375
390
331
413
386
352
451
493
330
224
409
384
474
352
431
126
189
112
333
239
516
410
399
429
215
554
660
434
691
451
475
372
470
446
450
442
438
346
421
485
585
602
402
292
312
425
506
517
284
430
384
319
236
403
481
505
345
484
383
240
265
227
387
669
482
476
409
432
434
416
277
577
467
551
429
544
505
455
531
577
424
231
326
528
246
542
255
653
368
281
406
334
387
253
503
502
306
270
387
488
485
738
316
360
449
553
413
325
362
343
377
407
422
394
540
522
446
327
377
216
456
528
258
335
348
327
280
553
428
486
412
375
325
548
282
205
115
528
388
285
388
283
322
472
406
246
483
609
288
464
462
334
319
360
255
305
298
294
262
273
417
463
399
800
301
434
457
410
291
283
275
232
331
334
309
353
484
375
269
420
590
520
229
370
238
429
358
427
321
365
317
547
267
277
265
301
521
494
506
427
267
246
470
193
434
325
267
420
430
478
360
351
585
290
379
325
278
289
271
364
254
352
266
612
353
509
412
367
321
404
697
274
303
441
544
447
322
343
406
317
248
472
372
588
344
809
331
428
263
253
341
344
267
450
338
331
225
238
236
276
551
245
273
308
297
337
342
250
478
241
206
373
422
315
295
269
371
275
298
260
421
595
547
466
436
275
301
323
553
337
322
308
357
495
456
518
199
388
642
457
709
384
372
344
597
154
348
411
557
225
267
312
421
320
337
256
335
292
275
326
222
243
279
450
272
233
358
481
462
696
402
285
267
304
277
277
438
333
219
217
240
242
327
313
432
460
578
319
518
351
286
226
570
466
393
275
251
394
499
241
177
379
290
413
199
369
354
475
333
306
319
232
303
202
316
215
445
393
474
443
155
458
337
249
445
412
291
275
106
388
413
421
586
558
199
662
346
498
540
295
375
395
225
321
384
361
355
226
270
274
286
423
253
338
250
294
459
554
390
242
283
302
430
384
299
336
265
408
221
333
210
512
256
263
247
258
283
205
459
304
439
194
375
216
234
247
252
366
215
263
498
190
351
265
266
266
357
358
441
414
275
270
163
279
212
320
258
323
231
222
173
229
207
291
414
285
407
735
414
267
458
191
150
211
299
241
162
168
238
247
299
163
269
341
166
281
227
253
272
97
248
383
212
267
239
360
592
284
243
462
252
363
315
292
278
137
257
377
231
253
258
354
498
422
124
406
380
249
197
294
440
267
206
188
251
346
238
256
276
426
342
177
287
209
445
288
234
418
470
290
546
225
235
267
295
241
212
305
332
278
407
402
251
271
275
217
339
360
298
283
290
248
335
369
530
461
208
286
279
197
306
183
433
311
112
401
290
301
334
184
388
258
326
202
261
364
360
293
239
277
253
206
255
216
189
210
370
188
248
622
192
166
219
212
37
65
566
468
261
324
272
403
158
220
271
223
201
519
212
234
147
279
222
222
235
316
232
217
213
230
247
323
188
260
467
322
331
258
183
305
305
184
284
184
495
218
296
253
507
196
165
233
284
244
392
138
269
365
544
334
226
313
247
346
299
199
276
291
217
371
137
306
351
446
173
262
203
189
214
213
284
202
195
181
162
82
234
166
465
193
330
259
260
202
184
130
211
153
256
119
323
216
156
188
127
133
277
184
194
249
186
161
378
280
186
335
134
221
201
347
174
99
182
477
190
228
193
178
357
201
189
145
167
297
194
189
474
157
194
332
203
142
275
249
66
306
290
389
79
142
136
336
271
184
170
151
204
194
96
120
139
215
213
211
381
235
161
213
127
161
141
214
176
174
223
63
100
166
136
110
209
317
179
247
238
428
244
209
146
142
191
155
167
134
179
168
411
159
333
126
162
133
193
186
198
197
340
83
66
218
162
161
290
102
180
192
139
168
71
88
175
60
83
172
131
117
116
136
63
234
136
103
113
170
138
76
120
58
90
89
104
107
51
97
143
114
95
96
120
66
82
726
194
