1360
1660
1639
1572
1428
1183
1750
1568
182
1554
1506
1379
1281
1225
1295
1372
1332
1424
1339
1628
1262
1355
1123
1252
1098
1100
1344
1431
1657
1703
1600
1574
1579
1921
1936
1842
2006
1768
1901
1794
1703
1648
1819
1764
1730
1645
1520
1856
1452
1796
2002
1712
1663
1501
1557
1611
1510
1489
1540
1467
1521
1533
1607
1411
1537
1474
1684
1534
1503
1485
2131
2044
1838
2030
1360
1256
1692
1701
1525
1579
1144
1443
1339
1166
1549
1432
1295
1092
1318
1480
1856
1460
1621
1970
1696
1574
1043
1437
1658
1011
1097
1368
1623
1938
1610
1308
1238
1211
1279
1229
998
1117
1198
1041
1060
1096
1072
1006
1148
1200
1058
991
1096
1514
1068
1283
1000
1006
1188
991
1697
1032
988
1006
768
1046
1060
1214
869
825
1443
1300
877
1176
930
1032
689
1058
1735
1331
1597
1610
1402
1050
1297
1687
1585
1103
1108
1770
1786
1287
1277
1347
1599
1628
1785
1007
991
948
903
914
679
723
667
860
710
692
951
714
596
1099
984
1413
1589
1028
588
719
537
504
514
608
541
631
708
679
1260
1251
807
1259
1565
1014
1624
1593
1352
862
1135
1364
1405
1236
1646
1488
1411
1405
672
1562
1184
1984
-1
1944
860
1479
1332
1357
1335
1411
1163
1526
1286
1317
1260
1824
1405
1545
1265
1560
1561
1167
1635
1446
1909
1362
1218
927
788
1599
1035
1228
803
619
849
564
490
819
853
1148
1262
1110
934
403
585
432
724
1672
766
1035
359
1139
1183
1542
1578
791
955
888
1473
1267
1283
1236
1222
1324
1250
1413
1336
1468
1379
1240
1329
1061
1123
852
1500
1437
873
1211
1649
1045
1545
1040
1803
1272
1483
974
911
949
724
897
1769
1022
950
1016
810
756
778
924
1600
963
1447
1235
1482
1105
1520
1602
1595
1330
1319
1647
1402
965
1207
982
1045
1342
1518
1215
734
1252
1227
1273
1338
664
1239
1203
1430
1481
1698
1187
1013
1168
1020
1088
1467
1248
1526
1490
1420
1076
1194
1301
1075
1512
1366
1420
1447
1467
1489
929
1191
1329
1159
1167
1231
1304
877
830
1254
1512
1349
1350
1167
1357
1439
1562
757
996
1181
372
1442
1408
1560
1466
988
1027
903
772
702
925
1405
1105
1101
687
1384
321
1648
1434
1389
1647
1585
1183
1313
1004
1458
1499
992
1458
655
1315
1465
1405
1177
737
1453
1360
1392
1010
1153
836
1185
976
1245
1076
1387
1016
720
651
562
664
885
670
991
809
1004
1241
1146
1125
631
759
699
602
1155
1302
692
825
1418
993
712
1104
929
1306
1094
841
1055
986
983
501
957
1376
1161
469
509
1310
903
712
738
878
929
892
853
805
975
858
895
1052
968
1087
1098
1096
830
1287
1140
1171
1268
1262
638
1404
1463
1101
1264
1436
1440
1461
1397
1417
1369
1365
1317
1157
889
1251
1089
988
1288
1216
1341
464
265
668
1585
831
1184
1103
1259
1244
1197
1188
1567
1314
828
1502
1544
1417
1225
1439
971
1233
1164
1137
1037
507
1302
1108
873
1190
1023
1508
963
904
769
866
1164
1235
1069
998
884
867
804
851
895
828
1030
941
1146
1047
489
909
1211
1091
988
835
986
879
758
891
1389
1210
1053
689
586
1181
886
993
1000
967
1099
1263
914
1154
1373
863
333
993
882
840
740
939
794
1073
1025
1290
1175
917
680
709
499
473
734
571
691
506
751
973
889
900
1038
1178
1286
841
1084
992
949
859
852
796
891
928
1154
1104
1148
1072
886
891
651
661
862
1231
1128
863
1157
1099
1201
789
981
868
1094
949
978
731
837
912
717
782
924
895
1209
1215
788
1206
637
592
887
308
1069
492
572
781
579
1047
826
797
764
724
614
634
691
817
756
353
881
1140
1255
1160
1202
1171
1158
1294
1257
931
766
666
652
989
1084
869
1110
805
827
884
717
865
607
922
922
959
760
786
799
954
721
1403
686
600
867
795
937
974
1140
1151
1112
1154
1079
707
723
676
734
881
1208
725
1435
1188
1254
1089
547
712
559
657
773
559
657
563
417
776
696
793
734
893
892
1024
1355
449
643
663
435
775
629
657
647
767
897
1118
762
937
874
829
561
713
928
879
824
1095
1000
611
784
377
1133
676
514
528
672
720
633
1020
693
824
978
688
856
649
1199
1002
621
892
748
761
673
672
905
729
859
544
863
852
882
639
663
672
645
1232
678
860
884
793
543
675
889
644
869
705
1139
578
758
551
1137
1249
785
734
1022
1059
862
715
800
894
738
937
1197
734
1478
1083
920
1121
844
736
856
1098
908
697
688
592
709
661
613
1028
1106
988
1042
1146
906
867
909
985
866
912
945
793
788
949
713
606
939
1158
743
662
748
683
526
705
554
1083
839
744
746
815
643
1049
1024
623
1157
810
349
1135
297
721
576
1165
569
1429
727
746
724
532
670
1055
760
514
813
709
868
965
985
569
683
621
606
797
678
953
728
719
875
926
749
746
476
862
679
885
1194
649
1097
903
639
779
889
863
530
731
724
870
878
708
795
725
879
517
563
1037
834
888
880
1270
779
638
693
687
592
512
651
739
648
699
488
715
651
871
699
588
789
691
920
920
881
972
747
1349
900
691
841
569
766
572
724
659
759
1059
755
1183
735
790
856
758
761
753
608
573
467
636
635
730
802
732
972
628
865
958
1099
750
742
878
803
977
917
742
870
422
735
594
773
1074
738
753
795
511
763
1009
702
597
859
595
891
715
1045
590
759
821
539
892
683
1141
973
379
723
947
675
576
526
803
669
583
628
591
706
915
585
952
638
573
688
889
519
480
661
662
988
752
652
966
684
859
455
860
567
1114
596
569
638
493
606
296
456
843
589
722
1056
631
722
766
633
528
481
550
611
725
651
651
1013
837
572
727
655
524
936
701
478
437
621
636
444
656
397
602
532
1034
581
365
274
641
908
675
555
476
613
424
501
571
894
744
748
657
729
543
462
713
540
725
623
572
809
649
644
609
769
697
360
443
529
600
520
649
539
705
751
505
344
586
656
588
532
550
211
238
187
686
398
745
601
662
762
377
886
939
568
817
705
583
489
668
689
696
682
662
477
616
812
874
721
566
538
468
549
649
740
370
670
674
485
350
703
804
851
480
755
629
371
405
365
616
692
521
539
695
645
645
464
483
931
677
854
647
796
779
656
849
983
699
397
552
572
380
731
373
798
455
369
468
613
699
406
641
560
434
386
528
574
788
994
520
596
541
782
525
496
617
606
653
616
590
500
599
825
673
413
698
309
688
864
422
444
523
515
424
521
556
723
723
675
491
721
348
330
182
753
575
392
841
361
550
751
668
384
465
682
490
751
715
544
457
490
355
426
409
396
361
373
718
567
439
1108
477
614
533
552
478
462
455
335
439
393
368
535
893
569
353
516
729
660
361
644
468
532
628
640
451
582
505
663
360
379
349
415
758
885
931
640
483
393
826
338
667
475
432
654
650
671
591
561
771
452
519
490
386
374
466
432
397
399
446
898
560
900
738
676
528
543
990
439
482
650
741
613
478
522
514
540
381
788
513
1026
596
750
468
660
429
435
477
409
412
627
592
493
364
342
361
396
920
373
386
451
506
560
522
403
873
427
373
623
619
395
399
431
535
413
480
401
542
807
771
726
604
367
584
588
748
386
415
391
544
828
500
600
325
603
595
644
864
518
623
475
750
215
554
456
793
332
391
583
813
456
466
353
547
522
410
410
472
426
449
640
441
357
663
641
584
734
584
469
441
468
401
402
791
583
288
355
387
365
520
523
696
834
920
553
707
486
404
344
766
518
644
420
380
694
580
418
273
527
510
471
292
689
482
556
363
484
437
355
417
335
528
332
862
575
493
733
282
744
371
455
558
456
330
427
195
712
717
601
567
778
315
924
550
860
720
470
446
570
380
404
690
536
433
365
437
421
430
400
426
618
481
334
681
791
467
398
448
476
774
527
439
605
394
600
323
581
337
801
403
517
420
404
475
324
585
453
635
319
413
332
378
381
344
484
264
389
695
312
460
372
402
413
483
425
584
681
380
413
279
444
347
491
488
489
356
369
312
361
324
473
541
443
474
675
434
351
769
309
251
325
431
356
275
309
377
399
356
236
450
583
300
396
369
373
365
167
323
461
324
363
362
480
609
385
368
617
297
609
445
420
464
253
422
487
413
429
410
484
644
724
215
445
385
320
259
373
682
400
299
258
437
421
328
371
451
739
465
310
395
347
604
411
420
495
689
443
531
400
385
407
528
433
342
388
371
412
702
681
308
348
366
333
568
543
517
357
428
403
544
502
544
646
306
402
407
319
429
246
519
506
218
680
336
412
441
294
602
362
471
323
429
392
543
506
411
470
427
294
454
411
287
285
446
238
431
715
305
254
292
364
60
91
765
746
426
383
368
666
397
294
374
289
266
744
309
317
241
385
394
397
354
491
382
394
324
277
341
464
250
482
701
581
462
392
351
423
444
301
396
250
664
400
461
403
515
272
241
356
416
372
641
246
372
547
533
505
308
405
369
504
436
320
401
384
338
712
193
482
538
605
234
280
290
329
319
310
444
353
331
275
268
174
399
237
516
270
508
385
387
286
292
261
285
266
375
123
464
302
292
272
204
272
384
321
290
402
273
216
559
494
272
400
265
247
302
431
301
163
290
674
254
251
226
302
545
328
169
211
273
440
293
294
501
224
341
426
315
226
358
343
161
430
415
473
141
230
209
520
385
230
228
197
331
245
150
212
178
335
312
311
463
419
229
296
262
215
208
275
239
307
362
113
133
211
201
181
313
442
257
362
307
480
373
293
206
236
244
252
258
218
276
196
438
260
329
202
249
189
289
210
286
281
392
130
94
329
197
194
422
156
227
241
142
272
97
132
212
97
130
227
187
152
192
210
84
371
235
157
158
220
221
100
179
81
134
115
170
93
70
133
187
152
110
111
194
81
151
1187
272
