621
728
662
643
592
484
748
610
60
635
638
582
642
624
534
554
513
541
492
566
566
515
547
578
480
493
519
526
596
607
610
663
826
763
883
939
895
791
829
731
816
875
871
811
767
775
701
746
733
715
885
935
934
933
766
887
924
788
1127
1062
1000
831
888
861
739
781
801
791
821
842
814
721
793
759
669
505
800
723
638
605
729
759
788
771
717
612
854
733
734
703
743
792
742
650
669
572
565
669
702
565
742
1229
604
657
626
1017
1218
1002
1012
1227
933
1020
1006
941
927
1311
983
732
992
1011
895
908
518
790
487
794
445
936
707
975
669
1175
1434
1202
869
815
815
846
545
695
818
1082
706
796
733
829
640
871
749
676
592
565
664
767
515
751
757
927
865
770
713
853
901
620
588
636
689
860
913
783
865
857
695
783
711
717
642
682
877
672
533
747
757
588
535
611
529
653
488
492
450
536
438
739
438
575
706
707
505
504
673
1089
550
594
511
592
857
870
742
721
646
675
612
582
359
733
517
710
631
671
824
686
851
808
711
700
769
595
759
640
472
637
587
656
667
634
669
826
698
772
641
664
750
645
685
608
793
506
439
437
350
319
475
425
462
583
426
842
1079
494
537
431
1083
629
606
829
367
879
563
752
663
662
740
578
619
548
574
491
463
579
628
663
608
626
568
783
560
891
450
721
560
646
535
600
712
756
524
431
597
795
578
1374
1300
1357
956
1141
595
441
433
452
329
338
360
337
562
420
562
527
658
493
545
644
579
593
667
598
572
690
497
655
537
691
596
614
678
676
614
636
681
362
783
529
600
561
512
675
419
919
674
502
731
754
589
580
581
677
601
453
653
594
533
482
619
587
530
528
522
643
484
491
624
530
1376
1073
560
468
499
556
802
631
536
517
587
842
640
395
491
462
625
577
601
579
769
667
623
702
552
387
382
685
523
371
554
460
512
511
480
541
640
452
577
554
557
507
253
595
531
515
682
566
508
486
525
551
558
323
479
418
470
646
511
725
1401
1357
1122
1651
1102
501
523
785
673
579
573
539
-1
1529
1298
1511
1048
649
933
357
535
408
1085
407
326
615
639
474
523
501
474
334
514
506
755
550
996
546
605
564
430
726
890
896
834
1124
919
1074
1192
571
876
423
495
492
606
482
429
508
559
653
545
447
528
439
443
506
482
539
501
466
572
616
631
463
914
485
720
558
594
430
501
442
232
262
516
1166
577
470
411
559
537
418
618
474
743
595
509
535
577
484
689
575
516
550
578
396
515
739
550
487
417
457
449
457
605
592
457
507
570
707
867
829
769
794
658
753
534
758
521
456
490
644
501
727
466
466
672
890
953
689
595
509
774
447
383
425
593
421
389
403
457
414
444
727
516
557
406
388
381
847
988
822
1035
693
574
459
396
460
777
707
806
567
822
887
854
569
279
497
640
796
570
399
472
362
372
377
375
410
453
557
467
483
480
439
432
409
409
455
335
464
540
608
520
481
511
395
506
712
438
408
435
363
628
746
732
375
350
437
679
583
397
387
805
580
1295
1145
760
269
538
282
519
375
375
438
640
735
512
841
791
833
659
526
418
306
426
480
583
549
570
553
557
462
475
592
833
746
752
390
440
496
430
646
487
582
417
384
567
424
444
350
618
1019
679
443
416
528
781
552
444
431
388
386
379
373
365
402
336
800
666
796
399
614
499
702
529
549
382
478
569
663
326
386
438
305
532
432
385
370
651
714
786
404
443
528
603
278
335
354
323
393
339
370
582
522
450
444
767
395
359
397
1179
298
684
390
427
468
460
665
555
379
470
361
447
667
558
459
420
392
293
505
350
528
524
449
556
360
686
381
341
316
353
356
477
377
389
304
379
313
372
741
454
422
495
386
638
318
598
351
168
421
384
600
292
273
383
417
475
253
388
490
327
739
446
397
509
604
406
285
680
455
488
468
443
491
326
361
380
373
521
332
321
595
577
638
679
570
532
435
377
336
391
399
321
297
356
400
391
408
417
332
301
329
358
331
310
418
308
287
363
347
247
302
263
366
360
503
503
595
438
327
371
336
353
358
170
442
441
313
550
373
535
426
340
334
332
374
778
393
676
432
351
486
329
339
428
502
360
575
463
411
347
392
445
439
401
308
693
301
305
462
513
486
432
296
526
362
689
726
336
304
326
330
312
415
319
259
259
688
279
445
431
454
375
354
332
512
394
316
334
297
305
581
452
249
381
363
407
322
385
411
364
294
262
295
421
441
427
522
320
499
309
351
508
495
351
289
323
341
321
396
300
462
341
286
268
271
289
329
224
522
413
290
467
268
254
270
379
287
420
345
556
320
409
280
378
472
571
349
320
703
237
333
380
384
355
266
338
393
572
375
248
452
289
709
322
242
354
273
388
259
623
448
343
335
351
193
328
293
472
317
527
285
463
329
327
212
344
325
258
335
723
690
238
459
242
555
362
284
354
411
283
383
310
323
316
338
269
419
343
323
355
369
337
315
498
375
238
307
458
322
287
364
255
292
462
293
241
417
267
261
439
408
293
356
342
263
425
244
236
190
306
388
247
314
249
308
236
517
445
341
266
282
301
434
330
580
227
432
390
233
267
293
295
445
435
295
189
374
413
367
261
230
338
322
288
682
263
252
192
214
528
202
237
263
272
326
266
364
319
311
604
274
265
265
235
187
155
279
358
309
289
284
276
176
312
335
211
388
435
315
244
289
264
294
289
275
207
260
349
443
247
446
210
270
223
261
325
247
421
468
292
237
263
261
279
292
307
273
184
415
173
271
286
243
246
367
465
462
179
410
388
652
255
340
429
403
428
311
354
238
197
267
214
417
270
171
295
222
161
174
238
238
181
268
221
234
234
271
193
281
334
246
251
414
370
300
360
236
218
343
294
222
200
325
337
265
224
214
176
235
364
300
250
306
288
462
225
267
241
227
227
226
402
179
164
111
572
253
237
342
330
308
294
273
162
226
230
222
264
364
238
241
237
394
432
239
496
373
356
246
339
200
405
412
359
245
298
207
211
388
396
229
192
176
432
299
482
194
228
291
270
198
234
182
372
239
243
555
236
201
290
325
331
312
377
367
265
356
254
184
270
280
157
287
235
210
285
261
400
253
236
399
315
272
281
378
338
214
181
341
201
193
415
202
281
277
234
249
373
403
147
375
279
319
294
225
292
285
235
242
289
322
348
244
315
435
349
167
188
495
245
201
181
190
430
305
321
319
273
346
197
379
384
362
223
514
174
290
187
163
216
209
139
308
186
248
211
200
323
199
279
244
388
290
169
196
216
236
151
408
210
256
295
252
289
150
274
268
225
303
263
223
226
321
223
219
198
383
292
389
238
245
184
240
187
180
181
247
493
208
175
205
275
170
156
223
239
254
275
414
183
194
187
178
181
270
259
305
310
415
277
256
234
276
278
371
200
486
339
226
291
456
201
235
484
244
252
203
168
285
257
217
239
134
247
241
238
173
258
216
153
211
155
246
254
279
244
167
281
171
280
181
173
204
181
160
205
92
285
291
196
277
306
292
289
344
272
309
228
312
244
163
154
269
189
154
356
216
190
344
230
316
204
176
150
433
339
176
177
211
204
389
476
238
196
203
295
303
234
134
313
181
197
276
299
288
176
298
211
524
168
188
197
295
301
167
777
236
130
231
165
217
190
169
211
403
158
305
270
168
223
145
212
256
259
191
310
300
170
124
154
147
339
296
353
223
338
261
455
261
292
208
315
193
159
216
238
280
302
156
257
238
201
134
195
153
199
206
242
172
208
168
229
305
231
336
191
234
309
175
241
225
211
183
196
189
317
164
176
363
168
306
261
88
237
184
218
301
241
239
168
140
215
147
182
156
168
192
287
175
134
210
116
273
223
208
273
262
358
280
171
272
319
192
156
244
177
314
187
222
229
306
323
205
283
249
213
170
237
233
153
207
194
291
256
149
222
191
187
226
246
259
209
69
268
259
288
233
148
356
200
158
140
187
213
373
191
155
225
128
240
173
195
261
198
406
150
227
282
327
248
347
166
78
120
342
324
198
169
266
267
110
266
213
130
145
332
293
197
130
231
165
123
182
212
268
148
352
152
186
243
193
231
286
206
160
182
110
165
215
124
201
237
231
127
199
395
278
135
116
305
245
186
242
95
195
279
200
187
163
502
356
289
195
293
244
152
320
308
100
226
314
180
263
189
169
224
149
112
179
157
147
124
110
83
165
272
327
219
243
282
282
201
235
123
176
119
191
50
264
303
138
334
177
121
150
249
120
162
191
168
367
196
147
219
115
116
117
450
304
138
247
244
127
155
118
118
198
138
81
98
109
179
259
130
236
162
140
362
134
164
166
186
62
291
266
165
61
128
110
210
367
128
122
292
127
177
101
78
216
141
159
158
262
163
124
125
121
85
191
176
140
114
163
33
61
122
203
90
126
186
211
147
235
176
181
124
104
86
167
115
124
114
120
90
194
123
207
102
119
107
144
122
231
233
135
81
56
142
118
116
187
70
310
215
86
121
104
75
88
62
115
133
71
90
95
94
64
139
100
99
160
233
107
113
106
52
82
122
70
45
46
69
104
86
87
88
75
104
64
493
265
