1039
1257
1196
1132
1044
927
1343
1156
117
1163
1071
1104
946
974
927
999
981
1066
994
1182
955
940
816
904
828
797
943
1013
1178
1212
1193
1170
1233
1229
1337
1460
1647
1488
1620
1365
1422
1445
1333
1503
1460
1225
1152
1404
1128
1352
1574
1576
1736
1628
1455
1466
1483
1414
1362
1404
1536
1364
1316
1515
1502
1405
1389
1386
1499
1393
1406
1380
1318
1574
1011
897
1579
1500
1088
1320
1180
1352
1313
1162
1506
1458
1220
931
1351
1177
1425
1413
1249
1274
1233
1037
1010
1153
1372
884
892
1248
1151
1248
1230
1265
1137
1122
1156
1131
862
999
1041
949
962
988
920
830
1078
1016
1037
920
890
1209
707
1246
690
945
1182
838
1384
947
906
974
624
881
977
1138
696
796
1185
1132
866
1089
764
891
642
1052
1222
1334
1065
1175
1041
982
891
1317
1437
1050
1068
1177
1290
1201
1168
999
1106
1228
1299
980
990
874
847
877
672
743
624
830
668
624
969
681
541
972
871
1221
1037
754
569
656
550
507
498
596
473
535
624
594
1012
1010
645
832
1178
913
1073
1062
910
751
1010
1032
1252
1269
1229
1157
978
952
510
1200
806
1319
1304
1196
796
1172
1216
1170
1422
1459
1073
1214
1164
1327
815
1192
952
961
1174
1433
1195
1151
1450
1348
1286
1369
996
778
625
1316
972
850
632
524
562
437
428
647
750
976
887
1128
863
393
482
393
695
1175
659
961
344
1004
959
1452
1439
733
960
692
1365
1003
997
959
937
1121
1149
1349
1147
1268
1198
1313
972
946
880
684
1212
1315
865
1014
1308
950
1073
692
1159
1281
1107
847
802
860
600
825
1222
739
676
742
569
543
573
641
1144
657
1368
953
1166
741
1186
1331
1159
1427
1397
1126
969
844
824
846
1083
1201
1176
1126
748
1216
1259
1330
1219
518
1216
1119
1245
1174
1061
1095
625
948
748
706
958
873
1218
1171
931
982
1094
852
975
1092
994
1000
1039
1103
1117
841
1335
1134
872
876
1390
-1
748
745
1339
1005
1097
1081
1076
1198
1192
1057
651
889
1110
293
1068
995
1268
1345
914
945
850
668
657
821
874
723
726
587
1339
280
1114
920
918
1033
1110
1148
1166
818
1024
1264
974
1154
435
1078
1040
1187
928
693
1067
995
1163
932
1155
605
1090
949
1103
1150
1258
997
607
541
529
564
836
779
801
740
835
1140
1235
1207
530
630
635
509
892
1003
625
594
1094
753
670
804
666
1340
1086
764
1072
1040
926
531
1093
969
1138
479
497
955
836
630
630
828
877
846
838
817
880
730
778
877
897
712
651
784
683
1007
812
1147
1338
1206
553
1024
962
780
822
1109
1112
1107
1129
1009
1129
1035
1120
791
766
941
1073
935
1142
983
1140
504
313
430
1047
731
1128
814
948
1285
880
864
1291
1056
792
1119
1057
1256
1218
1105
909
1169
1115
1078
943
482
1081
807
675
1029
934
1075
991
1083
616
762
762
1034
989
707
691
667
588
731
620
698
817
874
1103
1313
520
861
930
1133
962
934
717
637
622
756
1088
970
856
685
592
876
832
838
839
773
1077
828
618
1065
1108
796
393
917
595
684
651
685
631
1043
855
949
892
982
608
632
493
421
637
489
607
501
667
964
889
728
1062
972
972
949
885
849
716
877
805
752
730
1076
1298
1297
757
730
917
916
765
697
847
1155
1149
836
1125
1145
1178
595
1082
679
1095
819
949
650
678
960
524
800
831
829
960
951
785
1046
575
529
643
278
989
389
534
494
611
829
743
724
672
617
504
543
607
657
569
344
953
1112
1026
987
1022
937
962
1069
1045
753
717
581
641
899
936
883
996
614
636
669
590
635
651
982
967
641
771
614
624
1115
762
1188
694
686
804
617
987
737
752
918
885
950
816
541
596
706
802
755
808
694
929
1122
920
1054
408
529
699
735
964
597
598
483
358
832
656
721
679
1033
1005
730
1057
567
664
626
341
704
662
759
655
646
699
783
545
641
971
612
502
509
867
777
573
883
877
590
694
308
808
848
413
465
586
698
633
771
482
808
830
561
947
691
1155
855
597
1038
773
735
711
723
831
866
950
605
822
527
929
565
581
613
670
935
709
624
921
787
329
853
691
696
572
534
813
549
585
383
975
912
717
716
859
966
748
637
856
708
692
1306
986
725
1058
1062
833
850
771
630
839
845
688
545
507
469
542
703
476
751
773
712
797
885
769
759
784
942
721
869
832
684
611
779
626
648
732
941
665
649
723
605
542
569
560
898
1185
688
734
814
615
728
771
493
768
812
418
949
271
696
563
900
639
971
678
619
598
504
555
887
575
555
720
598
664
652
832
557
769
600
610
826
667
905
517
534
1113
617
806
600
396
880
484
927
966
567
1099
761
538
714
784
722
403
693
703
938
677
565
617
652
675
417
599
1216
615
647
771
1086
807
671
748
671
673
559
567
502
637
688
434
644
579
994
729
608
703
708
954
805
804
958
665
1059
593
640
768
573
868
652
810
733
764
901
676
917
672
747
660
649
763
757
586
492
421
786
530
543
574
558
722
693
916
728
968
760
763
658
771
898
1013
811
717
316
610
488
607
753
638
546
860
542
751
839
601
546
607
607
796
630
707
660
793
602
497
908
712
792
866
338
819
606
568
679
497
700
681
612
711
498
838
663
513
804
605
532
630
1008
457
457
804
623
790
920
642
832
642
758
433
593
613
871
459
693
693
508
550
307
373
658
606
785
1025
547
752
750
641
490
507
580
578
798
587
628
735
725
639
716
611
504
796
565
474
458
671
565
541
703
479
631
545
977
451
337
206
625
751
538
498
452
728
460
583
542
615
574
575
474
796
740
412
750
473
712
592
449
917
584
629
606
650
578
354
466
440
449
540
726
656
802
521
486
311
615
536
641
674
633
184
195
158
413
420
653
553
585
566
351
731
820
502
822
770
564
536
737
760
763
719
673
500
608
755
1002
475
400
508
423
530
484
840
367
647
553
389
301
683
619
647
365
679
624
406
421
423
762
521
495
481
778
522
521
306
406
642
527
640
697
838
814
693
757
683
628
392
514
417
410
654
355
636
497
371
463
459
508
477
579
576
484
402
559
365
614
790
493
564
524
774
505
545
447
458
525
721
422
454
605
736
554
444
514
278
485
766
452
400
380
368
492
547
577
586
532
517
518
686
278
281
185
730
631
414
702
365
405
716
659
360
466
497
549
554
703
603
544
545
378
405
446
357
397
397
596
591
437
862
396
672
511
596
357
489
487
345
438
416
385
540
606
548
443
373
620
664
437
550
471
545
469
480
471
588
475
706
346
377
346
402
688
654
816
543
387
311
622
358
666
474
467
592
590
789
506
459
789
349
373
383
401
388
448
406
355
418
413
744
449
586
551
485
644
409
841
420
469
643
702
599
526
576
495
665
401
658
577
770
556
597
450
585
441
428
476
394
444
421
412
373
278
284
296
452
784
395
417
475
439
479
399
350
630
418
373
455
432
344
403
396
560
454
456
457
464
582
489
808
687
369
445
436
520
315
420
427
615
875
452
551
347
642
512
480
684
576
513
481
777
195
569
441
791
381
426
378
592
431
444
319
408
411
523
367
427
415
430
611
345
273
500
500
589
635
428
358
432
382
277
282
642
531
284
340
367
311
603
571
693
617
1000
426
679
440
464
321
784
375
553
450
388
593
448
517
292
563
529
551
307
528
377
509
364
520
406
422
390
376
637
250
633
558
365
546
208
610
378
441
428
484
308
408
193
677
663
452
552
735
265
642
458
638
650
375
414
608
377
337
501
414
323
384
469
426
409
408
307
486
415
323
578
726
446
395
523
446
892
516
391
416
302
642
289
513
311
765
438
359
359
356
425
318
625
488
698
351
449
399
351
401
452
450
234
324
554
325
482
400
365
481
366
328
573
531
410
488
297
323
335
389
385
564
285
362
290
321
241
405
534
399
485
489
311
374
586
319
245
280
464
351
221
246
349
342
319
243
528
453
247
412
342
390
395
157
340
464
338
390
340
512
435
366
264
689
296
588
474
303
413
238
460
464
369
354
311
376
626
431
198
482
367
325
248
295
527
376
276
278
345
466
269
357
384
600
415
287
412
279
662
376
484
367
663
353
384
374
297
342
371
323
319
401
333
301
477
481
291
313
351
300
563
520
393
384
500
332
453
403
481
533
307
438
445
291
468
223
559
342
120
618
298
437
434
306
647
329
359
280
371
408
488
383
355
530
319
283
320
421
245
275
376
231
518
608
332
231
293
403
67
59
790
612
438
412
355
559
256
268
413
269
261
750
281
236
278
469
369
274
402
515
318
267
305
263
332
532
277
516
628
429
374
473
243
323
478
235
442
253
491
319
370
436
528
246
237
391
451
392
469
182
382
635
423
427
317
336
391
528
433
305
423
313
327
557
200
400
611
440
269
250
319
280
318
221
505
268
343
265
258
175
369
260
495
284
560
283
282
270
239
227
305
238
415
125
511
277
299
266
184
286
270
332
247
343
227
201
580
383
306
391
240
229
270
347
227
143
228
630
261
221
224
234
449
225
166
242
250
380
244
245
368
259
260
320
332
173
350
370
149
395
361
427
138
256
222
490
352
247
270
193
255
237
123
218
180
269
349
350
408
304
241
285
244
161
184
259
234
195
414
150
152
230
177
163
315
345
242
250
262
355
353
291
218
224
207
234
248
216
263
152
391
252
286
208
235
196
270
191
243
241
297
134
105
325
188
187
336
136
253
254
149
237
84
131
204
113
123
226
172
166
176
204
91
301
166
155
153
177
189
105
169
86
138
121
164
76
79
136
205
130
115
116
193
82
129
843
240
