567
637
719
700
689
635
803
703
111
705
649
645
552
517
599
584
587
635
624
698
613
609
481
507
485
428
547
665
719
747
661
738
806
765
864
903
907
743
800
710
773
793
851
847
777
722
677
775
580
780
984
778
806
793
696
736
787
717
738
794
918
819
765
648
787
750
844
791
775
762
922
833
938
944
612
529
898
827
625
847
542
747
732
626
861
859
573
513
786
639
823
794
698
815
760
556
485
664
742
486
551
671
679
770
696
618
618
582
616
610
566
550
573
510
515
567
562
515
526
572
501
496
468
748
468
691
377
520
656
514
737
517
513
563
365
512
549
584
466
395
654
635
395
561
468
492
284
529
867
785
638
709
630
513
583
879
704
549
559
818
874
585
656
629
709
720
812
482
485
446
431
445
292
320
368
392
383
388
480
372
223
493
652
681
618
425
307
371
293
245
279
308
290
348
362
399
562
566
327
544
748
515
698
691
622
426
523
682
701
779
1072
892
578
625
275
733
533
875
866
775
426
820
679
694
818
712
601
762
668
697
533
745
631
718
687
870
724
572
780
961
878
708
601
512
439
866
592
506
397
332
346
263
268
368
301
435
522
594
508
177
306
219
368
848
414
501
196
636
569
696
850
398
494
518
931
611
625
592
615
671
613
719
665
787
809
718
622
544
558
481
782
802
550
772
871
620
711
562
829
789
700
505
490
526
446
491
750
503
403
476
396
325
388
451
832
335
776
619
782
495
707
879
851
780
772
832
649
574
536
477
567
701
884
798
356
561
674
715
613
244
690
676
793
667
732
710
446
593
580
466
820
609
869
813
664
583
551
546
527
819
648
679
750
802
719
497
775
581
565
562
662
721
439
472
768
632
644
762
687
759
718
705
432
547
693
227
775
643
730
747
599
599
496
409
393
488
649
385
385
386
932
178
719
574
648
824
747
586
765
379
790
710
630
671
323
666
784
660
610
377
706
634
683
607
639
369
606
539
676
517
787
534
395
373
317
397
480
375
672
372
510
782
735
729
391
439
410
386
602
653
404
402
635
428
400
512
460
753
687
431
648
642
553
292
670
566
734
311
316
715
467
336
381
492
521
498
487
467
547
527
544
610
597
518
458
629
476
743
535
620
744
670
398
611
559
433
512
732
709
781
783
666
836
641
627
567
469
647
530
475
913
708
892
275
163
273
768
521
645
461
497
717
541
618
773
675
447
739
654
719
677
769
514
766
665
717
610
266
816
630
531
646
642
849
641
609
458
520
585
741
684
549
538
566
488
590
444
547
575
524
650
608
253
546
584
714
530
690
548
508
505
577
733
682
582
347
302
680
494
670
631
676
650
654
434
604
739
506
136
605
395
517
477
569
503
571
432
603
590
667
392
418
325
289
441
314
478
250
459
773
469
615
504
662
684
599
606
608
422
543
416
468
505
461
716
630
477
654
796
576
479
456
620
704
664
531
745
627
785
475
757
652
741
755
550
503
515
743
351
389
573
480
684
638
495
745
392
362
488
160
536
226
365
377
363
710
508
487
426
405
381
372
496
502
565
195
637
634
751
736
699
724
707
674
712
579
471
438
469
634
585
625
633
497
509
456
365
473
432
716
687
427
519
464
441
631
569
697
539
503
396
538
709
613
680
682
632
660
659
410
456
526
596
465
732
498
571
757
690
686
264
334
410
489
679
428
382
377
269
634
390
477
528
619
568
434
585
307
447
449
196
521
509
583
526
518
483
534
471
377
621
531
382
328
528
538
449
638
592
449
470
192
538
578
254
374
446
595
441
737
353
542
760
465
626
475
686
538
449
667
560
421
500
543
588
612
704
499
627
385
607
373
387
516
573
700
481
411
691
609
351
564
582
472
656
291
657
275
432
238
598
666
476
470
609
790
662
573
590
555
407
553
592
579
786
665
623
762
601
420
431
698
675
489
498
336
491
481
345
493
532
495
517
639
658
652
713
594
-1
819
727
591
486
615
389
552
648
593
469
523
594
550
497
466
552
614
608
503
489
458
255
551
601
344
701
687
221
631
180
462
405
577
490
648
538
491
516
357
451
567
509
470
522
409
476
596
590
496
572
403
353
479
523
782
456
480
696
463
451
500
254
503
458
409
723
521
587
566
436
368
583
576
368
621
617
622
541
466
617
486
603
273
454
581
338
444
799
714
596
537
603
540
506
386
364
442
427
387
300
481
435
656
613
555
645
558
604
596
594
576
599
672
622
538
457
432
573
519
586
534
523
583
695
778
518
651
618
692
552
598
492
452
396
538
327
543
583
608
431
598
620
632
666
507
409
659
447
535
608
509
573
291
489
439
485
515
479
430
526
365
395
686
565
271
630
425
505
507
571
486
489
592
378
562
480
524
581
307
601
494
416
443
348
763
476
478
560
598
522
666
541
523
444
425
607
642
318
356
555
571
480
628
573
686
459
548
324
471
485
603
366
496
551
296
489
175
275
688
444
586
620
308
556
611
482
484
466
461
589
669
396
527
725
748
450
477
445
408
580
510
438
366
570
383
397
507
247
511
509
574
377
233
149
430
532
308
490
387
553
394
377
462
617
585
585
401
509
390
419
536
473
520
613
519
622
542
470
415
526
482
274
398
389
469
364
454
493
634
527
483
361
464
428
522
448
472
120
131
99
299
367
612
532
298
565
330
673
617
497
550
520
515
420
523
482
455
466
420
354
447
642
639
473
334
489
480
478
549
455
133
427
370
467
383
556
552
583
314
588
539
456
322
320
460
396
493
422
491
359
362
345
342
571
371
445
560
500
474
450
507
435
702
414
455
494
346
487
404
561
426
332
343
557
506
360
397
444
359
331
456
400
568
558
520
610
430
586
480
376
421
480
360
543
492
429
363
586
577
427
499
324
530
499
329
399
447
464
334
371
494
463
583
569
430
533
214
304
182
471
429
350
446
344
341
649
592
352
363
414
484
543
423
522
345
425
321
344
368
351
335
315
406
457
392
585
371
480
429
500
691
416
329
301
411
323
317
295
537
358
323
457
534
431
224
375
315
397
467
332
363
511
637
479
313
326
305
316
420
521
516
563
359
323
539
283
482
484
394
495
494
591
576
520
535
381
434
411
298
303
546
313
418
331
343
551
451
540
482
460
406
319
567
359
389
512
568
472
474
517
432
410
356
760
438
579
516
424
382
396
361
387
384
358
388
364
459
345
335
327
334
302
485
296
311
386
396
528
367
405
462
381
360
489
446
327
328
296
448
374
376
295
467
469
452
448
461
294
483
376
493
388
324
324
394
519
341
447
307
492
304
490
505
354
383
373
513
200
429
354
608
305
320
415
551
351
424
304
338
376
338
337
372
349
534
530
359
305
451
561
383
438
407
505
397
478
351
364
631
428
241
350
305
401
423
482
607
320
651
461
465
305
417
366
442
369
458
256
300
723
491
344
269
433
335
393
373
478
301
422
300
400
356
376
342
299
350
320
513
502
340
359
256
450
320
311
470
369
246
329
192
549
568
432
334
448
340
494
418
498
501
532
361
426
331
365
478
402
320
307
339
430
299
322
375
476
382
292
479
653
379
389
449
594
412
353
370
380
355
507
276
516
261
531
311
490
321
313
361
337
445
414
491
316
348
291
290
319
287
348
233
267
468
266
391
346
461
362
353
272
364
551
331
345
272
409
306
444
405
309
375
309
316
306
284
376
376
327
378
365
181
315
410
298
256
327
333
275
248
269
310
263
319
225
368
375
246
330
332
336
283
114
288
320
279
360
316
327
341
315
332
537
252
432
357
285
463
237
283
398
375
340
325
368
396
329
203
377
346
246
268
273
484
380
303
230
366
334
325
489
278
347
378
296
332
277
457
321
409
341
422
311
284
281
356
342
366
317
271
315
264
350
385
395
279
283
321
237
476
512
435
374
395
303
504
399
346
422
260
367
335
241
396
210
451
330
77
464
312
338
346
272
420
379
324
286
393
320
317
367
325
472
338
280
366
394
295
213
324
230
329
484
283
247
239
368
38
56
453
346
488
312
296
474
275
253
327
246
234
445
278
295
216
354
399
269
327
458
331
330
265
244
280
395
255
348
492
384
303
324
297
311
324
248
379
299
426
241
383
306
388
220
197
261
362
388
374
226
282
311
328
315
274
346
277
485
307
248
369
262
296
407
169
391
438
326
208
237
296
268
329
231
375
262
284
269
320
189
373
247
306
229
397
325
324
301
230
303
251
300
250
116
368
282
202
188
158
257
279
226
247
264
274
214
282
319
257
373
265
218
265
274
164
151
222
428
220
216
205
222
289
285
166
176
179
392
237
302
402
182
315
286
303
251
286
317
207
299
265
422
124
258
198
385
305
235
221
188
217
263
135
222
189
229
217
218
358
261
209
198
227
214
194
222
224
146
332
83
123
199
191
190
241
316
213
256
248
278
327
313
218
212
135
207
223
191
232
160
320
204
232
173
210
161
253
159
244
241
225
141
98
243
174
175
277
144
162
233
124
234
81
123
126
90
130
176
137
132
178
169
84
262
171
121
134
173
168
97
111
67
134
119
130
72
69
121
154
94
101
100
169
79
113
484
233
