407
465
477
472
472
444
545
466
60
487
457
444
383
342
410
429
436
472
398
526
385
442
357
384
331
311
414
452
493
515
522
488
504
580
577
598
643
571
626
570
561
606
587
608
625
553
512
599
471
586
699
651
663
604
592
628
624
599
662
704
716
672
628
517
715
604
600
717
667
695
611
546
595
643
475
315
648
594
477
533
469
656
667
435
604
638
457
419
653
484
623
535
520
544
517
423
444
541
550
409
428
542
500
592
527
526
513
541
548
504
475
458
492
448
465
488
466
422
425
528
418
444
364
574
340
542
276
426
498
475
552
439
443
489
320
504
474
491
370
315
522
545
319
488
415
473
274
445
530
615
449
528
516
453
429
625
616
463
502
579
573
496
502
416
476
523
530
453
462
437
424
411
300
283
332
371
328
304
425
334
219
477
430
537
449
237
298
373
266
233
262
306
254
277
221
311
398
399
240
373
490
445
520
483
428
339
472
511
573
629
583
532
424
458
184
519
406
572
613
583
426
541
651
640
624
527
528
588
507
619
324
533
467
500
567
590
561
556
644
670
537
546
570
357
333
599
526
361
246
212
240
164
179
233
288
342
351
474
453
133
246
172
328
563
295
481
114
563
399
572
625
399
418
294
588
469
472
512
503
508
539
613
506
617
636
562
416
512
481
373
585
555
290
470
555
535
509
274
593
617
511
435
435
448
368
433
611
289
279
322
247
214
238
262
553
277
610
516
504
354
500
604
536
527
599
570
412
435
347
436
451
521
508
488
333
498
540
668
592
193
563
477
508
527
507
595
280
466
356
356
496
439
542
543
503
434
500
401
462
545
455
489
467
518
500
413
539
517
448
456
512
599
369
395
595
490
498
490
522
549
491
466
362
481
577
115
541
489
592
632
500
532
443
383
321
436
503
308
311
282
605
96
511
406
413
515
514
430
519
303
469
491
453
538
180
529
535
501
559
319
522
468
570
527
549
246
489
409
570
450
570
482
329
310
285
299
388
238
435
334
458
735
732
754
294
341
316
291
449
513
346
263
498
297
350
366
349
640
631
333
531
524
424
222
628
490
623
216
253
424
389
301
275
447
417
421
406
420
432
401
426
480
429
315
344
382
353
533
396
578
586
676
311
440
444
322
418
499
502
555
527
488
521
516
520
413
385
442
476
410
585
525
576
177
108
178
527
394
548
350
463
539
419
389
608
541
423
513
501
570
583
487
345
554
508
579
524
237
631
421
406
505
450
591
594
517
370
478
420
551
572
391
361
363
335
383
318
368
433
384
556
556
220
442
505
598
434
659
375
338
315
450
482
455
393
280
238
438
346
511
465
463
469
398
318
514
510
383
155
524
266
419
343
366
346
499
440
427
441
656
315
327
198
196
323
233
349
250
320
583
475
408
448
501
420
546
575
547
351
526
313
376
408
421
668
622
328
418
655
447
421
294
558
666
765
513
665
513
652
326
706
457
624
640
512
335
366
701
225
350
462
480
548
506
445
543
311
295
347
134
438
117
305
265
255
444
380
437
445
317
283
295
345
400
322
186
595
533
647
627
636
621
625
585
557
417
401
352
360
568
462
614
615
326
360
383
339
383
358
781
771
316
421
354
348
612
562
574
380
383
380
396
712
410
526
515
509
552
487
306
308
418
636
361
414
401
410
491
478
559
184
305
395
367
512
315
374
274
183
408
376
396
371
619
589
289
437
275
393
368
147
302
501
616
390
419
403
381
319
298
656
326
270
220
453
473
325
424
391
384
426
132
437
562
199
226
314
480
360
461
237
428
520
354
728
543
505
438
406
585
586
359
601
605
481
621
679
504
439
259
430
308
288
485
528
509
410
263
609
647
229
421
456
415
473
209
482
301
328
154
497
431
400
416
568
616
468
446
543
483
354
569
524
540
548
594
531
420
450
386
499
497
463
363
313
221
307
557
275
356
415
377
374
518
544
526
505
495
472
570
621
502
285
515
308
644
428
528
316
308
330
276
331
301
322
588
631
360
377
356
231
388
444
268
469
547
197
552
93
282
413
502
470
513
526
478
458
287
365
535
364
367
483
332
345
416
439
373
640
377
301
492
510
537
351
348
652
352
389
407
201
394
294
368
580
372
580
468
345
356
502
493
229
575
593
514
447
445
491
373
474
175
391
503
238
330
572
597
694
604
627
513
602
385
377
381
529
352
232
299
275
636
755
580
543
674
544
551
523
517
488
499
432
402
449
347
649
485
602
663
546
351
594
582
324
504
520
500
448
681
509
298
279
657
231
447
486
469
335
600
499
450
611
391
287
564
398
449
593
528
427
197
327
374
406
447
353
355
578
423
347
466
474
306
461
335
494
293
353
501
504
446
292
403
362
467
490
294
535
336
353
559
330
560
427
541
607
432
639
407
370
432
383
344
486
651
266
267
598
551
407
660
546
405
310
458
362
346
498
530
303
644
741
178
536
158
176
583
492
510
613
248
495
479
633
490
449
593
484
591
355
503
530
511
490
388
363
365
390
440
315
261
657
316
398
647
184
831
536
540
293
177
82
442
512
276
376
283
480
337
360
504
457
554
553
264
414
334
418
456
336
387
501
486
522
423
409
352
437
478
239
489
313
393
421
627
513
620
355
417
284
621
312
568
566
462
59
55
44
164
343
567
474
254
485
284
451
491
372
532
401
571
494
428
413
427
427
396
346
398
523
586
376
239
459
433
513
426
561
163
350
254
327
263
451
423
408
193
514
560
403
348
408
517
315
386
353
350
314
308
316
242
535
323
340
676
571
549
479
494
309
421
383
418
345
321
453
357
488
446
357
453
393
337
449
343
492
323
338
620
340
430
484
478
527
422
612
561
432
303
349
296
657
422
399
372
503
442
348
387
303
372
482
309
361
367
343
354
465
583
459
440
405
600
522
144
259
178
372
612
491
291
397
276
355
425
345
486
373
503
469
260
430
411
403
319
329
502
346
347
343
320
529
412
483
280
547
502
586
392
418
257
285
431
436
422
248
429
255
312
297
499
524
199
377
268
471
389
218
363
473
424
498
309
337
329
310
331
472
372
409
263
282
509
337
494
525
535
428
460
570
488
466
462
360
352
358
320
315
385
296
322
427
310
403
291
354
508
462
389
247
550
278
367
844
844
-1
494
578
606
444
471
442
663
430
461
401
415
273
304
370
423
438
453
281
306
304
252
279
273
362
390
489
397
335
290
457
227
393
378
268
244
418
442
319
437
421
628
499
509
313
378
355
394
378
493
235
354
309
383
320
358
423
482
446
265
390
347
678
258
368
416
293
342
431
501
150
517
484
638
363
336
436
509
441
370
327
318
359
263
291
227
218
397
463
325
318
391
349
472
445
278
385
408
416
316
296
504
297
330
330
271
304
623
405
546
256
586
381
526
265
383
334
492
277
516
213
336
387
382
366
254
611
231
371
317
401
289
644
390
560
403
393
608
388
443
259
500
490
295
281
165
324
393
267
331
335
306
273
173
376
384
446
321
433
280
409
377
513
424
446
322
509
266
313
306
327
293
306
302
447
289
321
278
411
382
367
375
433
264
413
511
387
370
335
489
341
282
464
277
416
192
494
463
312
303
304
304
329
574
483
504
360
445
433
242
263
368
326
228
203
434
366
430
455
395
458
242
306
322
445
382
408
298
366
303
397
359
354
286
407
225
254
290
361
328
314
469
337
153
348
428
289
241
267
413
375
217
184
257
188
358
288
400
401
252
468
294
447
382
55
255
338
369
491
271
450
270
445
284
533
275
504
406
332
386
228
235
342
328
356
232
345
478
222
125
485
326
384
292
186
415
361
320
294
322
363
317
399
317
264
382
200
434
220
440
392
282
299
503
291
232
369
285
338
352
307
280
463
284
348
376
351
300
295
381
171
440
463
349
340
482
263
439
371
356
475
341
492
399
274
487
267
449
275
62
409
371
373
570
315
416
352
331
318
381
330
339
359
257
428
247
287
289
288
268
264
248
375
327
425
289
214
300
382
25
26
386
271
244
403
332
394
152
257
332
301
256
448
320
226
242
373
342
246
484
427
264
270
191
273
465
484
269
273
419
324
272
420
228
342
534
233
431
251
420
232
329
325
332
190
294
336
452
435
408
168
416
295
363
397
373
270
263
487
358
249
514
273
299
212
210
313
340
282
208
285
354
272
305
241
309
221
278
210
234
162
295
281
340
290
462
223
224
248
159
231
374
259
351
126
460
314
142
255
190
172
266
242
264
185
248
224
309
262
375
487
169
281
176
292
112
149
200
468
289
266
258
235
271
239
155
254
100
321
250
217
319
226
257
241
327
181
351
321
143
343
324
347
116
252
227
391
338
301
168
248
187
278
155
169
196
203
358
359
463
193
229
284
201
173
229
276
287
87
353
61
151
262
200
157
300
344
275
291
286
272
358
285
225
212
118
224
245
208
251
165
368
237
270
201
226
216
273
231
247
243
257
147
123
278
222
220
295
127
213
275
165
195
99
134
168
111
131
229
83
187
193
210
107
250
173
147
183
198
174
116
140
79
148
144
153
84
87
141
209
94
138
138
147
107
123
356
264
