674
852
869
817
804
735
956
821
82
827
835
805
690
621
659
763
759
866
809
951
693
710
578
649
540
562
680
798
862
987
908
850
904
950
994
1052
1105
1115
1103
1035
1016
1070
947
1102
1079
931
859
1001
801
925
1125
1018
1045
945
1023
808
915
876
841
862
905
855
1041
808
890
888
1091
846
905
858
980
887
940
1037
700
629
911
1047
779
868
586
810
866
589
806
834
738
609
823
793
1122
890
1041
999
867
788
569
798
1039
530
552
752
797
1016
1022
801
746
729
762
691
576
642
694
623
626
666
601
578
654
695
619
574
605
885
541
715
495
629
707
588
974
629
623
669
427
626
652
703
493
406
804
730
479
698
519
604
353
644
864
750
742
882
806
631
639
998
1048
631
657
901
999
811
772
754
823
914
1042
630
615
564
557
578
406
410
412
502
430
423
607
435
300
673
524
782
757
448
359
445
316
298
297
371
325
337
348
396
687
693
451
646
814
594
909
853
720
423
646
789
757
718
867
855
791
725
308
891
645
1080
989
916
534
864
768
751
861
855
718
899
747
808
541
868
754
740
728
892
930
785
1147
1033
890
788
634
533
441
913
661
600
375
263
380
244
243
434
462
621
604
679
565
196
342
255
442
965
430
652
188
682
653
932
1139
509
553
481
906
683
714
761
753
679
797
841
812
1145
1174
772
676
693
733
491
791
764
388
580
946
653
908
429
919
793
831
576
581
604
480
570
1007
492
458
518
392
372
385
449
1038
466
768
829
811
563
813
1008
825
801
973
953
1008
617
587
594
611
707
854
623
385
716
734
802
831
359
800
587
737
1036
814
747
458
732
585
515
766
712
797
982
745
630
716
711
631
990
744
799
747
939
863
507
780
667
725
734
859
899
517
540
820
863
829
618
686
1050
797
752
440
534
685
193
1104
808
1189
1207
559
577
554
453
447
564
776
616
614
414
840
154
953
728
689
933
1013
608
881
673
776
813
591
947
270
845
870
875
630
448
877
769
794
669
748
391
616
512
1312
657
1301
710
440
385
357
397
538
294
515
433
587
837
879
858
390
477
428
393
721
896
455
422
1004
606
451
600
565
960
816
470
647
651
530
224
682
750
800
234
321
678
453
347
345
537
529
526
525
538
641
522
587
635
674
514
577
562
474
814
615
726
753
902
382
714
677
506
673
861
901
1095
1040
860
893
940
961
638
565
727
725
568
932
1001
1317
216
128
309
846
530
762
599
588
1058
669
915
1106
1166
556
797
898
783
736
815
571
913
1111
697
618
235
816
677
627
764
767
974
659
724
445
514
617
845
722
600
557
572
483
482
506
531
678
635
1079
924
272
580
794
839
598
687
593
488
448
624
868
802
657
346
283
894
592
868
821
815
579
613
458
671
917
460
188
659
433
488
440
555
504
724
551
723
761
726
405
412
263
283
422
339
451
313
368
684
658
538
599
1119
893
631
1297
1266
610
600
428
533
542
532
926
867
825
743
662
590
554
356
586
776
844
539
948
789
1031
496
885
880
1395
1176
723
507
584
802
348
400
670
530
1076
892
583
703
385
372
500
176
617
232
354
397
331
625
611
568
535
423
350
365
438
649
653
219
621
767
1030
1000
995
985
951
1081
965
633
514
486
444
-1
957
627
954
486
567
561
413
502
437
883
856
631
549
548
525
838
633
907
486
514
488
722
800
523
710
1044
907
1033
889
430
488
492
681
588
609
558
696
674
856
899
255
343
478
488
667
440
462
328
203
537
477
615
551
883
787
620
774
297
423
443
228
393
541
652
477
773
664
730
447
483
782
525
373
376
578
569
492
771
716
499
540
190
738
659
280
283
547
531
425
694
346
845
1053
557
809
643
947
605
508
756
661
472
634
662
527
698
775
498
566
400
570
414
348
553
601
839
494
596
678
683
273
558
824
515
714
471
956
390
465
266
840
657
489
528
690
790
608
506
716
948
454
847
773
672
896
807
635
628
507
436
614
865
831
514
538
361
447
658
421
555
650
582
588
866
892
857
858
811
634
742
793
619
417
1015
367
621
838
864
423
394
425
368
369
377
359
699
776
708
690
510
450
660
778
365
708
1043
171
976
134
522
452
871
546
846
961
829
838
433
508
810
580
437
702
449
465
682
861
456
658
460
563
617
508
724
462
502
726
639
498
794
225
604
418
542
1055
643
877
784
405
540
808
781
256
636
624
799
583
524
824
478
842
287
526
779
477
594
762
909
678
574
583
520
621
468
534
593
595
436
290
366
317
855
697
532
609
624
743
695
651
642
646
810
664
482
589
387
660
526
687
694
555
530
720
1010
482
731
701
650
495
708
514
420
405
679
352
648
701
842
682
594
618
874
911
656
506
823
705
591
707
641
688
265
426
611
635
651
491
537
721
465
527
832
715
361
798
442
728
432
511
506
568
808
399
541
454
790
744
305
606
494
535
578
364
739
543
562
525
481
790
673
513
527
484
464
675
765
366
356
686
901
750
742
588
532
430
710
691
472
524
908
476
670
661
232
786
181
260
686
523
611
802
296
747
560
527
537
444
497
580
598
415
648
701
733
548
605
533
491
665
816
369
368
577
349
455
585
253
567
509
703
419
223
140
519
591
394
475
363
592
386
480
495
764
663
663
380
520
435
402
486
493
419
581
486
646
421
472
473
699
657
289
489
459
541
381
626
489
647
559
498
342
558
508
541
594
456
103
121
89
305
392
851
697
576
716
297
557
602
453
617
431
535
500
554
550
513
515
479
366
464
648
655
639
339
550
475
477
567
725
190
588
412
419
324
726
749
782
252
736
598
358
415
389
653
465
440
430
480
410
409
429
434
776
460
560
645
772
751
592
908
602
664
361
514
437
345
493
480
635
427
322
418
557
634
413
444
511
400
420
558
471
620
743
490
576
494
720
525
465
683
650
458
618
467
405
451
624
710
379
615
310
563
832
389
380
478
482
389
423
476
684
579
541
442
569
207
275
177
491
563
418
351
347
496
436
495
357
422
476
476
653
335
430
490
391
355
338
475
377
406
410
525
535
390
743
467
604
508
566
412
549
371
335
424
373
357
295
629
350
417
410
781
617
237
517
297
484
721
360
410
453
460
555
346
356
332
360
646
719
625
459
566
451
646
311
547
471
384
958
920
692
531
523
549
402
431
415
360
358
460
349
407
375
339
567
457
484
563
519
430
352
827
298
425
588
676
568
450
503
466
493
425
548
525
844
539
580
429
301
357
414
428
397
418
469
547
423
382
367
381
374
623
388
362
409
393
484
352
381
709
297
266
484
484
324
429
424
447
351
382
381
429
664
549
489
603
249
520
565
514
318
416
376
598
625
338
416
325
596
310
494
651
349
666
456
561
262
465
408
749
350
369
521
617
422
345
284
498
469
330
350
227
247
435
582
357
296
617
501
553
593
397
426
395
412
386
351
650
314
279
374
363
373
547
483
628
581
796
524
618
319
374
346
618
446
579
320
464
463
439
354
297
496
273
378
296
616
366
509
321
466
399
333
369
310
501
361
649
625
501
495
353
395
388
336
369
400
329
345
167
542
557
439
401
563
314
666
639
692
660
455
403
542
292
325
481
394
330
354
418
451
345
330
428
629
404
328
586
560
366
434
437
430
454
383
420
501
403
736
332
501
204
681
407
527
465
478
492
323
540
390
611
318
341
348
403
348
403
398
258
328
578
274
383
381
375
449
402
329
461
599
374
457
257
384
387
449
445
484
329
324
243
269
278
585
365
360
395
449
208
337
611
314
274
331
393
293
295
279
350
260
306
248
516
556
262
360
274
386
401
81
294
376
308
382
353
476
386
352
414
512
263
589
397
359
405
274
339
416
414
386
424
419
553
350
319
399
317
322
284
262
557
343
255
268
391
401
312
358
490
503
398
228
369
350
480
415
305
434
677
461
318
351
338
373
422
374
358
365
339
362
541
521
313
279
341
232
540
533
384
350
429
320
509
414
432
655
269
417
360
320
464
283
456
379
101
598
327
418
398
244
608
370
369
284
377
368
488
408
302
469
394
267
423
308
276
249
321
231
331
568
307
276
299
374
33
53
447
478
365
391
316
545
321
304
347
243
234
513
309
343
248
355
332
279
352
500
410
295
245
293
306
524
266
306
489
448
399
432
270
362
407
262
417
278
469
366
489
402
374
263
223
373
464
392
557
169
351
388
441
579
298
308
287
483
364
309
384
385
343
352
185
412
417
451
279
281
317
349
298
245
350
294
270
220
256
147
301
245
405
305
548
279
281
244
214
222
334
237
414
154
503
332
157
282
242
174
303
338
224
263
276
214
433
356
274
396
169
218
193
325
162
183
281
603
233
221
206
243
438
274
191
210
148
336
262
276
381
228
305
316
310
228
311
351
138
393
380
384
104
247
197
473
409
210
204
224
314
235
144
177
206
277
303
300
485
261
218
280
224
194
202
265
263
137
375
78
138
218
205
145
296
480
306
309
314
399
340
270
203
217
160
223
248
213
254
171
386
250
273
201
245
195
260
213
303
303
317
140
103
316
192
191
447
173
217
268
126
231
94
135
170
105
148
243
121
143
184
197
92
360
227
164
151
215
247
115
153
84
131
128
159
89
82
130
201
137
104
106
137
107
122
612
264
