285
322
347
337
347
328
359
350
43
315
325
303
258
222
250
295
299
347
301
346
248
298
220
281
244
197
255
319
343
375
351
351
356
379
400
426
427
397
440
394
361
383
358
415
388
331
327
341
319
362
442
403
418
368
410
355
373
363
334
368
370
334
394
321
415
370
397
361
385
366
430
353
381
419
271
239
409
411
375
432
263
373
380
270
358
371
302
266
380
331
420
350
384
389
353
324
261
349
376
243
264
314
333
388
391
309
298
293
307
294
250
258
276
240
273
267
240
238
251
273
232
234
239
338
220
292
204
247
287
250
371
256
261
280
170
258
264
270
197
196
328
295
183
278
209
248
156
261
369
311
284
342
299
245
254
429
416
259
279
363
387
305
321
319
343
362
374
252
253
231
221
223
176
165
167
194
176
171
239
185
127
273
237
303
296
170
158
201
136
134
132
163
145
145
159
165
252
252
173
259
341
232
362
351
303
194
276
292
351
325
398
368
291
278
138
365
279
453
431
421
225
347
335
311
368
321
283
345
333
373
253
370
289
302
301
434
356
313
424
404
367
372
303
223
192
412
308
247
177
128
185
119
113
173
199
332
267
286
238
91
134
88
169
399
172
272
61
305
234
395
417
233
316
237
413
271
278
295
295
275
310
344
352
376
413
335
292
279
270
204
368
352
187
294
369
275
375
185
382
358
347
259
260
255
227
241
393
193
193
231
174
147
161
159
380
199
361
294
356
215
326
377
356
359
377
418
310
273
242
219
248
315
331
301
170
290
309
386
366
160
326
253
357
395
340
335
210
289
253
214
327
284
363
380
285
246
291
284
264
380
309
315
341
378
357
222
403
305
260
256
323
396
211
246
363
308
296
280
284
369
366
326
179
291
289
74
406
322
408
436
245
256
229
202
177
211
284
240
242
168
379
63
413
289
298
362
389
312
358
219
357
385
255
351
130
298
327
322
295
174
331
321
325
278
333
179
281
209
420
269
414
285
197
183
151
205
232
139
263
205
234
351
367
393
186
215
185
190
309
340
200
182
384
230
213
241
265
368
328
187
293
284
218
118
320
322
349
119
145
308
256
171
169
257
252
246
249
249
289
253
259
255
261
213
219
262
204
367
266
313
314
403
173
302
293
204
264
351
356
410
403
313
354
347
379
228
236
323
285
252
356
342
418
91
60
142
368
259
321
261
283
375
267
296
430
391
231
356
393
370
317
330
222
365
373
287
259
122
334
295
290
324
297
405
300
322
204
246
261
387
322
269
256
248
226
247
205
264
246
269
377
368
135
247
290
348
254
333
240
219
228
294
342
325
292
147
125
324
250
297
277
287
248
292
184
272
363
258
72
298
180
233
204
265
236
303
285
301
298
344
198
214
125
137
208
162
219
118
215
317
284
289
264
398
341
288
403
385
225
266
188
238
219
228
397
417
271
258
373
248
235
178
278
389
392
236
399
360
408
247
380
326
447
414
317
253
258
411
149
173
276
235
405
385
280
312
189
165
248
65
333
94
188
168
122
264
280
272
231
176
163
168
189
245
215
96
324
318
392
377
387
385
394
400
394
256
249
219
238
424
341
300
377
226
276
236
174
203
224
401
407
223
274
242
238
354
297
359
281
256
285
254
353
242
327
395
391
400
373
205
233
289
358
255
270
260
311
288
324
342
116
156
245
220
293
189
183
159
112
263
230
260
266
383
366
226
342
150
190
205
82
226
243
330
275
283
249
276
202
173
417
211
173
140
266
275
207
322
288
258
230
87
334
302
121
143
242
271
208
309
153
326
423
249
410
329
362
257
251
330
309
228
311
310
252
345
342
251
268
170
279
189
157
288
285
346
252
213
318
337
177
278
288
267
375
154
365
170
216
85
318
302
217
270
386
435
311
275
346
378
276
334
303
313
388
322
320
271
247
189
280
458
381
240
221
149
207
336
188
220
291
258
237
361
479
453
385
411
296
410
427
292
184
373
172
378
319
330
208
196
212
191
241
214
193
346
403
289
285
234
144
312
316
136
317
405
112
375
68
251
236
331
320
340
389
291
282
171
227
341
257
250
383
214
210
285
367
260
328
234
234
278
237
321
241
234
409
272
208
376
115
255
201
226
429
276
355
311
211
207
405
412
146
346
339
312
259
270
455
234
357
137
327
334
162
223
414
393
352
319
317
255
361
239
229
262
279
201
155
160
152
381
375
319
367
329
328
296
288
289
262
343
296
240
253
238
355
267
338
344
274
277
477
384
182
429
409
386
252
328
303
230
232
403
155
349
413
393
281
419
278
365
385
279
186
480
263
284
336
296
322
132
226
224
284
269
262
271
428
279
240
297
434
159
349
214
315
260
247
281
290
378
169
242
217
343
422
194
293
267
234
318
183
438
273
338
347
303
374
323
279
247
260
225
418
358
144
178
338
408
290
383
391
274
177
309
269
228
349
334
185
415
417
111
346
103
126
403
275
269
349
145
426
244
337
365
274
390
405
341
208
415
357
393
295
270
239
244
307
335
203
195
390
177
212
347
108
420
372
301
177
93
49
225
289
157
256
176
356
268
275
329
372
457
457
177
273
243
334
247
275
213
399
352
299
235
246
249
381
399
114
243
220
338
198
457
269
372
293
363
237
343
246
295
391
246
35
45
23
149
279
381
310
153
420
225
296
310
267
283
240
286
268
283
279
284
292
275
243
281
375
337
289
164
440
327
268
314
322
80
266
202
266
236
346
347
355
121
379
421
336
242
312
352
199
217
208
245
247
244
256
193
372
222
247
377
357
351
294
393
250
374
318
290
223
193
276
300
286
264
200
286
274
274
352
176
283
190
215
343
248
329
335
374
424
260
343
312
298
300
336
220
398
327
285
206
329
317
174
368
241
278
378
227
236
280
263
265
253
301
343
391
364
363
267
81
182
151
211
351
286
173
266
230
213
286
277
241
267
352
416
146
257
241
214
201
196
329
229
232
234
246
270
205
346
202
320
243
326
305
424
246
182
234
240
239
133
332
162
206
226
321
364
122
268
165
252
361
117
228
297
326
264
214
223
217
206
258
436
310
246
235
256
436
268
328
377
363
347
338
338
370
372
250
285
262
300
218
208
330
219
291
240
215
256
238
260
429
391
225
165
339
169
300
433
444
421
285
360
316
249
321
328
406
326
336
230
294
126
201
312
271
275
340
219
259
217
207
205
203
256
307
288
275
265
250
359
161
286
342
186
177
352
376
275
274
-1
375
306
330
258
300
254
289
203
314
126
306
275
299
285
217
273
370
328
136
206
245
432
136
282
286
145
289
258
263
121
363
271
427
266
241
428
431
263
221
210
274
367
149
178
144
139
318
306
309
251
342
248
294
258
212
407
312
374
263
249
387
183
257
296
243
258
393
244
352
186
376
298
286
162
210
252
278
209
390
146
222
262
262
193
253
383
152
187
244
387
187
346
228
311
236
225
322
328
259
250
411
438
227
204
133
228
218
202
214
223
150
184
156
272
270
371
199
241
281
300
320
458
288
382
214
308
188
252
250
266
259
245
246
388
191
170
229
415
295
213
275
335
171
360
294
284
214
203
344
341
219
330
228
324
128
313
315
248
274
287
275
256
315
329
293
266
221
329
222
226
242
213
174
166
301
312
238
285
301
328
182
256
196
328
245
289
255
309
296
331
344
238
240
311
150
174
240
280
192
240
239
194
86
216
345
242
241
215
291
224
223
166
242
161
266
226
313
436
283
314
195
301
226
37
145
197
250
311
250
271
174
297
248
307
172
418
246
251
305
228
160
254
344
373
188
330
287
151
94
245
172
232
211
95
318
230
243
237
355
209
274
244
317
211
283
165
295
209
240
312
170
202
325
233
140
390
241
270
319
302
251
275
163
302
337
331
166
173
256
133
375
406
266
190
290
226
386
283
199
357
243
334
228
251
291
198
235
205
24
310
233
218
319
203
334
335
270
313
286
176
234
324
184
329
202
213
273
197
208
226
160
217
212
279
265
213
204
312
12
15
214
187
172
291
197
296
126
177
190
214
177
274
241
200
226
210
270
201
316
324
233
225
142
172
285
308
218
179
272
256
207
345
212
309
307
228
305
234
315
227
274
280
183
121
205
245
279
290
355
149
242
191
210
370
192
187
191
308
215
225
314
220
231
165
147
235
215
239
128
166
233
277
212
241
208
170
172
167
177
116
237
222
176
206
319
167
168
154
125
193
247
239
250
59
287
232
79
181
181
109
228
216
192
125
249
191
197
212
239
257
114
168
120
170
75
161
162
290
174
265
166
227
218
216
90
185
65
235
205
200
239
177
222
180
255
177
222
195
97
200
186
236
103
193
147
296
245
190
98
168
146
191
140
104
150
157
255
259
288
139
153
227
166
184
186
200
199
47
263
26
83
182
143
86
255
271
225
259
184
203
292
205
196
191
73
204
222
186
232
133
206
225
148
172
192
167
240
141
207
206
224
131
105
234
129
129
263
136
116
203
127
152
91
128
138
88
136
176
43
129
170
180
81
216
183
129
120
144
191
107
118
64
118
110
114
81
70
120
150
69
103
104
93
78
100
262
199
