262
299
325
305
307
288
385
322
31
317
291
296
258
235
249
280
288
305
279
339
257
295
206
261
221
220
270
297
340
352
331
348
328
379
401
430
438
373
412
367
371
394
388
424
403
340
306
382
296
397
490
441
421
393
405
368
453
400
423
521
502
403
454
370
448
433
431
427
443
398
416
367
394
430
269
185
448
407
293
354
327
403
438
269
409
452
286
293
410
293
423
375
346
384
355
291
233
317
393
245
290
352
295
385
358
343
360
357
358
338
282
276
302
281
291
341
288
282
273
343
287
270
225
372
201
337
197
293
293
295
371
328
318
350
192
303
301
305
228
193
319
449
223
308
219
270
177
312
386
391
286
325
303
279
251
434
406
285
317
393
380
322
322
286
339
355
361
316
318
277
258
281
199
216
225
257
206
183
302
199
148
328
281
327
288
148
182
225
171
159
170
190
167
200
145
196
254
254
186
240
314
350
353
348
292
190
346
328
440
393
417
394
298
295
118
367
243
417
401
406
275
362
438
401
415
355
321
387
398
389
218
364
309
325
374
415
370
377
431
417
360
392
448
253
203
411
388
252
160
140
156
102
124
150
171
256
241
313
294
85
165
107
241
391
191
324
76
360
274
389
433
258
294
236
439
278
289
337
318
320
352
401
351
432
464
430
270
332
283
244
359
307
181
297
380
361
348
160
397
451
341
334
332
333
261
325
407
187
188
208
169
141
151
164
391
167
425
311
341
239
337
412
332
358
391
395
302
271
240
271
278
320
338
330
227
333
356
439
437
139
412
299
352
383
343
380
182
349
263
220
379
321
369
367
298
279
333
271
285
388
305
320
315
358
336
263
402
292
288
305
353
423
303
314
428
310
307
302
354
374
377
328
216
344
323
73
376
322
410
436
285
305
273
204
201
283
319
218
219
182
408
69
369
284
307
349
357
285
372
245
318
327
286
360
105
320
361
326
366
209
344
322
332
343
348
151
320
284
409
321
386
336
267
248
227
272
303
178
315
237
281
417
465
494
244
266
246
241
336
377
255
158
352
210
289
247
235
445
404
201
333
339
238
141
421
317
446
171
191
292
264
193
186
349
327
337
314
336
343
315
322
301
327
197
228
262
217
300
262
377
348
473
180
295
294
226
265
335
340
383
366
323
351
360
375
255
282
309
331
304
414
343
405
115
91
115
377
323
365
228
266
364
268
293
419
381
311
377
369
392
399
317
255
397
359
337
311
143
425
328
323
320
286
392
360
334
229
290
268
365
422
314
289
293
247
327
251
293
292
300
398
377
153
303
328
446
291
452
284
266
284
338
336
315
322
161
151
289
256
329
303
315
314
273
224
390
343
237
136
321
169
302
276
310
300
338
294
279
273
405
250
255
148
135
244
186
260
173
177
422
326
344
323
360
318
371
419
357
226
319
203
247
244
283
433
424
260
286
481
269
279
197
329
456
515
300
461
374
443
261
468
356
416
485
357
254
290
531
137
225
346
270
389
355
369
376
255
227
301
80
305
79
238
166
225
308
306
313
294
211
186
203
280
285
241
126
362
318
478
451
472
433
439
403
374
302
328
296
289
384
329
402
415
271
278
258
169
222
288
551
554
229
349
297
298
414
370
374
334
332
250
306
510
253
325
356
360
374
355
239
228
390
403
278
270
323
292
357
316
388
145
208
273
236
323
204
231
150
119
304
295
300
304
443
428
210
289
204
220
232
97
234
294
415
357
323
271
274
266
198
494
239
220
140
409
343
218
303
254
321
248
96
312
357
165
158
245
353
269
311
153
307
378
275
469
408
375
290
328
423
397
197
421
416
293
413
445
322
341
158
291
217
160
399
395
372
344
201
466
423
129
304
321
348
342
176
316
198
239
91
316
297
284
324
456
438
370
338
435
358
263
356
316
418
393
364
349
297
308
225
308
370
342
307
257
205
255
405
247
212
271
251
233
346
375
347
344
348
369
432
484
331
183
374
197
435
306
355
209
205
211
203
246
187
236
374
480
280
290
282
159
275
290
149
323
404
138
374
72
256
330
333
380
342
393
306
312
200
292
323
317
306
335
268
212
268
323
330
407
314
235
320
288
350
247
246
443
244
271
298
101
235
215
245
407
250
419
324
266
225
348
350
153
441
441
347
276
295
368
326
308
122
334
377
195
239
425
362
410
390
391
329
416
341
266
248
366
214
172
195
154
460
531
454
359
421
355
344
337
340
328
332
301
246
296
294
453
365
433
455
344
288
470
413
206
392
390
381
317
421
362
261
236
470
156
309
359
382
257
479
332
350
441
297
203
391
303
273
367
360
310
145
197
277
287
276
218
234
429
353
265
318
332
195
348
254
339
214
206
361
331
338
280
261
244
333
368
168
403
211
289
382
237
423
330
463
398
293
422
309
244
259
303
303
360
407
143
218
416
407
307
475
436
276
226
299
294
212
407
368
200
496
496
115
416
131
122
441
336
319
394
150
347
318
420
411
375
452
387
505
250
349
383
433
363
270
277
279
285
347
215
188
485
183
262
442
126
526
442
364
210
115
46
242
332
166
303
247
367
275
312
372
359
411
408
193
321
227
368
295
305
245
377
360
326
269
265
278
364
363
134
309
257
343
295
502
398
476
261
374
276
490
266
422
466
277
40
39
29
111
326
419
343
184
373
202
290
290
231
312
273
367
317
299
294
293
300
274
209
222
355
369
256
179
372
356
394
310
397
85
269
182
266
225
316
335
308
132
379
476
336
297
385
374
221
255
240
222
218
216
230
207
413
286
239
472
428
386
333
335
224
309
389
322
239
320
284
346
312
373
267
355
305
267
397
250
360
206
239
419
228
298
337
382
448
299
401
358
350
245
294
232
498
333
281
234
328
322
231
282
264
274
312
262
281
274
271
359
249
390
322
310
297
480
322
94
179
168
239
422
418
171
338
238
213
266
266
290
225
423
372
192
293
254
234
281
267
362
287
300
278
217
330
243
331
230
409
361
426
305
345
223
233
281
287
273
173
324
184
223
195
341
348
137
245
178
344
306
110
292
377
296
278
268
281
275
254
228
327
260
291
194
253
365
327
357
455
500
317
311
454
371
355
278
318
272
295
242
245
377
178
324
264
221
282
187
253
408
377
316
193
365
187
277
491
501
514
391
445
444
333
403
282
515
307
336
245
313
147
203
377
350
320
436
219
263
282
249
279
256
301
274
371
395
291
270
383
173
348
298
195
167
316
355
231
358
314
481
376
386
256
262
253
298
286
326
147
289
250
258
256
321
330
334
318
149
197
348
541
159
256
269
172
264
315
330
161
393
313
459
340
333
359
388
355
239
251
243
331
161
207
157
150
287
301
286
316
277
225
331
271
200
380
379
350
257
249
362
181
271
301
229
273
524
295
410
194
434
315
351
175
263
272
306
186
388
180
310
264
276
278
220
374
171
207
261
313
223
395
300
416
239
333
382
361
331
266
367
373
181
227
161
176
274
188
189
246
168
181
159
254
256
350
218
293
298
264
338
381
297
392
230
355
189
227
240
236
228
303
243
430
222
208
246
345
242
277
291
274
188
371
369
282
253
272
404
296
232
331
281
305
138
359
361
242
251
260
256
308
393
339
420
324
287
420
203
217
253
276
183
173
315
316
291
346
295
348
198
229
196
327
283
344
281
318
286
345
314
278
232
327
157
180
219
309
209
267
254
202
84
300
315
259
241
260
316
297
226
189
237
149
319
292
348
277
191
346
215
367
262
37
161
231
254
446
237
314
191
333
270
336
206
381
240
271
336
241
135
257
310
334
230
280
308
139
114
308
187
291
258
103
305
241
262
280
318
241
260
292
286
206
281
128
377
213
274
359
223
236
360
273
157
313
238
309
308
267
250
350
185
313
296
308
233
253
301
122
333
317
246
242
383
192
382
309
233
378
298
391
280
270
442
271
302
202
41
292
255
279
398
254
322
327
234
310
350
261
273
321
190
373
196
272
272
286
244
217
172
307
274
286
261
223
257
374
14
16
234
200
195
227
310
290
93
213
240
267
217
312
299
189
248
256
240
186
402
334
245
217
173
237
427
330
245
216
274
224
229
298
188
285
344
192
385
227
304
234
254
276
238
130
256
300
406
425
295
86
258
197
220
321
262
202
253
339
244
227
-1
197
282
144
177
239
258
224
172
198
289
277
233
183
181
182
194
164
188
133
199
278
215
269
345
179
181
204
135
181
312
237
311
58
380
274
97
211
205
123
209
217
225
123
264
208
220
184
307
318
96
208
117
180
89
154
190
330
243
179
206
221
208
219
90
249
61
258
254
188
250
223
182
198
246
189
293
209
117
226
240
260
112
263
188
270
305
257
122
244
172
276
141
113
192
155
239
240
315
135
175
249
189
160
259
242
258
50
344
36
102
224
176
93
234
279
268
252
248
188
277
185
188
147
72
210
215
199
226
155
268
210
167
182
208
195
241
190
238
237
210
166
139
253
174
172
243
144
160
233
147
129
101
143
159
131
151
240
43
161
211
160
116
197
167
152
183
205
174
163
118
79
154
169
155
84
96
154
202
71
129
129
93
107
132
244
250
