570
715
765
734
733
655
826
714
80
721
709
668
580
509
582
642
656
715
662
785
614
601
518
535
442
482
551
702
765
844
735
845
762
778
899
911
917
861
901
810
817
860
792
953
864
745
673
795
620
786
955
807
811
819
783
693
791
734
686
757
803
723
794
659
774
737
937
719
745
744
926
841
973
1001
546
517
835
915
702
882
508
719
713
524
778
738
603
468
711
658
881
787
782
854
803
680
459
686
849
404
461
632
685
829
805
643
616
594
621
600
450
536
562
506
521
539
496
425
540
549
488
499
477
728
424
641
348
553
563
471
794
511
491
513
352
490
545
581
398
337
625
619
387
562
441
480
303
553
798
688
664
752
640
499
552
857
819
507
542
793
873
656
656
646
753
772
1010
508
516
443
427
463
299
329
302
403
322
325
500
343
251
511
435
662
661
413
259
362
234
203
220
280
225
264
275
288
560
558
368
557
851
504
763
744
626
353
521
658
661
630
887
791
614
616
216
731
576
934
889
824
419
772
673
617
732
735
566
740
621
697
475
796
643
651
631
975
750
615
880
850
879
685
507
391
360
896
563
575
291
210
291
172
181
315
349
482
557
578
460
146
237
193
361
869
328
554
121
569
521
794
918
375
478
399
945
588
606
628
613
600
619
710
705
893
874
693
613
511
589
389
708
740
414
550
855
500
768
443
873
719
751
468
452
470
358
461
817
450
391
446
348
343
334
412
850
363
687
606
717
472
778
861
778
798
787
877
690
473
537
475
508
618
848
598
279
604
648
705
668
270
657
557
687
818
725
614
372
549
466
438
686
552
759
900
623
495
595
617
507
865
686
678
810
853
801
395
709
554
583
604
709
784
406
445
788
707
674
660
605
796
707
799
339
451
583
152
880
672
871
870
471
479
444
361
366
477
690
506
501
323
914
118
946
621
700
845
930
541
747
462
804
800
498
778
266
688
769
723
491
351
767
667
636
481
579
371
541
460
821
577
957
567
335
309
290
346
447
284
463
360
459
677
710
693
336
390
359
322
551
736
366
331
767
496
390
520
485
798
587
393
510
525
463
165
593
603
675
199
253
655
407
293
275
456
463
482
472
452
534
437
465
530
595
422
440
476
372
665
547
619
654
720
298
669
579
439
540
756
765
833
963
697
803
687
728
535
471
663
597
487
761
789
941
204
75
247
761
471
650
498
512
852
583
645
874
829
428
768
752
678
618
751
488
750
787
602
554
205
732
530
507
666
602
898
550
599
350
446
558
767
638
516
465
457
391
436
396
455
522
514
717
691
218
516
625
669
498
552
470
418
388
514
681
645
562
290
233
720
507
628
598
626
511
689
406
562
811
393
182
658
358
420
365
518
443
578
434
611
617
604
342
350
234
221
376
279
364
249
425
662
517
485
495
816
681
543
792
720
495
514
378
407
476
425
770
718
555
602
716
473
451
336
504
642
673
482
747
723
881
429
724
571
876
774
575
430
472
741
280
334
513
437
859
818
477
635
339
303
434
125
520
183
298
319
310
607
511
460
414
346
301
306
359
460
407
162
572
631
786
760
739
769
757
796
783
499
428
404
372
808
737
494
692
408
484
428
333
425
340
720
672
462
503
434
449
694
493
772
408
413
434
501
677
592
773
802
793
828
752
344
424
441
586
518
562
460
634
592
724
770
191
280
393
434
549
391
393
270
175
589
391
481
474
725
635
422
650
245
383
401
173
360
439
531
433
493
489
611
368
406
657
447
320
315
480
525
413
670
622
421
374
168
592
515
232
248
443
457
369
687
301
601
956
421
674
501
744
497
428
669
551
389
511
560
487
600
664
437
534
336
613
336
283
475
517
739
427
414
592
560
437
487
627
445
694
341
688
282
377
236
696
587
476
448
619
812
598
484
594
708
385
679
609
548
848
690
542
592
453
365
478
857
779
430
392
284
402
535
326
438
576
512
511
721
1039
1010
850
711
583
764
671
602
426
724
330
539
683
659
349
388
435
346
381
327
357
633
708
548
555
452
333
683
663
318
651
763
151
725
119
411
374
654
477
773
661
531
515
331
402
650
471
358
619
460
478
630
723
475
532
394
416
456
420
619
369
488
650
481
397
682
192
546
350
448
811
478
742
594
369
415
-1
1157
231
649
624
602
529
447
754
432
719
234
439
657
363
460
826
786
611
486
502
435
530
375
404
575
441
379
259
377
267
723
578
506
664
536
629
552
526
562
499
696
539
451
458
324
578
521
581
562
475
447
666
864
423
725
640
721
464
601
485
372
286
615
255
626
741
683
560
620
515
682
758
541
467
774
485
494
603
511
554
242
394
399
503
518
503
600
620
401
414
645
727
255
667
346
622
359
480
448
494
741
328
512
437
664
870
269
517
541
424
463
314
742
414
549
580
543
687
658
420
457
416
374
765
635
283
276
588
607
623
676
631
521
373
562
384
393
500
692
335
586
588
211
516
127
199
699
451
537
664
260
746
500
501
547
394
509
721
618
428
646
687
701
411
527
442
413
615
604
344
344
589
298
372
505
208
505
548
596
310
169
77
425
534
301
469
306
572
366
397
527
639
733
727
304
460
419
419
421
437
376
596
539
522
395
420
406
641
675
243
384
350
512
319
570
447
649
567
492
316
468
395
493
491
371
69
85
74
306
364
601
464
335
712
294
643
713
533
514
396
462
388
493
508
502
518
489
386
475
719
579
589
274
651
489
470
594
578
129
490
371
396
308
731
591
592
231
652
612
370
349
384
612
379
409
406
468
331
327
429
340
609
337
527
585
602
577
475
691
500
495
412
472
450
285
560
349
490
392
297
420
485
540
416
409
445
352
334
474
453
687
617
525
601
415
567
464
385
550
516
403
573
496
477
361
569
518
334
724
296
546
583
366
382
486
438
336
361
446
584
731
702
447
480
185
263
164
415
510
346
337
329
407
408
474
348
370
482
504
567
319
425
395
344
287
280
377
317
307
313
642
464
307
687
351
514
403
458
456
514
314
279
381
306
306
237
611
288
340
386
594
528
198
474
255
379
618
292
339
496
490
460
276
298
280
290
496
715
626
439
391
361
666
381
508
482
406
544
566
580
612
606
447
405
414
419
291
280
428
363
361
334
301
477
488
526
591
540
370
289
670
274
400
563
592
502
399
501
403
411
355
522
458
694
627
480
397
283
307
445
390
365
390
431
484
365
301
265
281
306
576
333
320
350
332
453
309
374
694
293
274
525
499
399
358
405
458
380
403
319
496
513
512
416
487
246
480
519
572
375
299
345
465
549
283
358
351
534
237
487
536
315
497
388
496
155
471
372
652
331
332
445
616
382
329
288
510
424
280
269
251
238
480
531
419
278
609
499
450
477
333
440
464
458
382
355
619
302
258
351
302
339
448
428
610
461
691
455
465
277
322
329
479
389
585
264
327
489
479
303
251
451
252
323
247
728
308
467
298
407
341
356
348
308
465
306
648
487
359
451
206
392
283
264
420
348
263
325
168
590
586
479
323
454
334
524
483
736
497
488
299
502
315
330
529
363
373
293
394
427
267
269
360
632
541
244
498
556
309
398
409
435
399
321
372
472
344
527
272
525
202
601
369
432
374
388
387
336
481
412
499
341
312
322
315
269
324
323
212
244
543
288
336
338
385
414
295
370
356
608
320
380
297
367
323
450
420
397
306
312
259
275
297
403
297
303
335
367
156
277
574
276
219
291
394
282
247
219
327
222
332
231
427
545
272
349
262
351
294
79
243
288
320
325
288
374
320
339
318
455
198
537
376
317
436
253
277
337
442
378
310
481
444
316
192
349
266
256
229
207
504
334
276
244
426
355
352
313
418
391
363
240
321
291
394
321
299
333
515
361
255
366
308
348
408
342
288
350
254
414
531
523
238
243
339
193
487
464
482
325
413
296
515
407
355
535
256
373
325
276
393
213
374
325
101
562
323
327
382
295
481
317
394
317
340
295
385
382
273
420
324
303
357
327
273
220
251
193
284
507
262
258
262
385
33
43
400
352
307
384
265
559
361
239
289
270
194
449
263
286
254
334
403
309
359
416
324
310
202
237
297
445
215
256
447
449
360
416
247
453
356
318
410
250
473
334
394
339
316
209
233
327
391
354
525
319
292
341
392
439
235
256
263
424
320
293
348
304
279
352
157
383
395
369
200
211
276
280
252
274
340
323
262
222
190
157
405
229
343
226
454
272
274
228
205
284
264
286
324
116
436
274
155
214
185
187
244
293
262
228
252
203
336
348
259
341
234
184
183
252
116
152
242
555
198
212
179
253
373
275
162
210
147
356
226
257
359
205
350
253
312
202
287
313
155
298
284
389
107
223
146
467
343
204
189
183
219
248
131
164
168
226
325
328
397
250
218
270
253
231
181
223
201
134
341
79
116
176
163
159
295
398
238
281
259
332
366
309
239
277
140
244
272
230
281
158
325
257
209
220
223
155
287
173
276
272
287
122
122
277
148
146
370
132
158
228
102
237
71
144
143
81
105
213
117
129
170
207
63
330
178
128
132
170
220
94
134
65
123
111
133
87
60
107
165
95
90
91
140
85
122
513
227
