346
372
385
393
385
374
409
384
53
402
335
320
287
279
284
297
307
362
319
393
277
334
282
332
316
248
291
339
376
399
387
391
385
373
433
432
470
404
429
401
412
427
401
462
432
371
366
410
355
441
489
409
418
437
398
402
423
409
377
398
467
444
380
363
442
402
421
431
416
455
475
466
471
489
361
285
447
436
391
480
295
425
412
348
437
484
348
282
453
355
421
438
369
443
459
349
317
449
407
296
308
352
394
418
386
327
312
341
334
315
325
301
300
301
305
309
311
282
302
298
293
301
313
385
275
408
231
281
361
292
399
263
286
288
207
284
312
346
223
231
329
336
222
319
294
293
159
288
470
434
364
384
339
318
320
468
397
311
336
397
417
318
341
313
418
424
415
292
278
270
256
279
189
181
212
235
230
238
272
230
142
298
321
372
313
228
205
232
175
155
183
207
183
186
209
249
283
280
187
291
449
260
387
388
332
268
297
307
373
447
491
415
345
331
171
398
328
445
476
422
274
453
381
372
424
396
337
419
362
413
312
444
332
377
362
466
416
350
442
491
439
397
311
269
221
447
347
344
235
175
251
152
161
222
214
264
292
334
269
101
186
144
188
444
215
304
102
330
320
375
469
255
272
256
484
326
346
353
359
381
395
428
415
444
451
364
343
318
309
246
422
441
303
451
470
337
395
317
442
407
421
265
256
266
247
261
415
248
239
253
225
185
200
213
438
214
450
333
459
276
394
517
497
443
421
414
383
307
314
280
333
441
503
435
221
336
429
507
352
167
352
396
412
377
425
367
265
282
267
245
379
261
482
450
330
336
322
305
333
417
391
352
449
414
461
308
450
332
316
314
369
446
221
239
439
373
362
407
355
425
378
449
244
304
409
117
418
389
402
428
321
354
266
248
251
255
345
248
248
194
493
86
442
364
412
503
445
336
447
235
420
353
340
422
160
365
430
401
326
223
396
386
415
369
428
186
359
331
395
287
459
315
201
196
175
197
248
194
355
201
290
439
437
453
204
211
218
184
294
374
231
267
358
247
220
298
258
413
405
257
382
388
336
187
477
342
370
170
177
445
276
210
239
281
284
260
257
247
266
271
261
325
288
273
233
321
240
442
327
387
441
392
268
391
345
268
310
401
396
414
503
407
475
335
359
304
242
426
301
277
475
433
548
153
118
194
438
264
436
293
326
419
327
397
418
399
252
454
394
435
428
457
252
472
391
393
351
186
424
304
283
429
428
532
433
415
247
280
317
396
365
267
256
246
243
263
236
256
321
249
374
388
157
287
351
388
322
444
264
236
231
316
438
429
287
232
220
419
238
416
382
399
394
435
245
332
407
291
65
368
248
245
225
278
240
321
240
372
371
469
228
224
153
162
235
183
254
142
313
414
289
304
281
407
440
417
419
413
275
327
242
298
277
252
418
369
283
356
567
338
298
283
376
382
415
317
483
395
452
223
470
361
467
468
318
262
255
483
202
219
294
325
486
439
262
373
193
184
234
104
329
134
208
205
227
359
265
269
259
215
185
162
240
261
314
128
464
419
406
388
397
392
397
426
395
307
271
230
258
430
385
411
424
216
254
252
211
256
270
488
493
272
291
246
235
438
408
426
298
295
276
305
513
369
431
427
395
436
422
196
224
293
468
247
398
267
318
412
442
382
114
192
277
291
438
268
225
205
151
367
242
235
250
420
409
242
364
232
301
271
94
279
362
428
298
290
281
315
203
221
422
271
193
183
292
281
242
361
334
240
284
98
325
438
133
168
236
318
267
502
196
320
501
238
399
319
393
309
267
476
384
207
371
366
375
479
515
365
410
219
344
222
252
322
351
392
296
245
405
459
232
354
352
269
546
184
365
193
237
111
362
422
276
241
370
480
355
311
390
402
218
371
334
367
447
425
361
462
345
245
289
496
614
238
258
176
227
313
183
286
327
305
289
416
537
531
526
368
594
556
435
392
266
468
244
431
440
380
267
292
326
302
331
250
303
375
467
267
278
263
147
416
350
209
421
471
156
400
85
314
257
390
313
380
367
328
344
190
232
367
274
261
349
222
291
382
364
292
430
238
217
344
326
516
242
275
460
305
282
401
139
301
225
251
446
376
359
431
220
228
435
437
190
448
439
458
290
297
527
234
496
165
277
351
188
334
558
404
462
448
509
418
450
251
234
321
309
279
167
231
205
384
438
428
493
445
358
344
352
390
420
425
392
373
279
233
497
395
422
434
355
361
498
445
277
537
529
596
422
446
411
238
224
446
194
464
481
495
262
485
432
394
376
305
215
515
261
385
394
421
445
147
294
279
276
302
338
350
382
257
219
445
528
174
474
246
398
285
382
365
382
454
174
397
369
403
483
209
461
337
242
373
211
592
294
353
496
449
378
506
405
344
260
244
488
444
198
204
403
432
268
418
438
471
285
398
235
272
432
365
190
398
437
164
330
113
145
427
358
414
398
203
437
330
408
381
289
391
529
414
262
429
532
461
369
338
291
308
354
373
257
259
475
256
309
358
168
392
426
367
210
140
87
309
345
170
310
198
443
241
257
419
495
453
452
219
286
263
379
426
294
332
485
441
392
375
291
242
455
453
170
306
232
443
278
411
389
434
445
377
262
350
251
444
354
418
62
73
50
161
276
445
426
196
503
257
495
440
401
406
376
358
359
376
343
339
338
342
356
313
450
465
376
169
490
355
357
386
340
110
242
200
301
241
395
455
430
177
370
445
451
251
286
342
228
332
297
273
232
230
304
213
353
203
249
448
332
334
319
371
248
482
362
334
327
225
373
334
338
361
261
334
513
412
352
214
353
281
245
373
290
515
398
471
489
266
373
349
276
320
425
229
458
417
379
279
400
470
252
419
218
432
353
238
265
320
328
242
278
427
366
506
492
408
361
174
274
162
306
398
312
254
246
244
375
483
301
302
295
406
390
270
472
287
321
222
222
311
239
242
245
347
314
304
395
210
371
335
418
575
407
177
213
309
347
315
192
435
200
254
295
392
374
187
278
196
306
379
164
206
449
588
350
210
219
219
229
265
392
326
428
293
235
444
260
408
423
389
402
401
416
506
444
329
312
350
325
194
203
442
219
308
330
227
394
410
438
458
432
349
167
406
283
254
398
421
387
452
468
364
309
295
484
351
353
455
290
261
231
274
354
254
289
359
300
383
218
222
237
249
253
298
291
238
219
263
496
170
313
347
277
249
456
354
312
275
284
422
377
385
210
473
295
355
253
352
224
459
273
410
394
227
339
311
317
202
316
285
384
202
450
356
271
315
368
351
150
434
304
374
234
236
338
481
319
302
269
334
328
201
203
216
247
554
371
382
233
406
411
298
304
228
461
397
570
298
308
531
318
193
267
198
353
333
295
421
185
401
456
304
196
339
263
319
311
408
137
244
554
396
285
226
369
286
325
314
398
189
371
266
357
255
386
280
260
252
253
418
391
261
237
199
354
290
221
398
270
160
240
179
351
340
373
218
327
271
304
309
438
416
473
232
367
262
373
357
446
320
202
239
430
196
256
277
414
371
288
259
441
282
353
456
-1
281
208
270
321
256
420
217
529
208
393
306
428
250
243
267
280
377
397
334
338
297
297
222
207
263
201
156
254
378
282
408
347
532
298
193
306
240
384
356
347
259
303
275
371
371
218
291
310
224
246
224
249
315
219
314
214
100
212
360
233
200
258
316
313
190
189
246
150
322
181
287
336
241
297
281
327
261
51
256
274
366
300
225
314
193
280
233
391
219
354
376
235
405
198
171
240
386
285
208
340
338
193
178
331
228
208
203
127
360
383
351
209
376
282
286
390
244
213
383
239
293
281
356
248
331
227
362
207
195
300
232
258
307
271
193
303
162
284
317
319
188
202
273
131
350
448
473
243
327
345
486
370
237
349
301
331
363
241
337
197
310
215
30
344
250
233
328
333
274
277
327
291
349
219
212
341
256
373
320
196
317
331
227
182
173
185
214
294
177
192
173
340
20
32
290
216
371
240
217
370
216
179
321
247
238
347
192
214
205
328
438
341
340
387
229
393
156
196
251
324
193
259
372
393
253
309
331
279
328
234
324
222
381
234
320
209
283
208
251
204
303
297
323
257
278
220
215
262
243
186
152
406
284
172
282
226
189
239
202
311
316
249
135
169
264
232
348
288
321
253
212
263
383
166
403
187
229
202
353
203
205
186
135
334
226
343
215
93
273
192
147
153
132
187
263
152
281
208
198
177
213
314
231
271
234
225
231
169
106
144
151
311
236
175
196
237
238
285
136
176
93
359
164
248
271
166
386
176
227
178
245
237
160
186
185
346
151
213
156
303
211
232
186
148
205
225
113
201
144
197
250
250
273
241
246
167
182
224
150
219
206
69
291
91
149
182
125
157
213
245
151
194
166
215
318
257
227
208
79
203
219
184
221
144
251
200
157
185
181
161
250
114
178
177
193
143
120
237
149
148
225
139
131
174
105
253
71
129
112
86
121
145
87
137
155
191
85
200
153
120
99
120
152
84
105
69
132
97
122
82
71
142
132
103
76
76
166
55
101
314
178
