144
162
169
164
171
169
175
170
27
170
156
145
136
125
140
141
156
161
154
181
131
171
135
137
122
117
139
161
169
175
184
177
167
170
169
170
194
174
183
174
195
193
187
197
196
183
172
195
149
197
209
196
163
192
173
161
193
184
160
177
196
212
165
148
180
170
193
186
165
184
195
196
190
194
170
104
170
186
123
146
111
169
177
149
169
165
147
93
172
156
189
186
155
176
181
154
92
174
184
83
119
154
181
197
172
159
146
157
157
138
125
126
135
121
140
132
158
110
139
135
138
142
127
197
94
181
67
130
140
124
184
115
120
124
90
159
174
167
103
95
168
135
107
151
123
132
70
145
169
200
155
201
182
158
171
181
185
148
144
170
187
158
166
133
173
174
170
135
132
106
102
123
63
85
68
107
78
83
119
102
60
155
120
201
172
94
69
105
63
47
68
80
68
70
72
81
142
143
77
142
162
120
174
171
159
111
131
167
138
168
155
159
138
159
49
186
159
172
196
166
103
185
168
173
192
187
139
209
130
162
100
154
174
177
198
174
187
163
183
179
174
154
120
109
81
182
131
141
81
68
83
52
62
74
60
85
143
153
147
43
64
47
79
196
87
148
37
151
140
165
192
102
101
77
177
189
204
233
239
181
173
188
173
198
198
165
164
152
182
103
134
149
100
163
174
122
181
122
216
195
178
119
116
126
91
116
208
112
107
119
113
113
103
109
196
80
150
194
181
163
183
213
176
158
194
170
123
126
163
164
159
182
164
156
57
132
176
186
143
49
187
171
157
179
190
146
102
126
115
139
158
121
163
178
179
128
165
141
172
164
185
166
162
185
194
103
156
132
185
174
173
152
93
123
160
177
199
164
190
188
138
172
98
105
180
45
179
165
187
174
126
133
152
125
143
161
175
87
87
74
171
40
168
125
145
183
162
123
191
83
168
168
137
194
81
179
192
165
121
105
197
173
196
143
146
94
155
128
183
124
182
165
95
84
77
96
113
57
108
98
153
178
169
160
90
96
89
96
128
160
113
86
170
123
105
158
154
195
163
109
135
137
133
37
140
172
171
49
66
170
85
64
65
95
106
108
103
117
111
102
110
172
120
105
125
138
109
140
152
181
177
152
104
172
140
136
152
181
174
181
181
174
181
165
168
158
106
177
146
87
207
216
199
53
18
73
181
108
183
128
128
178
146
129
197
192
145
183
142
175
161
193
142
193
174
194
189
58
169
144
135
195
186
180
180
149
100
159
175
152
138
129
117
127
106
108
116
126
176
110
163
146
53
152
188
168
186
160
126
104
109
159
175
173
111
119
100
144
88
236
206
219
152
190
128
156
177
125
26
176
86
113
101
119
105
168
95
181
171
182
79
83
63
52
82
84
97
64
99
165
153
122
101
182
131
178
200
171
160
162
143
112
145
91
171
151
119
205
174
129
126
101
164
146
168
168
198
128
207
103
183
162
195
194
174
120
112
173
79
97
164
150
192
183
104
147
90
80
106
30
104
47
70
106
60
191
109
134
163
96
85
76
105
127
144
46
174
192
192
184
205
183
192
196
188
153
109
127
94
171
155
154
179
127
129
137
102
136
96
199
200
122
103
113
99
181
145
190
119
127
86
144
188
142
180
187
192
192
184
89
94
115
159
100
160
126
144
160
169
193
61
73
106
116
162
103
150
106
47
133
104
108
105
187
164
106
138
40
114
124
35
85
136
143
119
132
139
143
100
107
155
151
97
80
129
121
132
174
164
117
126
36
150
162
53
62
101
139
145
193
109
122
178
136
172
131
179
168
109
161
191
103
160
170
175
157
183
172
121
102
115
103
90
121
155
178
109
85
153
177
86
129
186
106
174
66
177
83
88
58
174
181
152
111
138
188
148
114
121
176
79
165
183
140
165
206
172
163
142
125
138
164
174
104
108
69
104
117
78
164
172
165
151
179
170
165
168
134
160
176
165
173
111
180
105
174
168
189
72
86
87
84
96
79
84
152
164
93
101
121
67
151
161
89
189
190
43
172
34
75
107
181
117
165
162
167
176
80
111
185
113
107
158
97
153
185
144
123
156
108
95
132
149
190
120
133
175
143
113
140
60
129
98
100
190
131
160
194
94
94
158
162
77
169
170
187
177
177
176
99
167
56
125
140
65
126
171
176
195
191
179
176
162
98
97
162
118
147
81
123
67
159
186
147
181
174
184
178
186
175
185
193
185
129
154
119
172
188
168
173
177
96
172
195
110
170
146
170
147
182
161
85
83
154
89
183
187
167
118
169
161
184
187
122
102
190
119
158
172
160
198
75
86
165
143
168
125
160
139
99
107
167
160
63
152
99
185
63
135
183
160
153
98
144
155
162
171
72
178
115
97
133
84
175
106
122
163
157
152
166
156
142
114
121
167
170
118
86
154
190
126
168
177
157
112
189
100
111
132
207
116
156
172
67
168
27
60
165
141
166
185
82
146
173
171
124
120
158
138
178
153
149
199
148
136
135
125
126
124
142
98
76
193
135
123
157
51
157
162
186
118
62
26
148
146
96
133
91
133
93
101
181
159
197
196
97
148
84
178
152
96
158
157
168
117
144
112
106
149
150
82
145
123
144
100
147
123
165
166
119
81
178
103
185
127
146
22
24
17
59
106
179
165
66
168
86
163
146
153
167
127
165
131
131
140
140
141
126
116
114
166
164
183
93
163
126
156
186
160
23
111
83
115
109
159
171
166
86
166
178
172
99
114
137
158
163
155
121
90
91
138
84
155
101
132
173
155
152
134
172
121
103
158
119
140
101
159
165
162
179
120
177
139
129
146
109
166
117
101
165
146
188
182
158
173
136
187
153
95
111
146
84
166
172
183
135
129
181
111
158
119
156
155
92
114
141
145
89
163
175
183
171
164
175
151
58
91
92
139
165
159
85
104
101
117
132
116
174
160
151
164
111
143
117
114
91
93
131
91
89
93
144
174
151
175
86
217
187
180
154
129
74
87
142
156
150
79
157
79
106
121
201
166
55
155
49
122
138
90
95
180
137
130
89
83
84
78
135
169
125
157
79
101
179
111
170
133
177
167
177
150
157
147
131
111
132
127
80
84
161
100
105
149
81
162
114
144
169
165
103
93
168
77
95
185
191
165
165
195
182
86
142
133
170
149
153
181
108
84
65
163
95
130
150
124
126
98
93
95
89
80
151
103
102
102
93
180
86
145
133
82
66
181
192
162
105
133
173
150
158
76
172
126
177
110
125
87
139
103
158
165
105
198
110
143
110
130
137
180
84
159
166
96
136
166
146
44
168
172
189
92
94
144
179
169
140
129
124
151
73
92
72
59
153
170
174
154
134
179
160
152
95
159
156
167
127
133
176
111
96
107
79
104
168
135
159
96
165
161
135
78
120
90
142
137
162
48
95
137
155
64
62
161
87
115
104
172
84
176
169
136
137
128
125
130
94
96
151
123
130
93
58
136
132
65
145
148
102
78
76
147
150
178
147
128
111
133
122
187
164
158
99
172
92
142
127
158
155
74
91
152
80
147
116
157
130
148
132
142
119
143
151
144
95
91
122
132
118
171
78
150
64
187
136
122
99
96
100
128
181
154
124
132
145
112
83
96
99
98
66
92
183
131
154
152
144
105
88
156
113
154
167
163
116
135
108
155
157
127
101
148
75
89
112
115
108
78
130
120
48
92
168
86
82
91
139
142
92
90
93
56
175
87
123
127
126
115
75
135
114
17
98
109
115
147
82
136
115
140
121
138
110
145
114
119
149
87
76
106
136
149
85
164
151
87
30
166
120
88
94
66
155
118
144
78
135
137
149
121
152
118
157
73
177
106
137
164
101
149
148
92
106
131
92
104
140
126
87
143
86
140
142
136
73
83
129
52
155
142
135
107
159
158
173
172
164
193
156
159
132
93
151
87
150
107
20
143
130
78
159
117
111
132
166
149
150
123
104
154
74
151
106
89
129
107
87
74
72
114
98
168
96
76
90
129
6
8
135
77
80
113
90
167
48
84
121
144
131
163
98
103
110
118
124
132
148
154
88
142
54
98
144
146
129
62
157
126
118
127
116
193
144
91
157
93
199
95
163
91
162
75
114
92
153
144
133
62
131
75
150
142
110
80
97
150
116
78
155
124
111
98
88
138
129
123
57
95
134
107
130
130
90
85
96
83
56
66
135
90
111
99
166
89
89
75
78
100
123
98
142
49
158
118
37
93
72
57
149
74
150
97
123
92
110
105
123
130
61
125
61
97
39
73
89
164
142
92
123
110
103
134
66
110
33
146
90
123
174
76
122
84
110
89
124
114
67
106
109
141
51
113
71
126
103
125
56
89
85
94
86
80
73
85
92
93
156
87
84
131
131
92
89
124
117
37
132
10
54
111
69
54
102
152
109
131
116
125
133
95
92
90
43
100
119
106
110
-1
163
112
83
100
118
88
119
102
121
121
131
87
56
133
96
96
127
80
62
102
78
80
48
80
93
43
55
124
28
92
98
83
62
109
81
91
76
88
93
55
63
61
91
70
70
66
50
98
91
53
66
67
51
45
74
122
91
