431
548
540
514
514
478
601
508
64
525
534
467
417
414
408
455
478
534
479
545
421
427
366
423
364
317
391
528
539
652
523
572
520
536
578
570
583
534
576
549
518
516
481
582
520
480
433
492
449
499
597
513
509
530
510
469
499
467
437
478
506
476
463
423
497
474
514
489
504
476
608
564
592
611
378
397
539
577
535
594
332
480
465
385
500
475
413
330
480
494
539
484
529
613
533
508
331
450
552
298
339
394
493
571
548
426
372
373
392
359
328
335
360
329
345
350
308
312
362
341
299
288
344
451
295
392
276
282
385
297
556
302
326
332
218
326
331
359
282
239
436
378
240
355
259
323
181
326
565
400
446
490
367
320
382
585
510
349
367
511
503
411
418
452
548
508
641
303
289
292
272
302
191
210
198
244
213
220
289
216
153
357
321
419
425
312
181
242
166
147
151
186
167
186
210
222
371
372
256
380
593
304
573
567
413
268
353
366
425
447
517
522
482
383
165
490
421
649
663
614
293
464
439
408
479
474
351
461
391
466
415
615
392
441
388
590
464
404
559
546
548
456
369
291
264
532
387
400
211
161
255
138
136
233
221
325
369
385
299
109
185
119
221
596
211
348
78
362
335
482
612
272
335
303
585
340
369
399
386
399
427
454
448
528
569
415
455
355
343
277
494
528
307
412
578
364
551
322
538
426
503
307
305
310
263
282
539
347
316
355
268
245
260
297
578
267
450
373
519
323
495
540
500
549
496
579
562
342
383
304
324
416
547
426
205
367
394
473
423
196
429
358
408
551
523
414
318
366
344
300
466
370
511
613
398
361
410
465
349
589
418
471
574
582
512
337
467
351
318
329
451
500
271
297
500
452
439
411
367
537
473
535
246
329
384
96
662
504
561
584
312
323
287
254
239
293
430
377
377
216
558
89
719
529
500
665
785
338
455
309
560
466
374
495
174
405
485
452
366
207
480
470
446
381
444
279
374
287
567
321
660
372
256
205
184
223
304
205
362
249
312
454
506
505
223
252
214
224
365
486
224
238
531
354
265
376
369
499
415
294
393
413
342
176
454
431
422
160
177
476
299
221
238
316
331
322
332
287
359
315
326
322
346
346
303
316
278
454
406
409
425
471
242
411
413
306
373
524
525
562
701
519
522
414
466
338
303
488
379
321
488
546
716
154
62
207
550
302
423
376
384
548
422
512
548
588
266
531
570
459
414
495
309
500
501
367
357
171
494
361
352
403
422
641
386
449
268
299
351
504
393
352
301
313
283
303
294
318
311
346
485
488
153
318
375
455
341
425
314
301
276
362
462
440
399
201
177
580
323
422
423
426
349
461
266
352
587
257
67
406
288
286
247
364
289
409
299
445
426
450
254
280
176
166
272
198
273
156
295
405
360
361
328
629
568
380
576
558
300
306
267
290
280
285
497
476
452
444
485
376
347
255
355
444
462
322
512
479
540
297
491
487
631
601
390
310
325
509
234
213
353
305
630
560
342
424
212
195
307
95
348
152
248
220
188
390
353
316
286
224
193
205
260
289
356
101
406
410
499
494
498
481
481
568
544
332
297
250
289
617
513
401
512
281
320
292
193
250
291
503
479
347
334
280
327
486
401
475
304
308
296
353
508
354
502
632
584
606
606
251
291
322
459
352
405
304
449
406
505
486
157
224
295
320
397
281
243
207
128
368
296
342
335
484
484
342
476
199
271
287
117
268
329
434
348
371
316
450
253
271
481
291
207
245
324
342
278
463
422
306
272
107
484
435
170
202
311
328
251
471
243
424
723
298
458
378
496
363
319
465
380
264
346
361
331
467
465
316
385
277
332
220
205
370
368
471
325
407
408
430
308
330
429
339
683
244
583
210
271
192
422
440
294
313
435
584
444
307
453
586
290
469
406
367
611
409
389
428
313
236
347
680
663
329
320
179
293
377
233
292
416
360
323
523
753
697
595
526
451
511
511
414
282
574
235
420
497
444
315
322
342
289
329
267
292
446
505
421
404
299
208
551
493
198
446
563
143
516
86
283
287
463
352
463
496
353
372
225
280
434
356
301
371
298
298
439
483
335
430
290
295
361
317
452
290
367
427
431
282
576
123
296
244
330
613
403
470
432
276
269
609
602
215
477
463
415
335
326
708
287
593
178
316
434
268
385
678
526
428
388
399
370
444
286
282
387
323
269
187
223
205
449
432
357
447
395
400
386
376
357
361
476
483
350
305
246
418
349
432
410
348
347
493
548
272
605
569
570
355
417
345
300
259
479
198
488
637
587
405
435
360
586
467
350
320
705
351
338
406
371
433
169
330
296
385
358
373
408
426
259
305
500
674
165
659
251
422
291
383
305
343
821
223
323
284
566
528
230
371
415
324
368
225
640
333
395
435
404
475
610
351
346
287
261
570
492
201
217
422
523
356
435
477
368
263
409
330
298
368
467
223
453
459
154
413
116
164
505
327
362
458
201
588
309
383
419
286
408
530
396
287
511
507
531
374
369
330
347
406
520
290
303
443
220
295
364
168
397
432
429
214
121
74
298
382
196
324
206
442
275
292
363
629
544
545
239
324
289
365
331
359
285
482
419
402
310
337
296
546
624
184
319
249
550
263
442
336
451
496
418
274
367
324
329
377
317
37
46
35
250
288
500
424
243
681
275
428
442
357
377
316
359
362
339
339
326
343
342
282
349
508
413
540
212
525
393
317
543
401
93
367
255
351
308
553
526
555
162
451
479
337
272
305
436
240
307
290
304
239
238
367
298
493
236
369
440
428
404
313
529
347
479
371
360
368
225
362
330
364
307
223
287
495
500
355
218
324
261
266
372
392
509
446
417
484
317
437
354
317
601
563
329
459
433
333
260
435
428
266
628
246
550
483
273
296
403
449
257
259
331
456
574
586
379
334
134
222
158
295
367
314
267
248
336
308
382
331
275
325
401
490
217
332
322
298
256
245
339
252
277
272
368
332
266
490
294
364
309
351
428
400
209
242
283
255
257
185
496
231
294
331
420
381
154
338
219
302
671
203
271
377
406
365
238
258
242
253
320
600
421
321
455
352
520
305
380
386
346
475
503
420
509
510
336
358
368
369
247
252
398
261
345
273
292
334
341
417
495
457
296
186
433
250
304
386
426
391
336
385
312
343
298
459
370
581
429
287
314
229
290
391
284
312
327
406
496
287
296
278
291
252
433
315
255
252
318
405
207
328
591
250
249
456
380
284
296
342
354
313
302
248
398
439
450
241
389
178
473
474
408
306
243
276
354
373
194
258
262
439
173
428
404
219
483
289
335
182
341
286
455
272
238
504
546
275
257
221
455
471
207
205
205
208
386
385
378
269
-1
390
349
324
273
457
366
435
361
332
573
251
218
280
243
320
366
321
445
328
476
452
350
226
288
275
355
390
448
171
275
404
377
250
239
366
202
260
265
578
224
361
225
340
255
264
294
294
325
339
593
452
324
305
222
289
258
275
324
237
191
285
182
399
395
388
203
324
293
426
457
586
361
444
262
342
266
293
436
328
323
265
277
371
238
220
365
729
410
249
345
410
258
351
326
406
289
227
317
458
373
429
242
486
180
437
331
478
341
342
351
299
347
348
355
284
243
284
298
230
273
253
187
229
403
236
295
303
320
363
242
342
263
466
277
296
255
333
323
386
391
275
297
261
215
230
251
337
258
240
269
231
119
210
482
253
227
269
280
222
259
211
282
176
270
222
326
449
241
318
231
321
283
42
206
257
274
300
266
313
224
281
332
360
198
415
301
295
392
242
237
277
409
360
331
391
364
259
154
285
232
217
216
139
412
269
260
229
419
250
294
315
322
272
343
194
252
328
337
278
249
246
419
257
187
318
285
287
416
377
287
290
182
364
419
455
190
193
271
163
387
411
393
260
300
280
470
336
243
418
241
337
258
289
348
197
296
298
68
448
257
272
315
231
360
295
306
281
313
218
315
407
243
369
345
233
406
245
255
193
180
206
239
330
214
235
206
331
17
23
307
250
258
274
205
443
243
200
242
199
179
322
242
290
220
258
306
290
321
346
322
350
167
185
275
373
190
226
321
416
262
342
290
299
306
273
300
229
350
301
372
258
238
163
204
262
308
279
447
232
244
253
246
372
234
206
196
352
222
243
277
269
220
293
151
305
292
313
161
180
246
295
239
241
253
288
235
213
203
151
330
198
219
216
362
255
256
213
152
251
261
289
252
77
333
243
132
192
183
186
228
235
229
184
242
198
229
318
242
275
203
187
183
176
95
174
196
377
203
176
172
257
350
282
117
182
106
281
203
300
248
161
300
211
267
227
241
252
142
234
231
309
116
222
171
394
255
194
150
171
222
211
128
163
162
212
275
275
309
199
192
214
203
212
172
196
193
106
303
61
110
206
150
144
273
339
193
228
211
281
313
286
228
233
88
234
256
218
263
134
236
254
176
220
186
173
281
136
214
215
243
141
112
236
144
142
327
142
133
209
106
205
93
160
143
89
124
198
78
119
171
210
86
296
211
137
115
147
222
96
139
76
132
101
119
77
78
123
152
103
91
92
133
74
115
397
200
