339
376
414
385
356
328
422
374
5
372
380
359
343
314
274
335
320
364
351
385
310
306
264
323
277
241
293
371
387
427
391
433
450
446
502
558
511
479
494
429
478
466
458
499
453
394
383
431
360
403
576
513
568
508
486
433
506
388
479
526
545
448
521
444
489
471
502
440
492
440
489
427
451
491
315
305
490
496
359
456
487
435
487
362
517
496
389
373
444
391
483
463
440
463
405
379
402
364
433
356
352
458
351
416
428
439
458
401
417
435
320
369
406
351
385
415
351
305
368
400
383
334
275
426
274
385
273
377
360
368
449
462
489
473
295
333
326
350
192
318
386
505
334
340
286
333
302
390
443
378
330
348
359
299
289
499
510
360
347
482
504
384
403
406
371
394
442
366
391
338
354
369
362
357
302
312
265
255
400
280
250
349
339
369
309
311
231
264
216
254
200
256
208
272
221
249
344
343
304
286
403
399
395
373
315
238
350
430
536
420
476
478
409
324
204
399
284
510
455
451
351
410
429
424
463
406
406
406
596
420
258
445
365
386
399
491
435
395
491
506
473
498
407
304
230
463
535
325
234
195
232
169
206
229
313
512
271
369
357
205
219
156
372
454
219
350
135
424
377
501
478
307
589
334
454
324
343
333
336
315
366
407
371
441
445
510
316
381
297
257
405
402
281
316
478
362
389
210
412
494
362
426
414
419
304
401
410
209
225
239
153
153
146
150
453
316
434
359
424
286
380
439
386
445
452
455
389
311
308
275
299
384
424
366
367
451
385
412
493
260
432
320
419
403
370
433
265
495
366
272
485
397
414
451
370
306
334
309
297
477
341
321
406
417
369
268
458
376
315
326
411
487
402
410
467
319
342
316
431
451
386
382
215
420
362
110
418
323
440
468
269
286
303
257
245
300
350
360
361
226
414
152
430
382
369
392
390
508
392
380
405
423
268
357
114
382
376
352
341
226
384
332
357
318
358
153
301
306
418
348
467
365
381
312
353
405
457
309
309
285
311
418
414
432
388
523
476
439
658
548
317
221
394
289
431
247
213
462
405
224
286
312
233
201
401
316
480
248
340
381
388
324
262
446
537
512
537
466
694
647
564
334
630
227
292
317
229
473
258
330
388
487
249
330
361
225
275
397
380
436
422
333
443
419
406
331
488
337
395
407
464
373
441
220
115
142
403
592
369
276
259
454
298
394
442
399
328
396
401
459
376
362
312
411
402
347
327
213
400
504
465
367
293
379
326
336
271
322
320
446
390
543
592
603
499
547
398
548
352
577
463
425
270
369
322
548
285
373
445
518
602
521
393
399
685
234
222
335
612
312
296
306
318
305
270
404
400
397
176
310
213
477
497
636
581
377
321
329
298
357
375
404
489
405
447
499
478
258
221
422
356
668
459
340
423
302
339
320
245
303
204
257
294
399
440
439
369
311
329
275
221
235
333
416
410
303
410
370
418
588
379
359
421
360
388
644
799
396
212
281
431
269
342
354
573
411
347
310
464
136
490
186
336
223
251
320
632
380
309
304
270
342
356
385
281
146
326
313
430
414
430
411
412
396
361
370
465
402
519
371
368
342
379
444
429
337
223
246
391
361
347
303
523
511
504
371
299
369
646
612
411
357
329
281
291
347
313
332
311
401
633
647
325
479
320
546
379
345
304
391
210
256
260
228
343
177
254
173
191
255
382
601
823
374
383
332
368
235
194
199
107
294
264
315
613
407
310
346
430
264
405
296
364
136
389
279
281
338
345
711
285
176
334
310
227
490
577
446
312
283
149
521
340
515
445
465
425
297
515
345
273
184
275
297
309
332
346
236
388
137
369
343
225
361
350
380
424
289
405
284
80
309
320
499
267
226
338
220
330
95
303
338
256
585
417
382
393
385
461
267
584
361
336
340
397
339
343
285
297
232
293
351
283
479
456
395
468
415
409
264
249
231
225
312
344
313
333
401
329
343
396
296
143
293
261
276
255
331
294
273
318
284
250
248
258
323
380
560
573
404
242
304
321
103
297
347
157
380
169
347
332
310
580
342
350
245
232
178
531
288
564
520
345
425
217
282
388
393
315
364
369
280
248
327
355
389
373
243
305
276
117
287
367
361
367
259
403
277
419
321
314
299
180
306
290
358
252
223
263
520
233
267
679
435
279
286
327
416
328
270
260
220
273
383
347
187
290
216
164
177
230
408
306
294
251
286
336
322
304
324
249
340
246
273
282
447
306
215
305
277
264
353
361
403
222
289
290
259
259
291
245
433
403
335
184
236
246
227
331
327
299
291
419
398
318
280
379
316
390
272
264
156
212
283
444
275
278
209
397
342
342
290
237
269
267
338
254
367
241
250
277
271
328
294
228
278
347
175
303
192
420
250
257
288
321
358
269
212
340
277
243
236
510
446
285
381
116
284
318
269
309
362
281
295
275
236
309
230
299
321
277
337
294
220
290
270
262
311
207
255
351
182
307
276
241
301
374
267
241
373
216
251
339
360
258
279
271
255
373
205
264
203
297
210
191
305
168
278
251
350
259
142
127
206
235
254
347
310
284
634
548
243
264
275
280
278
399
343
188
244
606
229
246
205
306
232
220
567
261
250
66
196
395
192
252
305
316
334
225
358
316
251
579
236
323
211
90
70
47
171
535
257
207
258
273
180
256
288
174
282
303
227
197
266
264
255
263
250
192
229
313
348
192
250
231
236
191
242
298
132
381
301
376
315
258
239
256
102
330
258
237
371
196
337
216
193
187
283
402
399
132
490
335
379
222
318
385
364
355
290
269
355
184
253
190
293
205
177
249
213
161
193
236
254
198
211
232
162
177
252
174
226
265
218
253
367
319
245
371
236
227
330
303
202
168
228
293
230
110
225
175
225
302
312
209
311
274
444
183
225
217
226
225
210
263
81
146
110
269
231
172
199
296
427
216
222
153
217
187
254
277
197
201
172
203
216
233
213
386
328
293
217
291
161
318
419
306
210
249
189
220
-1
321
148
150
148
251
272
218
133
207
242
302
172
294
216
228
233
54
397
225
211
237
268
262
261
279
284
264
347
205
206
337
275
139
298
247
204
227
232
396
224
213
249
253
240
330
299
287
193
126
347
163
170
277
171
216
240
213
268
268
300
179
511
266
281
257
195
248
204
264
262
286
323
312
268
239
391
186
207
195
373
225
196
181
204
358
284
251
246
301
298
209
328
526
331
212
303
169
288
188
173
194
206
121
263
246
226
182
195
386
170
225
208
323
241
85
229
260
212
135
248
185
353
346
108
189
154
277
205
198
242
106
200
220
293
254
247
166
439
341
357
239
268
163
190
152
186
209
195
266
167
174
179
244
154
131
209
199
229
215
393
202
170
178
167
152
280
177
293
322
470
376
262
290
259
239
348
185
323
189
171
286
291
159
231
392
273
211
167
212
339
233
197
183
130
245
174
215
136
267
164
152
181
159
293
277
272
310
118
299
201
206
163
178
151
170
69
180
102
234
264
190
201
266
279
251
332
268
254
235
245
227
149
144
251
176
127
453
248
205
230
176
334
236
162
122
480
284
156
173
210
177
309
291
217
223
247
246
264
210
116
257
185
190
317
326
328
168
244
211
419
168
173
196
310
572
200
391
147
164
226
182
168
168
157
214
288
114
173
238
154
189
142
222
364
282
177
263
301
174
102
108
102
483
178
340
199
213
111
290
226
444
277
295
167
146
234
320
333
265
145
239
327
203
134
172
173
182
154
57
102
174
176
215
328
182
220
161
284
275
112
245
217
163
185
241
174
305
173
174
333
176
236
97
117
205
123
191
258
25
199
154
111
228
165
147
143
143
200
235
148
120
182
128
215
173
183
204
226
453
193
156
431
287
192
158
301
158
197
169
221
206
197
210
205
194
242
248
176
126
240
146
196
166
237
210
132
221
182
206
207
199
198
154
7
217
227
226
198
126
528
197
132
135
154
211
348
178
160
266
165
261
164
247
222
242
258
114
275
277
406
284
267
177
35
43
232
296
233
176
222
241
112
197
167
126
121
244
302
182
124
204
163
112
173
287
340
126
311
117
154
215
287
245
241
207
146
206
111
154
180
100
206
253
199
183
180
604
182
67
103
346
208
192
191
64
164
289
151
201
116
209
221
233
174
355
223
143
315
245
78
233
255
158
270
122
164
299
124
106
228
159
125
112
178
101
133
271
198
182
223
206
206
193
175
119
151
117
189
10
217
293
112
271
193
120
116
296
109
110
235
179
267
192
130
174
84
81
83
227
214
135
278
207
109
175
83
105
177
106
37
99
35
138
184
132
177
181
131
262
124
179
175
119
82
196
217
154
60
143
127
183
312
119
107
181
156
163
69
58
162
121
175
172
218
110
117
106
149
82
171
121
116
34
201
46
52
107
166
74
130
157
195
130
197
142
156
108
102
66
63
105
115
101
114
74
171
115
154
91
100
102
128
110
247
246
108
61
54
136
95
95
179
91
204
204
74
100
67
67
85
63
136
110
29
76
82
88
51
138
71
88
124
153
103
87
77
48
64
94
76
34
38
53
97
81
84
84
79
67
86
339
231
