649
780
727
702
679
545
840
715
131
749
659
603
584
551
587
623
574
569
605
644
590
608
513
577
544
457
550
585
717
703
663
656
756
838
846
900
1000
763
869
787
754
817
876
861
780
722
661
800
629
824
947
839
924
915
778
1066
825
823
823
815
917
852
759
766
900
839
719
865
860
839
983
972
992
1007
704
607
1030
839
748
764
705
848
757
982
984
861
688
557
790
687
757
893
696
777
798
661
592
773
750
585
755
781
737
742
714
687
630
635
686
713
590
629
679
604
606
616
601
507
639
635
606
534
485
650
419
747
335
542
693
570
721
544
543
563
416
523
562
639
482
652
762
705
468
617
526
610
373
590
848
765
656
626
586
540
618
812
737
678
632
742
761
635
682
581
738
730
773
533
487
458
474
502
368
429
348
437
360
414
457
441
367
594
708
659
592
635
325
379
282
273
276
335
289
338
573
377
639
638
381
517
789
566
668
656
534
627
658
618
837
858
772
756
551
544
242
738
537
752
841
756
477
726
690
747
768
732
598
665
614
743
574
835
553
659
642
837
697
612
738
754
812
828
723
549
443
765
606
495
455
510
361
292
280
380
399
559
615
642
474
350
292
219
408
674
450
563
269
616
546
723
748
391
566
490
818
502
545
478
457
643
712
769
719
645
562
693
643
533
412
451
882
904
924
1075
847
584
591
659
706
703
759
495
496
496
406
469
630
448
430
465
386
356
382
420
587
388
915
488
791
433
635
725
726
833
694
635
500
488
524
495
638
837
764
931
462
678
707
715
656
297
658
764
763
539
633
647
453
488
448
445
655
503
817
633
548
662
641
505
538
628
594
542
682
593
669
562
741
566
442
455
619
702
506
472
721
507
513
848
649
673
771
694
394
591
722
260
542
635
574
670
612
625
464
389
390
470
522
419
422
359
797
240
649
639
658
711
602
717
673
424
703
723
605
566
357
562
596
606
647
330
562
589
655
481
620
381
648
489
458
479
552
538
424
367
318
374
508
570
654
469
497
635
591
575
342
370
368
326
507
525
355
360
578
463
408
478
391
618
601
575
687
672
644
456
594
568
608
398
289
622
567
486
470
530
499
515
496
455
517
475
513
538
539
524
395
507
437
547
527
602
755
623
390
563
620
504
476
624
594
514
545
562
631
530
595
458
417
535
509
566
688
455
561
520
168
239
631
485
660
449
600
580
537
471
626
509
420
674
594
658
660
662
707
632
518
590
558
368
648
452
354
550
489
648
505
501
366
468
498
566
526
422
403
393
380
477
349
394
402
451
489
498
301
417
488
535
516
476
388
416
386
418
665
600
496
475
408
502
474
426
387
385
789
553
339
554
579
533
137
454
389
466
404
429
402
561
411
549
467
500
378
392
425
261
432
277
363
249
492
504
464
467
589
452
523
442
391
390
331
430
494
437
369
537
542
522
431
374
559
496
407
538
479
649
601
497
568
515
558
340
503
298
482
369
474
377
370
432
386
470
423
521
427
454
440
642
346
320
407
185
579
377
312
300
337
507
394
402
387
346
326
382
324
282
307
165
549
580
503
459
493
469
457
478
469
373
404
284
374
351
518
473
524
346
321
319
293
344
358
465
448
350
406
351
373
480
379
579
358
310
457
314
488
432
413
418
401
429
391
349
352
340
392
437
688
332
625
713
526
499
359
474
394
425
502
348
327
300
247
507
378
364
358
424
446
544
641
307
435
421
179
611
319
382
297
263
366
412
329
315
444
335
313
283
472
529
339
493
521
298
390
210
463
377
211
448
316
332
323
428
273
387
396
275
437
318
575
442
320
493
365
374
345
352
544
443
470
296
463
370
532
292
363
309
331
457
368
391
519
437
201
453
339
350
339
288
403
282
338
218
436
654
334
367
476
526
409
365
415
303
387
475
548
316
592
500
431
512
458
361
419
429
382
325
316
269
352
386
278
387
387
368
463
489
348
344
365
423
446
448
428
367
448
367
406
322
374
432
538
570
652
642
417
558
478
484
459
327
336
404
358
410
405
343
432
372
279
404
230
359
304
436
294
531
274
243
298
280
319
390
311
233
314
373
388
359
411
310
402
327
296
470
339
496
304
282
516
369
444
288
142
561
320
445
475
348
491
419
339
432
337
333
389
346
361
454
368
286
298
426
376
280
246
546
346
362
405
583
417
383
420
435
366
264
284
268
336
441
264
472
555
440
363
295
336
354
428
397
411
578
355
554
336
467
392
282
454
366
395
343
393
591
288
470
478
356
302
335
480
394
299
265
203
334
344
300
292
262
373
321
585
342
450
317
383
331
388
501
541
420
363
199
500
227
289
388
362
261
405
241
362
443
281
298
340
347
372
311
481
298
446
326
269
629
514
386
453
274
400
378
300
309
275
319
357
237
403
259
332
407
262
543
345
254
272
504
253
279
369
248
287
405
317
551
332
383
174
368
310
412
223
272
335
435
237
154
244
362
346
423
464
460
328
383
311
222
246
291
266
427
289
293
482
353
311
381
306
256
419
238
348
329
327
367
303
367
317
307
258
525
230
232
201
294
422
415
234
272
318
224
262
266
329
252
249
288
348
305
232
502
253
509
261
231
488
493
476
325
285
252
223
234
237
218
270
326
284
377
296
233
142
271
300
329
269
365
146
153
133
282
188
329
305
169
256
277
484
491
271
470
560
299
295
357
321
334
330
331
266
306
478
576
255
235
223
177
291
243
342
182
292
316
178
132
301
313
336
338
306
319
165
215
166
298
254
281
297
547
294
299
121
198
321
317
363
354
358
386
357
370
414
268
185
228
206
205
326
154
331
234
207
189
265
296
171
286
261
287
235
258
166
380
399
234
253
254
396
236
224
240
220
297
344
195
208
287
470
309
256
285
142
280
385
219
220
190
189
222
262
312
264
299
293
238
359
186
234
107
457
290
192
-1
162
227
560
482
199
209
279
240
276
675
379
303
283
205
225
210
197
198
180
435
310
229
434
232
309
270
275
221
173
199
201
261
229
200
345
335
329
198
211
310
293
226
278
339
299
216
316
221
320
235
348
162
179
173
209
354
346
421
363
202
134
327
170
366
190
213
283
294
372
256
240
411
165
192
190
186
194
225
175
146
228
347
482
227
434
261
245
322
138
388
325
218
319
325
291
266
303
241
303
154
431
250
380
280
274
233
695
333
209
265
174
202
226
236
188
123
134
138
211
499
167
172
208
202
255
240
180
332
353
307
245
217
168
179
173
283
250
233
211
229
314
251
389
286
305
243
235
317
140
204
215
267
407
260
324
153
262
274
257
301
410
199
247
415
96
275
201
333
130
193
193
285
199
274
199
182
205
384
190
504
436
253
332
178
160
267
337
260
297
243
158
236
214
133
131
331
498
125
129
181
141
224
303
330
211
530
218
344
255
298
160
429
179
267
211
148
410
232
230
113
275
424
327
171
252
198
251
167
246
254
206
191
177
271
114
350
236
177
249
99
511
177
305
315
201
184
320
139
441
434
238
235
408
116
342
196
301
369
184
186
311
308
161
326
230
139
157
199
195
196
200
157
214
277
164
255
419
238
185
278
254
515
303
177
211
149
305
142
282
302
396
191
207
148
151
191
151
317
294
321
183
226
153
162
147
220
227
128
166
262
159
291
203
206
219
172
156
265
302
236
193
163
156
134
185
186
207
136
201
198
231
125
169
329
191
305
220
234
176
294
149
106
142
180
169
96
115
175
177
158
94
241
258
148
214
219
182
184
158
193
232
189
176
169
239
224
180
130
389
171
262
268
147
202
98
395
194
153
176
162
157
313
263
40
268
193
157
119
230
310
233
172
109
171
263
122
231
162
352
246
287
180
140
365
181
373
165
334
164
177
196
136
180
192
181
141
178
179
135
220
215
162
171
160
204
286
247
244
201
228
187
216
226
221
235
184
210
240
110
211
103
299
215
0
337
142
259
221
165
254
130
208
151
197
168
246
188
238
247
220
125
167
259
116
126
210
128
274
295
120
103
145
170
62
48
662
331
287
154
162
288
248
125
243
124
131
407
133
115
132
299
243
161
177
196
152
159
263
102
163
243
114
361
399
256
164
198
140
157
259
126
192
111
251
126
178
173
292
175
128
150
205
155
264
148
204
323
215
161
188
187
168
304
226
142
171
141
126
477
120
266
381
196
157
119
150
108
174
136
308
151
263
175
142
136
289
115
227
119
257
172
173
145
130
152
134
152
141
88
219
154
344
133
75
293
157
130
146
290
98
92
280
241
156
213
234
134
251
199
142
63
113
279
145
102
117
129
208
132
98
103
243
204
127
129
206
103
181
165
161
80
154
200
137
159
160
223
101
131
107
253
142
129
207
109
132
114
70
177
97
139
173
175
197
276
162
144
134
71
81
134
99
95
166
101
91
107
96
172
151
147
101
116
112
170
215
164
120
138
85
137
148
136
145
85
202
151
131
125
116
84
183
75
105
102
122
80
61
133
90
89
167
58
137
116
90
192
41
87
79
53
55
101
142
76
106
120
42
149
84
69
71
85
98
45
80
40
85
62
91
33
40
84
96
95
51
50
158
39
80
440
115
