1395
1040
842
813
725
531
990
865
133
868
828
744
931
1014
737
742
624
650
681
724
750
724
852
1120
1127
849
657
707
731
751
725
778
987
986
1040
1143
1196
938
999
984
1037
1041
992
978
938
972
941
953
1366
856
1112
1259
1102
1244
1032
1273
1096
981
1364
1037
1103
959
998
1303
939
960
935
969
1029
1067
884
795
944
965
1244
1298
862
892
954
835
955
962
871
1314
831
684
1458
1865
847
979
906
988
896
796
786
818
1178
927
812
1347
1605
1190
778
752
819
918
1009
864
957
1142
1221
1063
1359
914
919
955
856
1710
1007
829
978
780
1073
897
1026
958
1345
744
1244
925
813
853
841
808
1083
697
767
771
1289
1728
1107
969
801
727
923
833
761
751
842
742
668
643
693
661
686
800
939
959
769
845
745
919
890
758
734
803
807
729
666
897
883
793
858
815
882
660
930
948
679
937
785
850
1384
700
562
1361
799
533
726
782
714
660
757
880
-1
1018
991
991
756
543
803
709
736
756
597
1463
837
793
739
944
764
781
882
626
1199
890
621
748
708
745
704
748
839
812
818
747
882
663
921
782
1024
767
677
689
698
674
825
719
845
918
757
711
723
1167
1097
652
689
697
1711
1889
1035
1233
1242
1249
991
786
665
791
753
975
926
903
642
675
1159
684
1155
805
747
1037
780
638
897
1185
581
585
602
473
483
717
831
836
773
714
612
739
670
660
446
995
813
737
939
749
803
921
613
972
624
884
723
654
630
653
670
680
665
669
793
617
677
698
645
587
592
837
652
571
803
555
643
719
731
602
799
648
706
1034
684
584
664
936
690
635
869
957
772
700
788
780
836
497
664
656
511
772
1000
885
795
579
624
740
572
610
622
1070
720
673
711
630
538
550
679
618
630
1174
553
793
512
551
738
624
604
535
558
473
514
702
837
757
616
589
898
728
683
969
526
568
685
692
769
784
665
646
645
551
536
519
517
904
547
969
630
536
547
565
503
743
730
579
649
583
764
557
732
663
592
609
966
475
532
612
659
714
852
673
427
466
524
715
552
634
576
577
415
455
635
820
797
725
611
604
572
579
438
422
484
378
692
627
544
890
665
669
490
529
416
676
693
880
779
731
719
703
585
540
706
706
628
690
776
706
676
569
604
586
544
509
610
521
667
622
577
835
638
592
973
531
553
546
676
698
972
524
622
427
457
585
583
567
500
481
591
649
646
473
562
580
726
569
674
421
512
896
517
680
569
546
698
749
496
603
693
561
726
532
523
632
608
617
641
528
958
632
516
581
594
878
472
569
404
520
424
486
483
587
711
552
436
489
448
487
491
476
514
411
561
473
475
548
530
507
632
552
544
668
570
502
496
475
436
501
686
612
482
786
657
435
445
356
371
330
486
432
370
810
571
715
269
316
907
488
489
435
468
633
659
514
423
492
692
556
774
697
504
482
429
399
390
400
539
445
744
440
539
360
352
356
369
420
549
840
419
540
576
489
603
373
348
725
471
748
548
651
532
497
553
398
548
425
440
323
484
335
531
435
425
391
831
529
572
552
387
400
434
553
405
357
527
521
752
1143
474
360
199
376
417
469
423
636
569
516
352
347
391
412
505
593
546
495
536
551
512
454
469
462
472
344
412
348
483
532
470
431
296
431
407
347
416
399
406
479
347
461
441
513
443
573
360
301
619
324
379
402
333
362
352
369
345
467
378
309
380
425
646
368
695
729
423
468
713
625
439
517
526
393
455
598
801
329
394
427
405
440
491
823
906
420
452
434
892
572
367
372
305
333
404
536
398
507
388
346
349
469
517
353
379
548
515
313
562
779
477
422
542
421
310
269
327
335
425
386
339
326
434
322
616
348
289
404
301
540
287
286
493
403
363
313
363
524
274
429
839
251
327
428
367
404
536
368
161
483
333
347
248
286
404
489
379
418
405
574
258
414
355
367
330
326
324
258
382
429
553
319
470
498
266
422
331
371
450
327
286
318
299
444
351
364
385
465
407
401
469
412
302
309
302
364
362
325
350
256
405
297
389
292
320
425
424
384
424
390
254
447
307
341
405
312
318
653
414
384
413
558
330
366
280
445
823
319
312
382
253
434
304
246
304
324
339
352
315
200
290
313
272
301
375
236
366
316
344
573
412
442
305
306
406
409
525
236
535
499
338
433
419
278
561
341
315
604
275
260
409
231
238
459
253
201
231
328
277
685
223
651
374
441
288
574
363
306
332
335
304
241
293
219
313
452
349
312
755
386
271
260
208
261
428
410
416
525
320
542
248
317
397
277
345
255
334
295
294
606
232
446
383
266
297
234
285
292
205
275
248
283
810
222
205
198
527
211
539
336
515
297
337
247
390
643
603
352
311
354
365
225
303
414
355
213
337
231
429
329
208
448
275
458
295
406
518
227
414
242
241
525
401
356
372
215
297
435
324
299
296
251
463
205
297
201
297
287
261
342
353
294
217
470
354
378
359
231
324
361
205
381
426
340
148
475
209
425
248
259
282
1074
258
331
654
271
243
324
483
644
237
301
207
171
204
239
181
316
230
205
388
330
371
324
293
270
541
208
252
233
246
449
289
323
453
251
175
509
300
575
786
261
235
574
174
273
200
169
264
220
240
209
212
385
439
220
153
410
194
385
184
166
537
290
303
356
229
186
197
207
245
167
235
245
264
249
201
203
141
252
342
238
233
294
719
688
611
507
161
278
252
310
221
161
272
301
157
416
548
284
248
269
246
280
275
263
226
393
311
467
195
339
162
137
232
198
306
365
277
366
164
124
222
232
257
592
222
178
160
193
131
246
313
180
172
410
403
407
116
286
297
369
314
277
397
386
431
334
605
360
123
204
170
205
207
140
215
197
140
163
194
221
147
224
218
288
240
241
146
260
298
151
176
275
362
284
219
238
188
269
276
157
146
375
360
241
268
212
133
220
390
175
153
163
149
181
193
235
200
227
220
183
486
338
143
76
461
222
181
573
122
232
411
306
152
172
194
174
210
545
215
285
313
201
245
194
181
193
175
296
254
189
398
218
272
205
234
174
127
221
189
238
186
168
461
284
481
230
189
282
248
372
268
236
247
188
357
182
177
200
395
184
207
196
223
422
282
435
200
161
165
228
111
296
142
165
245
236
322
215
210
568
147
161
147
235
228
159
241
145
181
217
415
202
272
196
176
270
239
342
197
204
245
261
221
197
229
204
198
161
368
223
318
195
273
177
689
211
130
223
164
160
176
177
186
117
123
149
175
388
170
155
167
198
167
277
126
262
210
221
169
161
102
174
159
189
150
186
167
157
264
219
369
341
252
173
204
212
109
150
145
273
270
344
356
89
224
478
175
284
380
218
203
283
104
166
159
305
132
166
190
215
155
179
131
182
165
263
220
292
225
152
198
122
98
210
228
227
259
314
139
132
144
99
106
238
228
127
92
138
124
207
289
218
323
353
180
449
301
277
118
474
134
175
242
131
266
174
163
127
223
221
318
150
211
198
183
124
247
227
144
176
142
185
117
254
251
150
275
127
382
174
206
183
140
186
206
95
304
317
154
239
341
92
303
191
228
317
156
239
237
181
113
273
155
97
148
179
123
272
230
156
155
182
139
291
392
239
118
201
209
518
260
133
175
124
304
124
182
141
305
170
174
153
150
182
111
246
172
313
125
156
121
163
162
192
212
159
106
177
113
205
164
141
250
204
102
481
262
153
186
104
133
124
164
135
194
123
123
153
160
112
166
399
224
245
266
388
154
222
123
102
94
120
115
100
133
164
339
114
95
187
226
125
172
179
174
214
442
190
326
172
158
176
196
256
146
118
351
195
182
250
160
147
85
204
246
121
147
150
124
316
360
40
209
225
197
115
228
229
137
85
100
115
193
91
173
135
467
154
144
143
91
372
163
185
174
257
159
320
115
147
165
145
135
132
131
183
110
181
211
154
166
136
258
195
195
163
230
190
126
159
135
209
193
137
183
195
103
182
113
277
159
14
237
119
284
192
77
283
143
154
96
143
142
242
145
203
165
150
102
121
169
95
141
296
111
266
178
114
89
128
127
252
287
521
349
165
176
166
226
104
156
205
95
99
340
120
105
86
205
131
109
156
164
143
92
196
86
143
217
114
247
234
227
119
216
92
121
194
124
149
81
179
129
166
181
249
177
81
152
192
121
199
89
157
315
155
158
173
218
171
233
172
107
145
135
102
512
93
162
343
155
128
146
136
113
155
113
192
116
209
126
129
82
148
91
241
115
234
185
188
152
214
87
142
87
137
39
214
126
156
118
79
121
169
112
87
212
93
71
331
240
125
209
144
115
127
198
401
62
129
193
98
99
104
93
238
93
119
89
238
116
109
99
192
91
118
227
135
76
135
218
55
181
220
156
61
96
136
192
152
93
165
84
114
78
73
76
94
120
150
148
200
204
139
101
103
61
76
143
114
90
149
93
77
122
82
93
103
142
116
81
110
136
131
117
108
91
199
87
88
85
94
72
152
91
148
75
73
118
113
68
112
112
91
58
38
115
94
93
143
68
128
104
93
123
50
62
77
45
74
113
143
60
66
80
46
109
62
61
53
78
82
56
64
44
58
48
43
34
42
70
80
165
47
47
81
36
47
701
124
