868
1022
1043
999
950
836
1145
978
117
1012
943
917
787
794
868
860
835
863
852
994
848
834
723
814
685
687
797
918
1020
1048
1009
1036
1109
1155
1371
1443
1415
1174
1325
1112
1186
1261
1245
1275
1221
1125
1040
1196
975
1152
1443
1316
1479
1264
1195
1396
1361
1231
1349
1384
1500
1313
1267
1207
1354
1288
1288
1355
1417
1366
1426
1256
1427
1354
962
826
1528
1276
1107
1255
1095
1323
1270
1149
1506
1377
985
950
1257
987
1264
1149
1125
1154
1020
881
956
1062
1119
871
990
1152
921
1089
1071
1065
1068
1016
1040
1046
868
971
959
894
949
956
868
870
872
954
897
809
756
1126
692
1051
668
831
1088
889
1089
944
855
959
652
828
878
939
722
734
1029
1157
655
927
742
862
531
855
1228
1184
904
950
946
825
825
1190
1194
931
922
1251
1242
999
1036
925
975
1059
1188
841
832
794
806
789
593
653
639
688
636
634
810
611
460
868
941
1012
900
691
534
640
494
460
468
556
480
582
553
621
852
849
498
810
1043
854
981
970
851
724
945
1079
1224
1259
1388
1278
849
881
481
1042
748
1241
1206
1198
763
1087
1119
1165
1228
1087
996
1090
1066
1196
859
1114
965
987
1059
1322
1055
973
1309
1273
1143
1267
1072
877
706
1353
1043
710
617
554
522
407
427
581
625
722
724
938
785
335
485
366
673
1117
652
836
298
1003
868
1149
1188
685
906
818
1407
889
886
838
826
956
1002
1128
977
1125
1071
1159
843
865
800
734
1451
1414
932
1180
1148
979
954
728
1114
1092
993
830
770
799
654
778
1051
679
617
688
554
489
522
634
1059
561
1282
944
1029
696
942
1080
1059
1255
1106
1119
864
828
715
723
889
997
1089
1183
700
1028
1002
1126
1153
429
1144
1058
1137
970
969
1265
614
967
823
717
1025
945
1188
1090
895
932
899
748
806
1104
835
870
978
975
991
860
1098
1085
828
844
1032
1046
745
725
1251
866
936
1150
1042
1068
1169
881
668
974
1016
290
933
845
1074
1150
912
965
787
671
615
750
925
587
584
601
1141
266
1038
803
856
997
943
846
957
636
1025
1022
901
977
403
996
939
903
1070
570
952
840
958
935
993
562
915
823
899
1052
1027
833
657
638
533
645
808
724
1206
690
782
1190
1131
1093
580
661
584
567
958
957
605
578
924
628
700
701
575
1121
1100
692
981
949
814
524
979
852
1123
495
496
885
869
703
711
892
933
949
877
800
909
858
849
848
839
802
651
769
705
983
709
965
1069
1177
541
779
868
634
706
931
930
968
908
853
1007
992
892
734
790
815
900
988
1100
855
952
528
276
392
979
792
923
741
895
987
751
738
1105
891
718
950
976
985
1059
888
723
936
831
908
850
505
1202
834
667
818
712
987
895
880
688
791
730
1019
1043
758
748
733
676
817
639
797
758
834
994
922
447
799
853
1040
802
853
764
776
710
757
962
850
877
566
495
743
776
743
731
691
986
731
666
978
964
816
348
823
546
785
719
809
736
856
902
789
710
888
630
690
551
459
723
463
677
459
673
942
743
879
895
789
841
739
744
694
666
705
589
706
726
802
999
938
665
677
836
822
613
652
827
1176
993
829
935
974
974
646
866
636
854
758
829
694
722
786
480
650
809
706
762
723
786
-1
592
548
731
280
892
324
574
514
469
837
741
677
627
607
538
565
613
677
597
323
773
846
941
931
924
892
875
837
845
739
768
599
695
703
777
848
849
662
669
675
626
598
668
853
854
553
818
676
694
863
751
980
714
596
718
599
811
732
743
729
712
754
672
585
620
701
726
727
781
688
859
1004
788
924
451
592
555
604
768
508
598
498
386
728
658
751
683
768
825
734
953
465
584
584
385
1009
572
683
657
648
671
701
620
582
782
610
528
468
820
861
578
724
689
616
722
329
754
663
442
576
607
712
591
682
449
693
712
592
870
656
945
727
618
806
677
589
595
614
802
715
781
530
846
535
721
552
573
667
632
803
686
519
942
666
402
657
672
686
543
374
733
518
618
361
736
801
661
731
837
874
834
723
772
595
660
780
909
646
986
828
675
809
657
576
712
715
596
649
594
498
688
682
514
700
645
562
630
728
653
653
716
776
745
707
864
695
572
648
680
577
606
812
959
841
990
875
680
1008
770
1257
738
646
677
671
461
613
727
516
705
663
296
824
270
484
568
728
581
844
610
561
567
492
601
721
668
526
617
688
627
608
716
594
705
607
570
719
626
733
586
564
817
537
659
555
460
684
575
733
858
452
898
615
814
659
635
609
621
707
717
662
587
500
518
771
540
427
525
885
450
564
746
1011
690
563
622
587
548
546
572
474
615
578
458
582
556
794
671
537
543
624
782
763
722
814
608
890
574
988
695
560
654
491
699
635
597
751
579
884
538
569
587
556
611
698
451
558
445
591
520
454
500
518
599
572
742
662
916
570
629
538
655
776
874
650
592
376
813
469
584
706
595
495
718
457
642
690
471
530
545
565
575
518
675
498
680
520
535
686
497
628
691
550
614
612
600
557
509
630
634
596
547
442
654
585
469
762
649
577
511
879
419
512
701
533
718
760
559
660
533
581
396
658
471
805
452
521
641
466
511
296
366
656
429
585
792
510
541
652
532
486
488
524
450
698
554
506
720
722
550
544
476
421
645
494
721
640
580
496
457
604
393
571
522
870
463
342
213
531
714
503
538
509
477
431
535
446
520
547
550
531
694
529
385
616
497
604
470
432
814
832
834
612
551
485
321
429
480
366
505
542
541
689
463
472
348
519
565
524
572
515
159
167
128
438
404
581
475
505
517
429
653
780
389
780
625
584
479
555
514
558
530
506
392
572
843
848
462
418
396
379
483
454
604
316
565
543
418
330
523
513
535
385
585
553
315
437
379
550
489
407
404
579
505
510
308
422
655
555
483
600
672
654
631
568
582
554
347
521
421
406
518
296
582
400
294
385
408
450
353
498
482
366
388
528
366
498
614
425
494
550
710
517
508
389
367
560
580
400
370
511
880
472
406
473
480
424
624
442
426
421
388
438
399
506
462
458
462
451
671
310
497
277
585
485
371
642
341
398
786
732
429
423
423
435
497
666
444
443
431
387
416
401
403
419
380
428
526
387
722
442
548
435
504
394
360
411
360
435
346
313
404
538
548
334
404
530
490
334
406
552
500
447
437
454
471
390
614
364
395
368
395
527
549
552
474
331
329
510
310
490
407
377
453
459
674
499
464
750
397
377
384
410
415
362
352
386
366
523
588
355
526
491
437
418
448
708
494
474
559
623
543
387
475
473
509
369
608
482
697
445
558
457
551
601
376
497
393
372
341
354
431
322
310
310
388
690
357
384
431
454
433
448
363
538
560
592
397
411
247
414
312
443
328
366
386
356
496
462
618
555
317
351
389
454
281
410
351
513
583
429
503
282
507
487
403
559
450
376
395
725
180
417
353
697
352
428
388
495
345
653
496
323
335
429
402
595
534
344
485
299
269
424
445
474
566
477
351
348
340
287
275
553
464
311
319
373
336
449
450
633
514
897
365
699
441
385
337
656
333
465
386
343
510
437
390
243
469
493
440
267
474
406
447
300
465
395
275
403
274
509
285
566
496
322
427
191
547
348
503
431
349
263
640
234
589
600
355
452
625
285
626
449
543
538
371
410
470
485
275
436
349
298
356
481
331
424
360
344
396
339
300
621
647
332
326
375
373
710
512
367
337
289
496
314
418
416
601
365
331
352
342
406
287
515
381
668
289
365
314
332
358
343
473
263
210
453
249
396
340
318
410
390
287
506
558
294
343
258
378
338
410
337
409
307
274
396
449
278
403
469
429
378
477
297
376
482
331
223
324
304
259
252
241
353
360
285
245
423
389
213
344
432
352
342
158
289
413
274
357
334
398
460
314
292
596
287
424
391
317
375
234
320
477
285
326
341
310
571
430
139
442
351
336
261
361
470
276
227
273
296
335
258
342
286
497
346
363
348
193
582
349
362
381
529
381
408
268
356
386
323
264
299
333
322
320
372
389
301
323
327
314
433
413
310
360
420
257
395
344
433
467
267
380
341
266
429
272
519
400
155
561
355
440
400
225
570
327
306
230
327
355
474
325
458
403
251
290
280
385
274
249
389
228
363
533
287
259
311
306
54
56
611
494
317
329
328
437
171
299
293
225
218
606
326
242
222
339
275
241
320
378
322
220
395
269
292
485
253
399
494
356
331
336
186
275
385
246
380
248
419
249
347
397
407
221
178
381
380
346
422
182
337
517
378
353
296
390
363
453
304
299
376
268
322
504
154
326
440
379
249
258
296
295
235
196
357
212
571
326
211
224
289
242
448
293
422
352
353
391
273
172
289
188
325
92
420
322
381
279
190
365
228
306
220
190
236
220
483
329
281
432
241
210
317
367
236
154
234
491
206
206
212
177
335
212
149
160
202
308
282
224
372
228
218
336
320
198
340
319
130
413
371
389
169
217
197
511
360
213
184
228
203
245
130
96
192
210
283
282
405
216
196
218
223
144
199
257
224
200
335
107
102
189
189
285
297
329
262
268
272
334
368
305
229
218
234
217
238
211
244
147
340
235
306
185
179
187
268
169
255
251
236
108
79
258
176
176
304
115
257
249
124
177
95
124
128
90
135
198
121
131
154
193
72
244
142
134
153
212
164
110
124
68
126
119
126
57
57
109
157
79
103
103
117
89
109
805
294
