161
195
225
219
231
204
245
218
21
218
231
194
173
156
174
201
210
226
206
229
182
193
173
184
145
144
163
217
232
258
213
264
238
253
270
293
252
253
263
257
224
250
260
263
241
221
201
215
187
240
287
262
258
252
238
206
260
221
240
279
270
234
256
217
269
239
267
245
262
251
281
235
270
282
168
144
271
258
199
258
175
237
267
170
241
235
181
171
233
208
262
237
245
253
228
187
148
210
242
130
177
211
205
258
227
208
210
211
214
200
169
182
182
171
179
204
183
150
177
189
171
173
138
245
143
195
111
175
188
175
233
197
216
210
124
174
180
189
132
117
198
245
124
179
141
161
106
181
270
217
187
207
196
157
172
290
265
179
184
267
257
193
210
223
220
211
260
168
184
153
156
167
111
117
131
145
117
115
171
133
82
192
168
196
196
128
116
137
104
83
91
109
99
118
93
112
180
182
122
173
231
199
257
240
210
103
174
228
232
229
277
284
199
195
70
229
179
297
273
274
162
235
223
247
247
230
202
225
237
221
157
253
222
229
213
294
227
218
261
295
264
225
219
153
130
279
264
185
94
68
105
61
71
89
101
173
161
202
197
54
106
72
157
265
104
186
48
250
179
234
261
155
194
158
285
172
189
204
211
178
197
217
213
253
286
275
195
203
183
149
250
239
121
193
252
192
250
122
272
255
211
218
210
217
170
213
248
142
119
158
108
99
103
119
275
123
232
206
234
171
236
247
224
241
252
273
242
160
155
150
152
192
226
201
114
190
190
224
235
87
235
184
222
232
233
244
135
279
211
183
303
226
263
262
218
168
185
184
167
288
201
213
236
258
220
142
251
185
186
187
229
227
177
200
255
200
206
188
263
252
224
227
110
215
193
47
271
206
264
262
158
173
175
135
130
172
220
146
144
122
263
44
249
189
208
249
258
177
227
154
255
232
178
224
72
216
232
191
196
120
228
217
195
198
208
114
178
143
257
198
275
200
182
157
158
191
199
91
179
139
168
251
232
245
191
232
202
230
287
300
205
108
240
151
179
157
169
246
233
135
161
176
141
61
198
206
258
104
136
215
156
126
124
221
225
219
197
200
243
286
257
194
279
131
184
175
130
242
176
209
197
260
107
192
193
163
187
234
231
254
277
235
244
239
244
185
184
216
193
175
264
263
304
63
32
83
252
271
199
157
168
243
174
215
264
226
203
239
235
234
210
205
139
241
235
202
179
75
262
362
379
204
188
276
202
201
182
219
228
264
253
411
329
328
311
334
230
351
220
210
247
232
81
244
190
278
164
237
250
273
297
342
214
197
255
91
76
221
188
222
219
249
171
199
181
204
253
180
68
202
115
262
247
323
293
209
185
191
183
239
159
175
126
109
189
186
269
112
123
283
206
293
167
256
216
191
255
230
169
186
108
144
174
141
245
250
196
241
242
173
155
116
225
243
242
214
256
213
253
262
266
351
288
306
222
317
299
278
93
115
266
147
263
223
253
236
172
147
230
50
189
56
158
146
115
237
249
222
190
159
129
159
195
249
253
66
195
195
282
291
281
286
283
273
262
257
216
249
230
276
231
216
228
303
328
248
129
162
180
273
266
178
235
255
223
246
211
222
345
306
159
269
239
171
227
259
243
244
248
186
249
347
227
212
191
328
200
183
204
245
84
122
139
146
216
136
142
130
77
169
196
236
297
238
238
140
200
87
107
139
57
137
183
223
324
301
212
200
231
132
253
211
190
100
235
192
214
216
194
300
150
51
230
212
118
158
229
306
212
232
114
233
309
349
298
273
244
178
267
209
191
133
219
229
183
232
241
204
197
119
175
188
98
246
294
229
214
163
251
224
122
163
253
224
278
118
239
100
172
77
204
218
166
259
279
283
272
234
249
249
219
202
193
244
255
206
218
197
183
143
169
303
270
246
301
172
256
270
186
161
178
170
147
219
298
282
281
275
274
281
315
241
133
245
144
241
220
219
123
118
134
130
154
129
132
231
248
265
263
185
101
201
227
97
238
278
59
253
46
161
208
216
303
218
278
195
216
127
305
215
316
369
235
183
153
198
224
292
210
202
180
166
181
216
311
291
242
182
153
225
59
155
240
161
285
208
232
207
243
150
252
251
164
246
233
214
188
197
293
284
229
93
333
202
133
160
308
237
238
214
194
170
218
235
180
180
206
132
110
116
93
253
272
235
234
234
200
208
207
197
215
212
234
190
173
309
228
197
217
228
195
157
310
274
127
271
237
258
174
222
194
261
235
257
102
241
281
287
184
262
187
252
263
182
145
330
185
177
229
180
200
123
134
249
323
186
178
172
254
224
177
203
279
103
260
166
212
143
159
195
174
275
194
160
149
222
228
122
191
142
202
194
169
291
199
263
224
231
250
241
196
174
261
288
260
244
98
142
219
271
197
254
262
209
124
200
232
155
234
240
190
274
268
70
273
76
98
305
165
182
224
86
276
190
237
290
288
253
260
261
166
255
259
301
178
189
200
207
199
231
163
119
252
111
149
234
66
239
259
224
204
70
30
155
207
102
344
196
225
293
235
215
261
296
295
173
238
167
232
162
328
142
250
259
179
183
173
233
274
267
74
184
277
244
134
256
178
249
211
399
270
234
258
191
237
142
26
18
15
96
286
285
245
113
290
144
197
193
166
186
157
206
177
187
178
169
165
161
134
151
249
214
235
219
285
276
181
280
212
49
200
149
400
357
263
239
244
86
292
272
240
210
193
208
170
180
153
146
236
230
182
222
276
230
147
255
232
216
189
240
154
242
224
213
219
185
165
231
217
194
158
186
228
209
201
141
175
130
132
213
218
217
209
257
291
303
229
233
207
219
257
167
242
256
214
135
201
231
123
245
197
229
213
181
228
368
381
258
162
206
220
260
248
241
185
66
140
126
159
215
206
98
247
280
151
184
182
173
171
228
297
97
165
153
130
171
163
199
266
207
189
142
234
124
226
255
235
191
218
248
251
235
181
155
146
150
105
216
120
131
231
227
216
71
165
95
183
272
79
244
223
208
171
180
185
179
168
175
262
178
192
171
321
267
167
205
259
232
226
232
264
253
247
163
258
257
401
158
179
227
118
401
160
123
175
146
177
263
240
138
208
209
97
271
234
260
248
194
237
228
152
270
201
297
234
220
172
329
85
116
234
258
243
228
166
206
259
286
255
243
186
178
178
238
371
236
251
183
221
224
128
117
227
254
183
225
249
211
192
200
179
208
194
229
137
194
71
244
189
174
224
198
183
209
192
90
137
171
285
91
195
199
88
199
176
191
191
219
171
310
238
215
333
288
169
166
154
174
249
76
173
86
93
210
234
223
214
242
205
187
176
243
283
214
249
251
253
268
114
231
344
277
369
256
186
232
133
235
227
210
123
139
326
184
174
249
123
206
192
194
108
267
240
91
127
155
239
149
210
160
201
148
167
213
185
168
348
239
271
166
132
178
143
158
117
146
158
89
123
101
166
171
248
121
152
378
201
313
271
173
320
195
199
117
181
185
169
162
255
163
241
140
119
404
291
164
131
342
203
115
220
181
198
126
178
262
226
306
220
216
252
72
207
187
222
238
248
227
242
187
193
263
181
138
212
209
290
136
220
122
108
190
186
159
184
196
198
222
151
129
224
145
191
162
291
279
338
219
173
325
176
96
119
188
310
124
208
135
153
73
206
215
293
245
303
178
141
279
301
231
117
190
274
199
222
148
182
121
178
151
28
97
124
155
235
215
147
191
186
492
189
112
255
145
186
209
254
87
246
240
238
289
239
188
101
94
185
116
160
257
68
205
150
153
202
225
133
245
169
191
124
180
103
194
159
173
184
132
210
204
308
146
198
323
297
226
206
220
192
144
227
202
216
168
162
248
104
233
242
174
142
208
138
280
197
183
227
158
220
142
203
220
169
156
164
23
203
258
157
203
136
236
283
161
189
193
188
185
218
116
235
156
312
211
152
236
148
139
157
140
213
317
251
193
200
10
8
125
123
137
169
168
219
79
202
134
160
134
172
274
265
144
144
169
132
221
208
245
170
150
154
198
199
290
109
178
175
139
191
161
193
190
160
220
317
201
145
206
268
134
76
115
220
214
212
207
94
156
117
161
226
118
166
160
221
126
226
264
139
273
135
89
195
157
157
184
110
160
275
144
139
122
135
120
116
123
101
147
241
133
165
200
203
202
189
123
137
202
162
174
48
211
311
55
172
159
69
153
167
137
84
-1
267
124
138
154
184
78
111
78
175
76
142
257
198
120
182
112
153
144
188
61
130
34
160
233
188
185
140
157
245
161
304
161
122
73
159
147
171
59
157
89
178
274
137
71
197
111
178
108
77
173
113
142
144
239
93
92
131
134
136
236
135
128
39
196
15
53
131
186
67
159
194
208
184
269
141
181
140
134
120
43
142
152
143
148
123
157
146
117
125
161
109
171
122
335
330
153
100
78
153
132
129
177
98
110
270
81
94
73
86
96
58
123
144
23
99
131
129
67
155
142
100
135
146
130
100
77
50
92
122
84
62
64
80
105
50
107
107
53
84
84
167
177
