834
991
1042
976
964
881
1067
940
92
942
947
903
762
729
820
869
862
940
859
1047
801
829
679
749
651
660
770
904
970
1068
1038
984
1072
1080
1115
1249
1304
1269
1332
1233
1259
1300
1185
1330
1199
1093
1023
1191
1013
1199
1422
1197
1117
1122
1183
972
1100
1073
983
996
1099
1024
1159
933
1102
1026
1257
1094
1106
1034
1156
1060
1075
1215
859
673
1123
1130
862
961
688
940
966
726
954
963
943
716
998
1010
1339
1053
1092
1092
1008
866
674
1013
1236
638
645
945
968
1199
1102
939
895
888
922
811
707
817
855
755
799
802
743
692
827
856
733
708
743
1064
605
896
565
744
844
711
1190
736
728
788
516
750
782
866
581
516
981
840
595
866
658
725
459
768
1004
926
884
962
913
740
733
1164
1228
787
825
1033
1076
977
978
820
908
1083
1084
747
747
706
691
711
493
532
491
607
553
512
756
534
390
752
619
959
905
492
434
551
396
373
359
466
375
413
445
476
898
901
531
717
902
694
985
943
792
556
782
897
887
868
986
919
848
822
410
1131
734
1172
1135
1021
652
1039
886
911
1030
976
816
1054
827
957
629
1030
855
841
873
1013
1135
930
1189
1115
1041
943
726
605
511
1019
760
713
491
325
475
314
308
541
599
689
727
840
693
265
394
308
505
1088
534
800
226
831
729
1108
1241
602
646
524
993
832
854
860
851
868
922
1047
1010
1269
1238
890
779
850
844
599
893
866
478
671
1070
751
1044
507
1107
972
954
703
693
682
557
671
1190
608
548
654
488
438
461
550
1105
572
934
863
947
677
911
1172
994
909
1111
1062
850
746
715
724
725
917
991
742
492
793
913
966
900
446
967
742
868
1134
918
848
532
873
643
613
914
771
895
1122
848
751
818
772
764
999
834
840
862
1045
978
601
853
816
808
839
980
949
595
599
915
910
936
789
826
1130
883
839
541
634
824
213
1061
890
1290
1221
695
708
663
552
571
678
821
640
640
481
949
177
967
739
763
942
951
719
1063
695
880
959
681
1099
349
969
981
1060
754
527
973
943
1026
772
872
446
754
583
1189
821
1247
829
489
441
426
470
626
353
592
523
683
912
937
924
442
551
505
436
808
1009
539
511
1060
639
529
696
636
1055
884
530
755
769
681
292
777
871
917
239
360
790
544
388
404
604
637
619
590
633
701
568
645
705
694
618
626
630
582
861
738
843
909
1033
460
849
820
639
698
946
973
1145
963
954
985
1037
1022
683
623
832
809
637
1025
945
1174
223
176
382
1019
589
906
695
696
1066
768
762
1304
1121
632
952
975
933
864
927
686
1102
1023
833
730
293
896
747
674
880
786
954
787
789
513
585
696
831
765
685
650
649
561
549
573
572
762
694
1004
858
335
659
913
966
711
766
615
558
507
684
1015
916
695
421
343
806
630
851
784
790
706
707
525
813
1014
535
244
687
510
588
504
576
559
879
624
828
829
837
445
466
302
307
472
389
497
380
475
743
738
579
722
947
781
653
1002
955
647
646
574
646
643
631
1014
942
751
742
722
699
597
421
683
884
955
632
1035
769
1043
522
901
762
1117
903
842
548
646
816
422
490
739
684
952
931
602
824
451
435
535
212
707
257
406
448
395
670
628
684
607
489
426
401
475
626
553
260
755
867
1259
1189
1176
1188
1144
1117
1064
735
555
525
496
976
879
729
1008
562
560
622
457
563
460
817
802
612
593
551
532
869
691
1085
495
518
568
649
814
575
733
931
902
945
846
480
539
523
736
597
739
604
780
845
837
942
289
402
506
556
721
486
528
389
263
619
524
657
594
848
827
660
897
349
495
495
278
455
575
626
499
656
645
759
503
548
796
552
431
436
633
594
548
788
743
518
626
209
789
662
322
301
528
564
462
687
410
793
865
573
775
601
1112
653
560
787
665
615
591
620
629
718
779
536
593
464
646
446
452
523
600
933
527
523
777
687
308
609
762
552
598
476
880
448
494
310
962
816
512
594
734
870
645
548
684
749
504
842
905
663
982
906
707
669
564
515
682
794
674
560
489
389
468
581
444
699
770
707
753
860
735
718
768
744
631
786
792
591
479
827
428
623
738
919
443
419
474
389
344
425
378
738
788
617
641
619
470
687
795
428
720
858
205
-1
144
535
459
947
524
940
765
714
685
434
558
934
552
453
647
474
534
685
765
493
665
497
541
669
566
766
491
507
779
640
585
605
327
706
460
603
1085
638
955
839
453
582
725
704
306
609
620
768
653
549
646
517
675
318
503
851
549
621
717
1064
706
579
609
581
607
456
531
520
578
511
340
452
365
800
682
505
613
618
836
781
734
763
641
934
633
494
672
436
670
531
701
633
624
647
651
1017
564
686
640
575
552
703
487
418
351
661
440
590
604
651
688
589
680
781
988
641
532
691
679
714
796
662
693
303
454
562
655
728
546
536
685
400
595
792
568
434
667
499
777
541
641
496
663
633
425
631
522
822
784
303
648
543
548
587
377
642
587
518
552
456
698
630
468
643
514
472
610
820
404
366
672
679
792
703
556
627
499
775
464
577
488
990
466
588
603
294
630
212
278
669
489
630
925
378
653
593
513
480
434
494
501
605
449
602
726
691
581
646
581
510
636
579
366
321
582
417
437
588
266
568
476
837
454
274
181
543
604
480
443
385
558
370
446
451
638
599
597
442
586
438
382
549
418
520
560
448
689
470
492
517
593
544
316
431
429
452
419
586
477
649
502
436
301
590
490
519
520
511
119
147
104
326
354
796
667
479
594
277
588
644
433
695
522
557
465
572
595
613
550
507
412
540
670
721
538
373
479
395
463
510
680
250
572
474
387
298
633
611
662
316
654
537
331
354
323
616
489
448
441
534
419
416
319
400
784
481
583
617
805
780
624
839
643
570
350
462
392
323
525
399
623
421
325
380
476
503
373
452
477
403
367
493
372
575
792
466
551
497
754
494
440
511
486
469
602
423
397
511
630
607
399
521
285
506
854
369
362
414
404
383
422
475
571
551
518
445
626
237
252
161
595
513
378
404
306
417
479
503
319
393
459
454
654
401
458
420
445
330
342
429
359
358
345
494
524
361
815
406
611
485
553
369
454
380
290
389
349
329
388
677
386
382
361
736
612
263
537
313
483
526
396
398
475
414
628
347
358
322
376
656
693
648
481
401
339
679
286
575
453
389
694
676
694
520
482
659
343
384
377
373
360
417
350
346
370
334
744
422
517
548
510
470
441
943
317
417
555
654
552
441
475
473
483
364
585
526
764
509
651
382
361
322
383
402
368
388
411
437
388
299
307
308
346
630
329
341
389
391
487
399
360
630
279
250
479
491
302
360
375
464
356
413
370
400
598
535
559
626
284
454
485
539
304
371
359
542
668
398
474
295
568
405
459
734
435
506
449
590
197
464
379
787
308
352
423
614
390
350
287
411
456
330
342
214
259
376
568
340
300
516
473
523
654
448
377
381
389
319
308
599
358
265
309
324
300
513
467
609
546
794
441
670
369
382
308
709
379
535
336
376
448
434
380
230
508
293
423
268
563
377
449
325
453
394
327
351
308
455
278
636
543
395
552
264
465
339
325
375
388
330
320
151
594
599
457
438
624
272
681
516
658
636
406
413
520
268
317
508
388
324
352
378
403
359
352
342
488
394
296
604
654
374
384
412
400
546
398
378
476
323
648
279
446
203
702
371
397
371
361
414
296
579
414
610
289
369
311
336
354
352
420
232
297
556
289
401
357
345
399
384
303
591
583
349
418
271
368
328
408
394
487
280
350
222
265
257
487
423
366
435
512
255
301
618
281
217
290
373
303
261
258
331
264
291
222
451
484
252
352
264
355
377
96
328
386
281
384
322
459
401
359
336
556
299
581
394
324
383
232
351
413
340
362
304
355
576
409
195
427
348
297
238
282
567
324
262
233
342
382
261
332
404
555
402
221
387
246
565
381
330
408
648
412
371
351
321
366
422
371
325
345
328
336
523
537
277
288
312
222
556
482
382
356
407
317
453
395
418
597
274
398
347
269
423
219
460
361
117
554
311
385
419
241
612
363
340
303
364
315
508
414
299
455
304
264
350
310
241
233
359
233
347
566
291
230
270
351
42
65
501
606
361
376
295
520
253
283
349
249
237
589
302
273
216
355
317
295
338
460
336
294
233
269
324
481
219
347
552
438
335
388
253
330
423
246
404
233
501
322
402
384
425
225
204
334
413
351
519
171
355
449
451
545
268
335
303
487
386
305
374
341
299
398
172
415
465
458
215
278
309
287
306
253
363
285
254
216
233
124
296
220
446
256
525
293
295
261
213
190
313
228
371
121
501
281
163
275
211
168
303
298
243
331
253
180
478
369
269
390
177
223
189
345
169
155
241
605
223
210
214
238
420
249
181
197
168
329
238
246
390
200
277
336
277
187
296
333
115
419
401
386
100
233
185
426
371
223
205
187
282
216
132
178
186
265
287
284
464
282
208
285
210
169
190
275
239
166
335
72
130
205
189
110
272
431
274
295
309
358
326
262
205
193
196
213
231
208
246
172
400
231
280
185
244
181
265
204
288
285
319
133
94
316
175
174
395
154
220
254
133
231
82
132
190
100
124
236
139
139
170
187
94
337
196
158
138
207
208
107
143
80
127
110
158
83
79
131
204
148
104
103
149
82
122
763
238
