745
935
965
926
859
705
1018
892
100
843
942
887
801
752
742
829
760
828
757
836
804
678
684
660
578
584
645
832
859
922
848
1013
1001
956
1045
1137
1018
942
988
937
971
938
949
933
867
866
811
870
796
793
1006
952
974
919
837
829
915
769
991
960
944
823
992
769
789
840
931
835
874
818
956
819
893
915
671
693
865
861
732
788
625
794
822
748
787
690
766
688
729
849
895
867
979
937
831
727
550
682
813
546
706
824
737
808
852
742
787
698
743
842
653
717
771
632
644
757
613
644
720
679
617
559
530
845
550
700
509
611
793
666
869
757
862
816
480
561
573
586
597
521
795
968
443
573
533
555
385
617
958
682
719
699
695
514
671
893
827
627
630
945
855
742
745
928
795
801
882
589
611
545
574
589
430
440
465
472
451
476
601
482
323
562
759
664
651
587
360
410
372
316
328
388
328
448
425
414
756
749
505
678
786
653
867
830
730
445
663
911
775
715
818
848
782
648
384
793
693
927
789
832
561
804
728
751
755
779
745
675
712
698
608
795
817
768
658
787
750
647
819
864
822
695
693
680
584
773
827
578
423
373
404
273
322
462
420
542
599
661
627
259
373
289
602
833
550
580
232
777
531
793
780
476
656
642
726
593
618
536
520
600
635
661
676
731
688
773
769
617
494
622
713
716
489
582
896
723
789
495
774
729
756
726
702
709
565
673
724
612
508
681
441
396
478
547
803
487
622
599
839
624
749
728
736
666
702
828
665
619
599
470
528
699
778
637
439
612
619
632
728
400
745
550
683
756
621
733
514
973
960
637
892
897
693
802
676
666
567
665
538
821
635
663
805
789
703
515
601
646
566
574
666
595
709
639
609
634
590
620
759
780
613
610
468
752
591
281
750
679
762
708
560
566
541
429
413
488
723
484
484
510
588
242
761
583
629
643
646
541
703
499
760
684
573
602
360
660
685
585
672
369
632
717
615
529
638
488
470
381
569
664
688
545
706
657
528
704
783
360
585
575
510
632
609
590
712
888
732
766
1188
964
555
383
787
578
707
578
463
657
671
498
559
522
490
250
504
609
728
359
540
748
678
479
480
721
851
847
810
728
1143
1071
1032
600
1097
520
570
547
552
586
609
521
567
717
401
574
572
491
572
686
654
717
688
591
769
732
684
612
921
678
590
607
714
542
662
280
147
320
732
978
544
603
457
681
664
546
740
614
507
722
695
528
585
576
574
640
580
539
512
278
587
1021
785
537
466
569
460
519
558
550
569
621
571
1124
1123
1171
1045
887
775
919
578
983
632
526
376
666
568
745
476
503
850
1003
979
775
723
663
1227
329
261
572
853
455
480
495
471
526
511
629
726
511
203
414
453
784
869
1040
1052
582
561
560
499
488
744
739
650
578
868
724
803
347
336
549
502
1106
539
564
568
367
466
461
428
428
402
498
489
429
541
489
623
544
434
504
377
433
548
641
513
514
520
490
569
-1
505
626
539
467
549
928
1151
403
424
349
684
428
552
526
756
646
590
522
935
178
563
302
547
491
299
486
958
526
419
659
586
596
578
547
483
224
467
504
640
634
628
642
603
605
589
684
659
639
824
496
505
464
509
816
607
627
409
433
568
460
444
470
643
906
1021
504
433
606
845
685
421
509
443
425
453
524
512
520
521
1069
1445
776
425
980
610
677
598
576
489
543
495
579
360
411
460
334
356
452
306
400
588
888
1021
488
510
584
724
248
346
375
299
404
374
399
691
577
492
631
897
437
400
516
580
437
630
430
577
639
596
779
431
331
648
386
459
768
1060
481
428
439
390
780
500
736
539
517
710
411
698
412
344
404
332
350
460
405
441
330
394
439
402
555
361
438
491
491
614
453
568
375
247
449
475
655
370
334
609
335
678
315
468
624
341
786
528
490
523
581
491
436
801
476
577
426
577
483
364
453
365
384
417
444
424
786
764
607
856
514
778
494
509
461
459
495
440
404
459
514
475
452
501
367
429
433
365
359
407
469
343
331
382
353
260
349
277
422
419
794
778
558
318
460
577
364
447
426
150
522
268
308
470
465
627
512
451
359
370
372
773
455
868
515
390
607
354
455
582
544
386
519
568
412
379
418
598
623
406
424
458
398
296
490
640
539
528
358
603
387
764
511
429
397
437
352
344
415
334
296
348
748
368
535
602
502
432
434
406
632
409
343
363
318
342
500
499
326
388
358
390
323
381
490
393
327
310
353
442
426
422
488
367
596
391
398
386
503
374
308
392
371
333
432
383
617
385
396
360
353
336
379
270
611
468
350
357
360
362
324
554
342
439
517
607
334
468
378
519
475
571
362
389
447
277
373
698
477
440
337
404
370
650
444
352
319
380
511
387
321
489
279
397
388
479
449
335
444
419
212
346
414
762
323
390
377
515
417
329
262
380
388
304
391
696
590
331
470
279
455
398
340
427
430
347
420
295
383
463
437
308
503
383
388
362
288
391
278
500
418
253
328
473
304
349
371
274
370
430
335
301
453
306
301
491
492
338
430
400
303
526
320
281
221
347
349
256
299
234
325
287
521
457
277
177
293
345
346
441
493
289
556
504
246
366
361
360
590
458
335
252
338
675
355
293
280
399
330
292
760
383
334
200
258
522
252
239
313
294
366
328
442
381
321
905
287
328
296
143
143
122
357
481
370
317
283
371
210
341
384
228
398
408
322
266
307
292
295
304
292
227
342
416
467
299
726
286
295
250
314
366
180
657
671
436
377
321
363
389
331
366
322
204
444
216
304
362
254
249
384
465
465
230
867
518
603
366
365
492
463
455
404
516
331
226
325
245
320
288
216
342
244
166
206
307
322
212
286
271
251
266
316
265
325
399
259
309
474
402
310
412
354
303
530
338
285
206
294
411
328
256
301
233
287
425
368
264
401
413
450
226
293
320
303
312
260
410
153
203
135
399
255
257
340
311
564
349
323
213
260
255
260
344
324
253
259
262
327
358
281
485
445
384
256
360
217
495
744
372
260
304
257
259
588
395
230
203
190
296
392
450
224
292
346
286
194
271
177
349
323
309
465
269
235
346
366
378
362
395
446
387
449
275
250
496
388
189
300
248
232
326
333
492
303
291
433
354
311
374
393
375
274
207
484
202
199
431
232
364
324
277
224
432
446
159
596
301
344
326
239
314
284
267
284
324
343
499
310
366
446
350
196
249
447
284
238
253
259
551
417
417
415
325
422
223
353
463
515
275
755
218
405
188
183
253
268
158
318
247
254
203
214
376
231
384
292
355
341
167
285
326
299
165
307
235
314
314
279
300
183
317
284
272
369
267
343
252
347
266
247
213
465
324
390
313
355
208
258
185
257
258
229
376
212
179
233
316
219
176
297
310
278
303
780
234
227
219
238
233
376
262
315
358
472
429
298
262
320
398
427
251
429
351
234
340
419
230
299
585
297
289
243
188
284
293
206
246
166
327
336
246
182
268
235
192
219
184
269
378
356
317
208
361
234
299
214
192
230
205
168
231
114
339
375
234
289
348
354
394
581
367
334
280
340
276
175
177
346
234
185
445
243
243
369
234
483
309
222
180
743
399
190
229
250
223
341
407
254
272
311
329
313
284
147
341
216
263
529
522
502
232
305
242
523
196
205
215
476
422
209
494
268
146
274
179
226
199
217
262
475
179
352
352
188
237
168
269
452
335
252
287
340
197
159
184
189
597
284
432
235
370
235
339
356
433
294
389
187
160
325
342
479
356
169
307
307
285
164
225
167
223
209
157
168
236
192
257
407
243
424
185
362
323
197
305
242
232
238
293
176
391
207
223
448
232
316
364
129
241
203
230
300
251
307
180
141
248
209
191
192
197
238
351
186
166
217
143
314
224
212
320
302
489
332
187
490
384
245
231
450
200
265
240
291
303
259
282
257
291
304
282
225
229
258
169
262
230
299
311
155
266
206
263
257
263
261
257
85
341
312
297
239
138
425
224
200
157
213
233
481
243
188
285
177
296
207
227
295
242
382
153
224
319
391
323
305
196
49
66
360
355
223
186
231
327
128
280
215
143
143
327
383
262
136
226
207
156
207
239
547
178
347
190
211
280
254
220
283
263
208
224
143
206
227
173
232
293
269
198
303
470
268
143
121
345
264
230
286
114
213
297
232
265
174
367
295
320
195
401
261
214
339
359
105
301
318
267
263
172
198
425
167
136
227
183
165
150
129
108
181
281
272
245
271
391
388
249
356
145
187
158
215
61
288
340
106
295
265
136
184
335
133
162
262
203
295
238
167
233
131
131
121
311
363
223
348
283
129
192
131
148
273
154
100
118
169
193
271
178
279
201
176
557
172
248
197
209
85
246
235
216
68
158
124
271
417
147
138
241
162
179
116
82
248
165
172
172
309
201
140
171
158
108
211
168
170
160
207
39
60
144
212
90
167
260
232
187
269
242
212
163
149
140
141
147
161
140
154
103
220
152
212
128
138
126
176
130
300
300
171
88
64
173
134
132
262
100
221
279
82
147
111
92
114
67
186
152
110
90
115
120
68
192
124
105
140
195
153
120
135
56
85
114
78
60
59
76
112
89
89
89
80
96
75
633
294
