416
439
462
427
419
405
522
459
52
453
443
421
376
351
359
419
425
444
426
512
378
427
347
406
333
335
456
436
492
515
507
470
455
521
529
579
641
597
634
560
595
609
598
596
679
592
535
670
477
649
675
690
687
601
616
602
657
641
577
620
646
725
598
551
627
604
601
654
608
594
565
576
523
604
490
326
557
593
433
485
453
579
554
418
572
591
433
402
583
470
623
508
508
523
501
454
399
485
567
397
378
565
535
563
528
569
522
572
548
467
407
453
460
445
454
459
499
407
436
527
449
446
399
587
365
609
261
438
468
410
528
436
406
419
284
553
556
576
287
295
491
510
391
567
383
460
272
479
494
641
466
578
607
585
476
577
649
444
500
484
618
525
506
387
456
519
500
468
485
421
384
386
300
321
303
387
309
301
454
325
226
531
368
656
563
255
264
386
243
242
236
268
231
230
227
297
448
450
246
435
465
428
508
473
429
345
496
496
516
526
489
455
436
484
170
487
407
565
584
526
394
499
613
571
638
595
495
672
489
602
292
512
476
521
643
529
567
576
623
592
486
524
457
309
289
545
432
422
227
183
257
164
184
242
290
364
363
509
416
145
238
168
317
513
264
503
125
481
525
573
581
384
343
269
588
532
538
571
585
566
528
647
516
602
615
551
402
487
566
307
457
446
277
385
525
426
499
308
602
621
483
386
396
403
314
397
585
260
277
290
231
217
222
239
535
368
528
594
457
398
488
570
479
514
645
490
384
387
415
527
538
503
474
442
325
558
560
638
577
194
594
510
432
516
581
487
355
399
288
378
439
354
458
501
511
417
539
427
535
481
462
488
431
483
473
367
513
503
532
538
574
589
334
360
554
545
624
451
521
525
477
503
323
338
556
113
524
475
610
614
424
443
483
380
380
509
472
339
336
257
571
102
490
440
396
473
494
401
503
357
428
475
412
598
203
538
481
477
424
390
573
437
605
457
535
223
500
468
604
452
567
524
285
229
234
264
359
234
338
303
499
618
586
616
254
305
289
255
414
495
321
282
495
322
317
364
338
672
553
304
421
427
434
186
545
476
550
178
212
395
333
241
235
376
349
344
342
374
373
309
341
447
358
430
414
413
312
483
364
638
596
575
286
444
467
385
437
450
472
518
485
551
500
522
534
422
328
414
535
385
538
593
563
152
121
221
506
323
565
364
475
507
410
383
587
526
432
463
480
584
584
482
350
536
530
609
547
203
590
366
361
524
464
532
615
475
306
431
442
473
478
347
319
320
279
313
263
312
458
360
537
576
230
439
529
559
556
518
331
278
271
414
457
434
351
328
283
381
300
559
547
557
474
446
317
541
468
352
172
569
240
329
275
302
294
533
379
448
453
576
265
256
164
174
262
203
268
238
257
521
489
313
460
500
402
560
559
523
466
537
410
350
399
417
616
618
394
451
495
395
347
259
472
523
661
453
562
483
599
278
701
427
614
595
538
300
333
628
215
383
441
507
516
479
356
474
244
249
259
133
392
126
230
277
263
491
341
431
483
268
224
245
299
360
307
169
498
548
606
569
587
548
526
567
520
386
323
349
288
553
430
497
548
299
321
359
325
383
283
648
654
382
328
316
315
617
485
577
309
353
335
362
605
370
488
493
483
514
452
231
281
329
493
326
377
365
394
477
471
564
160
233
328
309
483
283
410
225
167
350
335
358
350
681
593
323
409
238
367
342
118
284
452
481
337
361
402
388
237
374
544
335
254
214
416
370
329
406
365
336
449
112
429
484
149
176
275
367
368
479
256
400
469
328
537
423
523
540
357
550
598
284
514
531
478
504
558
428
435
231
419
288
281
382
409
533
328
277
481
587
178
391
466
328
389
237
445
313
278
145
526
418
465
347
441
521
395
300
446
464
270
517
662
457
539
587
549
483
407
363
500
462
389
268
265
214
263
378
210
429
448
399
399
464
433
430
423
484
383
491
494
475
218
480
320
489
385
570
282
266
281
258
288
252
271
504
535
334
346
386
239
398
392
232
500
539
152
523
80
283
325
534
350
498
492
472
433
230
318
533
301
299
496
270
385
433
411
317
505
348
288
427
432
539
269
288
579
374
382
362
179
358
228
353
519
324
574
490
279
338
450
416
177
472
472
524
487
470
413
292
379
157
358
545
263
321
464
489
552
483
516
510
492
296
311
412
442
384
181
296
231
593
569
435
512
575
825
717
701
538
492
472
427
325
550
273
566
462
564
504
529
354
484
535
332
419
420
395
439
562
445
236
182
520
244
386
389
405
323
480
466
430
553
397
312
461
377
460
514
520
430
154
260
378
364
462
305
408
519
303
321
466
384
309
406
285
517
263
343
491
465
406
248
429
364
446
458
203
542
253
293
451
243
446
345
422
448
381
561
390
381
414
300
312
440
566
268
215
521
495
399
570
446
381
371
496
330
281
397
597
287
477
512
182
457
137
158
427
533
506
669
221
456
493
543
370
317
425
360
441
407
425
417
424
424
392
369
368
383
384
281
240
484
310
317
470
194
493
425
584
269
160
96
446
455
393
319
214
399
252
304
451
444
426
427
216
371
302
314
423
288
421
401
388
415
344
331
310
391
371
229
396
289
324
421
483
426
527
357
307
208
496
275
496
430
405
75
84
57
154
280
512
403
267
392
234
393
405
363
529
357
489
413
401
389
369
363
328
275
279
440
469
394
205
348
303
452
397
585
174
328
243
268
222
411
388
389
174
443
471
284
274
290
467
336
372
371
309
239
236
265
221
440
256
350
491
577
560
403
482
334
347
306
356
334
227
441
316
522
433
334
418
308
320
327
444
499
258
275
458
341
390
485
361
425
335
596
414
336
307
323
282
496
357
396
415
391
408
292
323
271
369
450
260
285
280
273
263
439
467
398
359
345
415
453
164
192
162
388
517
363
260
265
262
308
339
250
445
344
359
380
269
349
337
372
234
234
384
266
279
270
311
428
392
444
232
465
516
483
290
355
229
223
339
385
346
245
411
229
274
259
531
490
183
357
228
371
345
183
276
420
322
478
250
261
246
269
372
411
368
399
245
238
433
252
472
366
365
401
385
483
351
335
387
245
287
260
245
261
308
206
234
372
245
397
283
326
393
348
397
209
527
257
272
489
546
472
391
394
447
362
329
350
450
412
349
448
291
239
259
331
286
314
358
314
297
238
204
206
206
274
386
312
286
259
243
322
196
297
373
224
195
353
373
284
323
294
430
332
346
253
326
494
436
402
464
238
299
291
352
285
292
338
376
432
278
356
276
487
292
345
431
266
353
396
481
141
384
439
512
275
280
306
377
378
342
278
286
297
223
236
205
203
286
420
278
274
349
357
-1
487
245
288
329
289
244
225
390
266
208
225
230
237
432
348
465
241
576
306
413
212
331
236
465
272
404
203
309
340
356
317
180
436
252
355
201
368
220
495
369
409
316
280
318
273
410
198
396
385
312
291
158
272
375
229
270
358
263
232
134
321
336
373
387
461
198
490
322
454
441
302
295
500
217
249
297
281
287
232
290
350
232
343
216
352
271
331
325
362
327
294
352
298
384
276
308
314
231
444
197
328
177
471
334
256
260
255
263
252
494
328
409
268
372
282
219
226
311
277
192
218
433
230
384
352
274
280
210
268
298
341
350
401
226
275
246
295
297
402
199
245
154
221
174
315
306
231
425
298
149
222
412
230
161
202
354
343
191
160
217
135
285
184
333
315
188
325
237
307
320
51
229
354
243
335
199
420
254
295
226
379
252
409
294
254
310
172
202
235
264
266
192
336
460
181
130
393
310
272
208
147
378
289
237
216
237
368
244
290
327
292
297
162
374
204
392
361
252
287
453
251
233
247
214
218
286
250
219
357
245
256
346
339
205
237
301
142
357
346
271
249
363
239
341
312
392
472
260
350
318
206
360
206
416
227
40
385
236
290
377
226
374
277
281
239
281
317
307
304
217
344
222
208
249
257
164
181
211
217
264
438
213
180
219
295
28
27
396
288
244
243
246
352
125
214
294
256
222
457
235
177
210
275
250
213
317
357
228
194
153
230
313
413
213
226
403
286
250
286
179
288
366
155
355
167
390
219
292
258
341
191
209
254
395
321
341
114
316
285
389
366
280
194
206
417
352
207
331
267
229
227
177
272
330
296
181
213
279
222
261
200
253
193
223
164
180
117
232
195
374
242
440
157
156
174
123
171
276
184
354
97
438
225
135
211
163
138
235
209
195
174
187
162
368
241
259
334
116
252
160
251
94
125
158
438
238
163
228
179
260
199
137
193
97
298
170
204
276
162
190
214
226
146
269
257
103
330
336
349
100
197
194
327
277
202
153
162
189
205
96
138
143
185
270
269
376
173
185
251
171
155
167
240
227
68
300
48
116
215
156
109
230
292
235
247
239
307
278
196
166
144
113
199
210
172
220
160
401
199
247
166
176
184
225
193
197
196
290
120
94
262
185
187
241
130
181
219
137
170
80
118
204
95
100
233
76
130
154
143
88
226
133
148
131
159
149
98
140
75
120
106
154
75
66
130
193
111
105
105
115
76
105
360
201
