372
469
465
447
450
404
512
443
44
444
444
415
378
371
368
397
398
439
403
475
374
355
333
352
313
306
362
408
467
488
487
473
497
516
600
619
613
548
577
518
549
567
553
590
572
484
468
509
461
477
637
611
652
580
589
554
591
521
640
725
684
551
675
519
597
562
620
587
673
604
558
483
540
565
393
333
559
561
433
462
466
620
681
436
575
605
455
461
608
450
565
517
508
515
447
395
365
437
512
357
468
583
412
490
484
523
560
527
543
593
447
474
496
441
434
605
432
433
459
533
441
404
317
504
302
476
281
454
488
479
517
583
591
604
350
434
428
455
368
308
532
827
300
471
349
458
271
479
534
476
397
437
421
411
361
551
599
487
484
566
534
501
506
444
420
467
500
452
476
408
435
426
317
312
370
372
334
349
443
315
212
436
424
413
365
259
278
324
246
225
238
290
249
381
241
305
398
401
244
372
460
597
458
452
401
293
540
550
569
559
541
544
390
433
215
491
362
585
512
551
413
476
612
561
550
462
474
465
542
567
312
502
424
452
480
557
513
563
594
611
547
489
607
425
387
517
712
344
235
224
223
168
206
244
264
340
318
459
442
184
299
193
490
512
344
477
149
542
365
536
559
376
483
373
556
393
406
392
389
372
459
541
440
577
607
575
396
489
370
422
512
479
296
437
563
596
452
261
460
579
457
629
615
619
489
543
498
284
265
308
238
226
237
253
493
236
525
452
454
343
418
517
454
482
562
507
428
465
333
345
373
457
478
418
391
481
469
627
611
203
567
365
450
539
415
563
257
553
449
328
487
550
500
502
433
464
444
370
395
519
421
414
430
482
443
382
505
419
373
377
481
559
708
720
522
426
410
410
542
506
477
432
337
711
457
158
493
402
556
594
472
486
408
356
307
390
439
297
295
355
494
162
499
377
391
448
451
341
512
321
438
414
468
462
169
476
458
437
513
275
438
402
447
539
537
237
363
351
524
453
515
469
684
617
490
676
704
269
450
475
420
604
683
705
581
632
484
524
692
519
390
230
507
291
683
321
289
592
600
364
550
567
381
208
572
378
606
302
426
414
570
391
393
876
1039
969
968
791
858
797
702
393
615
277
328
358
349
429
345
451
446
688
290
362
377
298
381
457
455
546
503
403
478
553
496
388
761
401
512
559
521
449
504
215
167
171
422
779
496
335
316
518
375
347
536
515
426
475
478
446
514
416
417
529
514
482
429
187
535
503
459
415
358
471
514
538
394
425
380
472
576
495
527
519
477
500
365
504
411
658
586
571
288
446
398
643
363
631
486
543
622
523
466
442
670
224
187
424
607
393
380
399
344
347
343
480
471
338
165
377
226
564
605
650
676
474
378
375
352
594
571
668
419
363
650
385
584
278
221
518
459
640
403
465
455
385
460
440
324
435
274
352
366
347
513
477
331
349
533
426
456
332
481
572
580
427
569
478
546
500
601
424
544
469
485
535
575
461
195
260
469
356
441
410
1010
546
598
532
694
137
421
124
583
287
331
405
617
466
371
411
366
459
474
456
354
171
515
415
576
551
561
545
551
491
439
439
1120
534
739
468
429
619
484
417
429
404
311
313
858
660
625
277
865
660
658
612
535
465
702
599
304
393
538
347
390
429
398
444
362
539
521
828
589
553
351
638
365
461
376
494
443
519
456
434
484
351
302
241
196
382
786
770
682
554
602
330
449
317
337
372
200
318
461
556
637
505
408
349
528
288
446
337
437
212
608
425
311
406
408
758
375
204
357
513
360
409
519
497
395
365
214
558
423
465
587
614
499
323
920
488
426
262
431
423
395
519
508
432
396
228
326
417
251
655
589
392
1088
279
681
499
203
478
384
960
318
194
410
260
541
153
416
368
285
738
579
470
525
605
630
366
653
477
425
603
487
468
338
325
339
324
411
402
363
760
506
340
549
744
520
321
322
303
297
395
399
382
438
468
386
448
554
370
261
377
278
484
318
394
265
287
327
284
281
327
280
437
475
558
577
384
226
313
380
264
356
432
223
456
246
284
987
375
756
404
443
353
377
434
572
380
658
480
375
659
284
319
477
509
476
950
575
469
411
382
401
428
492
301
386
372
168
380
399
534
452
296
563
341
598
430
375
381
237
415
420
407
301
256
342
749
326
321
557
451
236
283
409
491
492
396
400
357
443
-1
549
277
646
317
505
259
266
504
533
427
340
442
401
427
406
428
359
435
332
340
391
425
485
420
486
510
332
324
398
495
251
398
384
344
318
443
297
610
580
433
262
269
318
298
344
412
376
373
550
317
438
353
467
361
552
428
309
268
262
340
432
360
351
282
431
723
587
383
298
261
320
499
340
239
313
341
458
351
717
318
265
351
387
239
407
251
625
501
504
398
522
545
410
270
428
326
260
303
729
627
354
529
253
767
512
362
375
521
350
316
248
322
449
291
402
419
295
481
474
195
432
253
283
428
289
361
466
221
350
354
325
443
521
422
329
469
248
346
439
471
455
346
318
307
369
343
281
244
396
252
364
385
247
404
340
468
320
193
106
377
330
245
390
463
341
549
623
305
328
342
346
338
376
386
285
383
557
293
328
328
367
320
323
643
371
334
243
351
456
268
290
370
374
436
267
556
492
454
608
342
472
354
88
72
52
184
527
371
326
246
351
202
306
331
227
412
369
404
368
291
277
296
284
297
217
272
389
434
244
273
301
389
320
294
441
115
496
443
382
334
343
318
323
169
366
371
251
681
315
344
267
249
219
318
372
369
218
389
447
590
261
492
542
514
558
382
314
312
270
381
241
659
268
235
317
271
211
254
305
258
254
251
310
328
347
436
219
280
332
311
342
434
408
350
609
260
275
448
458
283
229
282
411
288
349
273
220
253
405
510
349
338
316
889
250
323
297
290
297
351
417
157
197
126
321
357
365
264
441
316
295
324
222
315
236
303
322
224
320
330
269
708
760
356
671
703
621
233
376
270
357
448
387
322
449
263
284
383
588
317
284
278
233
314
454
301
233
311
303
222
250
206
517
298
195
702
299
271
374
539
571
563
580
369
324
340
302
225
299
320
265
325
321
332
341
335
510
317
334
387
438
312
361
566
558
292
190
441
242
212
340
202
259
315
287
336
298
436
191
481
361
395
385
330
387
388
361
342
343
443
354
331
292
498
228
215
277
848
334
274
196
209
553
430
482
466
560
363
328
777
405
558
310
381
266
322
213
195
262
247
180
629
239
306
246
235
561
214
268
278
325
399
238
257
257
264
204
698
308
332
342
226
292
211
388
195
250
298
276
263
357
352
270
277
264
435
532
748
296
324
241
270
200
229
230
285
492
199
156
249
287
225
183
286
266
296
285
380
275
268
251
225
230
350
204
428
413
497
372
360
270
357
269
436
250
484
436
328
366
397
184
307
308
511
275
238
295
389
324
173
295
223
300
315
342
235
384
269
241
262
200
309
334
352
359
176
251
194
251
304
204
225
203
188
238
120
314
320
248
271
305
380
321
441
341
341
314
350
301
194
193
250
228
191
570
241
302
531
258
366
275
216
263
429
349
214
252
316
251
286
605
322
242
233
366
563
289
120
336
312
221
384
411
456
243
429
251
724
242
256
323
360
340
311
640
418
141
271
196
291
267
249
292
339
205
285
333
227
332
186
267
382
322
261
329
336
206
175
192
192
426
317
625
247
288
151
680
286
425
328
439
236
198
261
253
355
344
198
382
310
260
161
246
189
325
294
119
222
251
205
352
473
365
270
217
279
337
234
313
254
239
244
291
192
356
211
241
444
205
381
195
117
277
230
307
417
177
276
210
182
444
207
228
201
254
216
253
230
147
317
150
348
253
202
249
326
398
223
207
345
432
236
186
371
242
294
224
263
261
448
404
269
444
307
269
199
320
288
163
285
229
302
302
201
347
263
317
318
481
354
209
62
320
303
399
299
169
393
262
205
178
222
276
592
221
185
271
162
293
212
260
366
377
327
188
263
300
420
405
671
226
34
41
298
243
214
195
311
287
94
318
287
165
169
297
439
239
166
249
213
137
268
247
318
173
408
235
273
324
242
205
271
230
178
242
145
201
240
181
267
292
251
167
233
487
256
164
154
566
379
283
263
112
271
257
230
251
248
428
334
353
210
421
341
195
372
203
146
224
289
216
349
220
246
290
185
132
189
149
191
140
183
100
183
425
264
437
312
260
262
246
212
151
212
184
241
56
321
377
107
369
238
120
171
378
151
137
235
220
297
200
225
272
114
156
134
306
170
182
250
293
174
188
149
139
210
164
126
119
74
208
379
149
243
322
158
288
175
227
206
270
93
271
271
205
67
179
162
278
422
174
158
400
137
244
127
81
343
153
181
182
289
137
150
146
144
103
232
200
199
90
241
103
104
165
276
99
177
230
242
172
250
184
216
159
125
133
130
127
137
132
139
98
214
124
204
113
130
122
161
135
260
258
156
103
91
170
169
166
222
89
286
266
103
130
149
81
114
90
180
158
54
114
119
127
88
169
124
106
188
295
134
205
156
50
99
144
85
50
72
92
141
61
100
101
83
104
75
350
415
