221
269
260
253
247
239
276
264
25
256
257
240
223
205
204
216
225
240
206
262
202
229
191
219
185
176
214
236
261
273
272
257
270
297
329
322
338
292
331
273
300
321
315
318
320
277
257
275
265
274
350
342
351
320
325
327
357
304
380
428
392
328
382
293
357
320
345
354
358
356
317
281
296
319
217
184
325
324
239
262
264
351
389
236
310
316
262
274
339
249
308
304
285
296
261
233
211
247
285
217
265
325
252
278
283
295
322
320
310
338
262
265
279
248
269
322
256
258
249
304
267
233
204
296
194
285
149
268
278
277
297
315
341
346
197
268
247
252
211
166
288
481
182
272
206
291
169
277
289
289
227
251
248
246
229
311
337
298
286
314
291
281
290
276
238
264
275
272
271
255
251
263
182
179
216
227
189
203
259
198
135
263
254
263
212
136
180
198
159
135
155
179
160
225
128
187
202
200
147
228
264
355
266
263
239
172
305
309
336
319
309
321
223
248
107
280
223
324
292
320
256
284
361
336
325
284
288
281
311
341
167
286
253
273
285
317
290
325
329
378
313
286
392
251
215
295
409
222
132
126
141
86
117
146
152
213
187
285
265
105
166
112
280
295
198
274
78
308
214
304
321
236
295
204
315
233
241
236
237
234
272
301
241
333
349
340
231
289
215
251
286
282
171
254
306
343
254
164
268
336
263
338
343
334
271
324
282
157
150
164
136
125
129
141
291
147
310
262
260
214
230
283
256
295
305
289
221
268
209
219
229
267
263
253
228
278
275
327
368
122
322
235
242
302
256
346
154
315
268
212
293
327
284
292
265
247
270
215
227
287
241
245
258
272
252
231
285
263
228
238
276
293
411
434
288
258
253
238
314
290
271
258
195
453
285
88
273
231
298
341
254
266
248
206
195
230
260
163
160
204
275
90
297
232
230
275
268
194
288
182
259
222
242
253
105
284
272
253
314
166
256
238
271
301
279
135
242
194
296
271
304
273
384
357
283
380
383
171
257
259
254
365
346
347
347
366
291
328
384
286
229
139
287
178
384
188
188
348
348
186
273
276
211
120
288
231
351
162
254
224
336
250
229
527
553
564
545
433
472
463
417
256
327
162
212
218
210
267
207
270
254
402
190
213
216
188
231
269
252
310
300
238
277
339
275
232
408
229
307
359
294
289
296
122
63
99
261
463
299
199
219
303
218
204
294
301
249
277
280
272
293
248
218
299
293
281
259
123
322
295
287
252
224
291
287
292
247
269
225
284
359
299
330
320
299
338
224
304
246
348
352
314
167
271
237
375
228
349
289
331
394
321
265
253
387
140
115
257
330
262
249
255
217
225
217
290
254
229
103
258
151
369
382
408
411
275
243
229
215
300
323
359
244
209
358
225
366
170
156
294
266
403
233
281
235
263
295
291
199
268
165
220
233
199
292
286
187
217
318
256
217
155
269
333
351
268
349
276
341
305
320
264
323
317
302
347
355
297
124
167
282
232
287
259
556
311
345
296
439
86
263
71
319
174
129
246
373
293
223
231
220
297
308
282
211
116
263
241
325
327
314
326
315
289
264
269
617
323
424
299
273
329
295
247
286
251
195
207
434
364
374
177
541
396
405
317
302
278
436
337
193
277
306
216
261
263
256
286
232
326
312
520
322
312
209
378
206
269
238
294
260
305
224
204
304
186
211
167
115
197
470
412
379
325
315
199
254
147
171
205
103
188
266
329
387
326
240
207
335
170
276
201
266
116
395
250
197
246
236
442
231
116
209
286
205
256
307
311
235
245
117
308
290
298
419
444
269
213
519
274
277
157
311
305
250
306
303
235
219
132
196
266
151
448
337
246
579
181
397
290
121
255
250
549
224
121
240
161
315
91
255
203
182
415
366
277
357
393
354
241
390
313
251
357
275
293
243
193
212
191
257
248
244
474
311
203
353
522
312
200
206
192
177
250
279
270
247
296
239
276
331
240
146
247
185
300
208
247
159
171
187
167
174
194
179
273
281
330
347
260
136
202
230
139
218
284
90
270
127
162
568
244
510
254
300
252
242
226
362
235
441
314
264
437
195
203
272
350
281
574
312
265
249
241
246
260
310
194
232
244
95
222
258
299
276
182
308
206
404
250
262
257
162
263
257
255
201
189
250
479
223
176
335
277
134
176
261
292
327
297
275
195
260
671
350
195
366
177
235
147
160
334
320
256
225
293
264
269
266
268
225
236
206
214
242
302
261
228
269
321
224
195
270
301
135
235
239
236
195
295
231
415
390
305
151
192
231
210
203
297
237
226
340
219
243
241
270
221
332
260
202
167
156
225
268
219
225
197
312
541
300
217
222
171
222
298
223
144
189
235
251
230
441
179
168
228
281
163
238
176
384
286
286
243
291
358
303
205
314
222
190
193
454
400
257
341
152
451
337
265
230
362
265
204
150
223
297
170
254
258
191
374
363
114
303
139
147
285
223
224
303
128
252
249
222
302
357
322
218
314
201
249
290
298
254
228
201
206
221
230
178
150
307
167
214
268
122
311
242
291
214
115
59
221
210
150
249
305
223
379
426
227
217
262
260
205
229
240
197
219
372
179
225
217
251
207
202
392
240
234
113
237
306
187
182
258
230
285
201
418
406
272
364
238
306
208
40
41
26
102
382
254
214
151
262
128
207
235
183
246
217
255
219
190
191
214
191
197
170
195
269
287
195
175
226
281
192
225
266
73
297
232
275
245
225
201
227
98
262
259
200
437
224
266
183
187
168
196
270
267
164
242
280
386
182
298
344
324
337
250
191
188
182
232
175
446
215
187
220
180
139
190
188
170
178
167
210
173
200
282
183
210
216
193
220
325
291
303
415
182
177
274
302
207
183
182
275
226
181
201
160
182
254
314
225
245
225
563
192
250
196
209
214
257
283
73
155
107
198
264
255
145
353
210
191
218
176
223
172
221
227
133
189
201
183
440
454
231
437
491
416
161
282
180
209
289
291
228
277
191
195
267
376
205
216
200
151
205
252
168
184
215
221
101
172
126
317
216
95
560
213
187
236
336
349
349
340
214
221
212
192
159
226
225
172
219
250
237
232
238
289
226
229
242
318
209
264
370
360
182
164
309
200
150
204
137
171
213
206
167
173
276
127
339
300
325
300
209
293
234
204
270
208
349
213
215
197
396
127
142
201
612
265
206
158
155
376
292
329
321
411
195
228
575
305
371
203
213
169
221
148
133
189
205
145
415
204
253
208
187
344
165
166
188
202
252
114
181
188
192
165
488
211
263
239
136
187
147
248
121
176
192
153
181
222
232
176
202
217
290
479
538
247
242
181
199
153
181
178
168
281
126
103
191
215
177
135
206
178
219
197
236
197
188
181
170
161
231
153
371
311
366
271
255
196
242
152
286
170
313
236
180
282
262
154
223
187
369
168
182
149
325
233
111
184
156
216
212
275
148
234
175
168
241
160
218
238
220
253
138
155
120
153
203
126
150
162
133
144
90
179
187
200
171
186
283
192
314
251
223
239
242
221
133
142
174
154
154
370
172
210
302
157
282
212
170
158
276
212
121
184
217
173
181
426
260
170
176
241
471
194
85
228
202
157
260
280
298
169
236
192
430
180
178
255
233
242
204
402
247
89
193
180
169
212
189
279
216
169
171
222
170
210
149
187
275
247
169
239
265
150
113
128
147
308
188
423
178
184
90
518
194
287
236
314
179
157
197
181
251
221
159
328
255
190
130
187
133
227
187
45
129
168
189
231
320
211
172
180
209
244
154
210
226
182
166
226
114
284
168
170
319
174
236
112
60
216
159
271
307
114
180
152
138
360
158
147
182
165
171
155
171
96
200
108
213
197
134
177
213
266
139
148
246
329
162
143
280
198
203
195
194
186
300
256
219
282
200
213
153
180
242
124
196
167
212
223
164
228
164
235
227
362
244
153
29
215
289
289
236
125
278
191
167
130
156
205
358
174
117
208
124
270
151
144
278
311
225
151
175
194
308
285
-1
187
14
28
188
144
142
157
213
207
84
239
160
141
119
196
307
174
139
182
155
122
210
196
220
129
292
145
210
242
218
135
183
161
128
219
119
180
186
147
220
226
189
132
175
369
180
99
136
486
244
214
207
90
189
161
155
199
150
257
230
229
154
306
257
130
305
114
103
160
182
148
253
161
192
239
132
112
131
113
138
113
106
76
147
372
177
287
233
206
207
209
133
112
201
132
185
60
233
338
79
264
174
87
137
274
119
80
193
191
189
136
178
224
90
116
97
214
112
149
188
195
137
163
123
112
158
124
71
116
44
140
317
122
177
265
136
194
144
169
166
166
56
192
209
153
52
119
117
204
305
131
86
368
99
176
103
54
211
94
184
184
220
83
125
128
104
93
174
163
146
49
166
26
60
131
201
72
142
167
192
122
209
136
173
131
119
100
64
109
122
113
123
90
161
118
138
107
113
111
138
110
218
221
116
73
69
133
126
123
171
73
194
222
87
90
109
85
89
57
137
144
42
94
91
118
53
117
97
91
172
266
107
179
111
48
70
128
77
47
52
69
107
50
88
88
60
104
63
205
311
