214
260
264
255
248
238
285
254
37
251
260
247
210
187
208
244
249
270
234
293
217
196
201
195
159
174
208
239
263
306
291
284
279
281
330
351
364
341
376
298
321
337
315
353
323
285
240
281
253
264
367
329
367
311
320
295
338
297
315
350
346
291
367
291
315
340
335
312
342
294
334
288
307
355
209
186
333
344
289
300
225
315
345
206
310
316
254
229
311
237
332
303
315
324
254
229
200
243
322
170
206
267
233
284
295
276
272
258
256
270
202
240
246
241
240
255
207
205
230
260
216
205
179
282
150
247
133
258
250
237
297
295
262
293
161
232
227
216
200
138
277
345
129
238
180
223
131
225
297
270
237
231
239
205
200
325
352
225
237
300
312
282
274
250
255
267
295
226
234
204
209
208
133
134
166
198
156
168
224
171
110
240
196
238
212
145
130
156
126
101
117
130
113
153
112
148
212
212
102
203
262
270
252
247
208
140
254
292
328
265
304
335
238
218
95
247
198
346
321
331
210
262
290
283
311
288
227
280
307
285
169
292
228
244
271
339
296
284
349
333
303
285
310
219
183
345
338
179
117
107
108
56
85
120
121
202
171
246
215
56
119
83
253
302
152
255
55
254
204
303
335
192
240
196
360
195
207
221
236
212
265
275
252
344
353
298
194
238
219
182
296
267
151
222
325
272
270
147
291
305
256
258
263
254
200
250
291
148
158
180
138
130
137
146
314
131
278
222
258
187
259
280
242
308
325
323
245
232
170
182
206
261
257
233
119
237
245
284
325
86
292
196
249
316
258
301
136
288
244
178
284
284
285
306
244
211
258
203
231
304
222
239
254
294
273
184
304
265
220
232
297
332
255
287
295
246
245
242
264
303
298
242
140
295
224
75
324
226
351
359
199
217
198
162
152
213
240
189
191
152
319
64
317
234
228
268
305
201
275
155
266
297
205
286
107
273
251
257
274
157
260
246
248
226
269
145
231
178
327
253
351
256
266
232
186
270
348
110
225
263
232
285
313
315
249
279
212
235
385
327
171
117
306
167
330
187
171
316
288
161
234
216
173
64
254
237
303
97
187
237
336
218
226
381
460
453
437
371
521
358
318
208
313
165
173
195
164
242
205
247
249
364
129
218
203
177
215
267
260
321
308
251
288
303
315
189
417
224
247
339
281
266
338
76
33
81
263
305
253
184
228
303
203
191
339
300
191
276
303
275
279
237
185
290
299
239
195
66
308
256
249
231
223
282
228
242
179
223
200
317
299
279
282
275
250
264
215
258
231
438
363
330
131
236
222
360
207
270
259
258
287
263
270
234
473
111
69
243
411
226
216
236
200
207
200
240
272
175
93
237
113
260
265
335
343
258
220
211
205
260
273
328
239
159
314
202
239
138
119
263
241
395
197
284
280
226
299
297
194
193
143
178
186
172
286
328
208
219
283
198
216
123
216
297
328
221
323
298
316
335
331
276
344
326
267
286
370
301
96
128
233
180
296
268
421
306
233
227
312
71
234
52
298
145
137
243
428
206
171
177
160
173
222
242
194
86
215
230
335
325
313
329
304
322
296
234
358
252
332
338
260
237
316
214
270
235
160
178
395
334
332
179
446
305
372
300
249
263
337
262
177
230
307
182
237
275
275
282
262
273
353
383
283
403
208
275
225
225
237
296
176
233
170
186
239
171
156
124
92
189
341
502
361
325
304
202
248
96
137
168
94
151
207
258
325
276
214
204
277
148
315
176
203
134
269
254
193
241
213
355
182
108
240
227
136
213
395
253
192
237
135
418
310
257
338
367
308
210
366
251
228
183
235
224
206
253
246
189
219
130
196
198
110
319
263
268
376
158
271
247
129
205
241
457
242
113
272
143
276
95
240
217
181
355
356
341
294
285
376
275
435
285
253
262
309
256
232
216
179
160
209
319
240
395
275
158
289
343
286
182
196
185
156
263
309
294
293
399
226
305
368
223
168
273
148
256
206
254
152
149
171
149
149
161
139
289
299
456
444
236
125
188
233
139
233
296
62
298
64
152
325
249
426
255
346
217
197
197
267
238
370
268
250
416
168
207
301
261
256
328
399
213
174
219
219
242
284
181
195
262
80
182
206
341
293
191
330
213
298
203
293
270
125
249
254
230
208
188
268
352
223
175
376
266
130
167
298
280
250
222
215
190
258
378
335
190
260
149
227
121
108
318
288
234
257
238
272
229
216
212
212
239
201
199
210
215
240
205
255
259
182
187
386
319
128
280
273
247
179
241
184
323
306
282
117
198
233
209
210
272
205
241
317
184
317
258
296
190
264
213
201
111
146
208
276
184
205
168
299
321
350
244
236
119
240
224
231
137
164
199
186
262
255
173
149
249
254
152
235
142
361
245
190
285
255
350
222
183
297
222
154
174
311
264
305
315
121
263
286
269
221
291
258
234
117
205
412
175
247
264
168
317
286
82
296
85
157
280
177
177
271
111
342
199
193
314
246
261
226
262
146
272
239
304
237
206
191
190
227
253
152
142
246
117
145
256
99
249
212
264
176
77
20
175
235
135
246
213
232
327
424
189
241
252
251
173
228
271
195
163
400
143
263
224
233
167
194
349
284
260
107
188
226
194
135
283
182
287
186
368
290
244
346
190
314
161
15
29
32
101
336
257
215
150
286
130
187
205
154
229
161
212
170
196
190
198
194
147
144
177
235
247
171
159
265
260
199
194
245
55
365
283
252
244
288
228
238
112
314
248
170
383
219
279
146
142
142
210
205
206
149
271
314
242
159
279
350
338
279
293
179
221
172
274
159
255
185
170
256
170
129
171
192
177
191
180
192
140
161
244
180
184
226
218
258
214
268
223
464
203
198
317
284
182
180
141
252
196
168
241
177
165
290
398
176
201
207
406
167
189
215
231
216
205
225
80
129
104
144
213
206
130
218
231
155
189
155
175
175
230
244
110
163
177
131
262
248
216
288
374
396
162
208
132
231
319
236
187
223
172
278
296
288
156
139
134
92
227
240
166
149
218
222
54
170
101
210
239
118
315
178
184
196
312
353
321
327
224
243
214
193
160
223
240
156
211
209
192
228
229
282
230
237
197
249
189
227
323
330
208
129
295
144
140
174
129
160
238
220
125
147
278
115
457
259
288
242
164
225
212
189
248
195
278
274
207
190
279
110
128
188
390
190
199
134
153
318
270
300
272
320
245
197
383
281
357
212
212
182
225
122
122
179
192
117
286
216
197
160
176
424
160
209
187
172
232
98
186
198
181
141
242
162
276
239
119
140
173
257
101
162
206
127
200
177
219
137
185
167
306
379
373
251
252
164
161
146
156
183
134
162
98
81
170
233
155
149
235
180
209
193
221
184
184
166
153
155
268
115
240
274
353
239
258
203
229
188
300
170
235
231
137
208
225
130
236
175
273
164
180
135
267
220
93
120
136
243
194
208
136
199
168
122
184
136
184
217
273
280
129
134
106
156
155
127
133
152
130
146
80
187
197
187
134
184
217
225
340
267
195
216
158
198
121
139
154
135
134
408
188
215
279
121
223
226
144
126
274
213
91
216
165
152
143
228
255
179
166
228
384
188
72
231
192
154
361
405
403
159
203
173
306
150
143
209
304
232
163
286
251
87
168
145
161
153
153
218
186
138
166
236
132
173
136
194
365
220
202
211
218
134
103
113
134
335
136
335
140
171
81
271
215
340
269
271
194
124
206
169
312
167
129
219
254
218
111
156
113
175
170
46
89
125
131
201
317
185
164
139
199
216
114
259
155
159
164
231
132
195
177
163
261
151
197
133
77
173
118
182
188
105
210
115
112
300
182
136
161
146
179
160
139
98
166
94
171
205
119
174
220
266
120
159
287
286
164
163
383
158
136
175
179
174
173
151
165
205
263
209
149
169
196
115
213
161
162
239
124
220
130
287
205
277
186
158
39
246
163
241
180
104
303
165
141
142
173
153
400
178
113
220
110
176
169
134
223
236
165
129
116
246
323
272
274
162
2
6
167
117
112
180
141
198
81
152
123
120
106
203
257
152
122
131
155
104
154
189
284
108
176
126
173
214
171
120
209
149
115
196
89
140
172
130
193
213
172
101
164
332
136
83
104
382
213
176
200
77
153
124
171
215
123
194
194
193
132
412
217
128
254
130
69
184
158
143
148
106
139
303
112
91
124
115
135
74
79
71
118
266
170
268
222
147
149
142
120
75
159
111
176
44
228
205
48
226
262
82
111
-1
92
67
167
138
163
132
136
176
59
76
62
150
81
183
174
216
96
118
76
115
144
119
56
99
64
143
206
112
137
238
109
174
129
174
123
159
59
174
154
168
38
116
79
206
272
109
62
205
78
122
99
50
157
104
128
131
186
76
96
123
111
87
154
105
118
58
168
20
29
100
133
69
139
181
164
148
172
129
149
97
88
96
57
105
115
108
119
74
145
120
108
97
142
86
123
92
171
170
130
66
55
132
81
78
181
61
156
159
57
73
115
67
83
56
174
110
40
70
85
99
43
145
102
78
105
165
105
105
128
39
61
86
62
39
41
60
101
31
61
63
47
69
61
186
258
