322
388
450
437
434
393
492
415
51
415
431
418
341
317
368
385
386
412
388
447
370
371
308
324
269
272
367
430
447
485
434
495
492
516
561
608
589
471
560
466
483
510
516
540
531
490
463
488
364
503
642
548
602
529
511
493
572
487
528
603
624
562
541
458
578
522
591
546
579
540
598
515
561
591
390
301
572
559
398
499
391
512
562
377
589
587
372
318
528
400
539
482
502
519
442
383
287
392
481
288
359
442
414
493
446
432
442
446
432
417
356
386
356
332
369
410
396
297
346
405
343
374
280
539
286
451
211
373
399
359
456
380
405
410
257
387
403
410
307
255
415
492
275
401
320
338
197
359
533
496
431
461
478
384
370
565
522
369
407
582
601
413
419
419
412
450
529
337
364
294
302
311
212
230
241
266
230
232
336
237
173
375
389
467
456
241
192
265
181
153
159
200
159
215
174
218
360
358
219
372
440
382
476
434
409
228
344
529
519
487
645
572
372
444
135
432
376
601
555
543
293
488
508
509
534
501
467
534
514
515
261
492
497
550
536
627
463
403
587
589
557
517
429
298
257
672
502
327
200
146
182
118
134
168
201
273
331
400
443
106
179
125
306
537
227
379
73
564
400
472
540
276
365
289
654
458
472
480
478
439
424
477
407
526
544
672
374
441
432
299
498
495
288
408
541
407
470
293
553
524
421
405
394
395
296
403
491
283
223
307
232
199
213
257
549
227
507
490
460
389
431
526
479
538
517
568
380
323
334
329
371
431
504
441
244
386
428
501
488
169
489
434
484
452
496
534
235
489
428
383
674
441
560
500
513
364
387
340
361
613
423
406
480
476
452
275
526
406
460
456
432
498
337
386
522
449
465
487
615
494
479
434
237
415
443
112
499
392
505
544
368
393
396
328
290
379
516
264
266
231
605
83
508
393
439
525
519
346
458
257
489
501
392
478
161
488
487
407
387
264
525
405
437
406
456
205
415
367
475
377
509
398
300
279
268
326
343
231
386
259
393
599
542
555
330
400
371
368
521
563
456
228
441
276
331
327
284
552
539
300
425
407
332
141
455
385
518
220
239
402
339
248
243
412
434
426
403
379
469
552
465
485
534
266
347
413
260
476
342
465
472
518
216
396
378
297
357
450
440
504
532
424
491
468
417
431
356
386
396
379
516
541
547
164
72
141
457
475
407
284
338
493
364
366
520
460
412
452
451
487
486
447
301
469
462
472
421
156
635
660
626
417
380
541
454
414
347
503
508
571
543
617
534
537
481
645
426
614
508
388
504
489
148
638
415
537
371
458
569
540
526
624
437
408
494
235
184
410
366
490
462
467
391
445
461
431
460
370
144
519
200
536
475
581
518
410
315
369
364
459
270
306
247
191
353
278
518
183
285
665
376
542
337
439
422
414
432
412
333
448
282
290
440
302
510
475
318
450
520
354
347
262
487
457
490
460
497
498
528
441
539
690
507
539
404
489
506
526
169
271
595
310
442
435
438
538
323
307
394
78
365
110
258
319
318
581
428
413
358
325
284
315
436
551
495
124
404
407
571
549
538
538
545
487
465
615
410
500
448
475
416
463
428
688
744
477
323
399
336
526
508
308
462
432
385
486
424
465
565
549
283
579
483
487
524
432
436
423
410
330
406
563
430
379
373
578
343
419
423
529
152
237
293
317
412
304
291
357
194
433
334
408
492
486
461
272
377
186
276
309
112
251
380
406
586
554
432
348
429
257
457
528
345
199
462
448
441
381
365
486
305
130
382
384
179
327
380
707
543
510
218
412
534
553
528
442
455
400
459
429
459
268
418
421
404
410
463
452
466
223
382
393
226
504
584
467
420
255
520
419
297
386
533
392
426
192
429
186
339
143
421
375
391
452
607
590
636
556
501
381
353
418
444
503
513
421
435
429
390
337
323
522
450
412
504
306
492
462
283
344
349
322
313
395
522
490
479
512
490
538
634
591
294
398
338
405
352
429
279
284
293
265
285
280
280
477
450
421
426
351
175
384
390
229
482
464
138
443
76
277
351
388
477
437
408
382
388
289
510
406
509
727
437
388
396
390
442
551
424
370
313
338
377
440
708
643
456
296
294
401
137
317
482
326
506
318
474
364
414
279
469
477
424
499
497
394
430
412
444
455
398
165
509
417
229
288
580
481
456
387
374
350
361
390
344
384
354
258
215
276
221
477
484
436
466
439
438
432
399
408
443
404
426
352
330
662
409
361
454
405
396
302
477
530
262
426
397
434
337
452
369
425
322
439
188
395
420
401
305
503
384
401
506
335
308
449
321
333
432
365
347
231
263
493
568
386
335
375
444
364
304
380
402
193
372
292
370
258
302
395
352
420
386
352
308
335
458
198
400
295
358
337
332
516
333
475
428
432
423
416
341
367
425
499
443
473
241
246
423
386
343
482
436
384
295
367
297
334
405
455
433
466
461
145
407
96
155
561
304
350
451
188
441
447
387
463
521
365
444
468
389
417
487
541
343
353
361
312
340
359
327
224
442
280
295
365
164
383
407
433
469
115
59
332
402
222
-1
357
394
443
380
400
354
485
486
354
536
299
347
317
497
303
458
455
361
326
322
381
382
383
208
321
486
293
269
400
345
477
375
493
371
357
387
369
385
284
35
61
43
164
450
378
309
208
441
203
425
435
358
383
293
369
280
309
328
321
322
300
243
307
471
400
420
346
402
455
366
432
364
89
316
249
673
535
422
345
365
173
449
427
331
325
293
377
340
355
307
318
389
388
318
328
430
369
275
440
409
378
331
384
274
363
311
369
437
327
364
257
391
331
268
354
346
310
305
328
345
248
264
382
396
372
355
386
426
581
415
385
335
312
321
324
403
444
373
266
426
350
284
382
226
359
353
309
509
682
659
374
297
355
304
393
402
331
332
146
213
134
310
359
274
234
430
380
326
323
249
338
321
365
402
244
341
264
258
278
291
298
406
313
281
314
488
276
372
358
355
339
363
361
365
347
308
293
243
233
176
338
232
247
485
371
330
139
311
159
325
374
183
386
360
356
314
240
248
242
235
294
394
321
385
252
359
387
266
340
401
321
312
337
485
396
376
318
411
499
627
231
242
325
250
460
230
208
326
284
357
337
309
277
362
411
186
384
394
431
376
310
395
359
313
328
386
398
414
381
374
562
194
207
330
366
500
303
266
276
376
361
299
289
327
382
291
320
564
307
316
330
329
351
211
191
317
338
292
323
256
335
271
281
272
353
319
318
277
318
163
312
281
352
316
329
282
330
390
220
258
280
398
219
360
337
229
267
274
395
203
340
316
494
323
332
352
393
268
300
231
265
270
235
321
166
181
342
354
269
255
324
371
319
331
362
330
299
317
423
442
377
224
252
483
356
458
347
320
443
249
477
273
370
216
260
544
309
312
365
211
273
352
334
234
298
331
197
234
231
384
243
392
246
330
243
292
264
215
317
337
404
349
248
240
208
269
254
195
325
267
178
254
111
342
366
309
300
290
398
343
381
397
322
380
382
331
202
234
299
258
281
323
245
353
219
246
510
367
292
215
530
350
252
312
307
310
266
303
334
271
434
338
282
359
139
376
245
270
312
308
319
318
336
280
482
253
271
289
255
407
253
352
175
150
330
200
265
259
260
292
375
259
241
364
240
276
197
372
333
494
284
241
454
209
164
186
225
380
230
293
240
316
159
337
319
359
241
438
289
226
270
326
277
162
268
294
323
281
178
244
171
258
206
47
172
199
221
264
250
262
406
231
408
318
156
335
249
244
289
283
195
412
291
255
357
311
315
188
127
314
212
217
348
179
274
260
225
250
286
242
348
259
232
238
236
173
262
174
310
231
238
389
320
401
288
240
382
331
261
208
261
288
298
309
270
296
292
286
483
167
342
323
292
284
322
196
363
279
388
329
203
293
241
237
295
223
316
244
57
378
498
225
255
219
352
303
248
223
228
412
290
224
189
325
215
391
233
266
332
193
279
159
228
408
335
298
249
282
12
27
301
197
244
261
289
315
198
265
221
207
169
308
312
426
164
245
261
210
283
275
285
238
232
230
224
287
375
211
317
256
210
276
187
272
248
198
333
417
294
188
262
325
256
140
183
284
309
327
295
171
200
217
265
257
189
284
260
336
230
290
303
183
411
249
118
258
289
226
276
198
240
288
179
159
227
193
198
153
148
119
242
293
243
210
294
383
385
311
187
199
218
210
203
74
287
364
116
199
143
128
174
246
173
146
344
393
230
201
214
263
164
141
152
322
118
147
275
359
155
273
137
147
188
216
121
147
98
277
229
198
280
198
214
299
207
324
207
228
113
258
237
273
77
160
124
292
332
154
133
207
146
302
111
118
209
158
191
192
359
143
141
148
177
155
222
164
158
88
234
58
81
143
248
115
182
249
206
209
328
237
238
200
160
170
106
145
171
147
192
133
265
172
228
143
165
119
194
153
315
314
197
102
86
167
158
157
217
96
146
271
75
139
62
93
106
66
123
139
77
102
131
146
58
179
125
88
157
176
127
86
93
52
109
130
93
54
45
84
100
69
124
127
85
89
86
307
222
