326
371
382
381
370
331
395
335
49
369
345
340
300
281
320
320
315
343
301
384
308
299
247
280
254
224
294
340
348
379
387
361
405
410
472
470
483
425
430
401
409
451
418
464
453
410
389
413
375
389
494
480
501
482
450
468
482
413
523
593
574
463
527
393
490
439
496
490
526
528
428
403
466
431
336
300
441
457
336
388
324
534
557
375
446
480
371
400
519
383
448
434
392
414
355
300
290
339
387
304
411
465
336
413
388
410
454
425
434
490
418
386
428
370
378
499
353
394
372
425
351
300
286
404
276
414
219
354
472
427
392
464
448
501
269
342
334
375
379
253
439
709
207
405
299
383
182
398
419
400
316
358
357
349
309
436
469
431
404
454
415
386
394
363
342
376
411
336
355
329
340
333
226
185
313
271
289
286
336
274
149
368
431
366
331
210
240
252
213
178
198
222
237
358
245
315
294
289
149
305
352
484
363
359
325
264
472
444
446
483
437
476
300
375
206
382
321
444
426
411
327
392
506
471
496
408
383
407
399
460
309
378
355
402
395
430
423
450
442
507
423
374
529
417
433
393
576
254
260
240
203
171
234
244
186
221
235
388
394
142
300
213
340
418
354
363
166
438
293
394
443
307
347
338
426
320
342
343
331
344
396
441
369
462
472
473
320
388
315
455
427
428
271
388
436
565
356
288
368
485
366
489
488
474
450
420
387
298
221
271
248
178
238
254
377
182
409
353
387
306
324
415
403
377
440
382
317
416
279
318
308
373
429
354
313
349
371
507
474
145
467
312
410
424
367
489
260
468
411
290
404
441
405
403
361
457
396
288
336
388
333
358
363
393
368
394
390
342
316
324
412
405
547
578
429
353
363
384
475
403
396
318
371
671
392
189
359
316
423
438
472
474
355
329
283
306
356
189
190
378
378
157
380
276
291
358
350
238
437
207
352
308
515
356
176
424
377
350
496
214
366
322
389
516
499
240
298
273
381
381
389
390
508
484
309
476
512
257
401
405
371
473
554
568
432
465
346
401
517
403
310
236
387
237
493
280
241
463
520
358
606
606
430
227
493
305
492
271
325
329
511
331
401
699
697
707
673
613
572
597
541
321
457
291
254
344
357
354
300
378
376
556
277
264
254
232
301
371
344
399
375
326
375
455
366
320
542
327
405
452
399
352
407
193
137
157
350
551
422
272
272
399
305
261
422
387
346
388
380
363
404
328
356
417
371
412
399
169
396
400
356
341
274
384
505
513
407
381
318
341
457
367
418
401
392
407
280
399
334
435
448
424
240
381
326
493
317
667
387
429
482
404
368
351
467
183
159
354
427
335
313
308
293
301
293
402
363
285
53
306
234
470
487
491
512
399
289
293
281
504
458
524
301
305
565
251
505
151
249
396
371
495
291
343
325
330
339
328
286
352
220
376
301
250
399
362
239
301
425
476
494
353
429
461
471
369
450
348
409
358
436
334
400
341
402
383
422
352
202
184
409
331
343
306
644
416
472
403
494
96
324
125
464
240
196
322
434
365
295
364
347
396
391
370
341
154
447
329
439
412
425
432
425
376
350
393
872
416
589
338
350
548
368
339
333
358
270
275
694
477
455
199
606
491
441
470
507
380
516
425
252
321
422
317
334
327
308
334
296
384
359
575
499
392
304
501
275
421
328
362
395
478
479
417
464
408
234
285
207
302
654
504
483
423
447
267
361
248
416
411
195
298
425
529
477
420
330
276
422
222
333
291
367
180
481
341
297
312
316
507
338
177
274
479
242
346
365
406
334
311
193
399
325
343
491
487
371
291
621
376
336
271
339
325
349
472
417
426
299
209
199
356
266
543
501
299
833
216
593
424
205
441
319
633
248
99
315
221
457
144
304
292
249
508
464
372
430
513
442
280
402
359
334
486
367
379
293
290
280
273
358
317
305
515
384
222
422
574
318
271
260
233
229
320
315
298
329
334
344
348
405
280
233
285
235
403
270
324
251
267
288
266
255
302
271
351
370
388
394
304
105
251
304
314
317
319
257
342
254
178
848
303
521
323
320
284
298
428
442
297
483
370
294
527
254
255
358
379
436
790
394
404
457
353
331
333
368
230
291
279
184
265
330
432
331
229
423
263
450
341
280
275
252
340
338
306
245
220
289
503
268
243
383
335
119
214
363
401
376
317
344
343
374
760
474
250
561
312
484
228
247
382
406
352
252
364
321
351
322
363
329
335
272
298
304
334
390
383
379
425
298
289
292
362
213
295
319
277
279
403
248
473
497
326
279
220
239
249
253
318
326
310
477
216
329
292
359
281
457
360
260
315
264
293
322
305
298
235
326
568
416
286
251
163
248
468
260
227
292
270
384
257
504
262
213
277
282
232
311
277
408
445
441
311
501
402
321
259
308
251
251
276
508
482
254
461
251
693
428
265
265
407
276
251
217
254
289
301
305
322
236
369
378
192
360
176
246
363
205
262
387
227
259
290
263
302
437
348
251
370
225
244
359
375
425
271
234
219
260
265
249
208
319
230
367
299
230
359
285
392
310
197
116
308
272
178
291
335
261
379
386
230
252
268
269
311
310
313
235
370
418
259
236
262
363
279
268
477
298
268
275
337
376
202
249
265
305
325
225
392
401
373
410
285
338
401
97
81
55
187
321
291
265
154
286
193
262
302
208
363
319
417
371
272
255
287
262
265
223
288
325
395
229
244
238
294
261
235
322
67
346
322
292
261
249
246
261
194
261
288
192
470
224
246
233
206
174
233
289
286
186
261
344
424
201
352
414
393
451
279
235
271
196
308
231
498
212
183
235
219
159
209
236
215
189
179
268
305
363
384
188
247
267
227
253
390
327
332
452
197
190
347
336
239
189
242
364
233
371
233
180
197
322
355
307
286
259
525
231
278
227
241
233
287
426
177
190
107
259
287
292
225
373
220
278
277
188
277
231
245
257
187
249
337
308
632
-1
310
499
531
440
176
324
298
297
319
324
245
343
209
181
233
491
318
279
263
183
236
398
302
216
259
246
192
185
189
495
233
178
502
233
224
391
431
441
430
460
255
250
240
278
173
231
238
188
260
264
257
251
245
389
269
270
422
371
260
274
452
425
247
217
333
212
197
257
178
225
258
227
238
205
339
196
338
278
307
329
265
309
337
267
278
295
321
295
266
270
402
230
204
213
567
305
204
165
163
386
292
340
347
455
260
265
563
296
367
232
311
208
238
213
189
224
203
158
479
196
252
205
206
346
196
234
253
230
351
271
202
178
235
181
600
236
257
253
272
332
143
276
172
207
231
245
214
284
270
167
216
225
328
349
461
253
257
204
221
177
180
177
228
421
197
149
208
215
199
153
245
211
234
251
326
215
197
201
195
187
260
175
306
274
298
267
262
214
274
174
331
200
438
434
321
286
366
184
233
159
371
235
232
199
268
256
138
281
199
245
285
291
205
261
263
181
231
170
228
244
283
322
176
155
138
219
275
194
207
194
201
218
115
265
283
213
226
255
274
256
299
272
263
244
384
244
190
155
206
200
186
340
189
210
476
235
283
208
192
266
327
301
182
193
245
222
201
579
247
192
187
295
373
227
126
291
245
177
266
282
305
184
333
207
525
188
224
274
250
220
254
446
345
105
207
161
284
235
206
272
297
191
288
290
194
268
155
209
271
246
212
242
284
168
188
183
184
298
320
440
242
263
114
513
228
288
242
329
184
176
187
169
255
266
173
264
239
194
145
213
199
306
284
113
246
280
186
259
333
273
264
173
215
332
242
220
225
193
193
193
143
349
146
184
297
176
326
197
38
245
268
273
330
189
214
160
150
309
180
181
178
231
165
193
207
141
257
116
346
207
169
243
260
272
208
162
270
333
168
156
260
198
248
187
191
211
426
349
215
418
220
237
172
372
238
141
223
184
273
249
173
281
222
251
259
399
299
174
66
267
258
375
241
145
271
202
178
134
196
238
410
178
193
216
142
221
157
176
285
360
318
162
215
234
273
279
454
182
33
42
291
148
172
210
229
218
58
305
215
131
144
262
325
187
135
196
169
122
209
201
231
133
294
178
239
278
182
181
207
186
155
207
122
168
197
177
205
210
202
128
198
323
219
191
147
357
292
221
207
107
238
174
192
194
262
428
234
275
169
266
267
143
287
170
159
174
224
178
214
231
215
229
179
126
157
98
166
155
135
115
164
280
189
333
268
256
259
238
199
134
195
142
185
55
249
291
98
256
167
125
175
248
129
108
163
163
205
166
181
247
120
166
134
277
159
131
182
218
139
178
156
119
170
133
126
94
82
180
294
127
207
251
137
228
175
186
154
263
72
237
212
200
72
133
190
245
282
154
155
314
88
196
125
68
309
128
141
140
238
107
132
136
121
83
172
188
195
86
180
97
145
158
219
97
150
189
187
134
210
175
174
154
121
120
149
107
116
107
117
93
192
105
203
101
94
126
145
133
215
215
134
75
70
155
184
181
179
76
204
211
101
115
126
67
92
61
128
132
58
101
88
121
58
137
99
92
156
253
110
152
120
42
71
112
64
44
54
66
112
65
92
92
82
91
53
280
361
