289
368
369
366
374
343
384
362
26
362
334
307
286
286
270
273
296
333
312
355
272
309
249
309
260
239
273
316
360
355
356
355
383
343
426
417
467
398
423
389
416
459
418
463
429
396
375
409
322
424
475
477
492
489
438
487
489
461
433
475
514
496
405
426
530
451
415
516
484
512
408
413
420
424
337
218
457
459
320
351
428
476
460
425
493
490
345
259
527
354
411
448
345
384
395
319
369
430
400
302
294
408
388
374
358
374
339
368
385
361
325
328
306
306
347
341
341
267
345
329
321
354
269
382
216
468
187
300
349
294
365
276
318
312
238
306
351
376
209
286
353
381
291
375
287
318
207
320
450
490
327
362
335
332
290
419
435
388
396
376
403
349
365
315
350
384
381
318
327
290
279
296
214
229
209
255
219
212
287
212
176
365
312
397
292
221
201
250
177
169
176
209
173
190
205
229
282
284
194
278
376
292
348
353
308
284
342
306
424
478
382
390
323
297
143
393
311
392
385
391
295
424
447
443
529
427
367
412
376
504
245
371
313
344
399
427
421
385
445
447
389
439
327
275
210
413
378
328
218
182
226
141
176
226
210
280
284
377
318
114
184
157
202
392
191
344
110
352
317
411
458
285
320
236
465
310
314
345
312
375
407
478
410
431
426
410
345
346
300
257
339
384
270
404
422
346
346
246
386
429
375
312
313
309
256
286
380
228
207
234
182
169
183
189
380
198
458
325
410
249
353
455
401
435
450
377
305
273
319
295
369
484
411
455
269
413
477
534
400
156
420
387
378
368
343
375
240
293
230
240
347
265
434
392
318
343
394
294
334
381
330
321
401
335
397
307
461
323
312
310
424
469
255
277
455
316
350
379
386
418
366
377
244
290
471
102
353
365
388
418
331
330
295
247
265
288
323
241
240
196
447
90
380
327
372
394
354
351
451
248
368
362
341
375
168
364
374
367
328
225
346
343
403
351
416
150
348
320
386
308
409
348
246
207
215
225
262
234
281
214
287
509
496
491
231
261
241
238
331
343
254
211
344
247
235
270
247
470
432
271
388
426
356
216
531
295
450
205
174
399
253
197
192
310
313
300
282
268
293
281
300
345
334
228
240
282
235
367
277
441
510
419
250
302
316
241
287
379
337
374
384
348
429
340
358
304
249
365
362
276
468
395
410
214
88
179
367
282
467
263
300
407
310
320
394
365
277
378
315
460
448
403
305
485
373
429
392
187
403
285
261
392
395
402
423
412
230
315
303
370
369
270
264
268
242
282
230
275
274
269
349
424
162
295
335
408
370
430
257
250
264
342
426
415
272
302
279
355
238
405
355
336
412
345
217
362
378
304
88
362
208
284
255
267
260
352
276
342
359
453
215
218
168
177
223
196
244
159
261
364
328
280
352
332
331
445
361
329
227
375
278
279
269
313
423
411
270
290
447
352
312
290
380
402
468
353
476
327
458
226
458
275
414
380
373
282
259
445
189
277
312
389
363
377
327
339
225
213
242
94
359
129
198
193
169
334
263
309
277
225
193
194
243
261
234
116
503
417
387
382
378
374
367
376
357
291
260
249
272
355
359
394
418
211
243
238
223
242
240
484
451
257
276
249
251
452
382
412
293
288
286
294
454
293
315
356
329
364
318
198
235
292
441
250
388
301
321
434
356
404
115
189
277
316
452
260
259
188
158
357
254
257
290
417
407
227
321
227
306
272
94
279
330
401
280
260
297
296
213
211
387
243
225
154
302
292
235
304
293
274
281
100
294
423
122
197
215
292
266
381
179
300
326
233
489
389
389
285
288
443
389
213
415
446
430
442
496
322
343
173
325
247
276
278
348
340
291
203
451
444
132
350
326
286
319
157
304
201
218
108
324
377
294
286
310
369
310
268
319
278
217
446
347
328
384
444
355
340
344
261
337
328
357
236
218
179
230
373
195
253
274
266
256
334
336
347
322
321
354
419
366
310
202
342
253
402
323
349
272
285
317
301
259
225
271
318
435
227
243
273
165
322
308
189
306
373
185
355
93
243
263
353
319
331
296
293
303
219
255
327
256
236
324
209
271
320
334
266
404
253
212
384
340
448
210
222
516
249
326
283
129
281
213
225
372
347
378
391
233
239
334
312
163
354
374
455
280
280
284
235
342
153
263
401
176
289
366
396
507
483
520
430
414
249
213
252
335
343
143
237
192
400
413
324
346
446
388
372
374
462
339
364
282
341
314
244
450
356
427
405
353
307
292
372
283
339
286
287
376
456
338
201
174
444
185
299
302
285
251
379
521
305
374
310
216
313
258
393
431
425
335
138
254
235
260
279
250
242
392
261
221
354
273
202
308
256
316
250
311
368
434
305
197
473
435
304
384
164
437
237
228
337
205
312
292
263
543
263
412
371
290
327
278
257
328
514
208
189
429
317
245
424
327
418
311
337
209
219
339
349
179
390
431
204
288
123
128
335
372
476
405
263
321
364
364
259
294
356
313
354
226
305
404
328
326
283
246
235
294
262
241
220
453
317
300
317
216
365
308
445
195
146
83
313
309
184
245
187
337
237
251
332
278
296
291
191
306
228
233
475
240
406
316
272
396
340
273
264
274
259
167
307
207
236
321
326
359
371
300
250
173
329
233
384
280
396
69
85
61
142
243
324
305
165
289
194
371
354
270
404
464
312
350
332
318
345
345
331
329
274
380
501
252
161
274
242
280
253
372
94
235
185
201
159
272
282
304
174
305
287
280
226
195
354
219
299
274
271
220
218
178
179
283
214
226
434
366
351
309
288
250
289
234
220
228
211
332
230
278
283
185
266
290
281
256
230
283
286
232
302
199
335
326
288
306
274
392
315
241
223
236
183
407
241
252
326
319
358
254
254
147
281
305
188
211
214
197
227
281
375
264
266
280
349
342
154
232
140
379
349
285
299
235
202
303
338
192
323
239
288
275
323
390
308
364
234
196
258
224
232
229
276
352
298
340
168
397
346
366
241
244
204
211
300
294
279
275
311
172
222
196
334
333
221
262
208
311
226
151
260
338
322
353
195
192
189
205
240
288
266
318
174
184
317
170
371
279
309
307
300
365
284
249
325
193
215
202
198
198
257
191
193
316
210
443
294
386
280
262
356
152
356
251
211
352
374
373
397
438
309
308
272
327
332
286
354
257
276
277
248
222
269
247
277
210
232
199
150
159
149
222
266
287
222
203
194
252
165
197
289
220
187
266
250
201
220
210
364
353
332
194
266
226
232
281
320
245
250
208
304
176
234
321
335
332
203
293
201
340
192
295
312
270
208
340
398
97
296
260
361
204
218
207
305
290
267
198
214
196
237
212
217
265
329
302
210
171
258
302
275
272
195
218
250
242
165
151
319
375
185
196
185
183
310
312
338
156
383
255
326
171
353
191
361
179
254
144
219
371
236
234
165
357
306
332
166
260
158
347
208
327
253
355
251
211
288
157
295
265
173
219
118
279
236
219
272
282
181
193
125
297
305
226
213
352
168
240
226
295
396
239
203
316
201
187
299
281
167
179
198
248
182
254
183
241
235
254
248
361
244
220
422
328
334
236
226
224
179
327
157
303
211
354
270
258
180
179
183
177
341
333
363
256
329
259
160
187
245
224
134
151
260
218
340
290
291
279
198
181
229
286
359
273
182
186
184
213
206
243
167
230
144
165
142
216
344
179
305
190
86
223
260
167
127
184
251
292
138
144
178
139
198
178
296
211
157
250
206
281
207
40
269
276
435
243
177
277
167
261
170
422
208
285
565
174
257
136
192
238
193
193
146
193
322
141
73
349
227
197
181
103
238
296
244
156
191
258
171
234
191
223
242
206
226
140
355
205
396
175
318
206
151
213
166
203
203
190
164
278
166
189
240
228
183
180
224
122
279
281
296
220
323
245
253
214
232
252
276
277
314
145
294
154
307
147
26
295
227
208
299
244
296
209
228
171
226
201
211
218
206
277
222
175
172
256
153
153
169
164
257
274
183
143
182
232
21
25
327
220
307
205
195
246
167
167
400
209
187
366
174
131
178
-1
324
227
296
294
161
247
158
158
236
310
153
338
355
283
161
298
204
196
315
143
283
154
278
165
212
212
350
209
265
192
261
269
243
174
265
246
194
239
187
177
152
388
331
149
256
185
188
212
179
258
433
202
164
166
255
149
276
182
321
214
169
193
190
139
307
162
224
179
311
164
164
146
107
214
217
230
197
69
266
209
189
167
120
199
181
131
190
238
144
125
231
268
215
216
181
191
205
175
96
86
143
301
250
139
190
135
208
154
126
175
80
260
125
153
202
134
254
150
189
112
187
209
102
186
215
264
124
150
172
236
203
188
222
153
179
168
83
171
117
153
262
266
226
260
294
140
151
100
138
189
167
43
230
75
112
173
120
153
171
197
158
156
169
168
228
178
159
133
60
143
158
146
160
118
231
154
146
148
137
150
183
123
162
160
155
96
75
190
123
122
177
107
130
178
98
190
68
113
122
76
70
154
82
146
128
129
77
157
98
135
108
106
98
78
95
61
101
86
100
56
64
110
118
126
80
81
164
49
83
266
150
