674
784
774
748
713
624
808
703
97
742
694
675
626
649
587
618
618
664
592
741
591
629
570
596
547
564
612
659
749
761
789
700
746
798
867
836
874
750
777
714
748
770
749
748
765
731
681
778
672
712
894
772
804
746
715
789
731
686
836
810
861
703
831
686
698
657
799
712
724
711
768
727
756
823
633
530
719
738
609
624
550
698
676
593
688
647
662
650
671
680
730
737
696
850
730
707
522
653
701
507
640
719
680
743
675
644
697
628
616
783
612
591
681
544
514
666
541
594
555
627
591
508
510
679
536
644
462
525
671
571
765
627
626
655
459
533
536
581
502
429
744
897
411
555
488
540
353
591
761
597
630
639
610
521
598
746
741
671
598
826
732
631
642
691
746
750
724
530
523
502
521
492
347
358
443
456
420
426
490
416
298
517
623
608
570
466
365
399
313
277
309
345
300
478
379
384
605
599
399
605
655
638
722
739
627
443
704
711
700
633
714
694
664
620
311
659
547
816
758
774
476
655
660
651
647
611
582
631
689
655
519
680
630
630
575
688
693
596
718
788
774
603
744
575
539
662
614
535
404
372
390
274
300
393
411
487
515
568
532
217
351
289
506
741
464
508
229
603
527
718
712
453
560
519
656
509
531
510
489
546
637
698
629
741
710
650
610
546
492
540
644
633
410
594
794
672
673
464
669
724
669
611
608
602
498
538
703
462
491
508
429
359
424
430
709
397
652
579
697
524
616
704
666
596
635
706
636
552
530
501
494
666
674
538
427
591
577
636
682
337
644
506
633
698
593
674
479
717
663
510
653
767
644
700
563
533
607
593
512
702
606
702
658
647
648
490
532
658
518
548
576
585
677
614
558
609
568
575
622
643
593
642
469
896
545
259
668
630
693
681
536
549
514
433
372
460
616
469
466
451
611
199
697
598
539
632
633
455
694
491
561
540
504
612
336
620
667
601
649
372
580
619
583
533
581
410
472
423
580
599
618
503
564
546
445
529
733
324
609
612
494
624
567
581
475
540
465
444
764
651
422
365
675
493
611
519
456
608
630
436
550
532
487
234
527
574
622
303
421
675
808
606
651
812
839
859
727
695
803
643
652
514
587
460
506
482
475
556
545
537
549
715
384
495
544
414
596
667
683
685
696
595
652
676
562
562
814
628
553
750
657
544
627
226
143
282
641
602
597
557
466
597
555
521
656
605
429
758
728
537
592
583
556
617
569
559
509
261
590
626
502
529
440
569
503
481
459
451
462
566
608
580
591
586
546
520
546
534
500
677
617
541
381
519
535
617
467
518
608
605
543
523
644
579
813
311
246
576
687
450
454
448
454
484
427
608
602
451
156
429
420
525
539
668
626
521
541
532
487
506
556
581
412
364
542
384
466
269
325
458
476
788
467
550
558
391
491
526
451
424
344
462
435
414
517
501
559
483
475
483
347
378
485
663
618
466
584
500
585
678
490
499
539
461
463
510
611
422
369
334
502
454
583
509
697
618
519
474
854
193
525
225
513
397
256
463
624
445
367
484
439
413
484
479
415
208
469
525
620
596
581
599
584
560
537
518
764
433
538
465
546
496
526
501
453
503
386
386
562
493
470
445
720
597
875
508
422
597
535
402
396
426
484
430
470
498
482
497
489
719
631
566
421
667
503
476
524
617
525
519
587
772
363
407
441
316
343
335
248
379
701
704
584
462
474
541
643
240
370
364
299
450
342
399
497
488
444
557
626
422
378
431
408
382
597
467
412
628
591
473
449
265
486
390
402
438
563
396
353
430
375
597
451
448
504
437
565
430
527
387
360
352
353
350
460
412
443
304
395
415
393
421
354
482
384
473
717
465
593
417
243
431
417
627
362
333
538
305
-1
292
468
569
350
540
592
450
507
547
501
418
602
462
573
480
574
511
394
466
381
347
456
411
411
750
517
363
551
502
675
451
463
413
442
494
412
392
420
475
432
425
451
342
398
450
325
358
386
500
331
324
367
344
259
394
310
460
406
542
538
448
276
445
530
340
451
376
167
494
268
315
641
478
472
535
391
387
385
344
474
427
628
368
393
725
366
393
522
369
389
675
581
439
379
467
417
459
419
454
424
404
267
441
438
649
510
285
642
385
516
475
377
388
303
346
381
409
347
293
359
575
383
465
363
501
383
471
396
609
402
335
378
322
308
541
793
328
490
326
499
321
350
459
394
314
330
361
444
456
432
492
385
579
392
378
443
341
398
309
364
400
322
420
371
583
332
325
408
324
316
401
271
537
454
320
414
313
344
332
520
325
440
498
593
352
548
344
505
480
539
383
387
317
298
339
482
453
386
348
427
502
624
451
306
294
378
456
362
299
468
283
434
368
498
383
285
497
428
231
355
390
745
360
401
339
415
397
315
257
346
384
295
356
522
411
314
468
276
529
375
324
474
435
310
371
309
377
364
402
316
497
321
348
363
261
401
197
337
389
263
338
504
316
320
364
285
318
335
350
266
392
317
290
511
451
334
360
317
285
514
348
253
235
324
311
245
354
224
330
253
480
337
242
160
314
366
321
339
449
262
333
429
276
386
334
337
403
382
404
217
357
420
346
286
292
405
321
309
473
393
347
202
262
354
250
257
312
291
357
308
397
348
296
607
281
353
290
138
132
128
326
288
353
303
346
336
166
353
387
221
424
383
361
286
348
329
338
319
298
259
315
391
460
294
401
263
280
269
288
372
176
577
606
317
260
350
373
408
280
351
296
185
391
243
292
322
257
238
365
370
366
237
467
501
491
321
328
459
425
460
374
495
320
162
347
265
375
299
180
345
228
176
242
306
348
195
287
289
240
255
333
246
322
393
261
286
354
396
299
413
313
294
741
316
270
230
300
430
314
243
274
168
292
414
360
249
299
298
412
258
280
312
289
277
252
446
165
177
90
366
293
237
338
259
342
375
324
207
253
272
238
321
294
240
235
278
328
457
246
339
378
365
276
299
225
463
428
334
253
301
227
224
330
337
242
228
209
253
374
546
186
253
341
305
202
277
225
396
302
293
415
248
230
343
335
343
362
364
400
360
460
268
254
293
347
193
294
250
215
333
353
408
292
274
440
350
260
291
395
350
221
232
317
209
199
386
222
310
303
295
249
316
481
192
432
314
367
328
214
281
287
266
221
357
326
441
271
317
332
302
223
195
472
252
204
262
263
449
321
357
397
453
383
232
437
303
470
263
439
217
397
193
181
267
228
178
351
216
266
202
215
338
218
371
318
385
322
189
274
316
297
181
403
217
324
359
285
318
140
284
297
258
361
309
334
253
346
207
252
222
371
321
412
282
343
204
253
190
255
230
221
300
213
178
220
298
210
156
271
252
278
323
412
213
206
212
191
204
361
258
253
269
293
261
260
255
326
426
426
245
424
434
219
247
414
231
295
386
305
306
243
208
288
284
209
261
160
285
523
274
186
274
235
152
231
172
293
254
367
366
209
307
216
309
210
198
223
204
179
232
100
301
333
224
280
363
216
410
427
339
337
246
283
300
194
176
291
222
191
344
234
223
388
253
318
272
188
182
427
378
203
192
238
237
336
536
283
246
226
334
346
262
132
335
228
250
362
376
393
151
289
213
465
157
197
233
364
265
212
387
267
149
288
155
243
191
202
228
391
188
321
303
193
234
132
230
292
277
202
270
268
162
174
198
166
357
301
434
268
362
215
337
372
246
213
273
209
154
202
217
297
363
159
194
261
259
139
236
194
199
230
180
167
248
168
209
334
250
322
195
235
344
198
274
223
242
206
193
174
297
168
197
354
208
342
318
128
261
223
252
211
242
288
176
152
264
195
204
157
196
242
326
215
130
215
154
321
232
183
267
332
326
274
169
278
324
219
194
331
219
218
199
294
309
253
253
213
377
275
266
205
217
226
158
230
210
291
312
162
216
231
381
237
299
290
283
81
345
225
345
245
136
388
204
207
148
188
214
557
218
191
241
176
204
208
191
240
384
305
131
225
315
245
240
315
166
52
49
342
304
208
175
216
282
109
205
171
131
135
342
237
199
123
218
178
144
186
234
295
144
280
168
187
267
188
217
273
268
236
218
117
184
237
172
212
185
262
196
258
327
266
142
104
320
263
198
269
94
206
288
224
246
185
336
302
271
200
309
239
190
266
269
101
212
276
295
187
187
172
239
150
117
195
141
189
139
132
79
168
222
275
275
262
265
265
216
257
105
168
119
218
54
242
242
122
240
175
109
157
276
126
132
172
136
319
227
171
246
117
118
145
267
223
155
241
281
110
147
115
133
270
129
89
108
150
184
257
121
240
231
138
316
162
162
189
184
72
261
243
215
59
107
136
276
290
135
86
187
154
153
100
80
145
177
176
176
241
166
116
167
125
98
129
163
128
138
179
42
53
128
151
80
172
240
172
171
201
221
195
152
102
110
143
105
119
108
121
88
217
114
219
101
109
127
137
122
190
189
169
59
54
169
106
103
223
70
196
172
83
124
97
61
111
61
151
124
97
78
88
127
40
157
102
69
131
210
116
92
164
40
64
86
72
48
41
68
118
49
74
74
69
62
69
586
263
