1640
1928
1804
1698
1612
1279
1915
1823
190
1748
1640
1624
1435
1367
1532
1584
1540
1513
1404
1833
1452
1660
1367
1571
1281
1258
1669
1546
1827
1745
1874
1678
1859
2202
1982
2042
2214
1949
2038
2087
1976
1821
1950
1948
1990
2100
2031
2351
1701
2242
2146
1907
1756
1655
1745
1707
1645
1669
1695
1519
1562
1733
1751
1461
1565
1541
1851
1667
1556
1569
2011
2084
1798
2107
1685
1394
1730
1767
1511
1563
1037
1461
1348
1202
1491
1397
1466
1207
1333
1752
2084
1637
1850
1999
1842
1637
1023
1675
1794
1024
1118
1498
2003
-1
1782
1390
1344
1334
1375
1347
1166
1223
1362
1115
1141
1213
1216
1154
1288
1282
1108
1119
1455
1735
1406
1494
1097
1116
1371
1082
1994
1099
1122
1157
831
1201
1238
1368
1080
828
1658
1404
977
1288
1073
1121
731
1131
1678
1533
1890
1994
1778
1211
1614
1770
1725
1228
1197
1792
1882
1394
1399
1516
1655
1815
1763
1114
1057
1038
991
986
712
738
766
927
765
767
999
834
628
1180
1103
1740
1787
975
683
853
605
585
603
680
596
685
752
751
1506
1505
919
1594
1561
1067
1714
1691
1672
968
1225
1602
1322
1259
1532
1426
1419
1799
736
1759
1427
1863
1938
1765
923
1588
1444
1424
1384
1505
1302
1718
1208
1338
1259
1644
1694
1643
1456
1474
1747
1272
1679
1548
1703
1365
1218
992
925
1488
1091
1427
870
614
1064
637
516
922
921
1096
1486
1163
1050
436
636
493
770
1708
903
1101
384
1279
1338
1616
1666
864
966
873
1362
1552
1533
1433
1438
1547
1383
1480
1470
1559
1420
1295
1425
1144
1336
992
1427
1406
761
1052
1679
1121
1699
1131
1836
1315
1649
1026
1015
1040
817
939
2257
1201
1055
1156
985
899
892
1073
1727
1105
1384
1418
1577
1430
1599
1709
1710
1224
1383
1535
1338
1061
1429
1141
1232
1468
1498
1106
715
1222
1302
1296
1313
762
1360
1241
1472
1721
1653
1220
1114
1357
1118
1301
1404
1407
1321
1591
1671
1228
1284
1454
1279
1434
1638
1676
1439
1538
1594
987
1081
1544
1393
1437
1273
1248
947
887
1164
1822
1564
1356
1305
1429
1300
1513
906
1093
1286
391
1455
1463
1679
1526
1215
1217
1079
932
886
987
1551
1025
1020
782
1222
327
1480
1278
1284
1462
1348
1156
1435
976
1369
1518
1030
1605
821
1530
1758
1595
1200
850
1598
1525
1638
1085
1178
950
1241
961
1259
1162
1448
1067
750
689
597
683
925
595
902
852
1127
1327
1169
1122
657
788
733
635
1272
1347
802
1006
1565
1068
744
1303
1070
1287
1189
905
1096
1030
1140
467
921
1626
1193
394
535
1234
951
686
719
872
893
915
863
841
1044
854
968
1246
1058
1174
1192
1136
952
1370
1306
1262
1378
1317
735
1605
1543
1297
1446
1481
1538
1500
1361
1545
1437
1468
1377
1333
977
1258
1095
987
1331
1317
1347
378
256
822
1648
898
1241
1303
1206
1312
1409
1123
1669
1374
877
1546
1489
1331
1290
1426
1026
1294
1238
1295
1181
479
1206
1265
982
1353
1094
1289
1056
949
833
967
1205
1123
1013
1048
1002
993
887
850
911
873
1183
986
1171
1026
531
1027
1537
1157
1118
872
1139
916
758
959
1462
1238
1001
742
605
1084
899
1063
1100
1062
1106
1170
945
1176
1407
919
352
1035
1004
883
782
821
814
1145
1081
1481
1299
945
702
727
462
463
718
608
698
544
767
930
906
848
979
1256
1057
833
1051
1002
1165
933
1058
927
1058
849
1143
1106
1201
1182
792
929
687
659
905
1219
1103
945
1164
1018
1251
808
948
874
1154
936
1025
791
896
878
823
836
1050
1014
1209
1190
760
1089
679
627
871
348
1026
530
551
873
544
1065
835
858
872
784
671
690
717
839
761
419
901
1250
1300
1193
1237
1230
1179
1415
1352
1102
758
693
660
1016
1096
891
1153
925
809
1009
821
978
610
892
885
1102
719
843
783
959
772
1627
673
596
854
817
891
959
1117
1240
1193
1237
1096
756
745
619
748
906
1183
719
1303
1139
1197
1124
573
774
610
683
818
577
758
682
426
686
674
801
761
901
910
1040
1469
424
720
760
471
629
647
646
582
817
926
1098
775
1193
841
887
611
806
930
808
967
1119
1039
573
915
390
1181
707
542
517
682
721
671
974
812
909
874
719
884
630
1291
1068
605
865
784
876
683
735
993
726
832
605
726
953
817
665
734
622
683
1211
642
796
901
797
521
708
979
603
725
779
1146
664
743
603
1334
1265
822
735
886
926
803
708
751
900
717
939
1345
753
1299
1190
924
1069
847
815
902
946
775
661
619
606
693
647
593
1251
1342
1211
1308
1142
800
783
834
862
770
851
859
764
889
962
693
615
895
1316
620
540
585
556
415
567
469
914
836
698
727
859
654
985
1032
744
1161
827
282
1199
276
637
571
1275
562
1484
730
860
826
565
727
1197
663
489
819
652
899
987
934
543
695
624
643
824
751
962
668
672
821
992
798
700
569
966
697
838
1173
649
1169
967
591
829
829
767
540
681
682
869
898
735
652
687
777
490
533
969
867
856
754
1391
790
635
741
699
591
490
674
763
663
757
522
768
711
862
685
568
724
705
974
980
923
1025
828
1615
904
596
921
567
742
575
711
679
823
921
700
1202
819
732
754
646
692
772
574
525
441
607
698
689
703
667
983
607
859
950
1162
727
723
772
793
1032
938
729
914
468
565
675
801
1342
709
820
728
460
813
972
607
659
757
621
935
602
1084
601
754
681
553
923
685
1083
884
304
724
894
671
605
558
680
687
549
588
581
677
758
587
989
637
572
617
866
618
489
646
654
1008
752
568
856
638
955
458
953
538
1251
647
549
627
446
631
304
434
743
558
708
1158
620
678
828
627
473
472
527
530
707
679
608
914
743
608
766
690
540
1006
648
427
357
592
730
442
656
373
607
508
1104
648
437
322
685
895
716
493
563
553
394
458
536
788
678
682
693
747
505
402
691
475
741
575
537
790
611
553
598
658
595
403
479
535
514
492
606
499
676
636
470
304
618
578
602
519
595
234
280
205
649
357
766
596
669
623
276
792
914
526
900
689
626
490
674
675
677
652
632
474
612
741
838
680
601
467
413
561
643
762
422
654
690
441
321
638
735
794
546
737
572
346
398
325
585
794
544
560
668
585
582
451
449
908
681
896
611
819
796
683
850
1073
633
333
499
528
369
695
365
827
467
362
473
524
608
373
663
590
418
408
527
529
693
1095
454
539
560
757
523
458
555
530
625
602
490
477
653
771
653
441
568
277
620
822
369
416
457
460
398
577
552
742
587
556
447
789
366
255
156
775
558
391
742
334
482
696
592
352
480
662
445
668
723
499
479
487
356
413
414
384
366
363
650
570
447
1256
433
642
547
555
410
423
416
326
438
408
374
542
767
560
363
510
793
715
334
579
353
542
539
778
457
531
455
722
359
373
347
391
833
775
885
570
437
349
709
299
635
437
404
663
692
681
517
515
862
379
459
410
401
353
419
450
356
427
360
905
494
712
601
559
483
623
1077
363
443
607
734
592
451
496
520
486
333
680
518
897
526
849
437
686
372
373
461
396
377
605
501
425
300
306
320
382
861
344
364
436
418
512
542
350
760
322
279
550
583
387
399
388
497
382
428
366
519
820
688
751
604
374
473
525
673
381
407
376
537
767
613
648
279
573
699
593
947
581
607
455
743
185
505
449
800
314
369
449
645
420
427
322
515
456
394
420
317
323
417
645
380
309
571
615
563
802
618
390
383
403
344
336
678
488
278
314
369
334
482
469
655
780
879
485
719
501
413
320
871
523
600
473
356
564
565
366
228
511
402
520
280
578
484
541
362
438
415
321
400
306
488
300
703
551
530
726
255
655
375
354
534
468
380
363
137
627
618
529
610
786
291
889
503
720
742
412
490
552
294
389
581
481
405
332
412
369
409
433
349
514
401
335
693
770
465
363
399
418
692
532
420
514
362
624
300
497
253
757
371
413
372
366
415
267
616
431
608
282
414
307
340
373
343
484
266
374
691
288
454
356
367
374
467
406
666
630
378
413
234
374
300
420
396
495
300
322
256
311
275
467
558
405
512
801
524
352
751
277
220
282
400
311
246
256
330
371
353
213
408
506
255
357
289
347
373
175
334
464
297
353
335
491
696
368
341
607
308
567
404
395
410
232
382
471
349
381
333
457
656
781
206
456
404
318
253
467
670
362
284
243
372
425
307
356
426
736
461
249
409
309
632
388
359
511
696
399
602
346
323
351
445
373
307
376
392
361
641
636
313
325
352
286
525
547
430
392
412
361
492
480
590
691
285
387
385
283
419
233
528
454
252
597
330
413
447
260
584
360
449
280
390
411
520
433
335
440
364
281
390
315
251
266
455
231
372
745
267
233
278
321
81
107
800
717
386
413
333
616
277
288
357
274
262
741
293
280
214
374
316
323
334
451
354
307
271
277
304
474
242
371
644
498
445
375
275
401
428
260
383
238
632
373
445
387
558
261
205
324
415
337
581
188
371
507
585
498
293
406
366
487
420
303
385
422
307
594
185
457
533
645
221
307
295
274
308
297
409
315
257
230
236
128
325
225
573
252
506
343
346
270
288
209
296
222
370
146
464
291
206
288
196
174
374
284
269
402
258
195
607
436
249
410
203
246
253
427
273
137
255
696
238
242
221
252
534
270
201
206
326
382
267
255
534
200
283
444
297
199
362
340
112
436
432
467
101
214
196
487
373
224
226
191
315
241
119
189
185
308
289
288
480
424
209
284
197
195
189
292
240
349
335
101
135
201
192
127
280
483
257
331
315
532
329
272
184
213
299
211
218
194
241
197
470
224
348
185
226
184
248
221
292
293
413
122
93
322
196
196
414
153
239
248
148
244
81
124
220
92
108
230
214
136
172
190
85
345
201
147
148
212
198
96
167
82
134
117
167
91
79
129
204
184
125
125
161
95
127
1338
258
