293
317
325
309
314
300
368
306
33
317
292
285
265
291
249
258
286
302
280
334
269
263
260
280
241
256
256
289
318
333
343
315
360
367
453
450
444
381
406
355
379
411
410
417
401
337
330
368
335
354
474
427
439
426
404
415
457
382
456
551
525
423
485
412
423
427
419
424
435
408
430
388
421
441
311
246
445
431
318
340
351
426
477
308
441
454
340
344
428
310
406
389
361
371
336
288
284
314
373
275
381
417
305
369
342
378
420
370
373
421
324
317
347
307
328
447
328
327
330
391
360
293
272
345
234
375
189
359
319
347
345
401
416
414
271
323
348
345
258
257
365
569
252
359
260
337
190
373
389
381
294
312
320
311
272
415
408
371
361
428
372
341
352
318
313
339
377
336
336
289
296
306
220
229
252
284
223
232
306
250
166
304
314
318
272
210
217
228
173
165
180
209
171
261
205
223
279
277
182
248
362
439
321
321
277
259
376
387
429
422
418
441
329
313
135
339
248
412
380
407
284
379
469
440
401
357
324
351
462
395
259
376
289
345
356
468
368
385
408
438
427
376
462
326
262
433
462
290
188
191
168
134
171
191
176
267
227
336
353
144
206
169
354
360
237
338
123
392
304
435
403
269
377
299
445
286
294
308
279
286
328
389
316
414
424
454
281
345
267
276
389
353
285
361
412
395
324
223
360
464
325
462
458
474
338
422
350
211
222
219
172
199
171
179
355
163
411
318
334
239
313
380
341
402
382
380
326
298
272
279
287
323
357
363
269
363
342
427
452
134
414
304
343
377
326
408
190
397
332
225
391
426
408
354
316
320
342
289
273
380
303
318
343
357
319
296
397
324
280
282
367
410
495
499
419
290
307
341
404
372
388
354
243
550
320
132
334
290
385
420
330
309
306
247
227
313
318
220
218
262
421
126
367
281
304
352
329
287
358
238
327
329
342
335
117
329
349
313
380
215
332
273
325
355
370
169
300
312
371
333
385
346
437
419
331
465
431
242
386
293
310
463
490
518
417
435
335
383
448
368
296
187
334
230
420
238
214
417
440
270
394
405
275
153
476
283
450
283
312
311
383
309
299
518
597
572
548
498
511
524
479
319
426
218
266
272
233
331
261
345
328
456
220
276
298
239
267
319
312
375
364
304
354
361
354
284
423
287
381
459
410
342
387
188
98
134
322
552
362
265
253
370
277
279
396
349
316
361
377
370
471
334
301
376
351
363
306
162
435
369
344
303
270
344
385
356
298
312
292
391
498
352
399
383
349
459
329
379
316
424
408
401
193
343
287
466
266
493
371
448
494
394
336
313
445
189
159
296
365
311
284
300
304
289
267
435
335
296
123
335
195
488
498
523
509
348
286
267
264
413
377
373
325
239
399
300
437
203
185
445
330
493
318
315
360
381
326
314
217
326
187
233
278
287
429
388
255
268
492
297
318
284
362
464
435
302
431
363
434
320
442
311
380
383
363
373
381
458
166
217
348
279
327
316
590
406
495
444
518
100
346
98
378
189
267
299
404
349
271
315
297
363
399
338
304
140
354
293
420
427
407
420
396
354
333
325
649
427
462
345
312
402
351
323
319
314
212
247
463
511
482
221
596
473
452
459
384
344
581
430
256
324
448
298
304
306
288
325
274
388
346
682
410
359
275
458
331
380
289
370
302
356
299
312
348
237
242
184
160
324
435
444
430
393
384
284
342
219
274
281
158
279
307
432
605
395
313
296
427
238
398
241
368
171
487
401
234
305
294
456
274
154
259
360
264
301
340
431
309
307
164
375
343
344
468
429
341
263
558
393
360
166
372
343
316
400
421
336
376
188
287
330
197
618
471
316
610
207
516
381
126
369
300
588
288
140
285
198
375
137
291
255
243
459
463
374
467
593
478
280
415
328
297
489
352
351
298
265
296
239
302
320
294
504
424
306
458
567
399
227
227
213
207
325
313
289
354
380
346
366
472
324
199
305
252
384
252
290
205
251
264
244
258
278
256
349
405
378
378
330
155
274
274
179
287
316
187
323
163
220
554
270
525
302
341
265
291
274
420
273
503
445
312
457
233
250
350
444
411
557
348
297
284
325
304
298
402
232
299
286
113
214
308
337
351
219
417
268
475
320
285
289
180
411
390
321
229
215
288
557
264
214
413
362
172
240
370
364
384
335
340
298
368
659
377
221
421
192
272
224
188
405
454
385
295
382
326
304
295
321
299
300
265
277
294
385
381
349
392
390
270
270
343
386
193
347
358
315
279
390
285
477
430
388
219
233
257
244
254
383
302
285
415
281
339
277
289
300
383
340
243
220
233
266
301
246
255
213
350
537
350
291
244
182
290
345
237
218
214
312
298
283
576
248
219
295
316
212
327
208
426
354
389
318
327
463
362
227
332
284
235
233
522
482
320
394
173
415
387
265
287
429
330
274
217
251
290
219
364
299
215
394
412
164
330
161
210
404
256
294
372
185
291
327
297
372
544
360
310
435
232
277
374
407
335
264
236
245
300
280
251
215
380
180
291
385
163
352
320
339
241
144
81
242
248
202
327
373
273
442
503
311
301
310
315
253
367
316
256
291
411
240
268
299
290
278
279
395
307
275
172
283
334
237
270
312
372
399
227
477
431
347
407
356
387
259
76
72
51
156
459
270
244
184
314
178
290
291
225
285
264
328
289
268
241
270
259
229
191
228
318
364
208
191
285
344
269
267
304
72
337
273
291
249
289
256
255
124
293
343
252
446
269
281
196
214
188
260
336
332
168
299
335
440
189
431
382
344
368
270
245
274
238
337
202
-1
251
196
231
269
236
253
275
225
245
209
287
253
283
360
185
264
260
268
292
330
312
281
483
207
234
330
390
237
215
239
312
249
252
229
178
222
300
382
370
298
293
586
199
335
224
267
262
312
309
134
166
110
261
307
300
205
476
253
235
277
184
254
204
285
280
197
291
245
232
455
498
282
497
442
384
208
295
241
282
334
348
292
353
232
222
293
384
262
248
252
184
265
269
228
199
240
238
158
251
176
383
215
119
597
278
253
260
303
333
327
313
240
250
275
281
184
273
259
252
295
320
292
256
254
425
276
262
265
406
270
306
325
311
258
190
373
182
191
242
166
219
267
250
283
210
311
181
340
302
339
321
310
339
321
319
311
252
358
253
321
222
410
183
180
238
607
327
270
173
201
411
327
349
354
427
253
308
541
350
400
279
277
225
274
217
188
237
215
182
431
193
274
242
252
353
201
205
258
280
270
174
249
200
210
158
533
280
291
283
161
195
184
330
152
213
234
191
210
268
304
241
264
245
365
421
527
280
279
224
246
189
193
207
227
379
212
141
254
242
194
161
225
205
227
218
235
245
244
230
177
175
271
178
335
365
369
326
305
297
342
210
364
240
354
258
278
344
292
172
276
212
319
242
215
221
370
255
178
188
195
230
234
316
213
374
213
225
217
200
251
289
286
290
123
190
166
208
242
162
204
207
141
198
118
258
260
211
214
235
328
238
323
262
246
272
228
246
179
175
224
203
169
400
213
276
292
184
286
227
192
217
310
269
197
238
288
225
234
461
287
202
199
262
429
243
119
286
256
209
272
274
297
218
315
229
545
212
227
313
264
272
260
470
239
138
227
194
251
233
219
260
276
171
196
278
205
266
159
231
266
263
199
252
314
182
180
187
164
300
197
410
191
208
114
628
234
324
238
384
216
207
197
253
257
275
184
333
278
213
143
228
187
298
208
76
136
228
180
286
328
239
213
203
226
283
151
253
217
233
235
255
138
303
181
202
378
171
265
174
89
262
168
240
306
119
222
205
169
330
194
191
175
216
177
218
186
137
264
125
243
223
187
202
234
312
173
196
256
370
195
157
283
238
222
185
213
215
401
424
285
286
256
217
180
270
252
135
258
196
233
242
175
290
267
263
316
334
313
178
49
250
283
294
263
176
333
219
157
169
200
249
357
196
172
232
148
275
194
249
322
268
255
147
253
222
280
297
446
231
33
39
244
181
183
158
311
222
84
217
203
174
145
243
287
198
154
211
172
119
252
241
257
144
349
187
230
245
252
210
221
201
154
210
129
186
195
163
235
288
203
137
192
384
202
127
149
384
299
274
214
89
194
210
148
191
230
329
346
273
173
302
320
140
362
178
117
184
252
161
260
164
227
234
141
106
146
137
196
143
166
101
181
356
192
292
233
226
228
259
229
143
181
147
195
33
243
292
102
235
148
110
132
255
141
87
185
194
236
186
200
210
104
125
95
231
151
133
226
220
165
156
118
118
169
144
80
124
44
186
325
125
193
257
140
212
159
167
191
189
102
215
237
187
67
158
149
216
321
153
122
332
118
231
109
65
245
129
148
147
228
97
116
127
150
83
190
149
156
65
222
78
96
140
220
85
145
186
196
136
193
142
170
125
105
109
68
107
120
106
121
101
190
110
156
95
102
108
135
115
203
205
132
89
76
124
117
116
171
86
180
191
77
122
99
59
95
85
159
139
30
97
101
100
76
141
104
81
182
257
111
155
106
47
83
154
70
43
59
93
109
58
94
92
52
88
79
283
276
