420
489
529
495
489
461
565
476
52
497
521
483
411
383
403
458
463
513
461
525
415
427
352
382
326
316
365
473
498
548
531
536
537
544
642
687
692
632
670
573
611
647
587
689
658
556
512
554
501
547
708
721
763
709
662
640
757
652
672
805
801
667
680
619
736
765
685
681
744
683
616
530
610
625
411
341
676
711
501
564
537
739
811
490
705
756
493
447
745
468
661
584
595
551
483
431
415
480
602
403
443
579
466
549
575
593
598
572
598
568
415
473
500
473
492
500
462
428
453
506
481
413
337
581
317
546
266
498
547
466
589
543
505
571
312
481
477
495
351
342
543
632
350
500
357
455
265
513
594
595
414
474
454
430
362
610
713
440
524
558
561
566
540
491
481
534
566
479
475
426
426
430
301
331
332
385
335
313
455
336
219
518
444
494
399
291
285
337
260
240
248
271
259
272
259
299
438
438
253
344
504
476
543
508
418
311
524
521
628
619
649
624
458
399
176
538
383
612
569
594
400
554
651
566
720
618
523
549
562
697
317
551
437
481
560
674
542
605
715
703
560
609
539
450
350
662
695
355
230
224
233
152
199
254
256
396
349
545
453
152
256
180
374
564
318
540
137
530
406
617
657
386
481
366
707
397
420
442
437
458
565
600
530
650
658
685
439
516
415
371
553
535
320
458
597
541
518
262
547
667
506
470
453
453
363
470
562
300
269
311
265
219
240
281
584
254
620
474
518
329
475
588
494
622
665
601
466
458
356
417
439
498
538
510
345
541
568
707
707
204
679
442
498
611
458
597
261
499
403
316
499
449
570
572
413
516
556
406
422
617
422
455
514
552
499
413
661
470
396
429
614
693
391
449
697
447
483
456
561
620
566
459
315
478
533
138
582
450
641
679
452
469
431
337
299
431
457
318
321
319
664
117
602
417
447
521
564
437
567
359
512
526
548
528
176
524
495
483
499
318
506
466
503
524
649
249
435
438
635
529
679
554
342
313
296
347
473
297
415
354
442
682
754
795
323
367
358
313
524
604
357
230
570
340
416
360
351
768
660
380
541
573
418
215
651
447
687
247
264
443
397
297
298
517
509
485
497
466
533
454
475
427
530
288
325
396
372
481
395
606
567
733
283
399
373
290
366
504
482
605
573
431
542
596
582
347
424
457
573
504
595
555
615
230
148
173
486
448
575
355
366
653
414
407
651
605
440
483
496
566
609
477
409
576
580
516
474
215
624
443
426
462
435
588
572
636
345
414
382
584
602
423
408
425
345
417
321
403
407
485
647
747
231
465
443
725
441
733
373
352
375
501
499
470
495
250
212
465
452
501
437
437
421
417
292
539
528
352
203
502
273
402
355
436
407
559
450
428
400
675
346
372
244
241
380
261
378
262
321
663
543
465
480
573
538
576
618
607
323
482
309
392
351
441
738
684
365
392
693
507
500
360
514
667
714
472
660
596
707
388
780
467
695
712
582
410
435
769
222
294
486
394
561
533
572
521
312
298
410
120
444
139
329
229
367
461
477
452
402
298
264
270
348
391
338
181
576
506
680
651
673
649
632
576
536
419
470
386
470
670
520
622
584
325
384
375
268
306
445
833
854
296
543
389
438
747
634
528
557
531
398
423
756
406
477
531
513
569
487
321
375
580
706
426
403
505
421
526
445
657
198
262
461
426
610
407
334
263
184
541
447
468
461
747
774
345
483
344
395
396
166
304
530
685
548
434
409
426
320
249
723
317
303
224
501
488
302
457
420
499
373
150
451
667
195
272
401
523
410
465
207
539
633
365
875
748
592
417
569
716
641
357
651
625
429
705
796
531
502
242
452
307
262
577
623
486
536
308
652
669
246
580
481
594
452
232
514
301
348
164
464
413
375
484
633
644
526
466
738
489
415
624
475
558
559
543
480
411
383
324
478
584
517
409
344
247
351
702
333
323
361
350
337
498
620
602
559
628
496
683
695
531
268
512
255
716
445
492
313
309
345
297
318
280
308
519
748
480
498
419
247
421
467
272
413
664
219
588
121
347
456
465
725
476
677
442
437
378
388
467
428
446
494
395
312
389
509
501
653
439
381
543
450
523
326
360
710
340
377
468
151
402
290
415
584
358
631
435
364
401
586
562
222
649
635
513
375
384
550
430
458
210
560
632
257
325
676
571
716
617
589
456
698
481
385
384
589
362
255
297
264
707
782
600
594
690
551
490
468
486
448
469
397
389
429
377
673
558
719
780
438
367
641
622
309
587
545
544
457
674
510
362
331
850
272
424
506
511
382
720
500
491
690
443
347
536
504
391
577
633
390
195
298
367
411
367
371
356
646
531
388
423
489
280
451
381
457
309
318
513
514
491
336
408
366
449
580
252
563
360
411
647
304
635
521
711
701
442
804
435
337
372
464
412
614
700
264
330
744
597
427
812
603
399
317
426
473
302
593
522
259
-1
807
212
581
163
200
588
544
542
614
222
677
446
548
686
518
659
593
626
367
614
509
630
563
400
373
373
402
455
329
302
728
265
487
570
263
642
599
559
296
172
81
440
408
265
466
283
622
490
563
562
454
563
564
274
476
388
437
425
478
356
610
521
552
344
389
464
504
533
263
538
329
401
413
626
626
692
386
552
365
591
410
586
735
442
79
71
65
190
541
524
448
258
573
252
452
444
398
517
410
546
526
453
463
479
483
445
333
452
556
536
370
241
598
511
493
432
635
131
396
290
403
336
495
402
450
188
568
657
458
487
492
693
297
365
322
383
332
331
316
322
501
333
309
746
684
656
533
529
353
440
464
493
355
394
416
446
444
469
384
483
396
353
499
328
496
356
407
632
334
425
404
529
622
448
602
603
645
403
400
349
784
452
431
342
493
460
390
460
308
370
499
454
438
400
377
493
378
530
436
488
462
584
462
159
240
190
361
663
512
272
480
326
339
399
329
497
328
559
465
264
442
507
379
387
369
520
423
503
510
373
532
398
436
349
563
482
625
443
549
337
402
467
419
409
236
409
309
420
298
481
452
231
363
250
452
471
219
471
495
463
469
364
389
376
373
380
487
389
398
304
351
470
414
469
612
601
482
484
764
512
499
446
397
386
424
353
356
440
336
459
393
276
377
320
358
467
437
428
244
513
249
446
631
678
644
497
719
490
543
653
428
695
459
523
360
498
275
289
447
451
510
536
267
326
354
311
330
314
454
423
529
476
390
382
427
257
430
426
261
246
410
394
328
530
415
512
447
441
439
396
333
378
392
550
264
376
380
367
314
430
419
572
499
245
348
418
694
223
364
378
283
369
476
473
185
488
488
646
535
471
454
504
445
332
292
343
352
372
337
212
196
432
439
339
286
453
336
477
388
292
465
443
404
325
327
474
263
376
405
337
398
668
468
603
280
623
373
527
265
413
413
461
265
494
243
516
391
384
377
325
545
245
347
334
506
267
636
355
614
363
485
439
380
536
318
496
540
254
297
212
283
418
264
312
348
271
256
172
425
431
396
296
433
366
380
501
517
411
491
330
500
271
282
330
297
290
426
356
555
321
296
325
469
435
364
425
420
262
491
570
398
388
334
448
352
293
503
336
434
174
524
512
307
380
416
402
385
558
429
688
400
396
598
308
328
462
341
258
195
386
356
386
475
407
585
251
291
333
470
406
510
351
372
398
444
392
436
314
341
208
235
273
463
297
344
365
264
139
444
401
401
301
354
429
379
295
258
356
219
366
390
585
416
249
422
256
576
382
59
245
299
409
531
358
486
251
364
308
486
260
532
440
291
399
319
244
398
375
378
296
362
487
210
167
427
291
353
377
193
396
360
324
414
390
365
356
370
349
302
333
185
449
250
459
392
315
294
481
322
208
358
362
379
326
301
335
457
263
372
362
359
323
313
447
213
480
466
350
378
511
232
468
339
363
442
328
539
380
327
535
368
438
255
54
440
402
417
429
342
541
384
307
310
337
376
377
333
236
479
252
327
307
365
303
261
225
284
355
408
368
311
374
491
28
27
385
274
298
376
333
407
203
284
348
303
230
451
368
255
302
390
396
243
546
442
312
274
227
287
437
510
294
266
391
328
251
495
232
344
430
258
532
303
345
265
317
408
300
207
333
464
585
536
413
196
343
331
303
408
340
251
297
536
310
326
496
256
332
260
209
301
379
271
281
242
436
363
270
220
293
225
273
204
239
159
325
402
292
399
494
226
228
242
167
279
406
294
378
128
517
388
135
308
251
168
238
317
233
172
274
273
338
258
399
385
179
219
168
268
122
207
227
467
284
248
230
227
282
254
172
292
110
298
258
230
272
305
272
240
321
221
296
398
167
349
328
328
109
290
241
397
391
298
199
313
177
300
144
161
272
175
356
359
411
190
267
251
218
173
270
257
303
79
398
74
168
256
252
138
285
350
316
254
288
263
336
282
238
229
118
236
238
230
251
156
335
227
239
216
234
221
273
199
290
288
210
190
158
267
214
211
322
145
222
314
130
193
112
152
167
134
178
247
81
185
210
209
139
275
173
165
181
203
207
170
137
83
169
168
160
85
90
167
218
101
124
124
142
112
122
369
305
