630
759
776
748
740
653
792
783
105
796
710
661
570
527
619
594
634
686
625
787
624
661
544
644
553
491
703
702
830
743
753
782
799
855
907
917
978
841
904
848
809
811
838
915
887
867
853
942
669
1003
943
822
843
844
791
839
810
830
806
785
850
899
759
722
827
792
871
859
826
850
992
1184
1016
992
730
570
960
919
779
941
553
817
764
649
907
898
669
514
842
755
896
841
763
863
890
685
565
874
808
509
524
673
841
914
774
659
616
622
665
611
549
561
601
515
584
537
594
470
525
570
566
536
602
779
529
873
424
496
646
513
805
504
523
532
366
576
650
681
454
430
636
650
472
654
544
576
324
545
856
932
857
933
794
620
727
863
735
612
639
810
889
630
647
650
799
853
869
526
494
491
471
470
332
339
329
428
340
362
471
366
300
524
511
877
857
420
312
414
264
258
273
326
257
298
301
335
586
587
333
701
883
514
734
757
708
473
535
654
720
765
906
810
605
779
281
825
652
871
939
851
448
797
707
735
786
781
638
928
619
794
561
797
717
767
724
1067
809
636
843
841
902
774
610
467
423
928
609
672
382
290
385
259
211
372
412
477
641
581
479
186
276
239
343
900
364
525
151
612
643
729
895
401
517
431
946
755
765
751
740
824
698
857
763
851
785
700
690
548
703
427
844
920
565
782
835
580
761
655
973
693
851
483
472
507
394
458
896
514
454
513
429
390
409
472
847
398
895
698
831
620
797
944
927
894
760
847
623
485
679
559
770
803
878
785
356
618
761
845
661
271
663
918
841
741
952
722
417
596
504
550
699
563
946
860
747
551
646
629
650
821
851
743
797
773
844
506
760
768
662
666
661
820
435
458
817
879
842
909
628
740
775
898
450
571
860
185
754
769
767
796
600
623
539
458
448
512
732
425
427
369
945
128
839
657
740
937
813
696
755
421
836
857
587
913
356
755
894
833
611
395
902
684
893
590
638
421
894
672
688
583
825
539
361
353
304
341
460
323
581
410
521
849
734
736
335
382
368
343
573
637
385
474
709
474
392
629
494
737
661
447
636
659
653
276
691
728
665
239
272
682
509
383
376
503
500
493
456
444
517
471
508
654
546
533
475
561
443
878
584
820
934
709
367
867
770
626
647
827
831
759
832
866
849
672
666
661
436
691
545
552
800
853
837
262
115
341
881
470
721
555
772
770
615
591
788
726
436
803
715
865
822
964
456
774
699
801
698
251
842
561
511
898
805
961
729
610
394
580
654
757
686
514
477
482
438
499
396
455
565
479
634
683
232
531
755
645
700
589
499
451
418
509
720
661
522
454
375
728
458
711
715
678
921
867
522
585
756
547
133
808
393
475
410
513
427
555
504
807
753
698
332
372
267
238
382
299
395
233
701
704
497
520
502
698
640
719
626
616
562
613
570
432
567
466
695
670
473
706
788
567
448
383
562
699
719
588
734
733
793
384
669
523
708
605
527
438
444
657
282
528
502
596
794
769
448
780
350
329
408
132
598
204
305
415
226
715
459
456
456
411
327
354
384
474
413
178
706
750
693
671
672
647
658
751
713
546
444
402
391
602
651
586
675
444
472
474
478
544
366
659
639
476
511
416
388
615
533
952
405
405
523
492
673
721
832
747
706
733
680
348
411
427
586
472
664
431
630
718
872
703
238
340
396
447
571
402
445
342
215
633
397
428
440
599
586
420
685
298
531
456
206
449
471
518
407
473
503
540
397
517
593
512
315
351
484
611
465
599
572
355
514
191
522
525
251
272
381
472
429
838
375
499
698
400
642
473
704
667
401
680
617
419
523
565
678
564
707
421
572
411
625
347
393
485
481
769
449
375
637
651
507
459
574
408
615
280
611
307
387
248
698
691
592
439
627
742
614
535
544
573
369
655
694
481
819
753
665
855
620
469
547
744
667
415
366
299
395
517
305
590
710
608
617
788
715
689
674
594
617
698
600
640
512
636
505
489
676
720
459
493
552
485
417
446
508
728
622
456
465
438
278
694
591
356
774
574
192
644
135
316
378
760
423
827
467
524
530
311
403
678
442
355
619
426
693
740
586
456
542
384
358
501
489
746
408
424
670
528
419
555
295
556
402
463
703
440
635
639
415
421
713
683
305
642
623
590
623
540
552
452
718
236
356
602
297
491
727
809
669
558
641
603
501
331
379
612
444
527
300
586
364
568
525
477
694
618
619
611
593
643
581
819
680
571
551
394
623
471
553
532
653
554
465
702
499
627
549
642
624
652
514
342
297
524
309
585
610
527
440
529
608
574
633
474
473
585
435
680
623
579
664
244
521
419
482
660
491
657
567
347
402
697
561
323
558
340
635
354
629
539
577
564
313
621
484
645
741
316
597
595
380
439
338
593
428
437
581
526
532
672
511
762
380
360
585
674
386
304
506
450
573
577
518
616
407
652
298
470
435
690
372
444
545
244
406
130
192
616
481
612
656
358
564
575
520
399
372
465
573
557
506
540
704
527
413
465
412
349
527
493
402
380
580
436
381
530
213
510
482
678
329
213
126
549
763
332
435
326
483
318
354
491
542
573
571
353
457
392
376
529
354
546
499
503
656
609
464
368
512
509
283
374
342
395
422
471
432
570
619
403
258
434
346
563
391
483
96
121
78
314
288
533
436
320
562
315
1075
-1
629
681
457
464
409
547
537
564
559
585
445
517
694
701
609
277
482
391
499
512
521
202
391
351
348
280
532
566
587
286
503
494
335
292
311
473
437
457
449
448
384
386
380
270
516
348
590
533
470
448
438
520
477
450
318
393
483
291
666
248
558
399
299
422
455
478
333
446
501
334
292
412
428
691
731
430
472
394
555
438
338
398
371
373
489
456
493
439
666
494
318
567
247
560
482
302
389
410
341
295
436
526
524
608
593
425
487
264
308
159
471
508
289
491
297
321
628
594
336
421
569
429
493
538
493
369
376
254
302
319
295
271
266
590
442
368
772
321
491
436
433
437
344
288
248
393
369
347
306
548
308
284
418
560
534
264
420
304
398
425
376
321
541
486
510
240
250
237
272
413
549
496
569
283
282
561
304
507
375
381
464
464
499
511
500
506
336
398
381
263
262
372
356
307
428
361
563
496
627
525
456
396
305
645
405
355
516
564
491
414
452
401
374
296
582
413
614
551
518
369
412
379
338
381
342
341
454
398
328
250
238
231
291
547
297
275
308
304
432
308
324
520
379
343
543
469
408
293
310
477
372
405
257
599
490
502
416
437
313
436
349
714
391
296
360
409
540
385
480
267
450
376
593
623
402
367
394
682
131
464
396
536
256
276
318
534
368
442
351
416
323
300
288
355
366
450
506
405
263
442
541
405
580
340
364
377
450
312
297
590
442
220
283
254
296
356
408
588
391
699
394
464
310
334
279
562
445
506
227
249
617
547
286
207
451
376
416
237
503
323
475
327
359
325
320
349
264
379
217
533
413
400
359
149
525
307
323
688
397
260
371
172
572
569
489
368
551
261
571
356
560
541
403
308
460
367
398
474
411
396
251
360
327
264
343
283
458
444
281
446
617
371
308
380
440
463
348
297
350
265
422
248
486
336
564
316
380
265
273
321
264
457
378
470
298
398
281
246
269
285
308
182
258
530
256
401
334
395
349
289
393
385
517
330
311
234
344
269
380
358
302
283
289
273
357
264
316
393
306
391
409
200
271
495
231
183
258
381
303
198
206
257
249
333
189
334
415
232
329
289
315
279
85
292
365
334
288
265
357
375
332
247
529
223
426
414
285
429
202
310
342
345
312
261
434
473
354
108
425
351
246
219
255
495
359
298
197
359
387
276
309
291
365
391
271
291
263
461
287
364
309
484
271
304
348
268
304
316
274
229
393
263
340
411
424
244
242
309
209
433
449
471
302
387
321
454
449
375
439
289
330
376
230
353
187
435
290
121
474
301
311
369
290
404
266
423
259
329
311
332
338
341
360
320
235
288
273
247
205
275
191
285
548
216
212
235
325
40
45
559
338
301
311
246
499
280
210
289
279
230
564
211
279
207
354
359
346
332
396
252
316
231
209
274
377
193
316
555
414
345
383
265
375
370
270
340
225
503
247
320
271
394
215
223
253
297
327
402
274
292
386
399
310
232
260
258
407
312
245
290
277
250
395
171
328
369
386
187
210
243
236
231
274
398
237
280
253
187
161
506
187
358
199
382
279
281
233
185
265
237
252
245
136
341
251
261
201
135
248
240
205
297
255
193
183
333
320
247
333
288
206
311
265
115
123
186
503
218
242
202
268
358
259
156
212
167
375
218
213
361
176
298
251
300
155
349
267
147
277
254
451
135
204
138
442
271
210
199
159
188
221
114
203
145
241
292
290
344
249
241
220
196
234
144
216
178
158
273
104
124
173
149
192
278
298
175
236
219
365
345
304
201
241
153
220
230
217
242
146
341
220
239
198
180
141
265
152
210
208
299
131
106
259
141
140
282
113
148
197
110
228
71
128
163
85
88
171
130
150
159
184
71
246
149
109
122
154
171
85
133
74
140
104
116
87
66
127
160
102
88
91
162
68
140
589
200
