1297
1516
1302
1250
1142
866
1475
1244
141
1319
1302
1178
1186
1151
1111
1076
1016
1053
972
1229
1082
1058
982
1145
1010
1019
1061
1030
1168
1254
1333
1220
1477
1640
1823
1881
2080
1635
1795
1563
1660
1702
1789
1680
1688
1557
1487
1633
1575
1521
1856
2104
2072
1808
1672
2014
1934
1723
2357
2388
2018
1794
1963
1786
1646
1765
1642
1700
1777
1746
1649
1447
1671
1624
1373
1220
1587
1632
1381
1297
1390
1656
1633
1490
1556
1411
1566
1761
1489
1377
1594
1530
1519
1471
1267
1230
1216
1335
1499
1276
1593
1984
1191
1404
1356
1640
1866
1627
1718
1904
1563
1541
1781
1490
1476
1851
1406
1531
1496
1688
1540
1279
1107
1538
1018
1540
1024
1416
1551
1491
1391
1690
1681
1628
1150
1374
1408
1399
1340
1264
1671
-1
1170
1370
1152
1477
1007
1472
1420
1413
1176
1204
1296
1243
1044
1398
1558
1436
1493
1519
1464
1584
1512
1230
1206
1370
1355
1439
1405
1308
1366
1281
1065
1099
1096
1210
1050
1040
1295
1027
885
1378
1488
1276
1152
1025
888
979
804
812
789
856
813
1131
969
958
1268
1274
816
1013
1170
1737
1182
1204
984
1145
1773
1524
1670
1453
1359
1384
1125
1166
861
1421
988
1346
1300
1384
1211
1360
1758
1616
1468
1366
1521
1287
1623
1413
1022
1319
1193
1326
1416
1290
1362
1575
1519
1488
1280
1400
1840
1461
1369
1285
1569
956
962
988
762
694
768
952
969
1121
915
1377
1339
690
873
698
1261
1208
1169
1395
617
1517
1204
1535
1410
1087
1386
1227
1196
1098
1128
973
958
1155
1420
1543
1287
1333
1215
1514
1011
1292
889
1348
1270
1241
888
1063
1373
1567
1063
847
1219
1457
1256
1562
1517
1552
1222
1445
1206
863
831
854
746
678
726
799
1125
851
1298
1074
1203
932
1118
1227
1190
1147
1364
1245
1076
1310
927
1112
1102
1355
1201
1116
1271
1505
1358
1370
1589
682
1621
1046
1214
1227
1086
1430
871
1604
1229
930
1256
1425
1150
1136
1098
1406
1427
946
1187
1146
988
1020
1054
1067
1079
1341
1043
1386
985
1018
1271
1132
1613
1445
1122
1003
1056
1155
1408
1280
1185
939
1094
1723
1190
604
970
962
1278
1295
1252
1262
1172
968
891
1178
1081
717
719
1058
1014
546
1114
915
908
960
933
1041
1264
1002
1102
1108
1133
1126
571
1220
1029
1026
1552
862
1078
998
1143
1254
1248
740
917
836
976
1393
1050
1236
1318
1176
1001
1203
1464
927
1046
1227
1150
1231
1204
1157
1082
1188
1144
967
1552
1264
996
769
1198
750
1246
840
658
1283
1318
1028
1122
1073
1072
681
978
1068
1434
841
875
978
1552
1167
1112
1542
1552
1595
1495
1340
1529
1328
1566
1054
1357
945
943
963
1175
975
845
1178
1163
1573
809
880
1006
813
890
1015
1038
1035
921
895
1031
1239
1224
838
1387
884
1282
1362
1136
890
977
685
421
551
1018
1412
1195
956
864
1054
1000
797
1259
970
1103
1081
1070
1094
1185
908
1294
1072
921
1050
1080
739
1069
1198
884
902
737
961
927
940
1110
971
826
985
1184
1088
1148
1157
1089
1111
908
1135
964
1223
1146
978
798
1132
1047
1383
1067
994
998
1153
1124
1096
1135
972
1240
729
603
803
1084
775
752
767
908
774
775
1392
981
944
630
786
774
1153
1143
1042
1182
1208
1208
877
765
879
1200
1188
877
809
1154
786
1005
765
581
893
1088
1115
1197
780
854
705
781
747
797
820
845
1083
852
965
1008
954
825
714
808
967
676
781
935
1289
1200
949
1044
842
1027
968
893
731
881
731
1087
953
1024
729
720
763
1128
935
787
759
1279
1157
1094
973
1192
456
1060
561
880
620
689
819
979
1009
803
1003
880
969
862
794
680
549
819
1016
1103
1047
1069
1067
1012
930
872
975
1281
937
1041
730
852
1001
969
956
783
928
736
714
1021
897
872
655
1094
1119
1018
949
791
1119
967
803
889
709
840
762
749
711
707
746
632
1001
856
944
764
985
896
956
996
1198
806
1003
979
1230
696
714
780
581
804
730
623
649
1168
1067
1009
881
976
1051
1275
554
676
651
752
702
618
722
802
807
819
802
921
763
709
669
862
633
1286
818
714
783
749
869
917
638
886
689
773
883
757
750
707
674
546
873
644
754
973
824
1103
823
961
799
685
762
678
642
846
734
779
537
677
654
688
816
790
822
744
796
1132
607
1176
699
369
746
705
990
496
511
753
775
897
461
784
876
640
1066
983
736
906
899
870
589
1044
799
1053
834
935
899
698
737
690
742
988
659
573
907
768
750
899
965
775
807
689
625
756
761
584
576
629
815
635
687
795
578
622
633
602
584
589
866
571
489
570
542
376
580
435
738
754
768
811
1007
760
605
726
767
718
651
297
840
580
581
974
776
777
881
661
577
578
716
866
730
850
612
633
952
601
589
741
673
695
1001
726
887
701
776
661
637
761
613
940
524
668
853
729
990
829
481
1166
628
915
1082
619
574
574
622
602
751
617
486
467
1041
517
685
658
1018
675
626
596
1074
685
575
572
565
542
827
822
485
863
669
783
603
733
850
690
549
544
589
835
863
800
1009
660
974
546
578
907
667
707
554
695
679
585
814
593
873
622
538
562
504
562
657
453
768
676
589
799
443
456
466
692
544
839
629
1134
574
720
537
843
852
1033
712
552
634
451
521
678
812
624
498
697
706
936
705
437
754
516
891
613
511
679
510
793
485
831
841
609
663
666
308
624
632
802
651
718
506
932
681
564
419
674
531
443
692
912
790
489
829
516
832
697
531
723
772
524
686
583
606
503
707
510
867
511
632
625
645
629
504
637
635
441
583
940
738
527
682
460
521
595
536
417
713
555
474
719
725
608
624
585
456
728
500
378
326
565
682
444
581
486
556
449
1051
578
531
420
540
587
755
492
719
417
536
665
449
492
503
504
677
790
513
337
631
596
646
441
437
745
516
496
896
513
455
348
425
599
345
452
519
502
627
438
574
469
593
747
500
583
522
316
294
270
553
487
607
493
629
477
237
566
650
371
774
745
585
456
583
573
587
590
527
406
516
598
811
437
598
377
451
464
437
709
440
657
735
444
344
512
475
507
577
575
485
283
572
352
540
565
417
410
573
635
632
307
486
734
866
478
624
896
815
875
543
723
493
300
475
400
569
497
293
556
393
292
369
387
418
310
549
471
415
408
512
375
470
629
382
462
616
710
542
628
382
362
646
569
376
349
579
686
473
431
390
253
394
644
500
409
442
406
645
417
472
467
411
398
411
825
368
246
147
810
501
396
705
431
434
562
467
283
425
400
390
462
659
414
420
474
550
709
416
536
578
510
446
537
387
772
542
599
475
542
322
361
505
512
406
344
305
667
489
833
345
385
532
508
415
414
354
701
417
513
650
402
337
660
504
517
502
560
639
502
636
432
302
387
495
293
508
403
371
480
463
771
445
411
858
455
399
414
591
558
350
362
443
361
288
690
371
505
463
419
458
592
770
282
520
539
642
545
363
465
491
461
393
530
571
656
419
578
529
693
301
326
705
387
342
344
313
560
386
413
430
543
699
362
586
497
539
386
625
304
512
278
257
374
373
270
553
295
422
343
340
502
334
525
450
740
575
349
333
359
412
277
603
340
506
586
517
547
263
528
583
395
564
551
385
425
604
246
409
358
690
473
577
393
474
363
371
295
334
303
408
508
316
271
314
472
298
233
378
413
510
567
615
314
330
301
284
281
470
441
383
385
438
364
482
444
537
572
767
351
886
661
394
377
878
328
461
526
529
426
387
374
340
459
360
443
217
411
490
450
314
470
381
280
385
265
494
325
522
522
313
469
225
545
357
291
355
332
323
303
132
489
482
357
522
737
331
614
531
500
553
372
509
483
262
252
406
335
296
461
362
341
589
422
403
370
284
269
666
593
335
292
379
336
792
801
424
342
300
533
418
375
195
583
329
306
425
426
505
265
551
350
907
273
343
383
360
409
328
659
392
199
435
249
388
296
303
395
480
279
644
502
311
397
221
340
360
396
299
522
355
265
233
262
225
506
574
572
400
563
434
519
462
369
277
385
327
280
258
261
374
508
261
304
425
358
196
329
274
345
369
270
313
474
288
371
447
445
521
305
329
567
332
419
370
313
307
288
313
524
252
280
449
306
604
514
145
393
359
408
323
492
424
298
222
352
259
346
241
285
313
612
332
198
389
197
557
356
327
393
555
445
470
261
379
447
313
260
371
324
387
297
390
403
406
435
320
485
424
391
300
402
402
232
347
315
530
502
276
376
361
325
393
358
496
333
170
473
360
533
383
214
616
303
289
208
300
365
637
296
277
384
233
308
273
318
318
367
493
235
374
523
343
320
481
273
123
142
671
559
323
316
374
405
202
364
329
220
210
689
394
290
194
381
269
225
313
357
380
209
388
277
331
441
278
383
500
355
292
331
182
292
366
224
360
268
401
256
327
505
506
241
190
496
466
342
416
138
358
528
397
374
286
520
447
432
371
408
449
263
388
477
165
334
535
383
310
303
267
311
258
183
311
207
248
183
196
123
270
328
539
356
476
383
386
301
317
173
283
177
353
91
479
369
200
367
223
161
236
345
205
269
245
215
629
301
261
413
177
193
190
486
373
171
275
483
201
221
188
183
362
188
158
176
245
276
337
200
377
291
215
469
252
204
301
318
102
478
439
340
87
178
215
404
473
208
182
290
218
250
140
123
268
216
278
278
410
289
196
241
178
132
220
280
241
248
301
82
106
201
226
126
237
338
297
255
321
319
302
221
167
177
329
183
184
170
179
135
376
179
324
151
166
175
218
204
301
299
252
106
88
256
168
167
311
118
363
292
119
175
110
107
159
90
149
243
129
135
143
163
84
229
152
139
193
271
160
137
136
69
101
137
144
70
71
108
199
149
111
112
117
100
102
1004
357
