1063
1127
1043
979
912
696
1153
983
139
1052
952
910
849
869
890
852
826
810
761
960
827
862
773
927
817
765
889
846
923
967
1083
944
1040
1231
1315
1359
1470
1124
1228
1108
1183
1204
1245
1193
1174
1138
1129
1195
1194
1133
1345
1333
1379
1204
1158
1423
1273
1094
1600
1553
1400
1278
1425
1171
1173
1208
1165
1207
1269
1271
1237
1178
1268
1245
1133
924
1211
1140
1077
1098
961
1214
1159
1106
1150
1004
1088
1198
1043
1067
1118
1100
1077
1139
978
895
886
1026
1039
950
1279
1282
966
1093
975
1045
1209
1030
1091
1313
1155
1025
1271
1001
963
1248
949
1065
934
1095
953
832
887
1095
862
1047
764
861
1161
1084
1033
1110
1100
1084
883
926
918
937
1016
832
1170
1723
671
910
877
1049
620
929
1052
1051
951
939
1004
854
869
1024
1073
1026
975
1202
1043
994
971
957
957
1052
1008
916
860
908
928
840
703
642
796
786
705
737
782
741
630
873
1183
953
893
798
677
692
575
558
552
651
572
876
728
692
936
935
539
823
954
1140
955
895
832
877
1177
1183
1241
1071
1094
1061
828
917
605
998
804
1050
996
1056
843
988
1176
1172
947
967
1077
953
1162
1010
835
978
940
1024
982
1019
987
976
1078
1115
995
1024
1653
1030
971
1029
1143
707
731
767
615
529
546
685
705
777
737
895
877
496
632
486
835
968
840
851
441
1073
856
1037
990
783
1052
933
924
825
855
748
732
876
988
1031
920
924
907
1070
824
878
695
982
1109
1085
776
939
1048
1204
840
781
923
1040
947
1053
1043
1063
915
956
959
708
688
710
663
529
633
660
822
690
1007
785
918
759
875
921
957
890
868
935
827
913
709
752
784
1021
904
898
869
946
878
960
1121
539
970
845
977
902
862
1150
743
1175
1029
767
1004
1147
926
849
874
1005
969
762
852
877
765
823
834
787
811
941
796
1130
741
768
825
889
1232
1016
836
788
815
993
1015
928
871
817
817
-1
882
450
727
776
900
951
938
967
807
775
672
741
820
537
536
743
791
391
830
717
713
756
728
799
894
648
843
824
835
858
522
904
807
800
1250
574
817
776
883
897
899
645
745
652
674
952
761
758
973
1029
728
886
1078
627
958
966
775
932
862
860
842
887
795
736
1181
922
723
613
865
582
909
723
555
848
1019
791
866
835
832
506
764
812
947
674
727
772
1576
1079
1107
1278
1299
1363
1122
1012
1131
1092
1164
810
988
782
740
732
835
855
712
849
877
1080
604
708
785
630
729
791
787
760
741
723
779
900
826
706
1064
710
780
1134
859
674
730
504
261
434
784
1063
855
781
746
752
778
609
904
699
701
852
824
831
879
721
857
766
667
803
767
538
788
921
708
724
555
749
750
710
843
818
681
785
957
862
921
905
904
946
715
905
719
913
834
722
607
830
782
921
713
789
844
958
891
807
853
716
960
534
471
612
801
603
591
562
739
604
642
892
752
888
335
602
634
963
920
907
990
728
966
686
588
688
937
926
736
565
905
579
861
483
565
701
670
963
786
590
662
567
581
569
630
614
547
728
633
620
702
735
631
573
624
715
486
582
767
1001
877
758
778
645
771
752
649
568
641
570
693
755
783
545
583
566
761
702
614
543
966
974
805
738
1001
351
831
439
699
534
386
643
749
704
554
799
716
747
682
641
551
399
647
742
803
771
768
785
755
691
686
744
1106
670
818
534
648
766
695
783
667
757
610
550
784
650
645
520
942
895
788
644
626
850
863
612
724
542
657
589
616
554
551
573
523
786
671
853
588
738
712
701
743
871
611
659
1006
1336
533
547
603
445
552
596
480
502
920
806
793
583
628
751
959
388
541
536
504
624
471
573
679
671
635
617
779
633
529
540
613
517
998
681
586
654
624
642
691
496
649
524
647
764
553
616
546
569
495
646
494
627
788
638
753
634
708
576
492
619
498
493
727
537
570
456
492
574
520
632
570
732
581
593
966
470
963
586
349
550
557
770
384
334
573
568
896
407
594
685
515
786
809
583
742
831
674
436
887
580
798
641
705
664
579
618
568
527
645
546
442
735
625
570
744
836
605
599
573
496
604
589
516
472
539
616
547
498
627
472
544
486
536
454
454
653
511
468
524
501
350
579
452
633
584
595
615
674
426
469
551
583
599
477
242
634
477
382
903
600
670
670
479
472
461
533
676
556
712
514
526
826
524
478
566
573
522
912
576
674
535
592
607
521
610
505
644
421
453
654
645
775
615
385
810
471
846
739
451
429
566
463
429
510
482
400
368
860
443
561
583
648
446
482
474
826
569
474
492
469
424
711
818
412
678
497
664
454
661
602
534
409
408
491
603
623
607
670
505
747
473
541
590
599
531
411
495
505
488
596
479
690
510
442
459
409
421
524
358
653
636
441
590
344
373
363
528
416
617
506
801
431
592
401
566
652
760
507
443
514
464
422
532
653
531
417
518
770
705
514
352
543
408
679
456
438
596
416
575
404
692
605
398
534
506
309
498
547
682
508
608
429
650
524
442
345
478
457
398
590
754
592
394
686
405
729
516
399
547
564
395
537
393
499
371
597
380
600
437
478
495
476
464
382
500
523
329
433
648
559
417
542
387
408
535
445
328
567
419
376
582
555
461
454
422
350
572
388
364
303
454
537
336
483
310
474
329
683
473
422
286
443
493
542
415
630
338
478
506
343
401
399
401
557
590
447
264
516
498
495
328
363
659
493
424
625
423
379
292
351
490
280
348
401
366
454
368
508
425
407
558
403
464
401
255
237
213
484
379
429
363
434
397
208
476
571
297
596
596
496
381
484
455
484
486
462
395
492
503
656
348
468
296
365
366
354
454
352
512
617
367
301
379
390
393
447
461
341
281
434
279
446
434
328
335
511
584
580
261
385
583
710
391
437
591
518
647
424
589
432
211
375
316
550
382
209
479
308
227
310
321
327
238
401
390
315
327
406
303
370
490
287
340
492
483
452
519
297
279
560
419
318
296
406
585
359
326
324
211
320
475
404
328
357
348
576
365
391
349
336
347
325
664
277
238
122
527
364
320
591
396
352
541
447
249
378
354
296
384
531
323
350
352
500
671
324
465
452
413
317
456
321
590
424
457
352
389
306
279
420
412
329
290
271
407
381
671
273
357
402
441
281
317
316
662
322
470
567
333
299
501
392
413
393
449
461
403
474
357
254
275
382
218
409
346
306
363
361
561
378
345
650
414
337
363
465
441
265
340
387
313
268
493
282
386
369
337
326
460
553
266
491
462
490
481
303
384
402
323
324
486
455
519
338
434
507
597
279
222
665
363
269
281
259
475
300
332
353
552
517
277
572
448
489
340
521
242
398
281
252
314
297
216
459
291
361
274
284
405
287
420
364
499
433
265
285
286
355
237
549
272
454
454
425
432
176
398
479
328
436
443
303
306
494
197
319
297
538
395
530
330
377
250
346
262
253
240
347
456
330
264
268
381
248
177
329
321
338
448
516
257
243
270
241
236
426
358
342
354
402
332
362
347
404
448
589
271
667
570
302
335
579
281
360
383
391
385
338
252
362
388
310
363
218
303
484
380
248
332
302
212
332
202
361
271
416
471
261
337
177
517
289
278
345
299
258
300
119
398
402
286
364
504
286
502
408
400
423
307
405
349
245
241
320
265
249
415
272
260
493
353
338
298
237
236
541
511
258
226
291
304
549
872
358
246
247
387
408
300
199
450
256
234
314
298
374
194
374
285
666
190
260
308
281
363
260
533
303
174
338
212
331
242
264
378
426
240
471
392
252
273
168
283
286
336
247
308
348
220
217
261
220
385
440
542
336
464
345
488
362
328
218
328
282
209
206
238
291
476
207
259
313
298
178
260
247
279
294
248
237
359
256
283
352
339
436
239
271
482
262
336
321
272
244
209
268
512
193
235
357
261
495
450
103
367
288
364
307
377
333
231
177
317
217
250
210
253
229
436
273
190
256
149
427
265
273
325
410
364
412
215
329
431
243
191
294
255
298
245
301
315
372
341
294
463
331
379
239
310
299
203
291
264
405
370
215
297
260
281
306
314
422
288
138
375
359
448
337
175
511
268
240
154
244
318
505
231
251
307
198
275
203
243
292
390
407
194
296
449
348
227
453
207
95
96
527
378
252
306
300
329
124
297
224
166
164
466
344
224
143
290
206
172
232
315
294
166
372
202
276
334
263
317
382
279
237
319
137
228
303
202
259
266
322
174
270
461
327
189
146
414
316
253
313
130
257
387
291
257
257
467
416
365
258
322
344
206
361
395
141
262
357
316
252
249
214
253
195
152
293
159
222
176
189
109
223
318
369
300
326
337
338
305
273
135
253
149
238
80
314
322
212
272
171
181
197
295
149
178
215
196
398
264
206
348
177
173
198
373
313
119
217
354
148
237
158
147
262
152
132
141
213
224
295
153
317
288
178
382
214
172
257
255
75
315
282
285
94
133
168
344
367
167
150
259
157
226
124
90
218
181
210
209
315
204
169
191
127
108
184
225
190
207
223
67
86
156
199
115
230
249
235
190
238
268
247
196
137
153
247
135
140
124
152
105
269
139
268
113
132
145
186
156
247
246
213
82
63
182
167
166
233
80
285
238
123
142
98
81
114
63
120
151
117
89
109
135
54
181
128
100
160
263
136
119
120
53
86
131
95
58
56
80
131
90
96
96
112
85
80
776
305
