575
684
749
736
703
634
804
694
78
674
721
695
631
578
593
638
640
709
680
716
642
570
531
490
434
444
521
684
696
797
673
834
803
713
831
892
786
792
750
724
763
775
726
766
709
647
622
638
597
604
810
734
762
762
705
663
715
605
735
751
774
636
803
607
657
682
778
631
715
667
774
671
744
780
467
493
754
734
561
688
461
640
715
537
664
614
630
528
617
631
763
718
761
755
698
578
412
571
705
379
506
638
600
682
704
598
636
537
565
657
480
538
597
493
510
576
457
490
560
547
479
429
419
671
416
525
357
500
616
513
775
610
646
679
347
442
457
469
464
371
638
757
334
465
404
433
274
508
751
542
557
571
523
419
514
758
736
525
486
761
701
600
595
703
655
662
764
442
461
427
451
435
317
327
372
342
342
365
455
347
229
447
534
528
498
433
274
296
261
218
227
269
238
346
310
314
571
567
391
546
655
503
690
647
574
321
517
683
637
600
686
728
643
555
267
623
508
788
672
674
427
661
571
578
651
613
558
556
553
598
442
639
617
580
517
698
632
532
735
752
715
586
522
520
438
654
688
453
296
281
276
185
232
334
320
411
463
538
480
195
281
235
510
738
432
469
171
609
396
676
731
359
494
457
674
474
477
452
431
484
520
578
566
682
663
666
606
510
423
469
627
621
401
523
795
578
665
390
634
665
613
595
569
581
470
544
624
487
399
537
362
311
370
413
736
319
577
529
704
464
624
644
610
625
643
712
613
496
451
362
414
584
696
534
326
471
501
555
624
292
618
454
591
686
536
621
350
707
719
421
720
711
617
760
536
525
471
534
420
746
552
591
649
733
620
402
552
511
440
466
596
586
574
550
536
544
514
527
601
684
562
570
369
553
489
196
753
592
703
677
460
465
390
334
316
391
570
408
409
427
593
170
676
511
536
604
636
434
626
417
615
557
490
553
285
554
610
549
531
279
542
622
517
485
547
374
411
315
606
544
683
492
569
513
434
573
687
283
496
472
403
569
570
556
558
672
535
585
912
778
411
265
716
488
634
474
393
600
552
388
516
480
412
187
439
526
616
258
446
625
543
355
375
615
776
784
730
632
1083
834
790
473
867
379
415
404
412
484
521
439
522
677
296
498
445
354
493
621
597
713
709
573
684
667
609
507
860
595
515
536
634
508
679
227
97
233
643
813
519
489
377
652
543
487
690
603
395
644
616
465
512
551
469
608
626
453
422
206
510
734
622
495
402
573
424
475
431
441
463
570
531
793
804
820
702
641
562
680
468
1089
639
537
289
506
460
660
386
487
642
752
756
614
651
603
1260
231
174
556
989
422
436
437
407
471
385
520
682
379
133
366
351
614
687
892
849
502
452
486
458
468
600
693
584
468
782
505
622
258
291
515
446
974
419
624
550
333
497
467
362
369
311
407
418
363
527
508
497
491
445
480
378
343
448
572
501
414
537
499
559
1060
481
569
571
471
479
729
968
413
301
260
532
357
567
522
738
607
481
446
735
132
442
191
523
387
231
424
1048
454
340
485
446
508
522
497
406
162
409
451
607
549
578
587
582
615
583
543
631
551
782
547
500
437
502
608
518
502
302
338
603
447
453
388
663
727
861
465
417
526
680
576
319
467
406
346
417
542
522
531
542
808
1218
745
436
1199
500
610
495
493
484
508
350
416
361
398
477
332
302
336
222
410
521
972
893
481
497
468
604
225
308
340
223
346
331
397
617
532
420
549
763
332
422
477
466
352
557
436
453
634
624
725
389
238
549
396
357
576
-1
434
354
407
306
991
525
595
499
489
662
365
687
400
330
350
295
335
402
425
414
305
355
358
373
426
296
411
450
437
587
403
532
351
216
465
450
688
381
305
598
240
563
280
431
566
302
711
509
511
484
530
515
467
756
481
484
440
540
469
342
417
324
315
367
461
438
741
657
436
712
506
633
403
437
416
435
500
465
415
463
541
446
495
490
341
392
465
272
352
402
458
307
319
355
317
261
335
250
427
438
1040
1035
475
263
420
560
288
387
444
141
528
207
308
462
444
652
471
486
350
353
360
650
424
810
495
387
580
310
412
612
472
369
476
712
399
321
405
473
537
415
405
375
435
206
455
537
559
560
355
556
383
648
471
443
414
310
352
341
411
303
261
368
716
390
518
573
473
346
415
414
555
388
322
337
270
334
519
472
313
372
302
401
296
316
494
377
314
317
329
425
389
384
437
337
548
374
364
332
450
363
345
368
360
312
380
387
593
331
397
343
358
295
366
253
584
463
371
318
340
386
359
503
353
385
504
555
349
534
403
506
398
546
339
410
327
278
352
608
394
418
320
411
357
668
428
383
228
391
507
362
259
423
260
368
397
469
374
306
431
417
222
328
378
694
320
361
397
505
427
332
260
374
387
261
340
692
521
326
475
250
429
407
379
425
444
340
381
251
353
546
345
325
456
335
401
355
247
385
225
449
402
231
323
449
237
375
346
273
386
418
316
303
451
271
319
480
485
340
413
383
316
489
332
276
224
366
270
289
299
190
314
296
450
379
207
127
264
315
259
380
457
321
525
565
237
370
351
351
474
380
394
251
305
670
310
324
268
392
313
311
777
393
351
192
253
438
262
205
319
282
377
299
441
385
331
932
274
341
275
105
108
85
280
471
375
340
255
379
208
357
381
236
397
363
307
273
294
281
315
302
285
221
327
428
436
306
468
304
293
244
304
352
118
800
739
422
345
373
380
419
252
358
337
202
497
233
321
308
240
241
383
390
389
222
800
478
518
342
376
486
466
476
412
458
317
220
339
235
340
278
228
310
217
156
184
301
305
227
239
263
248
275
320
234
333
373
269
319
412
370
313
447
337
314
532
347
266
203
238
402
326
252
305
230
288
431
444
265
373
379
470
221
271
335
322
319
257
395
134
199
137
347
281
250
316
324
521
337
325
220
245
239
283
331
251
251
258
243
333
365
294
469
477
430
277
346
211
487
743
393
232
304
265
279
577
444
241
199
195
246
389
421
239
268
336
274
174
261
173
309
334
283
444
271
239
313
399
399
380
404
439
395
449
274
257
443
394
194
287
253
229
361
375
452
315
310
389
362
295
342
424
405
279
206
432
208
197
389
238
318
311
281
211
366
447
150
725
298
329
314
232
322
263
270
295
332
331
488
312
320
405
272
192
258
439
274
238
236
257
528
419
411
396
296
401
212
359
428
509
296
609
224
392
201
188
263
265
175
317
242
243
202
206
451
230
374
273
317
346
165
281
335
302
158
314
237
291
331
252
246
168
317
213
265
352
271
336
244
315
260
255
216
419
367
402
300
377
202
254
203
250
265
228
353
191
171
224
320
214
177
311
277
275
289
647
238
222
227
223
230
394
228
332
341
484
387
298
276
326
405
429
270
396
343
235
314
365
210
288
518
290
272
240
178
292
288
183
219
169
345
292
229
172
262
248
197
219
183
260
351
374
327
209
336
205
284
200
192
214
206
175
228
114
365
367
256
238
317
316
382
595
366
320
282
293
287
191
180
317
233
173
499
253
233
394
197
437
321
235
168
665
416
172
225
239
236
284
339
246
262
277
339
316
295
131
337
236
250
671
721
647
213
293
241
521
181
198
225
680
370
196
499
292
134
280
183
222
204
226
253
431
177
311
357
185
254
167
274
525
339
269
288
353
189
161
197
187
570
264
446
215
305
177
361
352
431
325
357
186
148
304
293
497
328
170
269
319
299
166
231
161
247
212
125
169
207
190
243
462
237
337
190
327
326
172
309
241
201
250
312
188
335
225
222
447
231
292
318
148
224
187
220
289
212
334
177
136
272
208
179
182
190
246
295
201
151
234
156
295
218
198
287
292
435
239
207
482
373
242
228
540
208
247
230
288
288
264
259
237
306
322
283
210
242
262
173
260
230
280
311
154
262
200
303
252
254
247
228
84
328
270
291
255
131
411
232
206
163
225
231
529
229
183
291
194
264
198
206
291
240
322
145
213
289
358
351
307
197
38
50
331
301
224
197
214
353
147
249
195
131
131
295
357
237
138
215
204
144
201
235
567
178
342
186
199
293
229
207
282
263
216
242
141
207
231
185
243
272
264
172
299
471
232
143
112
380
256
232
277
108
201
259
207
266
162
356
273
293
176
460
245
205
328
325
96
292
292
267
230
175
204
469
173
128
208
179
176
135
137
91
182
269
226
248
286
354
355
227
310
135
183
144
211
72
281
296
103
323
305
123
188
395
136
145
229
198
240
225
164
234
128
124
114
282
252
291
308
300
118
174
130
143
258
168
96
119
134
189
275
173
272
199
171
388
186
225
173
216
84
220
210
208
60
162
106
262
391
142
126
223
171
176
119
87
237
161
163
164
288
175
130
164
152
115
195
167
158
151
209
36
65
135
196
96
175
242
224
195
228
231
221
176
137
153
121
142
155
133
158
101
192
152
182
123
131
116
169
128
263
262
170
82
70
173
119
117
257
91
222
226
76
136
99
100
97
59
204
153
83
87
114
136
70
209
122
94
141
191
142
112
141
54
83
111
88
52
56
72
108
81
84
83
72
87
71
513
322
