232
235
233
226
234
214
251
230
32
216
214
211
196
179
161
204
182
226
175
246
177
194
184
197
195
153
178
212
242
255
279
222
242
274
299
292
307
259
299
250
264
265
259
271
272
261
253
241
248
262
314
308
296
274
274
288
284
275
302
323
309
274
323
253
301
273
288
311
297
299
281
246
260
275
237
200
286
287
262
273
190
292
293
210
257
269
225
269
272
218
292
266
244
271
230
230
210
259
259
230
263
234
232
266
259
204
218
230
226
259
241
198
222
183
204
244
181
272
199
202
190
174
198
249
190
251
175
183
273
220
256
219
201
228
144
200
185
215
206
149
258
367
121
224
167
213
115
193
258
255
224
234
229
194
198
273
297
230
221
299
255
220
219
221
218
229
244
184
196
192
190
192
136
114
168
162
156
154
174
155
96
204
234
218
201
102
138
140
117
106
118
125
133
197
141
184
164
160
100
199
244
212
241
238
212
163
271
252
294
274
304
317
206
233
140
240
196
287
285
300
197
239
274
282
262
237
238
272
315
265
214
274
234
247
245
280
263
243
285
324
292
258
357
258
217
274
298
188
176
150
158
103
135
146
134
263
140
215
199
68
166
113
161
276
179
198
73
247
199
264
279
178
278
223
281
212
213
225
223
221
250
273
226
282
295
265
209
220
203
227
296
258
147
240
268
292
234
165
255
283
229
240
232
229
225
208
264
158
156
162
150
112
148
174
255
141
296
225
252
183
214
263
269
256
260
253
216
240
181
183
197
249
266
214
171
233
246
288
313
108
254
202
308
271
236
282
182
259
250
183
254
262
278
266
234
227
227
202
215
264
224
226
228
227
230
243
254
277
198
201
226
275
238
272
257
246
221
247
242
243
269
238
208
390
227
82
256
216
272
269
259
268
198
183
154
167
244
150
147
184
229
79
264
217
206
253
240
204
263
132
233
277
205
252
115
248
237
244
333
125
247
221
261
278
259
146
204
170
260
238
260
210
223
222
149
227
272
142
258
229
206
290
278
301
198
230
165
199
314
253
151
180
237
161
268
150
153
253
297
176
243
255
225
124
246
220
260
91
178
212
420
246
344
406
404
426
408
307
366
305
262
207
247
194
172
253
192
292
195
244
240
331
166
193
188
157
206
250
235
282
255
223
229
276
247
217
313
213
239
322
265
238
278
68
63
119
243
285
264
191
197
248
209
175
276
275
178
256
267
307
259
227
157
278
254
241
222
94
267
229
232
239
189
261
257
235
239
208
213
262
311
245
251
248
247
240
178
227
218
271
266
276
155
219
218
283
196
300
239
233
263
234
244
226
306
118
100
230
246
222
211
217
204
209
190
246
228
228
43
214
168
262
249
289
288
217
240
203
192
285
282
323
143
183
268
172
252
84
176
243
198
315
183
250
222
218
264
272
195
205
123
205
193
153
273
313
173
211
278
251
192
131
211
303
343
233
290
245
281
242
260
229
282
262
247
239
275
274
132
129
224
191
263
231
354
249
207
197
323
71
275
79
290
168
65
226
288
201
187
181
174
172
229
223
209
92
228
222
302
283
285
302
278
267
251
228
411
237
280
249
232
275
266
186
245
221
182
181
335
297
309
145
400
274
324
267
250
236
292
209
256
200
256
217
247
263
239
260
234
262
245
342
263
254
190
229
193
256
231
240
241
315
192
188
252
161
139
172
126
149
387
336
296
284
248
186
256
116
182
173
109
190
207
280
265
258
211
191
242
174
254
180
179
123
267
214
161
217
204
269
222
116
198
253
177
171
240
238
176
216
121
251
235
216
331
318
239
190
308
229
222
180
218
221
226
250
252
185
195
162
141
191
163
293
235
270
445
133
307
248
144
222
202
375
196
65
220
151
384
85
219
198
159
292
341
268
282
278
300
230
328
236
220
266
264
259
241
200
207
144
213
238
219
359
220
134
238
321
249
169
206
178
148
221
281
252
246
293
213
236
276
190
159
222
163
236
212
231
176
154
172
154
170
207
165
256
260
236
258
201
73
192
221
139
240
235
86
233
109
129
400
218
327
227
245
222
217
172
234
214
308
243
295
369
171
178
251
239
256
422
286
232
219
230
216
219
266
168
160
221
101
150
210
302
264
179
290
203
251
177
220
208
153
222
220
205
186
155
224
318
219
161
300
224
74
160
246
259
271
239
241
188
223
377
386
177
306
143
262
132
153
273
262
222
210
236
238
231
217
225
215
225
199
205
187
196
257
199
230
268
188
241
283
266
138
225
256
204
172
247
175
334
428
239
160
184
204
208
187
240
225
229
273
209
235
232
221
198
258
238
207
156
167
181
247
210
208
186
300
403
284
211
216
112
213
233
200
208
207
202
215
215
245
151
143
223
231
179
219
185
297
253
194
228
250
268
235
198
220
202
197
185
287
238
214
291
151
355
262
225
218
265
206
202
148
192
236
213
215
242
151
261
255
89
264
120
144
263
159
187
255
150
238
184
208
237
234
269
174
236
141
200
257
273
236
180
143
172
192
243
166
157
239
134
162
252
101
265
208
234
173
92
61
180
198
121
193
182
210
259
307
199
218
218
216
193
238
245
171
188
288
151
195
199
265
191
194
257
243
225
101
208
196
184
147
250
167
222
194
315
302
221
281
186
278
195
49
45
28
139
250
230
196
133
249
136
179
205
157
223
178
240
199
219
225
241
221
221
199
206
221
260
170
158
188
231
162
206
232
60
249
227
235
205
190
208
225
99
264
205
183
297
186
209
153
141
131
172
262
260
165
194
254
247
150
245
279
260
295
203
155
278
144
199
148
268
149
142
198
157
108
166
175
166
145
134
186
155
167
250
154
202
213
170
185
233
241
248
334
162
178
280
236
181
156
165
272
202
150
192
128
170
228
263
185
182
173
364
189
195
197
193
182
188
273
80
147
79
159
215
192
126
215
175
199
202
172
188
191
181
229
100
157
188
170
283
360
181
258
311
313
119
190
150
215
193
227
178
214
152
211
242
280
189
178
164
98
207
274
163
148
198
263
96
181
134
247
190
105
293
180
197
243
303
309
316
291
170
208
174
168
125
188
222
131
245
215
178
197
211
240
213
204
231
245
176
214
331
305
186
168
249
182
145
182
169
167
224
207
141
148
261
150
318
241
262
264
186
206
210
139
177
229
271
215
202
176
249
113
163
141
430
182
158
135
136
262
215
270
260
389
180
171
491
222
308
180
170
149
179
145
133
185
184
143
292
226
200
174
186
299
150
162
193
157
241
110
181
151
186
149
305
151
264
243
151
191
95
228
142
174
179
115
179
187
191
108
194
168
288
291
327
234
230
146
171
140
153
169
111
183
109
104
155
214
157
110
193
150
181
188
222
164
146
159
145
138
254
123
225
237
256
194
228
169
203
126
242
165
237
287
168
201
230
135
203
84
284
173
167
111
303
199
94
172
146
188
251
219
140
196
194
131
209
160
172
186
210
373
133
114
88
153
164
155
124
141
137
157
92
160
172
167
136
188
180
190
233
242
185
194
211
207
144
125
165
163
139
325
152
165
301
150
210
198
135
153
223
232
125
151
171
182
143
303
249
164
137
216
327
188
74
215
170
144
212
261
233
127
202
165
294
125
151
206
195
195
151
257
240
85
175
168
182
170
176
255
166
152
173
217
160
176
110
177
221
206
154
170
205
146
124
160
156
238
184
403
186
186
64
282
192
243
241
205
182
133
146
142
199
231
132
197
214
168
118
171
161
199
199
56
132
199
157
171
270
193
150
156
171
249
161
206
180
178
162
153
114
265
149
149
194
156
205
139
37
190
144
260
196
92
170
139
110
287
171
137
137
168
144
132
177
106
163
100
210
170
111
154
233
212
152
159
222
285
148
133
247
154
128
142
178
179
184
183
165
237
210
244
155
149
175
128
175
157
168
206
143
184
156
271
177
299
188
129
33
195
181
272
213
106
271
193
163
103
166
132
359
152
156
181
114
162
142
106
200
-1
199
133
143
221
270
212
311
142
18
22
162
98
112
221
142
167
29
189
130
101
95
175
217
125
118
153
143
103
157
190
169
109
181
116
170
203
177
128
184
152
135
224
100
133
175
157
157
166
162
97
157
323
133
93
102
288
185
161
189
84
169
126
135
181
160
235
184
188
144
266
217
127
223
97
89
141
149
143
109
157
159
177
150
102
146
83
122
131
146
70
124
231
131
235
196
180
180
159
155
83
171
118
145
41
167
190
43
200
160
87
147
236
97
74
148
130
153
144
139
196
90
125
95
136
105
137
143
178
89
162
110
115
136
101
54
95
52
138
227
98
144
199
115
175
143
161
130
150
49
175
148
168
61
86
122
204
194
98
73
205
76
110
96
52
144
120
131
131
165
80
92
130
92
82
114
139
128
51
145
29
47
120
109
72
135
166
135
112
152
130
132
115
97
90
68
89
99
82
94
74
142
91
131
67
94
108
104
100
158
157
111
59
55
124
114
110
156
66
143
153
88
89
111
54
83
45
121
105
38
66
75
113
43
135
100
62
103
182
87
96
133
35
53
90
57
45
44
46
95
41
66
66
78
55
38
194
232
