453
439
405
407
405
360
440
390
63
445
381
339
343
363
320
321
329
355
340
434
317
362
327
430
416
322
378
373
424
400
459
368
416
420
447
476
568
432
478
448
472
508
443
514
509
503
473
534
515
525
549
587
524
531
508
515
548
519
558
518
602
579
470
508
543
497
493
615
537
634
428
477
462
470
493
379
452
504
397
415
333
525
494
442
443
440
498
453
533
450
492
461
419
447
457
415
437
507
449
419
416
528
478
464
404
472
436
494
494
444
509
409
441
407
456
440
441
503
441
419
463
379
466
476
380
598
283
356
515
422
426
345
354
392
291
436
476
512
388
360
448
474
348
522
406
450
198
401
427
557
368
445
424
492
377
441
500
498
492
427
410
454
468
344
386
447
438
411
368
395
355
356
271
226
282
303
323
296
356
298
185
468
431
504
375
246
296
321
244
226
242
270
269
262
326
390
353
350
168
331
413
343
421
416
357
470
458
366
373
562
447
424
381
380
247
422
357
425
461
413
381
456
548
496
543
448
418
519
419
553
434
428
350
407
453
412
530
513
504
516
394
380
417
441
382
391
410
382
383
349
356
248
298
376
232
237
295
473
400
133
351
283
242
461
354
408
196
458
407
513
499
343
317
338
447
379
401
408
407
506
539
607
472
483
508
381
380
458
379
424
421
410
263
386
451
512
412
320
426
495
452
346
360
346
332
346
468
314
310
290
301
278
260
294
430
253
443
414
426
320
384
484
461
387
530
429
343
464
397
437
473
524
451
387
320
524
542
613
452
170
522
410
442
422
438
468
355
393
301
328
359
330
399
424
394
512
527
393
470
403
408
405
412
409
417
656
369
432
379
389
491
464
294
323
411
396
461
405
460
469
417
438
488
359
513
217
401
430
445
470
511
517
424
397
381
370
373
231
231
337
401
130
400
352
373
433
388
327
463
225
363
354
514
468
234
437
441
443
484
291
422
391
521
583
571
262
400
341
415
381
428
445
256
225
195
239
301
232
405
315
416
522
509
499
208
261
234
221
349
367
285
371
384
299
269
346
286
539
549
425
565
573
604
308
535
384
514
203
226
387
350
271
350
336
311
324
333
320
327
304
332
362
326
383
312
355
459
377
320
544
547
540
377
361
405
311
342
435
409
412
390
422
428
409
391
328
289
388
497
351
484
431
466
182
148
306
423
289
554
401
412
434
400
335
453
434
362
445
414
515
530
431
326
528
400
531
526
213
439
318
278
472
414
434
568
524
382
351
321
353
375
274
274
277
272
238
250
292
345
275
443
439
225
366
410
519
499
544
286
232
249
358
416
398
278
354
284
349
232
426
413
370
408
358
268
549
389
356
40
367
358
321
273
248
252
472
310
389
381
578
319
307
162
248
301
181
287
153
354
352
423
291
359
371
331
473
395
377
315
391
341
490
314
279
495
417
301
340
399
558
441
359
456
452
502
403
488
345
474
236
464
304
454
410
468
253
271
455
277
279
378
550
382
398
286
413
207
197
267
121
391
165
294
236
67
313
275
361
389
274
239
221
258
291
329
155
527
456
457
422
442
438
421
424
392
336
317
273
297
376
361
544
460
235
231
298
289
265
325
513
500
285
290
255
259
502
529
490
259
247
304
293
458
338
354
378
383
413
350
217
224
272
503
237
360
301
339
521
455
433
182
240
384
446
483
355
339
303
275
254
320
279
282
497
460
304
411
244
477
393
196
322
454
487
280
302
303
351
226
293
398
259
225
216
318
265
265
358
310
270
462
152
315
519
185
155
207
271
280
362
230
300
311
245
472
356
417
333
296
454
425
311
384
396
440
513
463
391
306
284
227
298
507
290
357
393
319
209
493
533
199
383
350
282
324
119
338
269
248
165
360
382
269
292
338
356
302
261
341
330
241
449
406
360
403
515
352
399
334
315
477
318
344
243
206
191
211
333
208
327
384
326
312
388
347
320
326
302
320
332
335
312
277
373
300
394
356
408
300
275
315
259
261
296
285
415
404
241
249
364
125
399
323
339
379
386
226
386
121
156
299
407
285
388
354
355
358
274
258
374
254
213
330
222
287
338
324
227
461
288
237
476
506
475
244
246
423
351
345
286
284
220
219
348
394
272
465
399
230
302
288
295
197
340
336
459
289
284
322
245
363
182
234
450
110
330
371
434
488
423
451
475
381
251
268
280
396
413
230
241
199
404
416
321
318
454
474
477
496
526
383
435
330
316
443
229
475
357
420
422
387
379
290
422
289
305
360
284
372
450
260
213
235
353
407
303
299
309
289
280
480
350
424
281
241
333
284
511
523
464
355
209
325
291
267
383
287
288
368
236
275
342
283
246
339
325
385
277
396
337
531
286
190
385
311
388
379
232
405
346
256
423
246
315
422
273
369
276
353
328
309
371
270
251
271
530
329
277
442
328
271
395
278
309
366
396
192
320
260
439
219
299
372
253
320
159
188
315
311
401
525
450
273
343
385
241
246
363
253
307
231
253
402
320
433
284
263
273
336
303
251
225
363
318
388
378
278
365
242
545
211
226
164
377
335
272
199
180
251
175
260
332
335
271
272
240
370
239
213
460
237
355
232
230
476
320
254
246
287
258
249
341
234
260
327
288
331
344
274
229
191
387
230
363
283
452
116
168
122
222
178
361
313
204
289
217
331
365
228
524
395
441
415
378
351
368
369
358
314
356
343
516
282
177
210
204
321
290
464
131
236
181
214
167
245
317
334
246
306
270
227
217
185
276
253
227
235
212
257
253
200
221
318
232
277
393
432
385
372
299
305
362
176
227
240
228
291
195
315
324
171
242
287
286
224
178
315
352
296
345
220
343
417
224
256
314
470
377
255
258
252
252
360
239
225
519
404
327
318
262
176
274
341
174
226
209
202
191
317
360
296
263
264
292
555
298
206
120
363
367
262
232
180
203
302
356
228
306
264
227
268
245
269
379
470
248
280
272
216
228
217
220
341
343
391
157
379
350
369
221
160
174
231
359
321
310
254
346
271
298
200
373
388
336
326
240
337
228
210
210
273
270
636
263
248
229
258
261
284
296
280
178
189
307
142
404
200
243
302
302
350
274
259
586
200
194
196
250
264
250
239
196
371
234
336
259
310
288
268
307
180
434
298
209
328
365
338
279
299
346
210
226
307
291
323
269
297
225
341
263
200
256
227
223
245
217
187
137
144
161
223
246
228
216
171
193
250
161
188
266
236
207
274
243
182
258
197
317
252
261
170
256
290
325
277
433
301
232
194
297
194
231
244
299
287
372
479
124
312
298
287
351
324
244
341
391
85
256
258
370
164
215
223
286
249
261
232
241
220
177
227
199
232
214
285
205
152
257
249
354
381
237
202
203
209
152
148
305
242
164
138
159
164
273
300
318
191
380
261
446
302
374
142
508
206
266
124
191
304
283
182
139
331
202
449
165
246
209
338
233
305
333
204
265
197
231
150
291
324
219
208
101
273
328
254
246
247
342
229
133
243
260
247
294
421
141
300
227
322
406
202
320
329
216
193
261
245
200
166
200
178
296
317
179
229
180
300
257
368
290
168
261
274
299
255
195
225
169
345
141
255
172
385
242
235
181
171
186
159
371
234
338
185
274
188
153
183
210
204
186
135
296
148
382
287
201
305
181
192
400
323
260
266
144
184
155
201
196
267
156
180
193
247
167
211
445
226
414
241
123
177
315
142
135
164
233
219
125
136
177
213
182
133
220
205
132
245
244
293
333
73
326
-1
254
242
191
309
210
237
170
418
329
247
318
202
241
123
129
277
172
168
143
200
471
254
35
331
373
227
167
173
293
207
167
144
189
295
147
236
181
254
235
182
240
140
484
221
209
216
353
190
250
184
179
189
203
186
169
236
197
160
280
278
198
216
180
173
223
293
233
295
244
194
225
228
267
298
235
247
314
161
261
163
345
146
61
278
205
317
311
157
286
206
232
126
233
196
243
218
305
223
185
140
190
177
138
199
242
182
239
296
151
130
168
175
27
55
341
188
174
257
213
260
58
224
288
153
168
388
179
142
129
276
184
169
212
267
162
170
168
139
235
316
159
193
300
284
185
256
143
170
282
169
215
132
283
171
229
217
313
265
165
187
270
196
249
121
287
234
225
222
291
228
156
331
252
143
231
228
168
208
175
217
340
217
117
249
213
146
250
159
231
157
195
207
163
123
210
126
272
172
312
182
183
181
168
134
213
151
206
60
280
181
104
156
99
139
230
125
155
174
124
99
309
260
161
313
144
249
188
203
127
82
128
283
187
138
235
138
250
134
146
128
96
225
145
152
222
116
157
182
232
115
221
283
69
273
300
268
111
134
233
265
197
153
214
127
156
122
91
94
135
189
217
214
261
156
188
159
119
113
116
245
195
61
216
107
118
206
108
105
176
221
141
140
163
195
209
190
158
148
128
133
144
123
142
109
281
134
213
111
104
208
161
124
150
151
192
83
60
200
171
169
191
103
144
155
138
141
86
78
127
58
75
167
90
111
110
115
64
161
97
122
83
109
110
79
95
58
81
68
71
57
75
92
142
134
86
87
113
56
64
360
175
