620
721
673
635
638
520
755
676
51
674
658
627
581
566
552
600
566
604
551
688
548
629
536
665
521
534
656
619
699
666
709
672
772
863
825
932
977
872
893
840
917
914
908
912
1028
947
893
972
788
914
1022
1144
949
917
881
944
998
914
1034
991
1025
1091
940
827
952
866
981
1043
970
1033
843
826
791
839
833
506
827
815
618
612
783
872
881
710
826
779
787
619
873
746
884
759
771
736
687
647
618
750
774
611
656
1188
749
872
732
1191
1172
1183
1182
1036
879
984
920
966
1010
1016
1125
764
935
1181
982
1024
605
1067
560
931
404
973
708
929
751
891
920
955
748
1164
1102
1111
491
622
882
803
879
1104
836
996
666
1043
719
889
674
807
889
1064
674
786
954
955
958
785
906
973
965
582
645
736
701
1014
998
897
862
867
709
708
583
805
619
609
876
709
552
900
672
887
751
501
544
780
477
523
491
600
508
473
423
616
782
774
468
586
688
907
687
667
631
700
892
832
732
798
685
633
644
717
278
770
620
745
764
716
866
715
1009
1003
931
823
873
875
740
868
423
717
778
858
936
697
858
1106
845
850
721
717
648
525
580
711
707
627
415
403
440
273
398
411
484
609
526
916
986
412
514
415
584
707
544
1024
318
921
785
855
783
783
656
414
715
773
782
774
774
797
779
854
719
791
744
818
588
1116
773
657
609
626
441
571
712
785
680
473
771
877
656
881
856
869
637
941
800
403
409
409
346
353
279
341
714
544
709
885
657
623
630
764
634
629
860
664
591
753
639
986
703
737
629
554
601
930
770
850
768
388
966
621
597
709
743
786
465
752
459
647
683
588
602
664
812
689
759
598
856
672
596
601
655
652
638
603
586
767
794
801
825
672
674
662
662
692
780
580
995
784
589
662
647
554
824
313
601
568
793
756
746
795
1114
974
820
1166
716
448
444
561
640
253
644
564
579
600
597
631
718
559
620
629
658
718
252
835
705
676
652
784
778
589
788
762
756
293
616
583
661
638
670
1002
527
466
475
520
629
393
480
549
1095
934
776
741
512
612
657
511
677
688
783
421
644
459
551
493
431
863
842
515
669
677
653
329
687
607
856
331
380
553
434
397
343
520
519
531
505
660
580
525
624
765
591
502
599
570
620
691
506
734
743
818
585
599
656
548
532
628
624
680
574
615
651
752
677
632
492
525
983
538
703
682
640
308
221
324
633
571
748
536
554
617
580
529
826
630
1040
617
578
694
715
615
646
710
650
874
853
398
687
617
520
672
562
596
763
633
532
816
655
612
588
555
552
549
446
510
482
525
788
501
670
557
355
770
694
855
757
667
571
491
465
673
651
596
490
544
468
471
430
658
603
644
562
542
580
903
611
644
333
611
386
591
520
445
466
993
603
614
552
675
397
403
317
292
426
394
470
510
317
637
924
471
683
544
513
537
545
510
606
725
635
635
700
589
724
639
553
582
497
596
492
450
788
748
719
771
693
473
637
419
676
490
638
527
951
483
504
580
354
570
753
932
506
529
517
627
523
523
424
272
636
278
323
443
406
612
450
1050
-1
514
442
508
451
542
440
333
630
694
770
734
754
756
721
633
604
648
497
556
436
535
532
667
625
508
458
610
612
580
377
623
630
536
424
520
405
677
615
747
441
459
530
520
572
510
555
526
521
549
505
358
374
451
556
405
513
570
609
632
526
679
285
405
485
502
569
437
872
473
343
387
460
467
500
623
706
515
621
349
524
518
221
381
617
510
412
510
625
525
401
538
505
524
557
267
559
453
524
521
486
435
908
219
501
539
229
297
340
482
560
528
332
463
472
459
717
508
686
580
431
537
564
376
516
528
673
538
569
585
454
325
516
572
483
383
562
586
433
375
671
567
198
479
613
418
401
362
511
587
367
198
602
555
482
522
488
486
495
417
439
424
385
609
775
501
579
720
559
465
519
666
879
429
398
361
379
344
396
490
322
600
550
496
538
492
445
415
446
470
426
446
506
519
261
444
519
464
411
669
339
315
352
317
274
317
285
477
482
353
368
608
467
456
472
397
547
488
233
607
164
378
399
567
390
591
455
507
522
397
505
577
397
349
516
336
455
459
475
360
540
411
357
551
662
563
392
415
529
441
709
347
293
564
392
435
561
379
696
508
353
766
414
393
267
423
436
564
535
442
353
412
382
237
361
653
424
414
413
650
574
498
492
508
456
371
383
391
497
566
284
394
391
568
511
375
400
504
688
727
707
722
541
611
452
375
941
421
492
397
539
525
522
425
411
639
466
362
374
356
408
549
362
295
245
413
549
364
362
327
450
404
530
457
766
427
342
405
448
621
710
487
447
353
271
514
439
632
359
400
487
312
421
477
339
655
394
543
459
298
472
421
554
335
362
516
417
468
466
209
483
336
359
449
429
374
466
380
437
324
503
395
367
466
430
452
337
643
363
324
525
416
429
529
357
433
421
510
282
431
330
681
456
402
480
325
461
198
247
425
371
471
785
411
352
567
426
332
399
405
300
432
485
347
506
419
457
476
433
363
470
318
281
215
461
516
368
456
337
431
328
832
436
339
317
505
453
648
358
357
319
282
313
372
380
407
408
345
521
269
266
492
297
506
334
328
442
351
345
446
311
309
285
381
416
269
423
366
396
455
335
298
209
467
340
415
365
419
196
223
153
235
274
458
395
332
355
191
391
456
307
654
485
497
384
365
353
387
369
369
263
353
428
563
370
339
276
302
383
376
532
323
314
267
285
212
340
347
376
286
404
336
261
315
212
369
476
368
372
405
402
402
245
277
463
388
389
461
626
561
556
438
458
326
225
291
332
271
409
249
483
346
254
326
314
310
242
443
387
327
328
426
332
371
475
287
327
453
626
478
304
283
280
293
398
310
288
568
429
370
369
271
212
348
458
230
295
348
330
291
394
405
347
331
299
333
617
256
173
103
737
391
314
387
300
314
358
322
199
433
331
280
354
407
300
375
402
243
295
330
324
274
261
320
536
352
513
287
464
401
420
277
237
309
259
373
326
288
481
423
363
300
341
493
422
295
374
224
425
292
216
341
324
268
532
265
266
246
285
474
367
425
327
244
231
401
194
390
300
262
370
369
507
298
282
570
258
339
275
277
281
250
248
256
334
216
498
259
356
317
292
340
346
541
218
285
420
483
445
307
362
416
323
272
380
421
426
337
534
370
394
205
229
357
345
253
275
264
276
209
214
201
257
423
274
273
317
230
303
264
235
367
198
165
292
315
221
303
231
365
259
296
231
272
408
372
534
446
273
288
275
352
224
308
301
355
406
386
487
203
412
450
300
463
387
322
381
507
153
314
348
535
214
268
280
333
277
283
226
264
254
293
357
216
207
249
373
231
209
286
365
483
465
316
237
225
254
249
249
367
281
235
238
247
230
339
327
397
307
518
290
675
288
342
246
708
258
331
283
264
297
272
269
201
371
235
407
187
312
257
403
259
361
321
222
288
196
333
198
333
339
263
374
170
330
314
208
273
269
293
228
109
333
353
313
516
491
223
445
309
384
461
292
390
389
182
217
332
256
220
223
235
237
295
384
257
294
244
245
395
395
295
220
291
259
459
333
271
281
270
421
208
304
151
445
264
273
232
225
238
196
462
286
458
213
321
208
200
258
274
383
175
222
362
194
321
275
244
251
300
228
443
341
263
285
158
257
218
293
244
464
222
210
136
181
167
320
399
246
388
439
315
254
369
206
154
209
245
227
167
184
225
197
226
184
287
285
185
279
196
259
290
97
280
389
206
298
236
354
399
242
251
388
260
314
293
268
225
162
251
316
195
227
214
259
515
264
101
404
344
239
236
228
340
220
175
161
193
295
218
220
246
412
266
163
317
173
481
275
218
372
383
303
381
194
231
238
248
211
196
278
353
227
325
310
277
295
288
192
316
303
231
350
319
195
290
283
497
394
208
305
283
162
274
180
442
239
63
332
309
315
338
181
401
249
236
183
215
365
306
247
182
293
202
215
220
245
182
187
332
194
312
407
219
173
223
211
84
111
484
386
251
236
291
349
163
249
284
194
173
467
247
227
137
277
212
177
260
302
221
175
208
202
254
368
217
252
358
285
247
233
151
264
303
127
263
177
362
217
285
292
440
211
140
238
315
250
295
104
264
395
360
277
266
300
256
389
300
206
294
235
247
364
134
289
376
285
210
283
244
185
200
164
238
194
188
144
148
87
200
163
594
200
345
218
218
198
153
136
238
147
275
77
380
260
166
239
130
120
245
171
167
233
190
165
556
257
208
328
117
194
137
540
155
97
184
366
161
195
181
150
265
168
194
131
109
215
178
173
311
140
189
277
177
144
255
305
81
434
468
266
68
145
185
275
297
167
219
169
204
185
103
113
171
191
218
218
375
215
152
178
157
101
167
227
201
86
216
95
121
183
181
94
166
250
206
191
266
275
213
151
123
105
209
134
151
132
144
163
324
149
327
118
162
164
171
178
210
211
210
81
60
186
206
206
246
104
208
206
137
157
60
87
127
69
92
195
92
107
110
115
75
175
110
119
119
158
113
86
89
60
80
91
115
63
58
78
148
199
95
95
95
83
89
502
217
