304
377
374
375
362
342
406
381
61
386
344
321
284
241
293
307
327
358
315
411
306
332
302
317
256
243
399
356
414
400
408
392
364
402
428
428
491
439
470
395
430
451
451
480
503
485
424
521
338
520
490
465
432
437
421
419
443
437
405
414
467
533
405
384
422
427
445
429
402
424
503
566
462
481
389
254
453
464
365
419
295
411
380
301
460
492
329
251
426
360
467
416
389
452
432
343
251
442
435
218
241
353
459
477
401
356
312
370
344
322
268
318
308
300
290
316
362
242
290
308
316
304
301
412
262
487
178
310
323
272
413
282
249
283
200
361
427
419
213
191
355
349
265
396
286
298
167
319
429
547
440
563
500
423
434
438
429
324
344
412
487
347
354
305
404
451
432
327
317
270
252
270
176
198
175
265
181
187
309
205
162
341
251
580
511
172
164
260
152
148
154
185
154
165
146
188
300
301
177
394
424
303
380
387
383
222
316
393
365
374
460
402
308
423
133
417
349
440
500
424
258
448
403
401
452
440
314
556
342
397
225
408
378
429
481
490
453
364
448
435
433
415
313
207
197
507
322
356
172
116
186
108
110
164
192
243
318
351
303
92
133
94
212
446
185
342
75
341
411
393
467
246
243
191
541
484
500
529
520
504
419
476
409
479
474
398
335
324
475
202
381
412
224
370
441
284
396
341
521
429
414
271
265
279
212
262
476
225
222
243
202
187
192
211
439
220
443
448
391
374
415
500
464
456
449
424
329
267
393
364
492
403
435
376
193
351
428
498
348
133
402
526
416
394
549
360
243
287
236
310
377
291
429
442
427
299
404
323
420
427
471
422
396
388
420
222
427
392
445
458
409
454
240
265
452
498
593
423
392
388
378
495
221
296
466
78
417
397
422
446
294
320
327
279
292
337
407
218
219
164
590
63
452
350
393
494
445
339
413
244
412
415
321
522
170
438
472
425
305
285
561
372
496
308
375
156
513
504
417
330
471
340
200
191
178
214
258
137
268
204
338
468
434
449
200
225
222
197
298
357
212
237
386
239
231
348
266
435
373
213
327
339
311
108
420
407
374
110
146
349
238
169
188
269
251
244
248
252
261
247
245
391
286
246
302
345
192
459
328
498
485
353
200
464
378
362
361
421
428
418
476
472
444
390
381
391
238
364
332
275
452
583
499
88
92
161
447
245
446
288
384
408
317
323
449
420
297
444
383
490
531
462
264
444
382
514
429
119
507
301
296
525
516
518
520
366
221
328
415
428
426
272
229
250
232
279
228
259
377
245
364
392
135
338
462
363
508
382
284
237
252
296
391
368
270
290
228
383
221
543
592
600
451
581
329
357
391
290
120
667
175
255
227
270
232
335
268
441
477
462
187
174
113
119
178
149
225
161
364
468
308
264
278
400
357
603
447
422
426
415
334
235
355
240
443
430
294
506
595
263
282
179
366
376
415
398
466
440
477
206
494
334
463
467
352
227
246
559
139
305
317
382
457
426
263
370
197
187
214
79
266
79
155
263
272
537
243
269
288
219
192
175
241
304
281
114
447
438
429
405
406
395
399
445
423
316
252
265
200
405
382
358
403
241
302
272
264
348
220
527
510
331
296
238
227
448
344
516
270
263
258
312
516
428
582
447
422
442
411
171
204
277
393
242
352
260
297
363
494
450
111
180
220
231
350
218
321
178
119
364
226
234
247
437
397
210
322
151
291
300
86
205
304
363
292
304
299
305
213
282
431
331
194
165
288
284
275
326
293
251
293
75
335
347
119
120
203
339
339
643
227
298
494
267
421
312
391
505
254
450
557
220
417
410
463
397
497
387
416
211
352
212
215
365
339
476
278
211
355
521
311
279
391
257
470
217
371
191
230
118
425
374
502
232
397
488
389
304
377
386
220
390
440
358
442
481
513
528
397
279
349
454
457
228
229
167
225
319
167
409
412
403
386
427
490
502
454
441
429
624
448
559
231
436
295
424
422
469
202
208
231
204
222
174
231
410
434
259
280
252
191
405
327
214
530
442
121
397
58
260
250
437
311
472
372
388
408
187
242
425
249
277
464
242
442
537
324
321
381
263
211
277
318
480
239
259
502
340
279
383
140
305
220
257
436
265
376
437
204
207
477
493
157
522
486
420
542
534
455
236
445
117
282
368
196
287
528
408
510
437
513
481
392
229
243
493
316
336
146
306
162
424
453
418
832
513
458
488
486
392
468
428
528
292
371
252
484
417
470
428
472
285
497
461
283
476
439
485
444
506
554
209
176
463
140
479
492
474
231
554
400
383
391
337
229
490
263
398
374
409
462
118
202
310
297
394
307
515
399
275
244
422
448
185
413
185
490
198
336
616
358
436
208
362
324
378
523
146
537
298
208
330
199
524
212
384
484
599
418
447
465
377
213
252
562
413
246
167
362
426
336
448
502
427
287
473
232
256
423
461
264
431
453
102
353
76
108
423
522
441
451
154
534
465
507
444
291
424
533
396
445
548
431
423
296
297
274
270
320
383
219
181
500
264
241
406
122
416
511
442
225
112
57
390
478
221
373
188
435
240
243
621
405
520
519
189
312
247
395
385
260
420
618
616
330
348
288
196
359
414
237
321
234
392
359
413
362
467
490
324
226
384
197
577
363
345
32
44
34
139
294
437
349
193
449
195
539
493
597
441
272
382
327
361
332
352
385
321
297
321
439
367
557
148
554
445
497
484
397
112
254
181
286
260
430
388
402
146
462
491
422
207
319
413
319
506
428
314
211
210
349
155
332
206
310
462
346
328
268
357
251
312
424
333
460
215
619
300
561
504
444
665
363
344
422
350
556
217
200
370
446
481
471
566
628
249
391
341
282
286
345
217
451
475
-1
334
347
419
236
402
212
468
323
234
365
340
343
215
447
497
411
447
450
457
331
153
171
125
289
508
304
208
296
210
286
322
227
452
432
416
357
277
407
268
275
186
189
267
218
204
206
406
345
381
423
177
387
477
414
407
438
168
165
345
396
399
173
390
169
208
340
441
430
118
294
143
285
343
186
222
540
479
329
165
189
168
175
264
413
297
519
224
220
409
281
407
464
468
341
350
350
426
386
268
308
352
323
157
169
358
259
260
376
175
332
404
402
428
415
333
184
410
221
240
439
493
399
452
414
424
298
310
378
361
337
452
437
278
190
194
388
231
361
416
375
330
220
183
178
177
232
328
307
238
233
212
407
160
305
345
187
160
522
435
602
246
285
473
379
440
180
627
339
432
270
282
223
397
256
478
570
221
364
293
353
259
285
382
421
217
505
431
229
262
340
460
113
462
512
400
256
238
318
425
400
318
249
338
297
181
188
172
182
454
475
414
304
333
450
396
443
185
400
428
459
341
317
387
281
180
305
211
266
349
308
459
207
423
368
268
159
240
317
302
426
443
113
212
421
495
273
184
371
234
265
253
392
197
525
453
354
241
347
279
269
285
216
363
325
367
239
146
260
325
164
392
423
187
168
113
299
302
486
327
335
278
360
263
429
395
404
185
406
174
423
297
360
505
188
224
438
155
334
244
410
379
358
252
340
358
413
380
379
245
221
338
320
245
335
217
394
172
425
300
308
206
203
210
300
418
337
305
342
482
340
176
192
229
208
126
277
472
260
380
329
378
282
204
415
192
310
347
308
298
297
225
325
330
245
251
286
137
173
174
239
232
172
326
264
116
221
352
213
163
218
434
424
178
174
199
110
448
187
303
296
189
292
204
282
218
37
184
225
272
274
177
315
246
301
232
326
183
426
295
236
383
185
169
215
349
279
191
462
353
165
152
389
238
183
202
149
351
422
443
189
355
343
446
351
302
208
325
143
356
264
280
264
241
250
337
201
196
335
212
220
286
240
154
477
168
311
321
331
191
192
365
106
366
403
413
210
337
267
432
422
306
387
307
324
329
213
332
179
352
229
45
340
249
164
337
365
277
258
422
308
313
323
207
300
179
341
283
218
297
285
227
156
169
175
173
499
214
180
183
363
9
7
310
194
214
284
230
371
216
150
255
407
285
357
173
246
225
252
382
308
363
384
178
320
113
223
267
300
202
182
425
283
287
310
270
401
285
187
399
242
467
189
255
180
308
176
318
189
300
351
289
192
237
184
416
294
210
155
170
338
276
174
281
237
214
185
165
246
254
257
121
136
245
206
213
263
226
201
167
149
184
110
333
198
296
195
345
165
165
148
95
268
216
287
255
128
285
190
99
143
122
115
213
180
256
162
214
206
238
203
244
248
150
204
175
167
71
117
143
378
264
220
209
223
226
243
106
237
88
434
156
214
290
176
251
158
216
166
257
195
127
209
195
417
89
213
120
265
197
224
112
129
160
257
88
227
106
185
264
264
288
168
186
187
176
261
134
184
160
69
282
57
110
159
129
109
193
240
174
217
186
289
277
215
170
185
68
199
218
198
228
183
346
213
155
176
199
111
237
166
181
181
292
138
141
238
134
133
226
132
116
145
105
153
58
115
144
92
96
169
67
158
154
144
80
192
131
115
127
139
139
82
105
66
115
108
156
80
60
147
148
65
91
93
133
59
101
303
139
