472
562
592
575
564
531
582
540
48
537
573
484
493
427
386
473
476
573
529
607
423
452
412
517
436
382
420
568
589
686
549
601
536
534
593
558
560
548
561
554
528
534
478
574
512
487
444
541
494
492
604
515
501
521
496
427
485
455
426
448
467
442
509
481
464
485
549
456
462
468
574
529
555
583
408
386
472
560
503
516
355
460
448
359
457
434
448
373
438
486
543
472
563
649
629
590
343
478
538
333
355
410
501
555
586
414
403
406
419
373
328
362
366
331
370
354
343
319
369
358
370
339
386
461
355
413
293
333
342
322
557
334
343
344
278
335
366
360
223
276
429
382
308
392
315
336
239
362
575
401
505
505
400
348
396
584
509
376
373
535
527
425
428
494
612
574
622
350
331
313
304
321
250
260
216
294
236
242
323
258
213
359
292
394
415
379
219
253
178
184
176
214
190
190
238
241
390
394
342
401
702
323
628
667
475
307
362
415
396
400
527
488
612
413
183
517
427
645
617
601
296
467
426
393
459
475
353
456
445
448
420
630
428
436
379
539
525
414
551
565
579
418
324
299
236
504
365
516
251
199
296
165
160
301
270
363
380
380
318
145
215
164
246
676
206
368
125
357
402
512
600
293
367
326
521
364
380
389
387
350
436
447
457
570
599
404
536
372
368
248
439
426
279
353
571
348
576
298
522
429
523
321
314
334
261
305
539
318
339
342
238
283
249
269
691
317
398
406
542
362
536
556
520
470
497
637
728
316
447
323
351
405
544
371
264
415
416
419
443
266
430
355
392
639
500
392
348
383
345
336
438
408
481
661
404
341
398
567
353
628
515
506
650
684
551
338
427
357
387
377
454
447
277
298
442
502
439
366
367
562
437
644
223
297
357
132
800
574
618
568
278
303
292
248
247
297
485
502
500
216
471
108
803
678
683
709
764
328
505
399
558
427
318
501
192
429
547
456
327
239
474
496
432
325
410
252
339
320
603
316
641
397
237
206
199
229
288
203
339
244
332
425
448
448
236
259
235
220
378
486
250
280
595
459
256
403
382
494
383
268
342
350
297
172
423
443
407
178
203
554
269
250
240
313
310
314
325
305
350
283
296
314
340
313
452
305
259
465
430
399
412
435
257
435
471
323
436
582
610
661
841
583
563
499
473
384
303
587
414
337
480
542
776
179
79
251
589
286
425
461
368
529
466
783
536
631
302
552
647
441
427
497
325
496
590
364
363
172
465
376
361
423
425
629
347
399
242
276
375
487
391
359
323
340
272
273
360
299
345
355
516
470
192
307
402
428
336
374
333
280
263
360
500
464
384
234
200
732
343
428
447
464
331
488
262
421
584
287
107
367
342
284
260
377
279
389
292
479
514
410
260
235
187
184
228
232
250
172
271
365
376
321
358
712
612
363
619
599
310
311
242
293
301
303
494
424
704
524
396
333
290
254
324
423
421
294
502
435
500
354
451
628
679
595
398
312
331
458
261
246
346
333
727
608
316
389
218
203
367
106
394
230
251
252
227
359
357
326
283
230
195
188
265
292
396
118
374
436
516
478
497
508
486
577
518
342
310
266
264
683
540
347
501
283
328
307
217
277
257
422
406
506
308
304
374
464
350
484
303
291
323
367
420
353
535
706
627
682
714
257
331
295
408
375
420
319
507
398
529
460
155
216
243
296
360
247
228
195
172
308
282
342
313
444
425
405
469
215
239
279
121
267
300
355
314
427
374
661
277
334
453
343
205
234
302
304
305
554
534
285
286
113
502
368
201
175
337
299
232
455
229
471
770
305
424
364
492
306
312
437
335
192
328
338
316
386
416
285
416
274
333
241
243
337
320
470
294
627
376
364
255
307
419
312
661
408
691
210
313
192
435
461
271
298
413
493
386
285
397
703
281
438
397
368
592
438
329
418
289
245
343
656
749
374
345
214
268
340
323
308
456
406
350
590
658
627
561
473
421
458
461
374
222
698
259
361
543
439
293
287
294
246
251
272
267
395
437
435
412
316
266
732
581
186
435
542
169
511
91
338
270
504
320
453
508
388
427
196
291
426
372
251
409
293
295
474
541
321
362
289
311
334
277
443
284
416
391
547
293
756
112
285
257
320
620
378
467
451
242
299
550
556
162
372
368
464
286
281
664
271
657
204
288
468
363
551
523
516
375
308
353
316
348
260
305
418
302
250
167
200
181
394
354
335
397
348
401
380
367
349
338
517
489
298
298
249
364
283
380
358
315
346
403
581
257
528
526
441
310
375
301
278
257
399
226
603
739
611
592
368
341
714
486
412
297
658
364
367
383
358
489
144
288
337
400
362
317
474
412
260
278
512
666
211
739
225
407
280
368
265
334
768
209
323
281
625
572
210
326
421
363
315
206
495
268
341
371
325
421
624
352
307
262
241
470
412
166
213
381
474
407
409
370
362
298
408
370
284
312
446
242
403
397
185
423
120
182
419
277
314
418
227
458
294
311
372
259
332
428
351
272
409
490
452
326
337
329
334
498
550
248
264
372
204
250
362
183
323
333
395
226
123
103
296
333
269
312
192
382
264
310
362
683
467
466
238
331
272
285
292
323
268
383
351
325
261
268
277
523
525
130
238
255
568
272
387
317
376
489
359
248
312
336
302
337
254
62
79
70
312
277
512
422
332
608
222
401
398
322
338
285
298
299
322
325
301
333
307
260
324
437
385
550
207
417
325
287
496
371
113
385
273
290
254
446
664
692
143
411
405
302
237
268
379
251
250
232
246
256
254
434
368
512
271
390
358
409
394
296
469
417
474
269
325
314
207
326
309
333
268
205
268
546
635
286
219
288
229
231
320
399
529
456
353
356
296
396
292
296
-1
682
370
370
368
286
300
387
451
211
509
203
540
424
258
220
360
401
229
223
286
478
470
492
299
314
162
176
132
300
321
243
240
203
418
258
319
247
228
293
326
441
217
280
272
279
200
197
246
222
236
234
407
293
220
504
318
325
265
306
330
348
236
196
227
223
222
220
554
223
233
327
426
341
179
333
200
260
685
158
251
309
324
287
195
206
203
221
364
567
509
306
625
447
469
230
348
305
295
534
582
394
373
403
297
307
323
313
215
214
323
214
298
219
248
334
378
413
403
379
282
199
436
211
249
304
348
303
265
311
255
297
245
376
297
600
332
313
262
215
249
288
261
238
275
526
605
278
293
285
279
230
386
276
243
228
299
321
210
272
696
194
205
388
320
259
248
300
293
244
280
233
349
522
408
270
324
138
515
584
402
267
235
234
340
361
162
253
203
343
219
404
423
175
569
261
325
225
289
233
408
222
252
419
447
251
223
194
695
406
191
190
183
192
322
328
297
200
601
366
307
311
251
382
304
350
345
318
454
210
190
238
225
267
303
318
374
383
422
502
328
201
230
228
351
410
363
204
255
337
316
222
246
286
209
234
186
484
217
284
190
315
203
204
238
252
312
330
495
393
332
432
371
264
214
259
278
219
152
243
132
342
324
318
200
308
249
401
490
508
375
375
228
303
215
269
495
301
265
225
305
299
204
200
348
612
290
179
372
350
263
272
252
320
312
237
251
472
412
462
220
391
151
408
256
536
334
367
346
228
302
261
353
247
218
241
336
239
247
217
145
260
357
203
240
243
264
271
291
265
237
408
230
256
201
264
260
335
308
274
269
204
170
193
177
327
221
228
243
261
136
199
482
195
184
228
245
179
230
240
264
188
218
174
311
365
202
254
209
253
231
55
167
258
212
243
233
267
230
243
334
304
164
337
259
250
312
192
180
239
378
294
356
369
321
258
311
239
181
189
175
82
384
219
203
194
365
224
245
227
345
315
273
162
232
389
286
239
218
246
351
289
208
248
237
264
379
332
254
263
164
290
497
525
159
197
217
157
304
366
348
190
250
223
419
269
220
396
201
262
249
257
291
165
252
325
36
407
211
230
262
178
408
255
250
222
242
187
299
367
239
288
409
198
444
239
206
162
185
154
229
312
193
194
182
270
15
42
272
277
247
199
215
419
277
168
228
194
163
326
196
321
188
223
242
236
263
334
344
289
170
166
222
297
196
216
294
466
314
297
233
270
252
218
268
191
333
385
420
252
229
144
165
226
281
226
387
158
208
273
226
351
184
168
172
283
203
209
245
279
185
340
116
276
290
324
162
154
208
268
192
202
221
308
185
190
210
121
235
163
237
184
331
200
199
181
156
212
201
207
230
41
287
199
134
177
147
135
209
203
164
155
219
159
303
341
185
224
144
145
153
177
121
153
241
339
155
146
145
215
446
242
92
145
91
239
186
295
253
149
264
206
191
178
234
201
119
204
244
247
99
177
166
309
230
169
137
131
297
165
94
134
120
231
245
245
282
198
147
172
192
174
138
170
159
68
246
75
88
171
129
94
199
358
187
200
185
269
253
198
172
167
71
195
209
180
215
111
240
202
169
168
159
160
219
109
196
197
218
114
94
204
111
109
339
147
131
166
94
168
69
121
136
90
114
169
82
107
145
165
77
284
165
123
98
126
209
84
144
75
113
94
112
67
63
105
155
110
86
86
105
64
114
441
164
