294
368
396
369
367
347
442
358
47
383
371
349
311
266
300
351
353
384
339
420
324
326
276
253
226
247
299
375
372
447
407
404
411
394
449
492
497
499
520
446
456
475
425
500
476
408
371
435
338
429
530
472
479
429
477
376
447
435
405
428
451
379
448
390
431
429
466
404
446
406
487
399
429
476
286
222
472
513
408
437
289
406
436
270
421
477
314
262
420
351
501
436
461
441
407
358
218
361
471
200
236
362
373
423
450
363
334
358
343
339
244
313
299
302
299
305
287
239
285
314
286
293
251
397
209
317
157
321
322
275
442
304
293
310
187
298
319
323
204
170
364
361
212
334
232
276
168
302
432
382
353
398
365
277
297
468
495
284
333
407
433
369
370
349
380
425
451
306
305
266
260
266
171
199
183
255
195
192
319
205
138
311
222
364
329
163
158
227
160
115
144
173
147
155
127
164
306
309
189
277
396
285
406
391
327
169
317
353
383
358
436
432
327
312
99
403
290
489
462
451
254
413
364
363
407
384
319
412
381
414
197
420
332
317
343
519
433
369
524
491
423
423
329
206
177
503
366
277
119
85
126
58
84
126
174
306
278
340
256
78
127
78
237
441
167
346
57
325
279
413
495
245
284
174
533
317
322
344
330
320
367
405
393
488
495
408
321
314
342
192
389
376
191
302
429
297
392
175
435
405
395
286
288
282
215
275
442
195
211
247
178
167
170
182
465
168
420
351
395
245
396
457
384
459
461
464
367
272
255
265
293
350
385
336
158
296
366
450
393
133
403
310
388
466
371
365
171
317
258
212
361
317
443
458
316
284
370
314
301
423
359
369
387
433
414
204
459
379
313
311
405
489
233
249
439
375
357
314
343
462
415
361
171
279
334
61
494
361
505
530
256
270
249
194
196
267
332
268
266
167
526
46
494
329
330
429
465
289
427
269
402
451
306
434
127
378
407
395
284
214
420
367
354
316
394
165
309
279
519
346
509
348
210
188
190
208
255
110
246
207
274
385
466
478
211
230
210
194
341
424
211
141
460
269
230
280
286
460
371
188
300
307
215
84
383
354
390
109
162
330
271
158
173
282
296
276
272
270
310
271
285
292
324
206
257
242
186
365
302
391
350
418
155
329
291
253
324
410
413
489
500
397
435
431
435
274
262
372
325
279
430
436
541
68
79
102
383
258
385
282
281
457
304
339
486
475
273
404
412
439
425
374
246
430
473
333
291
97
455
296
301
362
327
469
347
355
196
245
282
457
430
279
271
279
247
286
239
272
285
327
488
478
112
297
357
416
296
394
282
240
244
316
398
367
332
140
110
382
271
361
360
376
292
341
209
337
437
216
131
382
159
239
205
307
259
354
330
341
348
419
186
191
106
91
198
143
235
170
228
404
334
283
253
476
429
381
479
463
276
280
210
219
243
232
439
491
300
331
509
238
276
172
302
433
422
299
443
488
528
259
515
387
571
597
357
253
289
575
119
165
338
253
493
470
298
360
204
171
227
75
274
62
181
183
330
363
312
272
237
189
162
164
254
280
274
108
356
381
478
463
469
442
449
459
420
297
266
261
240
549
398
354
438
243
343
266
190
212
238
527
529
251
319
279
273
470
353
425
315
302
267
308
485
294
411
479
450
480
426
205
257
330
414
302
304
296
297
305
375
446
103
152
212
206
338
215
220
142
88
340
246
320
288
494
456
245
333
178
197
221
96
171
284
385
326
334
278
327
229
184
465
247
188
178
314
303
219
344
326
292
215
71
372
348
121
132
279
360
240
402
174
388
551
275
457
409
437
296
308
443
390
242
393
391
278
394
452
300
385
184
330
192
133
368
360
396
303
226
362
396
216
308
345
306
444
228
420
186
224
115
388
328
266
274
428
508
398
296
495
460
306
421
349
431
445
401
436
316
316
194
300
589
453
257
264
163
235
387
194
264
299
294
282
411
567
569
528
590
416
643
556
413
207
470
170
426
364
405
174
152
170
141
176
152
143
355
523
372
355
255
214
343
369
177
373
565
81
454
35
384
262
392
399
394
535
338
324
214
251
384
293
320
430
257
258
322
400
339
394
248
266
282
232
394
228
276
501
306
273
474
105
310
217
261
477
278
441
359
228
234
514
525
135
480
473
382
343
355
592
264
421
112
412
366
227
259
576
415
445
388
390
315
421
284
256
338
327
212
140
183
124
500
484
396
573
436
390
377
339
334
373
375
372
247
277
251
447
341
438
451
299
256
690
463
226
606
515
538
293
426
396
254
263
547
123
424
471
558
298
569
283
406
459
337
253
535
343
276
367
362
350
104
157
275
316
283
282
324
409
367
273
384
558
161
433
200
386
210
240
381
325
485
241
285
248
399
469
144
400
260
272
367
195
618
257
447
448
398
504
360
306
266
241
260
638
414
170
170
394
565
392
482
507
352
200
346
355
218
492
418
212
549
538
78
424
65
107
423
394
336
404
85
732
314
419
555
315
454
581
388
242
656
360
551
346
313
304
319
293
436
161
162
490
162
227
355
122
409
495
380
196
83
34
281
347
165
365
192
561
316
341
457
464
524
524
183
320
259
382
268
357
244
667
511
322
245
256
249
474
512
175
313
235
449
222
470
350
470
343
461
300
409
255
434
469
261
10
23
26
80
347
460
398
212
534
158
385
344
384
325
238
339
301
350
343
340
332
310
255
322
408
324
345
178
683
530
363
386
405
95
321
217
361
308
558
415
402
125
560
581
484
249
415
502
222
367
273
349
236
235
305
217
389
235
277
501
413
391
310
456
272
428
393
423
301
222
344
443
419
340
287
404
408
313
447
245
381
182
226
395
316
371
365
524
650
271
393
349
363
348
417
253
483
463
438
209
338
407
234
465
239
375
383
297
294
329
319
303
280
369
403
482
463
468
278
97
155
135
234
437
347
173
322
253
224
281
259
285
283
450
420
148
329
284
213
206
181
336
258
256
256
356
305
238
377
246
371
352
400
389
-1
220
199
281
285
289
127
353
159
215
268
390
390
75
261
109
286
466
171
282
394
415
265
206
220
210
211
319
441
296
322
317
279
434
340
364
571
448
403
400
423
441
440
238
351
352
380
189
193
442
263
354
291
172
292
280
292
448
405
279
183
399
148
325
456
488
418
415
446
365
336
397
371
421
390
437
275
331
115
165
421
265
342
488
262
330
261
279
258
245
297
347
361
306
293
279
460
199
358
390
122
119
415
370
353
308
424
378
321
318
265
359
331
333
239
312
159
368
298
319
368
228
307
410
370
154
181
392
489
124
362
330
200
346
320
313
166
388
337
479
361
297
405
439
326
227
211
327
373
196
184
102
94
445
470
351
278
400
314
355
308
185
464
411
424
342
307
437
176
226
505
307
364
436
298
451
240
456
370
286
141
218
374
281
272
467
161
326
304
352
275
288
361
160
180
322
467
193
424
269
369
235
348
294
299
303
265
433
445
246
234
195
199
246
150
244
290
156
154
103
281
282
376
207
285
339
338
390
466
310
491
185
357
147
270
277
276
306
280
235
629
161
186
285
511
360
252
302
314
225
574
383
407
203
192
413
338
246
407
336
442
86
390
347
311
310
327
318
320
393
308
361
320
288
435
232
233
261
216
141
221
352
283
274
344
411
393
193
311
183
340
276
359
286
335
333
374
385
274
301
290
115
151
178
345
181
225
233
206
114
272
370
303
250
297
401
267
230
221
267
118
335
248
391
387
202
305
147
352
232
27
135
160
251
342
251
334
191
282
265
300
148
532
253
233
344
260
220
283
452
336
232
368
293
148
236
277
159
202
231
146
365
339
319
330
408
239
377
355
356
236
270
105
347
261
243
337
184
234
383
243
135
339
253
271
327
286
250
346
159
348
336
335
176
186
339
110
452
402
322
219
347
222
505
330
223
403
240
356
248
293
393
227
288
246
51
380
244
191
310
254
368
348
292
315
300
219
271
323
140
389
244
232
343
251
268
211
136
184
150
405
290
249
195
434
3
2
211
197
254
294
200
337
184
169
230
273
190
286
221
247
245
244
382
213
383
378
248
258
97
247
284
341
247
193
357
253
225
403
215
316
306
197
425
292
299
215
284
259
198
119
221
280
348
410
335
140
252
174
300
363
201
144
211
336
231
236
345
229
277
149
127
248
219
246
145
138
295
299
242
188
199
193
162
118
262
74
225
294
238
247
357
152
153
140
86
209
248
312
289
99
332
245
73
179
182
83
173
278
189
135
251
254
219
177
284
243
103
145
114
151
50
175
163
356
202
200
141
201
235
250
88
231
67
261
194
226
221
205
246
173
214
214
203
209
110
213
194
247
63
228
115
298
261
199
78
189
156
213
92
148
139
159
232
233
305
142
143
222
159
184
183
174
173
71
311
39
83
178
152
75
225
298
205
248
207
210
283
183
175
164
77
198
219
185
225
129
252
211
124
165
259
125
225
140
207
205
231
151
115
250
118
117
278
138
129
177
73
144
65
110
131
101
132
201
62
116
179
156
85
215
166
116
117
139
202
103
119
55
128
107
152
64
62
134
157
55
81
83
87
59
79
285
163
