1619
1535
1279
1229
1083
849
1475
1256
188
1285
1306
1195
1281
1346
1113
1130
1060
990
954
1176
1111
1087
1134
1508
1361
1109
1138
1114
1211
1264
1171
1270
1387
1531
1568
1501
1430
1243
1398
1351
1264
1157
1273
1198
1117
1257
1260
1234
1508
1187
1329
1234
1233
1159
1126
1237
1069
1001
1343
1064
1061
1065
1116
1301
1027
1085
1078
1034
1056
1060
1454
1402
1368
1451
1242
1694
1159
1135
1481
1293
847
1073
909
1060
956
820
1272
1360
910
1348
1170
1098
1210
1317
1216
1362
1106
1136
1093
1104
1206
1064
1218
1259
1103
888
891
834
878
933
1018
838
1018
739
787
885
710
1216
935
764
816
594
1200
1030
1243
965
1276
637
1161
782
1212
738
749
743
668
634
700
747
1045
903
1047
1022
593
710
686
740
416
649
1362
850
1124
1120
922
634
1026
1222
954
779
718
1278
1045
828
835
1126
1138
1128
1274
626
586
724
703
630
549
519
646
523
671
665
607
634
391
767
998
873
1091
1234
549
466
492
439
469
467
537
635
1024
742
978
978
653
934
1357
608
1138
1155
938
917
807
906
886
966
1136
1083
1317
1025
964
1059
985
1217
1260
1288
591
1000
866
891
820
943
896
899
974
844
-1
1520
1071
1032
770
1027
983
734
1042
974
1121
844
895
1186
1027
964
772
1108
1085
923
1142
859
664
1193
752
924
906
754
704
401
769
684
521
1072
874
575
551
862
828
1134
1000
540
846
1213
905
837
824
739
687
939
825
887
903
867
792
761
981
689
642
994
1202
1114
870
881
1141
940
1030
1031
1023
821
1055
653
649
656
646
619
1031
1143
1027
935
966
885
893
1043
1009
984
890
721
1189
894
1053
966
1138
831
796
1026
1132
905
1120
618
747
969
1068
848
704
840
772
787
882
646
823
768
1039
932
957
859
1293
1036
1051
922
913
1067
976
1009
892
1094
741
1129
718
994
910
954
1143
970
955
1149
710
975
710
715
792
815
637
558
745
904
794
949
817
832
981
1055
841
835
739
570
962
903
947
867
875
852
614
631
567
496
854
767
766
853
763
414
1136
951
939
988
953
744
841
550
965
915
887
780
725
780
892
786
1057
428
805
923
872
785
844
1022
696
616
665
806
842
604
584
554
390
447
629
622
977
662
617
743
726
693
472
487
444
419
789
802
484
1025
874
865
523
810
635
749
796
961
869
825
874
610
626
954
750
529
519
1053
835
697
815
624
687
679
656
536
746
629
695
690
694
1182
876
806
962
770
822
661
746
831
644
894
1094
823
803
889
922
822
874
858
880
817
840
761
634
918
716
730
807
669
795
539
320
999
999
571
663
1121
871
825
1050
796
951
746
527
985
1078
804
803
861
712
768
658
670
628
467
691
812
594
698
574
826
643
657
809
588
702
689
630
728
641
627
685
559
723
603
634
667
659
655
481
612
697
728
634
605
712
682
537
563
882
748
743
562
465
733
545
540
552
535
670
726
647
827
900
771
91
518
1259
566
561
583
557
637
788
817
700
597
798
675
543
630
643
474
514
269
665
525
519
646
697
725
847
495
559
512
580
477
520
801
567
518
683
631
914
617
490
774
534
717
572
803
616
561
647
649
705
608
511
519
618
516
567
493
537
529
915
520
624
542
667
674
499
859
415
352
727
244
821
777
578
561
93
571
556
448
423
622
563
489
461
482
572
314
579
642
702
646
659
669
650
746
746
616
495
414
514
541
636
606
604
576
471
596
500
493
504
516
500
737
465
544
578
605
531
822
460
364
672
469
530
617
580
664
645
664
624
625
522
389
472
630
798
439
1041
806
721
570
601
605
494
594
574
441
425
611
565
440
434
514
485
506
563
815
1187
338
525
549
720
742
402
457
427
468
515
862
512
800
521
518
374
781
582
490
570
826
750
373
564
509
730
505
601
434
442
414
372
578
620
547
545
426
519
415
748
523
395
512
375
656
322
348
589
482
484
372
486
936
401
484
746
387
382
665
443
592
610
461
367
569
487
419
480
315
709
402
519
662
575
853
404
471
527
588
472
459
455
536
514
569
667
421
827
587
419
734
428
450
456
607
543
449
394
481
448
410
480
628
736
648
565
646
524
506
588
512
533
470
496
405
672
526
547
355
560
578
634
540
616
527
403
664
436
637
497
421
456
619
246
684
665
589
646
456
296
629
476
298
366
594
355
739
405
375
393
433
410
552
447
298
421
421
472
541
577
327
438
393
399
595
502
545
489
444
480
676
433
471
563
399
489
581
687
406
659
482
461
550
475
484
491
373
366
465
403
307
456
470
489
692
305
643
396
644
525
786
429
365
420
403
366
312
377
368
393
474
466
443
503
460
370
295
340
366
520
464
455
562
418
883
487
501
430
360
426
331
389
372
369
851
344
658
464
504
567
395
421
427
271
365
367
360
774
382
417
415
769
304
570
635
606
390
506
491
409
689
612
434
501
456
684
306
465
625
515
404
422
277
525
536
408
339
561
476
468
524
814
294
482
452
285
559
355
703
557
340
361
822
483
378
371
474
585
317
358
318
367
542
386
579
415
360
329
548
448
398
435
340
535
426
324
518
415
475
236
714
297
634
358
317
350
578
316
294
545
469
234
365
573
645
371
370
326
270
285
310
354
405
326
294
539
490
401
399
363
326
717
395
379
345
326
471
345
392
400
345
253
584
370
448
384
355
500
421
261
296
302
242
333
292
533
340
344
517
575
353
240
466
324
434
261
256
594
461
388
420
457
379
236
292
294
367
280
339
289
345
413
292
205
323
448
290
330
388
356
345
298
970
227
386
309
382
432
289
486
561
303
500
482
363
338
419
385
415
419
431
340
554
477
567
363
452
281
200
265
356
377
243
438
480
295
218
336
453
476
513
356
303
205
251
188
299
415
242
237
381
517
519
228
383
509
431
449
357
445
402
419
439
747
525
184
292
293
259
336
187
345
252
148
208
413
419
215
222
296
368
316
314
268
440
559
243
272
353
445
322
308
420
395
442
358
301
225
396
573
368
319
406
191
365
528
246
277
263
259
235
258
289
373
364
346
264
502
353
244
123
448
281
232
574
166
348
554
486
275
246
365
250
401
492
295
356
364
268
309
266
236
260
238
305
304
262
709
258
360
273
301
265
197
258
270
296
224
225
362
532
505
285
300
360
355
359
350
386
315
324
549
243
288
299
507
281
288
259
312
420
469
618
320
275
265
444
185
390
224
194
342
363
413
359
336
687
237
257
260
303
286
294
387
250
259
339
491
335
463
391
361
279
363
520
329
281
302
346
324
227
274
268
229
217
460
267
620
355
394
259
552
353
212
286
235
231
316
282
265
186
183
224
242
490
217
227
225
292
342
370
186
501
324
332
315
295
201
253
253
264
214
238
233
296
501
440
321
442
271
335
341
399
193
231
199
333
404
417
430
100
309
517
331
497
333
413
259
411
109
248
209
432
190
234
279
432
206
283
217
313
390
214
280
364
342
216
290
226
160
415
352
292
413
477
243
207
248
183
179
452
340
178
140
199
222
271
314
361
533
515
360
478
436
326
175
493
305
312
252
192
423
337
174
170
284
320
344
184
370
303
264
184
268
301
187
257
203
238
219
453
409
293
422
151
457
226
407
345
266
247
355
153
426
438
285
310
411
171
500
313
486
396
243
349
278
292
219
453
303
203
208
280
187
378
273
233
324
253
222
432
561
298
187
226
312
486
326
211
327
218
356
155
359
249
419
225
320
252
242
286
178
302
254
388
157
208
170
241
229
198
267
230
154
322
154
286
242
229
342
291
236
589
438
203
228
130
241
215
270
264
221
187
190
284
333
223
272
424
304
309
445
338
210
444
172
167
192
191
171
171
199
233
425
154
151
239
316
176
241
291
256
263
271
256
434
211
216
242
250
391
235
216
441
239
304
303
235
271
152
165
403
231
242
239
223
378
786
44
249
298
207
165
315
371
190
138
155
226
237
142
226
192
498
263
252
187
164
442
201
254
252
376
229
437
235
232
252
335
291
232
195
200
203
365
403
187
239
172
275
305
349
260
277
221
230
316
244
292
337
177
236
242
174
245
152
311
232
240
402
212
318
255
133
372
219
255
146
269
191
310
318
354
243
224
156
264
200
153
214
336
146
287
301
172
176
167
186
124
153
433
365
211
285
213
360
87
217
217
131
136
405
196
147
133
245
189
186
183
255
245
195
258
149
183
305
160
270
348
383
245
286
163
193
235
236
194
153
343
232
289
262
288
199
130
199
217
173
355
154
235
288
246
257
235
322
224
310
214
184
218
250
176
557
136
277
322
342
128
223
191
199
220
164
250
184
241
237
146
124
227
135
212
155
280
331
330
231
308
154
182
172
165
60
245
192
170
157
118
196
270
169
146
199
157
108
284
366
151
264
203
169
244
234
339
94
174
325
138
136
167
170
369
165
134
106
272
219
177
194
287
120
195
343
251
148
198
249
77
249
248
294
101
123
168
339
215
130
173
120
167
119
95
96
144
227
182
179
262
276
173
162
157
116
113
181
154
249
207
105
84
156
111
104
188
266
152
167
150
250
229
244
163
179
242
140
155
126
171
100
204
144
204
115
108
150
157
104
168
168
196
82
64
172
138
138
233
97
135
147
81
179
75
81
117
57
97
136
147
87
111
128
50
213
120
99
79
113
149
67
117
47
77
67
54
59
54
69
111
123
64
65
106
55
67
1127
184
