288
356
385
374
378
345
418
389
54
395
370
331
293
255
298
302
326
361
347
410
280
345
248
290
250
238
359
369
413
407
382
381
348
397
432
399
420
384
402
394
374
390
405
415
446
426
387
435
284
440
437
377
366
370
358
338
376
371
350
375
381
413
387
297
367
362
406
367
369
382
435
472
441
426
308
233
373
412
335
417
217
352
343
246
353
359
241
209
363
315
401
370
394
450
422
340
205
350
396
187
210
307
396
457
411
297
299
322
297
284
265
255
259
254
261
267
286
208
250
283
246
254
247
377
233
368
171
245
273
245
388
243
244
253
159
315
341
321
198
166
296
306
198
320
231
266
146
273
402
392
447
504
393
307
362
426
361
265
269
384
446
290
287
323
409
412
435
255
250
216
206
215
147
150
157
201
148
157
224
176
120
277
244
412
415
184
131
212
117
116
115
149
123
125
124
152
276
275
172
354
414
231
423
406
393
186
264
360
320
297
428
385
313
394
105
389
365
418
484
411
208
371
347
320
369
364
283
458
292
347
223
377
353
405
366
435
390
315
408
406
417
335
275
183
177
452
263
339
131
97
170
92
94
152
150
238
317
285
260
78
111
78
169
476
156
273
50
301
300
331
425
212
233
185
432
371
384
400
389
345
336
382
360
412
449
353
349
283
365
205
336
353
190
297
426
265
400
306
500
347
397
240
231
247
200
239
453
231
194
242
210
185
190
203
433
195
351
390
388
344
402
460
401
379
359
460
346
237
350
290
311
316
391
291
148
262
326
363
302
131
332
348
355
407
483
306
216
259
234
259
346
275
383
426
345
245
320
331
320
435
434
395
391
429
427
208
336
317
360
362
327
376
194
215
358
447
454
338
329
374
333
448
194
261
333
66
432
389
396
414
259
275
261
211
212
270
381
246
246
160
432
48
474
338
361
455
471
254
350
213
444
351
274
446
149
372
450
384
270
202
472
360
394
275
293
196
345
282
409
267
411
304
191
168
140
184
210
113
232
175
274
403
388
358
168
187
163
177
265
345
199
190
378
241
186
318
290
382
322
193
267
286
261
82
296
366
333
105
113
327
224
149
149
230
225
222
215
211
239
226
244
304
257
234
251
287
189
427
329
394
358
334
172
400
317
284
361
423
408
426
481
413
398
356
360
311
218
354
269
238
380
480
503
79
53
156
415
233
341
280
290
367
328
368
415
403
238
418
360
375
344
435
214
382
407
382
353
107
410
282
284
380
376
519
371
301
216
277
359
375
342
254
238
240
217
250
197
252
311
238
347
328
110
287
401
352
345
312
249
224
228
286
346
318
265
178
142
425
217
424
436
467
305
472
252
272
396
208
74
459
175
206
206
254
233
289
257
400
393
342
163
168
112
103
173
139
204
122
295
344
292
260
218
435
335
359
437
425
346
324
251
215
281
190
356
355
299
476
392
265
226
149
301
317
368
278
382
355
420
232
401
349
454
480
297
234
241
413
130
202
281
282
452
421
226
310
171
165
207
65
228
91
132
216
145
360
241
258
259
182
153
157
202
263
266
84
312
346
380
380
377
362
378
416
412
293
230
232
201
419
353
292
354
226
295
261
197
268
175
393
382
298
253
226
216
346
287
442
222
233
227
282
371
391
543
456
444
442
442
182
211
260
308
242
322
246
318
294
439
391
97
152
208
219
270
200
233
163
88
274
203
238
258
366
330
202
312
129
233
238
75
170
256
312
230
295
291
294
212
259
351
261
176
150
265
250
258
344
313
224
239
66
359
296
116
124
231
276
254
537
190
297
528
249
380
254
353
384
236
347
397
194
342
344
311
318
366
279
269
173
317
178
148
279
282
423
226
243
339
374
335
253
343
222
517
204
383
153
208
108
375
325
320
230
342
388
337
270
298
447
191
318
357
323
443
395
392
412
328
222
291
560
491
231
228
145
208
285
172
312
377
331
315
403
558
546
424
340
368
416
356
384
205
417
187
338
388
425
171
186
193
176
210
159
181
352
360
267
262
207
145
410
347
170
485
415
74
355
49
231
212
398
250
432
367
381
364
160
214
366
263
237
447
210
332
442
386
278
292
234
212
249
258
372
227
263
370
339
207
447
103
259
195
208
401
247
334
346
192
200
481
494
160
413
376
334
341
339
556
227
458
107
265
300
180
278
461
380
393
336
343
301
299
205
219
451
254
240
134
222
136
383
362
331
504
375
361
370
360
290
367
385
473
246
280
211
340
311
331
323
336
219
394
423
226
487
394
480
293
398
384
220
194
367
134
495
590
505
267
411
265
392
369
235
207
577
256
271
301
291
395
126
179
278
269
354
257
472
341
255
214
384
573
144
435
171
395
184
297
363
270
513
188
252
230
372
429
145
341
340
214
270
179
462
207
322
379
475
344
424
332
320
209
229
454
327
190
162
312
425
304
382
392
286
215
376
245
233
303
428
195
362
384
97
344
64
93
408
317
319
365
129
407
320
358
345
237
350
428
346
327
424
416
385
267
271
266
255
311
431
187
170
389
189
212
332
92
338
423
335
198
91
55
302
347
172
311
161
320
215
217
415
451
570
570
186
261
216
347
230
254
267
420
442
291
250
235
211
391
444
166
269
214
415
230
343
234
351
505
322
221
320
205
367
318
236
25
34
26
132
233
411
355
176
511
173
417
434
428
326
212
323
263
314
306
301
324
317
258
296
393
303
592
159
453
341
337
524
329
76
236
181
266
226
366
428
408
110
358
439
333
180
280
358
272
292
285
224
193
191
425
181
354
198
328
348
303
289
256
349
260
326
327
265
374
171
404
335
397
307
269
413
349
338
323
240
385
188
169
311
451
473
412
381
420
247
336
305
240
369
388
213
350
456
462
230
319
369
199
487
241
473
296
203
263
377
343
198
315
346
416
526
504
351
272
113
171
136
236
353
291
157
231
229
234
284
275
289
385
346
424
189
266
230
195
182
176
239
196
181
198
358
282
243
389
205
311
324
288
395
368
176
167
256
258
260
144
344
163
192
329
413
387
107
274
110
227
463
166
212
391
383
268
167
155
154
150
237
445
276
318
293
271
414
250
303
361
374
363
385
331
425
442
244
286
352
325
147
159
328
228
266
263
169
267
350
356
430
382
207
172
371
162
248
391
408
345
284
355
318
207
246
327
309
387
354
325
261
139
178
333
214
282
298
371
355
234
223
212
190
197
305
240
217
223
225
355
164
303
374
157
148
504
482
412
226
330
336
290
290
178
497
335
397
215
265
147
384
299
449
446
201
266
265
300
196
226
263
382
160
441
343
175
319
263
339
125
345
351
361
207
189
390
450
299
249
232
408
346
148
163
118
116
336
359
409
258
391
387
336
318
182
421
360
426
399
373
414
189
178
254
197
273
311
250
375
218
366
346
253
140
196
257
266
421
380
122
206
325
440
184
195
313
133
206
217
473
184
404
311
261
195
236
269
234
230
235
374
351
340
224
162
219
245
146
317
286
164
170
125
281
280
481
231
291
276
345
332
479
299
414
190
353
164
323
306
285
422
183
196
359
154
211
277
517
344
220
268
294
240
328
254
340
198
195
281
337
276
328
209
371
126
367
264
350
254
256
244
251
290
259
262
259
267
265
197
189
184
169
126
266
390
242
240
258
310
279
178
407
172
355
239
266
243
322
243
354
350
212
268
243
150
171
225
256
184
188
209
231
93
183
356
189
185
208
322
231
207
184
216
126
364
179
252
344
219
235
150
250
204
28
155
200
232
246
179
252
212
259
269
260
167
335
241
261
344
189
153
233
426
317
223
-1
291
171
158
257
213
188
179
120
350
288
282
187
408
282
335
259
313
194
321
129
268
297
246
293
161
242
312
216
166
279
207
230
316
273
186
352
171
366
374
372
154
154
257
100
292
366
401
204
307
261
442
392
247
382
241
256
209
229
267
164
275
229
54
295
242
179
270
238
255
280
349
289
279
254
207
319
149
309
265
204
355
198
230
156
141
179
159
369
217
185
174
309
10
20
250
161
182
278
173
386
188
161
175
271
194
287
179
276
204
193
273
271
317
300
209
308
112
187
243
268
191
133
294
266
278
304
275
408
261
248
318
203
396
223
270
204
226
125
207
203
255
284
347
203
200
160
297
297
183
158
175
272
185
187
280
229
213
183
118
232
194
279
113
141
198
255
210
243
183
202
164
142
164
105
270
178
221
172
298
188
189
136
112
226
214
242
226
98
274
191
77
133
144
109
232
151
235
151
239
191
193
197
222
228
139
161
151
157
73
144
149
332
178
212
158
275
252
300
109
221
73
299
177
255
284
155
286
157
225
171
239
190
103
201
182
308
82
186
121
287
204
178
100
133
150
202
99
137
123
200
222
221
264
168
150
212
173
278
152
186
176
68
244
38
87
147
130
97
254
284
175
257
184
291
281
244
195
209
81
223
230
207
243
164
289
234
146
200
202
127
236
141
190
187
313
135
124
232
131
132
270
129
104
166
113
155
65
141
151
71
93
168
62
130
163
197
73
242
183
118
122
144
218
84
122
71
120
105
142
107
58
124
167
73
89
90
104
58
114
272
163
