331
416
438
427
449
428
443
449
68
454
395
381
333
304
345
358
371
402
373
463
341
408
310
349
277
279
443
418
474
455
459
436
442
495
516
505
556
494
511
468
488
508
463
529
569
521
486
593
346
589
572
491
501
507
470
483
500
523
454
473
507
562
461
417
481
465
503
493
468
479
550
654
547
566
419
277
511
545
379
478
279
447
437
362
495
531
356
233
475
405
522
519
439
486
542
394
264
477
501
252
283
400
507
526
475
402
354
381
387
340
294
301
329
278
305
335
388
247
325
349
356
307
342
459
305
563
196
322
348
286
490
275
305
310
200
381
440
457
259
220
394
371
303
427
304
326
166
353
500
633
550
650
555
462
497
505
478
377
386
435
556
376
403
364
482
527
508
318
312
255
259
279
156
229
166
255
195
200
301
209
128
356
277
595
543
215
162
253
150
129
138
177
145
153
157
178
341
338
219
445
510
302
449
451
464
256
361
404
427
422
536
491
356
470
152
500
410
474
568
483
248
500
451
436
507
493
357
631
400
463
303
473
426
478
484
612
511
388
491
494
540
457
358
263
237
564
332
436
219
160
222
155
124
210
189
288
370
392
329
92
158
139
176
572
219
346
93
370
482
423
550
242
273
209
556
494
517
527
532
565
467
533
485
515
511
443
388
347
500
275
369
468
278
404
514
310
467
378
612
471
507
305
307
306
229
288
531
284
243
280
251
213
218
264
500
226
503
499
485
419
486
595
542
517
493
506
392
288
438
423
520
493
525
452
193
343
499
533
402
136
429
586
548
469
612
379
228
319
255
319
429
336
570
502
485
343
433
357
434
468
558
430
486
489
535
254
481
408
483
472
437
502
266
278
484
579
609
474
397
478
464
591
257
297
554
107
485
456
473
497
362
377
371
305
302
356
472
276
276
216
635
58
535
447
464
583
532
386
487
257
494
516
344
587
232
485
574
520
321
268
597
443
562
333
369
232
567
470
456
337
520
371
211
188
166
221
266
181
258
208
350
509
462
461
211
233
214
200
318
405
233
288
410
282
234
383
331
483
367
268
377
388
399
142
434
438
393
121
129
403
237
173
179
286
271
264
247
266
292
246
272
433
335
288
315
411
258
539
368
541
565
408
217
576
428
410
416
528
496
469
542
538
535
430
425
438
256
437
351
293
500
629
578
123
70
234
509
260
476
307
398
488
350
411
488
468
291
496
430
567
516
637
334
521
441
540
467
124
532
322
295
578
594
601
490
366
223
351
444
541
442
282
266
275
214
289
242
267
418
261
422
433
116
365
525
389
514
383
292
239
257
317
465
435
283
325
268
482
261
591
593
599
546
640
331
357
473
300
81
646
227
258
237
304
256
380
268
531
558
440
189
203
136
139
227
172
217
149
533
488
359
280
293
483
388
575
482
460
430
468
391
263
393
287
479
440
345
563
579
340
272
255
361
428
476
381
502
472
529
228
491
382
535
513
384
246
273
495
169
336
321
405
525
499
275
389
210
214
233
52
293
102
167
275
230
510
252
306
307
212
192
208
278
302
350
100
461
518
481
447
458
445
451
470
466
358
263
253
218
453
441
360
465
252
293
303
304
369
220
478
450
347
302
253
235
416
349
582
265
268
268
347
478
523
675
545
488
525
468
202
243
288
381
258
407
281
357
459
590
482
117
211
256
278
371
242
303
236
124
448
250
249
264
452
385
254
357
150
364
314
101
260
307
339
262
328
337
355
222
316
438
329
211
185
317
376
308
381
362
236
334
88
340
353
122
148
236
327
335
696
233
320
615
256
436
293
435
523
272
488
542
249
421
439
465
390
504
337
382
226
430
210
258
375
330
543
265
288
361
501
371
347
424
263
562
214
417
180
221
124
509
423
428
239
433
529
439
331
399
412
197
439
491
402
513
557
561
647
463
294
347
556
559
269
253
169
214
333
176
393
480
452
445
531
568
563
465
452
497
593
434
510
293
494
288
396
548
522
224
284
285
258
274
232
289
428
434
309
303
264
172
521
382
215
625
495
123
433
80
292
240
496
284
531
389
433
434
198
238
506
283
260
491
253
509
604
400
339
369
262
218
306
333
647
237
304
511
378
276
429
177
324
218
268
476
322
391
497
232
231
533
544
182
517
474
454
477
474
520
251
542
150
277
376
201
344
584
461
519
450
495
461
362
227
256
537
312
362
167
444
188
417
429
402
832
506
458
467
486
451
533
489
612
303
384
229
488
413
425
406
484
340
447
489
350
491
413
517
477
492
532
257
220
437
196
548
575
516
279
482
434
422
437
330
301
507
318
447
395
445
529
168
288
335
332
434
336
583
407
283
237
510
503
163
472
207
539
253
375
508
397
479
204
425
365
419
599
199
525
404
238
322
198
507
250
352
486
666
419
555
465
457
214
242
593
414
284
166
347
421
372
463
463
476
393
554
214
283
370
488
291
398
449
112
329
69
108
511
474
508
482
211
527
472
451
404
268
366
576
411
429
561
503
480
265
343
305
267
344
454
250
212
500
287
269
382
130
386
463
458
236
146
76
409
521
227
358
194
435
280
255
515
456
536
531
198
312
289
312
397
295
428
547
562
334
374
309
230
373
394
222
280
240
380
301
393
320
412
547
357
246
317
230
509
308
330
56
76
49
178
254
435
383
220
479
198
713
629
-1
440
300
354
307
468
459
473
491
465
360
407
470
451
610
163
499
380
396
492
424
97
253
214
308
254
457
454
439
192
429
452
387
206
276
408
329
463
392
334
211
209
367
182
357
228
369
432
342
334
277
434
273
350
349
318
464
225
611
275
470
389
315
471
390
423
313
336
448
236
233
336
449
566
549
469
489
256
387
318
243
322
355
257
411
432
597
350
368
477
238
473
177
541
353
230
362
351
323
218
433
441
443
564
527
374
318
158
182
118
329
465
251
271
256
236
359
355
226
388
520
371
400
336
403
283
258
180
208
230
213
191
198
542
347
337
467
202
379
431
368
397
384
174
184
324
330
339
203
412
170
226
367
486
440
150
379
160
293
380
226
235
504
531
352
172
177
177
173
286
444
308
536
280
243
445
270
437
395
362
399
368
376
409
390
313
284
375
320
155
156
344
314
251
358
214
382
488
487
389
381
332
167
460
243
231
415
464
372
379
392
339
266
253
469
310
383
515
449
273
237
200
292
239
294
309
448
387
221
199
190
170
218
351
248
220
229
211
351
180
280
397
215
186
503
402
578
216
267
433
367
385
186
666
347
417
281
293
233
407
262
639
418
238
306
288
398
312
323
272
381
212
603
499
261
282
311
467
118
448
404
362
224
219
300
436
366
328
236
366
267
201
188
180
227
502
468
343
221
357
493
363
441
193
355
368
406
353
315
446
316
163
282
199
241
310
332
474
210
448
352
274
172
264
286
350
447
440
123
209
517
514
228
208
360
259
309
236
458
218
456
308
303
275
319
247
232
294
219
406
316
400
255
148
313
246
198
526
479
210
221
119
432
440
476
314
410
234
365
270
443
464
351
203
392
216
396
340
364
420
189
220
364
163
259
254
372
449
284
293
356
434
318
358
401
284
224
282
293
243
376
201
417
222
495
248
329
222
226
211
238
400
319
317
270
380
262
195
191
223
200
155
296
490
217
344
266
364
299
200
366
234
347
340
283
222
264
199
297
270
232
244
244
168
224
189
225
247
183
353
274
98
217
348
194
177
231
385
340
172
148
170
155
372
162
309
308
187
270
155
262
179
53
218
228
274
216
187
293
251
299
210
350
178
375
316
219
403
167
219
228
295
257
224
428
315
200
132
336
289
167
169
142
351
413
349
182
326
372
319
341
266
255
359
166
275
259
318
242
250
249
365
200
187
336
186
199
260
232
151
377
186
290
341
328
163
183
308
132
350
412
463
210
302
296
409
392
306
352
258
258
279
192
285
145
323
231
33
343
239
194
308
315
280
213
409
284
287
267
213
275
196
322
304
211
282
227
199
157
170
145
202
460
201
197
183
318
19
27
389
221
303
262
202
386
276
149
252
306
220
411
140
255
186
270
350
308
304
408
183
325
121
168
208
265
154
216
441
343
288
304
274
380
292
208
332
235
456
203
261
193
322
173
260
205
252
303
313
226
214
189
345
280
204
167
170
325
273
183
231
230
202
247
148
242
277
277
123
155
212
192
238
261
265
212
161
161
163
101
387
176
246
147
329
200
198
120
126
284
164
278
205
128
268
180
120
129
106
149
209
154
258
206
166
169
228
218
197
215
205
218
209
184
88
98
134
427
234
218
214
205
241
221
116
189
99
381
152
202
286
138
273
169
224
154
234
198
136
214
201
398
101
167
123
295
188
183
161
116
169
197
89
249
112
190
233
233
269
191
190
196
161
258
119
158
147
65
244
37
111
144
109
120
193
235
161
210
174
294
240
254
156
182
106
171
194
158
203
153
329
178
170
165
160
103
208
154
171
169
278
119
104
215
118
118
222
108
85
139
104
200
51
108
157
64
71
152
91
132
129
128
64
206
118
97
103
121
128
66
105
58
98
88
117
87
52
118
132
70
71
75
136
52
102
311
121
