1026
1103
940
893
819
634
1018
905
165
949
930
852
877
869
837
818
793
741
728
830
796
781
748
843
802
703
736
843
812
855
924
881
1034
1076
1067
1210
1223
1097
1149
1086
1176
1110
1137
1109
1065
1069
1061
1097
1272
995
1125
1382
1291
1300
1086
1390
1241
1119
1517
1203
1151
1152
1052
1167
1096
1059
970
1174
1217
1323
1011
1005
1065
1062
1039
981
961
1001
1018
903
863
1192
1108
1353
972
839
1218
1123
1039
1094
958
1019
1025
894
900
802
910
972
951
820
1053
1343
902
905
933
1117
1104
1014
1097
1141
1130
1069
1189
906
1061
1014
955
1178
1114
959
952
813
916
1002
756
1090
654
885
1359
997
921
935
927
938
760
840
930
899
1416
975
1075
1028
671
849
904
973
515
873
946
926
843
789
863
856
771
828
962
998
907
928
858
1010
952
856
793
877
885
730
716
849
793
820
622
555
633
594
701
700
672
797
533
1041
1108
863
785
827
575
533
499
397
458
503
569
600
880
774
948
950
379
676
820
778
856
830
685
1007
955
904
863
1159
840
856
778
739
563
922
727
815
841
821
683
895
998
972
952
982
965
802
812
979
961
824
786
807
820
854
917
897
941
924
844
771
824
1072
1199
835
917
627
802
907
603
571
663
834
454
545
682
951
817
370
741
741
605
800
911
810
545
919
691
901
894
621
704
820
737
657
694
577
543
804
928
921
822
753
703
781
730
793
544
1148
834
924
786
793
880
1156
740
751
758
858
807
750
723
731
648
747
779
823
693
694
714
645
695
788
743
514
783
648
865
648
777
779
828
709
899
746
689
884
641
766
783
956
798
770
749
906
788
897
826
309
1030
709
796
773
665
897
665
932
764
676
715
781
760
720
670
1491
909
736
856
741
702
710
712
737
710
1215
664
756
616
641
853
764
671
603
668
658
680
825
908
843
736
657
972
791
840
627
696
661
819
784
1035
1047
745
725
714
694
665
411
410
953
643
437
727
592
574
673
614
577
778
355
756
853
1243
653
643
745
675
664
972
510
644
697
750
1002
1126
782
530
498
626
746
646
777
650
557
435
492
700
533
685
809
700
758
843
783
474
509
547
433
734
705
664
616
745
587
546
651
501
785
928
-1
1224
1128
1164
612
707
659
816
710
471
673
795
624
631
661
710
678
638
557
739
669
738
638
742
779
571
624
1181
592
617
764
797
814
681
594
587
548
633
679
711
675
594
598
696
749
770
559
605
601
789
645
727
549
654
659
242
530
690
593
733
723
588
684
768
472
775
627
599
727
642
659
773
668
872
705
614
672
730
432
569
681
491
597
487
613
770
827
836
662
529
637
565
577
597
570
568
534
515
549
568
605
656
659
420
623
645
812
709
732
563
575
509
608
727
650
604
597
510
532
488
493
493
438
606
541
433
789
700
600
2
422
726
574
588
526
529
751
622
594
514
776
695
648
498
471
688
372
589
293
537
492
664
583
569
572
525
475
461
450
492
495
623
915
503
387
590
554
527
497
450
932
880
1096
668
728
585
668
594
486
605
498
622
438
583
451
651
505
504
490
576
396
696
661
501
507
509
692
438
386
553
212
584
444
526
424
207
491
515
543
515
637
534
486
430
421
468
286
678
641
641
594
630
623
594
579
575
560
527
424
565
470
522
772
548
497
415
552
419
409
563
614
585
413
436
510
475
746
670
674
468
455
538
412
522
478
447
502
474
524
482
477
452
408
632
519
701
483
638
754
535
626
470
592
818
993
716
831
537
683
498
504
456
483
486
645
697
628
855
345
820
982
537
551
527
575
380
412
453
557
454
481
430
420
394
551
593
491
500
584
551
408
588
407
586
664
371
504
388
399
413
424
475
501
448
379
575
452
700
459
422
510
419
776
374
355
607
632
574
523
400
602
358
459
740
365
490
456
503
379
682
569
312
654
439
456
348
108
539
413
436
421
524
629
356
460
493
473
476
486
441
390
419
608
635
491
587
583
354
513
379
458
569
451
377
403
387
341
423
449
368
546
524
484
528
509
414
390
483
425
431
399
440
349
624
406
386
440
427
546
454
431
487
472
327
453
365
463
508
387
387
594
135
423
508
1079
470
445
485
530
328
180
426
487
391
564
380
344
382
748
412
475
424
295
359
441
427
409
479
312
552
407
360
724
584
513
404
380
495
455
501
342
525
395
401
509
530
357
667
415
458
700
393
370
436
353
343
424
336
261
345
440
381
439
327
581
152
388
407
661
491
426
447
496
454
364
365
299
500
573
618
441
508
487
437
329
316
446
518
478
481
643
398
663
365
419
504
334
494
510
517
492
393
480
323
538
504
395
384
359
395
491
274
339
338
405
822
297
325
331
495
315
587
431
575
272
487
370
444
569
717
491
387
467
458
338
403
524
412
320
358
292
454
418
325
390
339
482
385
289
544
319
594
324
287
625
476
444
400
251
405
563
377
468
436
377
595
320
406
273
405
382
286
493
425
408
331
675
573
382
542
319
381
474
280
462
358
426
245
507
288
576
294
380
399
542
333
196
400
378
286
415
569
804
320
365
324
267
320
354
296
400
289
272
442
410
603
415
388
300
451
332
279
266
352
516
534
354
603
336
260
668
316
521
326
392
376
514
300
320
295
237
310
283
349
296
295
394
478
311
247
583
326
503
269
263
545
407
334
432
333
301
461
347
319
263
271
308
315
360
298
270
198
432
378
351
340
497
357
400
373
572
232
357
293
255
323
230
381
447
268
601
665
437
442
376
358
391
393
367
320
541
405
575
289
367
285
233
315
274
467
69
365
382
252
197
348
344
359
775
316
285
187
298
204
325
372
217
228
404
340
336
183
298
398
391
352
413
475
454
469
394
556
330
192
281
259
270
285
189
300
268
153
216
262
265
214
292
289
595
551
367
234
325
426
233
253
414
462
360
320
268
250
329
390
254
213
447
457
331
539
332
153
267
447
243
267
235
243
264
296
323
304
304
282
268
581
594
194
104
516
320
282
575
224
239
454
380
217
299
301
261
312
533
309
535
428
308
358
344
271
314
259
294
339
304
492
277
397
316
379
221
188
224
332
412
306
270
375
340
496
553
243
352
313
594
327
204
423
256
518
263
285
259
646
288
282
273
289
430
344
362
312
184
216
331
181
323
227
222
313
321
439
305
297
755
254
246
243
274
274
258
385
245
282
242
481
260
357
284
260
274
261
479
227
254
298
321
333
271
334
323
257
249
362
277
451
318
327
275
805
235
209
278
265
245
240
211
236
191
193
211
258
483
221
233
228
281
284
339
205
316
250
246
263
247
218
301
187
252
201
214
224
246
376
310
216
498
460
237
229
312
170
252
225
279
333
598
500
145
318
379
268
409
530
271
345
380
85
229
253
385
195
257
229
315
211
236
171
220
231
297
320
307
262
241
254
204
157
294
313
304
363
373
215
198
218
174
179
363
343
162
152
212
230
276
295
330
321
465
258
507
450
429
177
583
237
277
169
217
330
265
193
147
291
273
395
209
292
255
298
224
308
377
224
223
171
232
175
313
340
230
208
112
443
312
241
325
245
360
302
123
363
358
228
296
387
170
396
282
325
376
222
324
280
239
182
332
235
191
210
170
179
356
344
220
251
251
269
379
429
268
185
267
257
434
338
177
214
184
375
168
300
195
417
264
207
224
231
261
179
397
221
441
183
257
196
211
193
277
263
240
93
272
149
326
272
210
319
245
212
660
366
217
314
150
220
196
236
234
273
186
177
222
244
198
244
512
264
330
328
248
239
316
161
143
213
230
186
151
150
228
345
139
154
239
248
130
228
175
330
322
223
317
425
222
232
220
326
323
193
192
433
278
272
302
171
214
169
227
340
186
184
195
193
519
576
21
292
345
175
180
468
297
177
144
149
197
279
160
249
188
457
210
214
244
134
538
205
238
245
359
208
308
206
214
223
201
181
199
211
204
174
257
274
243
257
181
287
256
288
225
516
244
182
252
236
306
277
185
284
242
160
245
175
406
187
111
328
218
289
261
153
314
220
213
140
219
212
286
205
224
236
184
135
184
189
171
176
264
153
225
309
173
170
186
191
91
181
528
197
183
297
191
281
113
205
275
121
136
450
205
151
138
271
176
155
224
208
205
157
223
135
217
336
155
191
307
242
178
266
129
187
236
187
213
173
265
127
239
230
324
339
139
207
305
207
266
161
249
235
207
234
278
285
177
348
192
200
201
194
200
373
159
245
364
267
135
241
243
174
200
139
234
134
229
174
109
115
203
143
266
195
312
273
276
180
254
159
194
141
173
91
279
208
137
168
110
186
224
161
155
261
135
95
353
245
169
281
223
189
202
256
201
89
140
306
165
133
160
133
248
151
193
115
302
201
158
157
246
138
167
265
241
122
162
396
75
244
264
246
82
127
186
288
206
159
310
132
108
130
116
107
179
164
171
168
251
261
193
159
125
90
107
201
188
186
189
275
165
201
134
125
163
233
145
150
163
219
202
203
138
173
279
119
121
111
142
109
220
132
203
98
103
150
153
105
160
158
167
77
59
143
155
153
206
80
125
167
114
141
73
81
96
53
88
131
176
102
95
119
66
180
93
92
73
114
112
69
92
39
71
80
42
50
63
73
117
167
73
73
89
60
50
668
175
