187
240
275
250
254
246
293
275
40
257
249
233
209
191
211
234
241
251
240
282
215
252
177
214
177
167
268
254
300
288
286
278
268
303
303
326
347
308
318
282
291
312
313
340
352
320
293
371
222
370
375
332
326
303
306
310
334
318
296
327
347
368
312
265
331
314
308
325
317
323
349
392
331
333
269
175
370
346
233
280
207
313
309
236
335
370
206
153
322
241
331
302
281
310
314
244
154
300
311
150
186
273
302
353
293
259
238
272
250
235
211
201
219
191
206
225
252
169
216
233
215
221
188
303
172
342
123
211
232
195
287
211
204
216
127
250
275
279
156
143
256
261
189
285
186
206
128
221
322
391
315
357
329
292
281
320
311
223
252
297
344
238
262
220
284
311
314
237
233
186
178
183
128
158
137
187
144
128
222
144
110
249
202
364
315
138
119
170
111
104
104
133
117
125
114
142
221
219
148
268
304
213
275
275
293
160
235
275
289
285
322
307
214
309
85
306
249
313
356
314
184
309
311
303
337
302
255
389
234
312
154
299
271
308
351
329
313
263
331
325
300
304
257
160
130
379
251
229
121
100
131
80
81
101
137
182
227
258
247
75
108
61
143
324
141
238
45
277
275
270
344
175
175
133
363
307
318
348
360
325
290
332
288
340
339
331
238
248
318
171
257
303
180
276
301
232
278
218
376
336
311
199
198
205
168
187
360
138
128
161
134
114
112
124
326
139
366
328
286
248
294
368
319
323
320
316
207
200
256
249
306
277
277
307
154
231
316
367
259
112
303
344
328
297
371
278
140
209
177
194
285
217
317
300
309
216
288
219
306
285
327
307
284
290
312
176
322
276
311
312
285
319
168
197
386
346
355
299
284
309
297
327
160
207
348
50
295
275
295
317
259
274
235
186
190
243
296
175
175
120
406
44
334
246
261
348
328
224
303
189
316
286
221
345
105
318
363
308
229
193
361
262
345
250
276
123
351
302
317
244
335
251
170
140
144
167
186
123
194
150
257
384
356
351
156
189
156
165
218
269
175
152
271
176
172
243
221
338
292
139
253
276
218
108
317
285
306
100
104
255
167
122
126
208
213
201
196
201
214
197
194
288
220
179
185
266
153
317
244
362
379
292
156
302
265
248
274
309
298
298
343
319
313
280
277
252
166
261
240
206
334
381
352
81
70
100
292
202
324
177
254
293
220
212
329
311
218
314
259
357
347
306
201
319
298
397
332
106
395
230
228
340
298
361
337
260
203
246
268
316
318
209
189
186
161
233
152
220
285
203
284
293
101
245
351
296
310
306
219
188
198
239
278
271
204
180
163
265
189
357
350
351
338
350
221
260
296
196
76
413
131
205
176
208
185
271
217
308
302
330
138
156
103
91
160
100
171
112
297
402
243
221
198
307
241
386
318
309
280
333
229
178
258
193
320
323
200
309
464
225
196
150
279
285
334
267
339
299
359
169
383
262
344
360
278
187
194
425
114
240
244
245
330
321
221
285
140
149
171
61
194
71
140
178
187
343
207
213
226
157
136
152
196
224
206
80
337
320
316
319
315
306
320
314
314
241
209
200
182
306
280
287
293
190
214
219
178
250
181
418
403
196
233
194
159
332
267
364
217
246
202
255
401
353
425
326
317
314
299
145
159
244
304
182
257
215
212
279
312
318
88
135
186
172
260
162
200
145
83
288
205
197
194
321
316
155
225
127
234
198
46
153
243
299
226
238
243
201
176
192
343
210
157
95
225
253
179
260
224
213
208
49
257
268
72
127
170
282
249
362
134
219
351
210
356
256
287
392
213
342
417
158
375
370
347
307
398
290
261
130
249
161
138
286
279
342
213
185
286
379
221
224
290
215
355
143
269
133
159
58
324
261
314
187
288
342
288
232
345
288
150
290
313
284
340
341
421
325
457
225
236
351
332
177
182
125
164
277
120
242
270
255
277
306
368
353
298
304
319
408
343
362
153
298
174
341
298
362
158
175
172
155
185
132
192
316
356
198
195
179
130
294
237
127
359
330
110
291
49
197
207
323
242
314
277
322
321
137
183
325
189
253
353
175
305
333
252
246
307
201
165
220
244
370
192
213
360
229
203
285
93
224
175
184
321
220
281
309
169
149
332
359
132
468
465
289
309
327
368
189
309
80
236
269
146
189
402
301
403
364
397
325
319
198
190
324
225
224
118
294
145
333
391
400
501
404
322
340
336
286
369
319
356
221
266
205
382
334
355
359
378
226
346
314
178
333
343
391
344
388
422
165
152
376
102
329
382
360
179
474
288
273
303
229
167
384
209
265
296
305
308
101
158
245
224
299
221
360
310
234
172
302
333
136
291
169
328
155
213
383
268
330
161
240
230
267
389
117
376
223
165
285
166
387
193
334
392
427
334
325
264
282
199
212
405
308
150
155
296
327
256
371
445
273
211
309
201
205
353
335
189
366
419
76
270
80
79
357
353
351
327
116
366
337
389
352
253
385
402
413
333
406
346
328
242
220
204
192
217
300
182
167
467
195
204
296
70
361
521
320
179
83
49
308
330
125
268
164
392
211
206
458
302
433
429
155
235
208
379
265
211
276
434
428
283
293
239
186
303
331
137
278
179
305
276
347
296
395
318
257
182
323
170
445
314
248
31
28
18
95
235
325
274
143
345
170
354
333
372
313
211
313
275
275
265
279
286
273
226
245
347
300
360
135
417
325
376
343
317
80
179
134
236
199
280
284
285
104
322
452
358
195
330
332
235
316
268
218
147
143
309
132
249
181
227
382
272
260
219
283
186
212
451
280
337
184
428
298
310
383
329
450
262
220
426
219
407
167
171
341
309
371
332
445
442
209
331
305
226
218
271
173
396
393
448
234
264
314
173
322
243
316
251
214
296
260
262
198
330
425
335
365
349
454
240
92
157
151
218
378
299
158
272
155
241
267
231
328
310
433
280
217
311
225
198
170
173
272
188
182
184
296
271
258
305
145
333
364
349
348
335
145
149
274
313
314
146
267
124
156
233
352
317
105
226
121
242
281
113
188
458
376
246
162
160
162
149
189
302
221
345
173
175
319
318
299
438
479
278
278
315
364
343
222
273
290
261
138
154
350
205
234
295
171
236
251
276
369
327
247
131
291
166
183
391
408
358
372
399
398
261
313
291
310
277
348
296
247
128
172
383
197
310
369
244
257
170
163
155
153
200
270
278
199
220
171
336
128
344
243
165
144
394
346
413
217
266
415
353
347
175
393
224
353
208
232
135
270
210
321
382
206
297
259
314
152
217
366
392
170
330
282
152
205
284
325
117
425
402
322
223
195
294
332
353
271
247
249
262
154
165
125
143
354
305
363
313
270
264
285
299
160
377
433
422
278
280
311
200
166
232
160
235
343
268
397
127
366
286
228
117
224
254
243
246
329
115
203
305
428
215
130
325
158
236
265
337
130
435
339
296
200
316
307
273
247
197
298
250
233
178
131
200
253
122
320
283
126
145
136
241
242
393
230
256
247
243
223
340
272
361
168
330
162
295
229
258
350
186
183
420
132
207
187
342
311
273
206
226
218
365
327
322
221
179
251
241
196
258
171
332
131
335
285
225
192
187
181
285
324
311
266
340
318
316
150
145
206
180
116
198
344
285
293
321
325
281
157
342
147
255
280
276
302
273
213
282
312
199
205
323
119
156
201
209
177
158
234
194
85
185
277
212
169
200
338
317
179
143
178
80
-1
201
255
237
177
265
151
316
189
27
143
182
237
269
164
241
168
306
194
264
170
308
232
217
326
177
137
203
321
290
139
364
264
99
101
307
210
188
190
95
260
314
405
194
324
263
354
320
268
172
310
120
299
227
229
258
197
215
269
163
134
280
176
176
257
243
156
391
157
322
259
262
159
196
297
86
271
319
286
188
320
210
374
404
239
302
309
306
259
175
320
191
284
177
22
256
227
172
309
352
188
252
343
323
305
262
175
287
145
341
224
227
255
228
209
132
135
205
189
329
179
173
159
407
10
13
248
154
190
219
195
266
129
153
191
439
348
297
180
191
249
198
288
222
383
314
165
259
97
193
289
250
180
146
275
206
236
282
229
399
287
183
371
179
342
203
209
145
246
110
300
201
273
367
257
140
218
157
254
244
240
138
166
273
209
135
319
177
194
152
166
205
189
193
108
151
247
198
191
260
198
179
177
140
156
113
259
189
187
176
279
151
150
121
80
230
224
266
228
118
272
198
82
143
125
98
207
129
261
115
190
224
167
154
261
226
122
223
134
139
65
126
112
306
242
200
197
219
162
252
91
259
47
290
154
208
266
142
186
134
262
155
302
165
113
180
166
293
83
249
117
231
175
221
97
157
148
236
113
154
132
147
233
233
236
115
167
186
157
232
170
192
191
46
273
41
113
171
122
96
203
223
170
223
157
199
277
199
190
184
58
213
224
193
234
175
280
218
142
183
185
136
243
180
162
161
233
157
144
215
146
146
188
121
101
158
140
103
68
127
150
113
92
173
50
165
174
161
88
167
134
123
144
135
150
96
107
78
160
105
140
89
63
154
158
53
102
104
104
75
131
200
155
