850
1027
971
912
895
683
1102
911
106
918
989
930
840
817
836
846
787
807
766
884
886
767
719
770
672
687
734
808
878
902
929
1004
1193
1172
1264
1466
1319
1188
1215
1097
1255
1212
1255
1175
1183
1125
1074
1104
1088
1014
1343
1433
1401
1301
1181
1281
1354
1083
1601
1540
1419
1163
1445
1088
1167
1177
1192
1200
1343
1269
1109
977
1121
1138
953
789
1158
1114
941
948
958
1160
1180
1106
1064
932
1121
1064
1058
1016
1120
1058
1173
994
910
776
815
953
1045
826
1128
1375
845
968
998
1167
1337
1101
1185
1374
1074
1145
1283
1061
1038
1313
974
1043
1110
1183
951
918
699
1153
683
1006
627
1013
1130
1096
991
1254
1404
1394
848
917
920
933
943
898
1193
1566
656
900
793
963
654
963
1068
929
793
826
954
844
776
1036
1149
987
967
1142
1056
1171
1185
929
827
931
1026
906
971
915
976
955
719
758
790
770
759
803
923
750
552
896
1163
867
807
765
591
688
577
527
521
605
559
786
667
700
1013
1004
561
722
893
1129
883
850
763
741
1064
1208
1091
1097
1007
1027
835
817
489
943
732
999
895
976
869
965
1200
1136
1057
1011
1123
874
1054
986
695
938
909
920
944
914
945
1028
1081
1139
906
932
1127
1009
957
931
1262
638
589
607
476
391
491
583
598
717
637
962
1071
518
605
478
1021
926
850
931
415
1243
712
1080
958
745
1018
899
879
776
795
702
664
806
905
981
850
965
869
1140
776
1023
654
1022
882
925
678
813
1042
1247
820
642
868
1069
860
1330
1285
1330
1020
1195
861
677
582
669
536
469
543
582
886
561
834
777
933
685
812
890
842
815
1015
886
745
1019
645
740
681
947
866
792
818
913
852
900
1057
461
1104
699
849
867
738
1079
587
1360
1065
722
1059
1100
841
896
823
1028
868
669
772
910
707
738
821
844
796
814
741
891
704
746
915
778
1233
1140
775
712
763
815
1080
957
826
664
730
1164
860
418
773
725
968
930
889
886
877
758
685
769
814
518
516
818
779
409
788
641
665
711
704
737
867
601
809
810
892
739
432
853
758
705
1076
595
739
739
810
853
922
505
588
491
721
912
793
883
1204
1036
915
1221
1122
567
775
834
835
864
866
852
1192
1403
1237
1188
1526
1089
898
493
884
569
997
618
488
918
1002
738
830
803
739
407
712
730
1094
619
823
753
920
684
624
1038
1190
1197
1120
1072
1314
1613
-1
785
1421
645
643
701
901
703
644
729
802
1077
588
635
655
536
642
747
719
832
708
669
834
931
890
657
1104
687
912
803
919
639
756
513
264
365
727
1588
779
659
575
814
726
581
960
708
820
797
733
712
780
661
863
795
747
754
742
470
791
1158
880
635
532
665
672
688
872
795
644
770
804
1057
1269
1207
1141
1075
827
1183
756
1079
836
666
507
928
718
1099
663
753
936
1162
1205
1104
847
746
1128
506
412
613
890
562
539
538
633
553
596
927
768
705
359
532
536
1113
1184
1120
1321
894
797
633
550
689
1020
1023
929
733
1161
943
1182
572
417
690
793
1143
764
631
616
450
552
526
555
575
587
730
660
604
723
649
605
552
568
708
555
618
790
874
759
689
743
590
725
1032
690
671
672
563
799
1055
1104
537
482
514
1056
675
568
581
1123
849
1000
830
990
318
738
383
708
517
429
610
958
884
624
969
858
1015
772
698
578
363
604
663
866
836
851
867
841
714
695
868
998
940
1049
587
606
764
663
946
737
785
528
527
821
630
616
464
826
1266
864
655
634
745
1099
833
586
625
591
543
543
569
515
563
523
970
932
1047
590
879
680
1057
721
744
542
693
670
819
564
565
649
467
574
615
495
493
784
982
1089
639
697
753
926
379
498
525
524
505
524
553
807
754
647
608
925
512
500
562
947
473
1010
590
619
653
616
968
708
680
686
542
628
982
790
673
578
504
417
776
508
805
780
674
860
537
925
545
461
549
455
457
627
563
556
448
484
481
506
842
542
595
751
567
841
431
880
499
306
583
572
793
391
340
625
537
652
354
582
674
411
1110
682
560
718
765
622
441
971
627
759
685
689
637
458
513
493
537
627
496
449
767
824
741
937
849
646
602
546
495
559
539
479
420
500
582
544
552
649
450
489
472
443
461
429
613
437
413
492
478
330
451
360
531
513
762
782
768
524
449
575
572
500
506
196
645
429
386
700
544
752
644
533
444
465
621
992
558
903
622
476
691
444
450
598
679
538
740
632
606
540
543
665
638
555
446
717
400
433
641
760
644
644
424
790
485
923
878
465
425
504
455
436
542
451
337
378
993
398
532
657
690
480
436
463
811
511
445
436
425
441
702
578
367
576
497
548
435
589
610
520
385
372
431
607
607
582
701
441
689
436
463
607
650
470
400
496
486
439
503
451
692
442
410
380
378
402
473
330
664
574
420
578
363
360
345
550
395
583
501
833
411
547
409
616
611
836
479
425
611
344
487
631
605
518
361
469
546
758
489
354
530
391
848
445
343
526
342
534
370
710
593
433
450
499
269
456
454
708
464
593
412
809
503
450
302
486
428
329
514
976
865
355
658
404
642
535
410
491
575
385
489
376
452
468
546
359
627
456
475
468
484
511
383
589
526
298
440
686
474
412
481
318
437
587
421
329
543
375
360
583
597
486
481
491
369
544
350
346
280
417
528
346
418
370
416
320
715
546
393
282
379
424
495
465
654
333
572
588
310
366
395
398
679
600
372
267
472
617
473
350
323
556
412
408
926
390
339
291
334
657
262
292
367
354
452
346
525
419
422
786
360
401
414
259
229
188
404
509
427
398
359
397
225
403
508
272
602
603
444
347
389
382
408
403
404
297
423
506
610
329
596
296
377
324
339
457
282
558
608
436
346
376
360
398
446
436
367
238
507
244
384
433
310
304
517
667
667
225
564
537
813
355
481
662
600
709
472
581
366
247
372
281
479
366
245
407
289
196
237
305
304
224
367
334
346
350
416
263
358
461
312
346
628
543
430
460
296
289
465
405
291
245
396
521
355
363
312
243
295
525
412
341
424
408
597
284
352
338
323
321
302
569
239
230
131
600
330
331
513
423
443
430
390
227
291
297
299
379
493
330
336
348
471
541
358
652
529
440
311
478
277
548
574
461
320
391
283
285
564
523
330
255
233
444
400
590
293
309
421
359
251
303
257
486
322
402
618
321
272
484
442
443
445
492
551
397
465
336
239
404
384
206
352
309
258
367
366
614
339
352
642
403
344
399
503
476
286
257
480
257
259
525
249
355
330
315
300
543
559
220
540
381
450
426
299
393
371
336
333
455
436
480
339
440
592
505
263
269
591
361
255
237
249
582
414
408
403
359
534
263
450
562
496
311
716
238
403
239
232
269
281
187
450
259
291
251
255
425
244
410
324
472
458
273
284
279
317
196
478
269
387
418
389
413
207
392
379
293
417
427
324
329
433
289
280
241
568
368
494
336
371
226
299
217
245
245
339
563
274
218
248
368
227
188
326
338
341
370
624
266
255
247
258
241
401
322
380
426
546
412
340
331
395
390
535
264
701
462
317
396
609
238
310
544
368
320
295
232
335
350
233
336
194
335
389
314
210
332
330
236
283
190
320
325
382
396
240
360
229
383
282
253
290
252
234
259
128
388
410
259
376
452
349
457
514
379
407
319
486
341
217
202
344
252
200
486
261
255
462
315
443
298
249
223
679
484
236
238
293
261
497
564
340
250
295
415
399
303
150
425
263
264
397
405
436
255
408
291
782
225
235
252
344
434
254
751
313
144
320
190
289
253
234
327
486
228
466
402
220
287
189
299
355
369
254
367
377
216
184
204
202
530
419
477
286
454
344
470
349
395
256
391
223
181
276
308
385
431
194
346
326
307
173
254
204
278
295
238
243
332
228
308
405
314
454
245
334
427
249
343
296
266
247
273
250
494
208
242
481
244
429
410
104
303
276
325
395
407
361
214
169
289
215
222
216
248
237
417
247
187
267
143
431
279
245
362
353
497
392
208
406
455
255
217
341
229
413
250
293
311
395
379
324
386
335
314
227
363
318
182
265
263
399
355
188
305
248
225
293
286
375
273
124
376
369
417
310
163
483
271
247
161
232
276
498
249
220
316
185
326
215
246
296
262
484
186
299
374
404
323
417
209
103
126
500
404
258
250
307
339
144
422
244
147
160
427
409
273
155
300
227
167
225
265
371
165
435
212
242
343
279
286
359
280
213
270
144
230
289
178
271
290
301
170
288
558
366
201
140
426
333
274
324
129
263
397
280
267
224
503
394
382
242
379
322
221
412
420
135
295
412
276
370
284
233
303
202
166
240
174
208
162
144
119
215
348
376
281
315
375
378
301
305
142
237
164
251
74
373
409
152
375
206
149
199
318
156
207
257
210
395
258
198
335
161
155
155
469
387
154
292
340
149
192
154
142
251
170
143
128
181
215
317
165
308
224
182
525
201
213
207
267
87
335
324
234
78
155
163
288
582
165
173
305
154
210
130
107
305
190
200
200
408
217
155
161
150
115
227
212
186
182
229
55
81
166
252
118
184
280
294
198
319
243
244
185
151
132
242
147
153
150
157
110
260
155
290
133
143
133
185
152
317
316
185
84
67
190
176
174
256
93
320
291
100
148
101
97
108
60
136
190
121
107
116
147
68
199
123
114
171
228
125
130
115
51
88
131
97
57
56
81
129
111
86
88
91
118
70
667
340
