269
312
340
334
353
319
369
343
43
327
329
294
262
237
250
272
297
330
314
370
264
297
211
250
228
212
269
318
359
366
362
328
335
355
399
403
454
390
422
380
386
419
398
435
431
342
314
393
297
403
482
435
477
428
416
401
451
435
407
477
496
451
402
391
466
470
421
439
448
442
420
402
414
408
293
204
446
442
319
365
357
457
458
329
470
544
292
246
471
311
411
390
343
384
363
305
270
362
406
256
271
358
312
404
378
353
326
354
344
306
277
271
287
279
295
288
306
244
286
323
286
285
233
379
202
385
181
278
302
274
358
297
285
290
175
306
316
332
196
205
304
371
235
342
236
288
172
307
411
446
306
346
311
301
260
400
403
307
335
377
407
332
337
287
343
374
382
324
312
264
250
269
183
195
195
244
189
183
286
189
144
327
259
359
288
170
175
239
159
154
160
184
152
166
165
184
261
259
181
267
362
282
357
364
305
212
309
319
400
419
433
380
288
285
118
397
272
383
432
406
247
380
402
388
450
393
323
418
368
446
194
371
292
328
388
461
382
373
431
418
358
439
354
210
176
451
342
259
168
150
164
108
114
148
189
259
256
347
281
87
141
86
198
405
172
319
70
337
284
370
441
243
287
209
472
284
307
338
337
329
373
420
381
435
454
420
293
319
297
218
352
362
235
342
404
313
366
197
394
444
371
276
278
280
220
280
405
180
171
205
160
140
149
152
376
173
447
321
362
250
349
462
377
417
422
404
288
261
256
279
335
347
365
393
229
357
395
513
403
144
414
360
375
384
352
371
173
278
219
202
332
272
418
391
291
307
342
279
310
386
333
332
365
376
354
271
480
326
293
305
375
467
243
281
481
315
354
338
346
393
350
376
211
306
382
65
362
344
408
434
286
297
270
215
219
303
316
215
214
164
488
62
412
311
347
403
409
296
392
247
366
353
334
394
119
346
383
356
319
222
373
328
346
348
390
158
347
369
425
335
426
343
225
192
189
222
275
186
273
201
284
453
540
555
210
224
216
191
292
339
233
174
344
218
256
270
253
460
400
222
395
427
278
165
535
307
407
172
147
335
247
187
171
312
300
290
289
291
294
276
258
302
289
207
235
274
224
346
280
428
405
418
192
297
301
234
287
359
343
373
412
358
383
343
376
270
256
335
327
298
422
379
426
137
105
125
359
261
395
244
289
395
268
329
410
381
283
384
362
429
476
382
276
431
369
375
356
162
438
277
270
368
345
449
434
391
212
293
271
392
391
268
235
233
204
285
210
259
290
266
395
432
138
307
354
412
332
498
238
224
231
308
367
355
280
190
168
334
249
366
345
350
358
342
228
368
361
257
114
404
162
259
227
261
235
343
295
310
319
518
196
206
148
134
219
161
223
177
288
455
335
292
334
371
383
458
411
395
240
349
212
241
251
303
458
440
249
301
625
318
323
254
363
433
479
329
447
402
487
232
547
322
440
488
367
239
249
623
151
253
314
289
419
410
319
377
210
197
234
79
297
90
190
171
301
341
284
291
262
198
168
182
246
263
232
112
463
371
427
399
423
398
405
395
388
273
295
250
284
384
366
434
414
232
257
247
190
231
268
651
629
227
329
242
247
510
427
417
325
362
268
278
611
324
386
394
371
405
372
200
217
357
513
251
309
291
309
375
355
414
127
174
287
266
391
247
243
159
117
370
263
270
264
472
470
207
298
242
301
293
74
224
334
489
354
276
266
274
207
201
519
224
192
128
323
314
204
328
292
302
247
84
324
447
120
151
229
352
312
389
152
296
429
247
491
391
404
326
319
511
487
210
487
476
332
507
574
409
431
150
327
198
192
421
385
362
315
222
411
514
197
345
336
340
426
174
339
189
215
83
324
319
314
275
406
455
372
304
448
373
217
406
344
381
420
400
408
347
329
236
324
442
416
263
217
169
213
392
204
243
273
251
241
375
463
442
416
375
394
522
456
426
181
387
219
578
339
379
215
231
240
221
262
196
247
394
569
261
284
264
164
357
302
162
337
445
193
389
73
277
298
361
403
356
400
317
318
203
230
337
269
309
370
225
236
341
336
329
512
267
221
329
315
413
227
254
603
269
273
354
116
271
190
238
396
268
380
362
238
193
406
428
157
558
560
377
286
298
439
247
395
125
345
390
192
254
530
382
528
487
512
416
538
332
244
311
341
259
153
223
173
462
615
618
533
581
410
382
383
368
358
364
346
283
315
266
555
466
577
554
402
284
442
404
215
480
511
508
387
576
487
224
194
638
148
380
467
440
244
654
389
347
407
340
229
454
283
311
393
442
344
113
203
260
274
267
249
302
433
357
239
353
428
182
376
218
361
225
253
514
382
406
219
297
283
333
481
186
482
269
241
442
216
533
292
485
591
385
514
383
304
285
272
264
504
474
176
204
462
437
314
548
540
299
262
343
272
209
492
390
197
601
633
133
365
110
106
442
475
422
411
163
449
359
536
455
386
581
527
486
304
475
419
429
409
287
259
267
297
371
229
201
689
200
343
474
149
606
637
389
197
107
53
305
314
177
321
199
471
313
300
544
407
483
483
163
313
261
514
372
293
295
532
489
395
292
300
262
460
458
189
417
231
405
395
516
521
540
331
357
253
519
233
598
598
361
39
39
26
109
373
427
365
196
444
232
402
381
362
375
314
437
435
363
342
378
372
347
300
367
444
413
352
159
567
413
488
363
435
90
262
200
285
250
360
360
366
127
376
591
516
304
491
459
234
325
274
276
190
183
275
179
349
222
235
606
377
373
293
355
233
327
525
410
311
292
405
419
337
518
430
536
398
322
667
255
492
261
268
540
293
391
345
530
574
280
446
439
405
295
361
229
657
449
468
246
349
383
287
387
301
343
326
295
337
300
296
308
303
535
352
420
422
701
334
129
211
199
264
570
486
213
404
220
257
330
302
389
271
583
367
237
455
344
312
267
257
445
264
307
299
321
356
346
370
205
458
438
558
430
448
204
238
390
428
416
186
338
170
262
240
377
368
168
290
182
332
370
121
284
514
442
316
233
235
220
209
240
372
279
398
249
233
408
460
402
587
-1
371
366
480
463
447
296
370
308
325
206
213
493
270
340
388
221
298
250
321
467
436
391
182
376
225
263
565
570
535
557
616
541
439
590
345
523
317
486
272
324
192
221
516
312
435
587
251
320
227
219
250
243
323
305
495
336
251
244
480
157
477
335
205
195
472
392
381
365
363
581
474
474
253
416
267
370
284
343
226
380
286
335
355
275
458
382
351
154
254
517
578
166
360
299
201
253
425
379
161
511
459
467
370
319
375
434
480
299
293
308
374
201
192
170
162
428
356
448
381
346
274
365
309
170
487
585
490
332
315
411
212
291
312
198
319
542
348
491
167
467
413
325
163
361
321
316
247
425
175
296
350
373
370
210
471
196
272
382
393
186
533
432
525
260
488
435
417
357
274
380
335
215
230
178
218
358
182
276
302
168
188
179
302
305
405
234
323
320
271
307
418
331
470
212
439
234
287
283
323
368
257
253
548
193
260
232
432
396
380
264
313
236
514
533
389
315
233
336
322
245
357
232
430
151
392
470
288
247
269
262
435
471
409
394
482
424
612
214
215
342
228
157
228
345
423
385
479
444
408
182
332
200
349
398
436
392
358
323
368
446
273
242
442
166
180
244
285
238
213
301
207
83
299
349
276
246
281
447
451
232
211
268
132
479
338
368
315
222
397
229
515
309
32
186
243
366
480
213
383
182
403
231
415
211
410
356
258
428
272
172
250
419
364
199
374
351
131
150
381
230
272
279
104
331
350
441
319
440
315
392
382
337
231
356
146
483
283
313
338
266
216
370
229
145
408
229
245
349
333
248
502
189
390
332
312
228
273
378
119
349
397
340
277
490
219
479
397
251
376
401
491
387
286
531
307
376
210
17
320
298
239
453
448
302
329
315
393
396
275
253
361
200
416
276
269
322
354
279
178
155
319
284
293
257
244
237
528
13
14
293
197
228
274
313
325
164
189
310
426
301
362
272
218
320
309
373
253
582
388
228
292
130
257
449
388
238
230
320
292
257
467
287
372
394
238
520
250
330
271
274
230
256
158
441
291
419
542
322
166
341
221
220
322
349
167
204
416
260
199
500
218
249
179
253
262
290
217
147
178
413
282
258
250
237
211
230
186
244
157
309
313
225
289
404
150
150
172
126
298
358
353
319
90
391
271
114
198
202
129
210
192
282
131
232
291
226
212
401
331
144
283
147
174
88
180
169
337
342
224
260
285
228
307
105
352
72
329
203
259
269
243
248
165
310
203
337
254
191
233
250
298
121
341
214
304
241
330
149
229
184
316
134
136
212
172
368
369
309
150
248
253
203
232
249
251
282
43
420
70
170
265
178
104
277
279
245
263
212
204
345
253
241
220
72
272
284
250
279
177
302
271
159
233
233
219
294
203
204
203
210
213
192
292
187
186
247
166
141
217
163
146
96
163
171
176
163
254
55
243
218
222
151
229
181
187
165
154
189
179
127
90
202
168
180
88
110
196
207
76
134
133
108
91
158
256
221
