634
737
812
799
798
629
854
767
87
743
712
702
663
591
644
692
632
710
688
761
657
600
585
569
512
504
616
704
727
786
773
822
898
906
977
1015
912
784
823
788
832
828
877
827
741
782
747
873
692
760
956
821
809
757
737
757
786
718
919
919
878
753
946
671
709
712
862
736
795
759
859
781
851
844
663
565
788
761
647
706
528
725
752
648
711
635
674
602
684
701
844
743
796
853
785
634
471
659
697
476
667
804
668
775
712
679
775
650
711
799
666
660
694
571
595
774
615
601
626
689
583
548
507
792
567
648
453
599
679
645
734
711
780
757
502
556
559
579
587
465
768
921
386
594
492
539
339
598
826
626
707
690
697
527
624
820
712
614
598
959
798
641
650
763
700
713
782
539
579
525
531
530
383
395
459
440
441
438
533
430
293
523
726
628
639
491
359
386
335
280
297
345
322
453
398
412
655
650
422
631
657
690
732
736
692
417
605
860
733
676
803
791
693
724
345
734
593
856
762
784
513
754
748
745
683
663
660
655
698
625
512
699
764
758
634
701
746
618
719
831
730
629
676
594
572
714
729
500
396
361
346
278
310
413
361
463
517
596
688
267
376
313
557
847
498
545
252
854
532
696
687
420
589
562
663
603
616
546
533
585
592
627
617
697
659
752
672
632
511
649
666
672
435
581
837
723
727
463
716
721
676
787
755
748
619
718
711
566
429
561
435
345
413
492
800
371
586
599
724
601
658
716
723
616
643
794
601
563
540
489
483
654
717
605
440
555
555
581
668
291
694
511
627
717
623
681
467
891
966
592
1025
1070
654
763
711
605
541
566
522
769
654
663
705
759
650
486
534
619
565
597
576
545
780
680
553
647
579
644
762
670
587
608
452
779
584
270
703
622
745
647
596
584
552
479
441
492
797
431
429
493
583
224
644
521
599
640
588
500
684
410
655
617
548
543
349
628
754
560
680
356
631
633
617
545
558
418
453
365
542
597
632
524
747
705
552
775
712
327
582
507
553
614
575
567
767
848
687
730
999
783
579
357
699
500
666
506
425
627
634
454
549
513
470
214
484
591
695
367
557
673
604
402
414
666
772
785
731
715
945
955
925
636
923
464
638
552
543
587
549
493
552
664
401
537
523
467
602
651
658
677
631
577
695
709
627
675
777
591
552
554
710
524
599
267
127
321
668
942
517
503
401
612
622
500
702
588
542
684
607
534
578
582
561
589
558
533
539
268
612
1068
825
515
447
554
460
488
593
583
569
610
653
921
962
923
925
892
1009
820
649
772
572
472
311
679
567
664
459
511
1166
1364
1011
719
696
633
890
318
242
515
640
484
471
464
445
496
606
619
666
502
176
429
412
1029
1156
1083
1130
532
524
539
489
470
638
689
530
460
756
646
788
305
327
530
483
961
481
550
527
356
438
405
436
453
402
459
570
387
475
464
532
531
442
479
375
379
554
608
515
500
518
462
530
897
476
653
473
429
508
732
875
405
359
315
758
432
506
493
760
620
730
684
865
164
505
247
490
547
256
495
711
576
401
930
896
845
901
768
549
214
422
469
684
672
643
694
662
561
536
806
708
825
718
447
485
502
492
859
748
729
425
505
538
450
440
449
635
1003
804
445
418
613
720
557
379
667
411
491
498
500
464
496
499
987
894
809
395
774
598
669
568
553
469
489
485
626
354
376
440
315
388
481
333
407
545
718
807
425
479
517
637
222
326
365
308
366
378
377
579
763
562
552
-1
444
379
613
683
388
740
451
662
585
560
647
453
308
572
357
521
605
763
573
477
460
346
616
417
662
544
447
627
423
644
400
340
397
351
365
482
375
413
336
385
394
387
683
350
481
557
467
607
384
603
368
274
416
515
591
347
321
559
309
626
301
468
579
325
683
500
459
634
829
435
395
687
429
551
583
544
488
355
459
408
426
415
417
387
778
1108
895
1152
533
639
496
468
454
456
488
398
357
425
476
471
449
502
379
411
422
352
335
397
473
318
313
372
351
259
368
281
429
365
580
591
504
260
416
523
342
472
387
153
503
283
283
510
464
509
528
390
389
395
381
819
448
837
500
365
546
404
427
538
528
368
551
474
396
391
434
645
619
415
407
445
358
289
435
977
468
526
342
536
403
743
507
368
380
451
362
343
401
368
297
315
743
356
422
468
453
338
403
394
609
392
330
331
301
313
528
485
358
388
327
405
365
370
435
408
318
304
326
422
442
421
486
386
589
381
367
422
583
340
299
364
349
340
403
379
587
346
329
321
317
316
349
270
662
526
289
379
327
329
314
509
334
418
474
600
322
458
351
436
437
540
335
369
533
284
463
571
513
402
352
367
393
533
414
299
289
358
526
348
288
473
280
359
322
645
420
305
393
371
229
356
401
585
312
588
356
466
367
320
263
329
377
276
383
689
712
273
454
303
490
358
320
430
419
314
404
289
355
356
475
274
491
465
320
333
279
410
250
411
474
215
316
461
323
297
394
255
322
619
298
275
439
289
275
528
483
321
374
369
292
449
301
242
189
336
351
259
310
197
312
275
471
616
273
189
307
354
342
429
695
257
431
421
230
325
366
370
833
470
306
231
333
517
337
285
267
393
337
307
623
316
283
201
232
608
244
204
275
260
358
295
445
424
308
718
283
300
260
163
149
115
329
388
351
312
273
322
171
366
397
222
386
366
320
231
305
300
319
297
300
229
330
383
458
296
586
245
367
257
312
316
140
511
542
402
349
313
337
365
303
336
302
187
380
202
277
379
246
253
349
566
562
243
538
521
828
318
361
442
406
434
376
476
306
199
280
265
427
283
203
341
213
150
197
291
280
180
305
264
240
241
297
269
314
418
257
281
457
380
302
369
277
267
440
311
268
213
289
376
301
259
262
186
256
397
316
347
438
421
443
244
290
285
271
265
235
413
165
186
101
410
242
226
329
473
413
358
306
179
239
277
244
342
327
246
226
228
371
422
258
494
388
324
268
366
212
492
506
322
261
292
252
229
430
379
239
187
177
277
351
431
203
318
331
263
192
252
165
348
270
321
547
246
242
326
335
336
301
358
423
350
387
281
213
347
349
171
290
265
207
291
307
419
292
289
431
506
359
414
353
335
252
228
404
191
189
420
230
326
291
253
216
454
414
156
464
310
343
319
233
312
285
238
244
365
330
430
289
385
511
322
171
216
480
318
207
238
242
611
494
459
431
297
374
196
371
472
448
260
865
204
357
197
174
239
252
165
311
202
252
217
212
344
217
347
296
309
299
166
237
261
292
181
400
224
272
323
291
313
163
296
282
248
344
283
283
222
325
325
238
203
428
287
400
302
311
192
264
182
225
222
217
568
203
152
224
304
187
168
253
270
237
299
610
215
201
209
252
267
344
234
295
429
418
340
264
272
310
388
390
232
439
332
222
411
378
219
277
393
257
274
253
159
344
254
187
219
143
276
333
262
175
244
236
181
217
151
239
370
331
307
211
310
228
305
187
185
256
192
170
219
94
331
353
222
283
319
358
395
427
340
334
277
339
260
175
188
311
214
194
386
208
220
343
227
437
254
205
167
536
403
174
198
233
203
296
450
305
237
295
289
345
261
124
341
184
230
362
379
360
204
278
233
498
170
188
196
348
319
182
571
227
128
268
158
204
183
195
230
777
180
317
344
165
205
145
259
319
351
228
249
501
176
153
169
186
436
295
465
208
463
256
475
320
333
254
376
182
161
239
274
313
310
176
253
251
261
139
197
162
207
198
161
161
226
170
228
363
225
521
191
322
306
172
265
230
258
188
231
172
413
167
199
527
212
290
341
96
233
203
229
304
261
295
175
137
228
190
195
188
199
202
325
184
144
203
123
292
211
193
381
284
483
374
175
333
415
223
182
318
185
323
247
263
279
412
419
272
298
259
251
202
262
237
152
243
219
335
295
144
225
192
233
234
221
275
260
116
299
333
253
244
132
351
228
195
151
192
269
407
224
171
247
160
316
192
180
466
242
565
157
206
330
337
279
335
169
53
75
369
297
199
204
321
312
139
284
173
130
147
307
310
341
119
213
175
148
177
210
341
164
366
183
201
250
229
222
292
223
198
209
120
193
204
184
221
336
270
167
259
397
273
136
112
311
242
208
261
111
186
243
223
221
158
541
333
269
199
339
266
195
455
320
94
256
287
258
254
216
178
275
163
136
203
168
154
122
118
76
166
277
241
203
239
461
461
301
319
116
167
143
189
69
257
325
116
270
186
113
174
277
123
157
231
195
278
200
149
230
121
121
111
382
404
173
342
268
117
224
114
119
237
145
104
94
140
181
316
145
299
179
157
459
158
211
178
197
64
239
231
199
56
126
108
237
389
135
120
279
155
226
116
67
219
151
137
135
296
174
129
151
122
94
187
171
150
185
177
32
61
114
241
89
152
255
214
166
267
224
186
152
116
120
150
116
126
113
131
100
206
132
240
103
131
107
141
140
284
282
165
81
57
154
130
129
212
74
218
234
77
128
87
71
90
55
123
130
77
79
93
101
60
170
107
85
213
278
109
107
113
49
67
164
81
51
47
59
106
78
116
115
70
134
66
568
273
