666
579
519
484
452
352
569
496
40
482
503
433
510
519
362
389
330
401
373
442
410
381
424
586
547
397
347
395
454
466
463
511
642
588
659
745
717
591
618
568
628
625
616
600
575
575
550
563
753
513
665
716
780
713
568
659
682
518
850
734
734
593
658
753
571
602
581
608
666
642
584
510
551
556
600
662
572
557
578
555
645
564
639
682
588
519
769
918
561
603
552
591
577
481
481
475
775
532
528
788
792
696
449
463
497
586
627
537
590
707
669
589
719
509
526
677
472
798
644
528
572
459
534
530
549
534
691
451
742
581
487
653
728
653
571
400
444
472
573
722
579
809
446
448
467
451
389
451
575
476
405
397
459
416
377
536
557
566
503
571
540
565
588
473
416
470
534
474
469
528
583
506
551
466
538
386
561
542
485
485
355
471
748
409
389
596
462
335
419
409
386
380
440
579
697
596
493
492
408
336
516
485
429
446
350
537
558
527
600
628
546
584
597
409
633
518
380
512
473
513
489
523
516
544
523
515
579
437
663
481
630
522
399
462
439
465
505
473
530
622
479
528
529
785
649
470
628
438
694
676
559
496
633
702
518
491
303
521
508
380
576
531
515
423
607
434
483
590
524
627
515
437
767
909
421
417
408
329
327
444
453
498
417
436
421
518
384
463
293
632
537
539
466
468
546
651
403
430
395
562
445
580
568
586
562
506
405
390
394
366
330
295
350
300
427
509
413
389
501
352
424
473
487
449
476
448
518
620
417
355
418
515
486
453
629
606
453
456
537
414
501
375
457
412
366
580
583
674
626
366
490
554
423
430
414
628
444
392
425
452
360
360
478
417
393
682
461
489
346
361
469
421
580
511
419
317
366
435
546
478
419
406
537
565
432
421
357
341
476
440
493
508
420
417
417
323
369
369
370
620
357
481
431
403
394
409
368
501
433
397
440
346
450
357
258
423
358
327
613
310
367
362
410
506
509
315
287
352
327
527
407
424
646
562
434
535
622
547
579
469
420
429
411
390
567
600
511
516
701
494
388
554
377
370
593
277
221
451
491
471
459
440
411
440
441
365
532
507
773
458
646
661
588
596
751
750
710
584
816
762
733
387
659
501
390
435
593
407
294
330
406
518
490
336
439
288
290
372
358
381
369
301
437
444
458
327
697
362
478
481
477
301
394
476
301
379
377
715
426
420
314
455
421
455
452
354
402
434
407
409
399
353
478
414
334
385
378
440
343
493
361
352
282
358
343
389
578
391
303
333
353
496
568
535
590
451
467
538
345
671
390
371
504
430
332
504
352
393
406
535
599
450
455
393
672
427
353
322
531
266
256
260
327
316
300
533
407
581
137
235
467
482
584
550
620
432
432
304
270
354
1054
845
1290
-1
830
693
561
265
297
306
343
630
550
286
441
268
250
249
259
290
284
555
306
423
366
309
451
263
277
477
275
421
393
469
340
352
365
296
380
578
321
254
345
264
368
521
573
305
449
361
422
357
256
283
600
459
413
366
541
243
569
408
640
266
124
292
587
345
292
517
500
469
404
315
342
240
371
335
385
379
368
378
366
338
333
374
536
393
720
283
315
368
302
406
282
350
292
256
549
321
301
366
435
556
485
354
345
376
511
395
407
265
302
273
247
262
234
284
252
571
533
466
295
514
398
414
441
434
289
310
486
426
312
347
384
231
293
416
563
204
455
592
608
326
327
461
572
317
251
268
444
427
279
291
455
314
297
368
460
359
292
251
384
268
451
195
266
367
326
523
387
606
339
311
456
556
468
287
294
246
224
430
254
346
357
352
436
231
484
308
226
264
207
227
349
317
299
226
333
299
224
431
547
251
288
279
474
297
428
257
110
373
244
497
198
182
275
301
364
220
258
359
187
547
302
289
292
353
274
192
544
355
347
273
349
333
212
300
241
259
300
246
231
400
334
470
410
346
463
283
243
217
219
275
228
230
244
279
289
247
277
188
221
221
310
234
235
271
385
314
349
329
253
348
273
278
273
407
416
479
253
281
278
275
250
257
207
307
605
229
379
253
475
272
245
201
204
261
417
256
451
272
219
353
212
248
293
259
276
378
328
364
298
324
294
296
307
263
374
202
329
255
330
352
319
234
380
242
447
427
221
199
322
191
194
315
182
146
186
471
211
630
331
400
234
316
248
382
278
223
239
239
214
363
281
151
279
243
353
177
344
295
225
202
168
209
278
267
270
352
213
359
188
264
269
320
268
194
237
237
181
437
180
313
218
192
216
174
192
230
184
367
356
225
469
170
171
177
384
210
354
242
365
287
252
208
295
402
434
253
238
390
297
177
291
292
285
180
305
249
402
225
181
305
226
542
213
362
309
181
299
202
269
311
238
238
270
203
239
286
398
234
296
221
490
204
229
177
259
236
206
256
503
342
157
348
209
475
275
197
245
277
172
280
312
219
240
311
170
279
209
241
217
525
201
508
798
239
154
230
312
411
201
221
182
172
232
219
153
245
187
146
282
276
248
247
236
194
396
164
234
203
209
304
190
208
304
219
148
344
259
324
323
181
186
322
191
290
180
315
412
174
194
173
176
364
343
235
131
281
332
260
129
125
333
238
223
597
191
169
99
151
286
147
199
206
244
213
177
240
234
187
482
172
198
227
287
270
211
372
319
209
154
278
179
167
210
238
139
292
374
207
186
196
186
228
207
214
198
277
254
356
151
305
138
128
150
181
234
195
301
324
219
183
150
186
184
256
176
166
146
322
106
186
217
143
131
209
393
395
102
404
238
386
148
248
315
320
379
203
296
323
112
177
161
239
159
107
173
145
75
118
184
204
124
155
162
189
189
193
126
199
219
139
145
276
267
235
265
184
168
268
221
141
119
261
300
194
145
148
119
169
257
194
145
170
165
294
136
170
154
150
156
160
343
177
150
73
324
170
153
261
180
268
291
245
137
159
150
145
144
285
174
186
247
279
305
183
303
355
274
140
202
176
267
253
243
163
190
141
91
405
344
158
154
138
329
211
425
144
155
182
180
252
189
232
220
165
146
293
149
160
289
357
339
329
353
255
183
324
157
143
211
181
75
217
129
134
177
179
271
192
158
389
180
155
174
394
378
143
167
205
155
173
292
162
205
168
149
221
215
268
190
287
157
183
196
135
192
163
167
161
239
218
249
179
200
237
314
205
126
313
152
132
162
142
243
182
197
199
225
230
164
230
198
254
143
303
101
211
186
189
154
133
87
219
137
148
134
140
270
132
175
179
277
245
129
175
165
176
86
208
132
253
232
197
274
84
172
322
150
206
147
165
171
222
155
152
112
255
212
262
171
191
125
167
122
159
136
149
255
198
165
117
151
107
84
166
160
174
191
361
122
109
117
102
97
200
180
211
141
215
192
169
216
187
222
247
150
339
321
197
153
300
125
133
326
163
209
151
135
225
190
198
226
97
176
174
159
98
206
176
115
141
116
179
188
205
224
127
227
125
225
137
226
143
108
100
188
96
207
208
121
186
234
155
191
264
192
221
138
271
169
144
100
214
152
99
248
206
108
348
193
211
149
112
128
313
286
160
106
157
162
324
263
121
146
160
197
147
168
124
206
127
161
233
229
255
109
177
158
342
113
132
132
261
276
143
306
227
105
156
106
162
143
128
212
204
98
304
207
126
149
94
127
205
163
130
198
176
112
136
143
107
260
265
271
209
198
155
233
171
182
193
188
99
111
150
175
222
405
91
164
210
147
97
139
207
159
154
255
145
248
159
144
240
149
206
135
161
270
164
144
225
132
145
136
88
258
100
117
236
103
207
214
40
160
162
184
191
93
147
118
83
146
101
114
89
126
120
286
115
143
119
93
256
122
151
151
195
253
243
97
226
202
127
106
220
108
146
113
160
157
166
208
123
272
146
180
131
147
164
115
144
122
191
145
111
156
161
124
128
166
184
100
14
195
160
251
154
101
337
130
117
69
118
134
288
130
207
158
116
142
116
163
137
183
295
101
218
118
192
195
209
107
113
147
246
255
158
121
180
194
55
213
151
82
92
235
210
99
82
177
124
97
107
182
213
100
305
97
120
182
139
218
171
191
114
165
87
100
135
107
123
127
159
115
149
317
171
105
84
228
162
116
147
65
143
242
110
145
133
307
167
196
153
196
135
113
162
305
92
160
246
133
165
141
131
187
133
94
147
101
102
136
113
88
112
155
147
144
160
243
243
191
267
98
122
99
110
2
168
194
125
227
134
116
124
159
82
94
109
94
248
205
88
167
118
94
110
188
464
97
180
138
90
97
106
66
148
75
55
46
78
110
139
103
159
105
101
249
116
116
117
129
39
166
193
122
68
81
157
176
219
86
107
153
107
97
63
52
161
112
132
132
164
135
112
76
111
56
111
122
112
45
124
42
41
100
103
58
105
129
118
74
112
98
127
116
94
80
120
67
76
62
80
52
107
78
142
71
54
102
87
70
144
145
80
38
30
87
91
90
130
64
185
128
69
85
82
43
55
38
96
81
43
57
57
66
36
105
50
65
69
106
67
71
67
34
35
64
35
21
34
33
61
89
46
47
62
47
42
464
231
