555
685
694
684
634
558
753
641
69
656
622
611
563
543
569
567
575
601
560
697
540
517
474
499
449
480
516
580
691
709
684
683
735
761
901
896
950
805
875
691
777
830
809
853
807
697
657
743
621
682
969
877
955
855
816
841
888
773
911
1016
1005
771
965
748
836
842
899
828
896
822
871
765
860
859
573
477
950
850
633
746
611
823
876
668
908
863
658
666
811
608
814
799
730
789
655
577
497
628
769
500
677
820
606
719
695
717
802
718
735
839
611
640
696
615
601
788
568
583
628
709
642
533
472
731
453
681
392
652
691
653
740
799
799
809
450
576
599
638
502
452
738
1094
439
647
513
598
396
657
775
688
575
604
618
561
519
835
844
668
664
840
803
649
699
656
641
722
780
623
645
551
588
571
410
457
507
524
446
462
597
437
331
602
630
625
569
412
360
438
344
305
323
394
335
494
347
415
562
562
372
515
664
774
664
663
564
416
735
786
909
753
890
889
585
604
287
691
498
830
760
833
576
721
805
771
812
693
644
707
815
766
465
738
623
675
673
872
734
726
834
879
821
766
861
589
525
831
885
485
360
337
294
234
287
363
397
502
442
648
602
264
376
260
656
748
456
625
219
698
549
801
844
502
668
553
865
552
563
562
543
564
673
757
624
792
768
865
557
626
500
540
770
761
488
652
807
739
616
418
723
814
656
766
749
757
577
695
712
421
397
467
355
313
362
376
695
341
811
606
661
458
620
740
698
799
761
754
571
580
459
511
553
683
720
740
490
654
691
757
865
320
779
616
716
709
609
828
378
738
641
467
737
764
773
717
598
594
658
502
526
755
550
593
640
654
651
532
732
639
552
578
701
771
849
839
800
572
608
662
737
743
768
622
446
942
627
212
639
568
765
825
593
614
554
454
393
515
642
426
423
458
767
213
736
523
552
678
665
517
691
507
651
659
579
644
255
693
638
627
718
413
638
597
625
638
670
347
601
529
670
665
737
614
727
634
556
684
918
467
651
619
550
742
719
731
618
690
582
564
872
766
496
320
667
412
855
462
390
769
729
436
641
630
512
309
646
527
779
361
524
600
875
603
643
1128
1303
1324
1272
971
1132
889
826
557
816
438
451
555
447
648
499
618
642
859
389
487
523
429
506
663
641
719
676
572
683
711
671
526
959
533
666
1022
718
600
691
313
177
229
636
875
670
466
470
713
516
473
753
659
519
673
664
666
680
625
587
701
670
609
575
305
770
671
587
576
484
682
557
601
480
538
526
730
868
674
700
700
608
741
530
669
548
910
735
709
389
591
559
841
508
673
638
682
748
676
676
601
1019
342
271
563
916
508
477
510
528
480
472
679
622
491
266
580
339
717
691
846
818
653
571
535
475
585
673
758
564
435
745
441
647
374
363
697
584
931
574
556
627
514
587
557
450
520
372
465
501
538
684
701
440
479
701
547
456
376
566
755
737
529
695
702
722
643
628
538
657
560
642
676
773
583
303
391
617
474
565
547
1130
818
603
552
882
186
586
200
680
371
370
561
880
573
424
463
415
512
543
537
453
220
550
555
758
698
698
691
670
637
576
548
1081
574
805
549
578
598
614
552
584
499
397
434
921
656
644
380
-1
729
850
637
520
651
839
654
467
470
610
520
523
530
491
534
478
654
650
894
571
787
524
682
545
683
537
665
492
661
445
433
557
370
392
339
251
579
905
977
781
634
666
494
639
340
388
423
296
454
437
544
755
549
521
508
635
396
564
461
475
298
746
661
416
553
560
759
500
253
500
513
455
633
663
586
452
498
291
711
531
547
686
687
696
510
832
559
462
370
467
464
526
527
561
391
537
329
525
452
362
844
563
536
1141
415
772
497
260
542
495
1136
396
284
502
360
720
228
525
516
437
797
790
616
721
720
834
448
841
565
600
614
686
598
492
491
477
401
528
536
463
872
590
419
656
772
638
449
433
392
409
532
517
484
517
705
519
547
678
478
372
478
395
468
427
545
393
399
450
430
343
459
368
608
575
728
768
572
341
432
512
321
488
497
186
593
290
429
844
504
812
581
520
427
436
436
623
488
791
580
524
1069
410
433
592
639
504
926
720
543
445
521
480
499
602
375
515
433
251
510
520
732
577
351
712
441
782
554
503
498
377
553
562
529
402
344
438
957
417
429
633
629
361
398
551
679
524
430
439
397
448
865
719
358
596
377
542
396
406
620
515
438
423
432
542
538
516
574
438
590
422
483
493
535
499
431
496
467
385
505
502
629
366
456
465
421
416
472
369
743
625
478
374
325
379
387
456
471
513
476
719
435
621
426
644
478
670
473
404
317
370
365
522
475
464
372
568
732
729
520
366
343
401
603
417
363
419
383
489
422
690
481
399
443
510
295
479
370
778
458
453
462
597
711
417
323
483
446
322
441
783
593
431
635
292
735
531
405
505
623
485
475
346
407
477
413
445
546
359
543
482
290
451
313
348
526
323
422
614
319
465
479
345
479
492
446
377
620
388
410
567
589
429
457
409
341
518
398
357
306
469
328
337
465
249
442
399
601
367
241
145
377
420
302
462
506
397
662
824
369
405
430
434
423
512
554
281
425
686
388
395
367
514
400
421
742
471
418
241
320
450
291
328
432
384
548
350
609
508
416
711
371
503
368
115
102
75
270
569
428
361
339
437
218
431
511
302
496
454
409
323
423
397
450
412
384
293
378
531
578
330
361
354
394
327
368
488
185
647
626
451
344
449
381
419
246
475
432
263
631
371
477
352
322
309
448
472
471
246
463
541
599
354
463
644
606
663
444
405
397
302
450
334
596
402
240
394
305
260
301
311
342
282
348
357
305
310
412
306
372
418
334
388
473
499
382
689
308
306
611
458
329
296
374
562
354
315
367
247
306
492
685
403
380
375
778
293
370
328
387
373
340
517
161
236
126
423
364
309
406
390
368
440
423
261
314
306
355
385
350
379
323
309
533
606
333
537
642
595
344
410
256
501
543
483
324
415
276
319
523
509
313
283
251
343
398
600
267
312
357
368
227
321
274
483
338
267
635
351
305
437
496
532
527
573
441
407
453
337
281
328
385
292
372
351
329
367
369
542
394
369
513
431
326
388
576
552
306
285
469
267
247
438
257
368
367
351
324
365
547
235
587
437
485
421
301
400
365
389
354
425
464
507
362
385
500
308
267
279
818
324
290
248
267
551
383
445
421
611
462
296
751
492
643
334
458
265
413
272
251
307
317
206
514
274
347
278
288
562
279
361
319
474
419
227
309
303
337
219
543
288
409
459
274
352
217
408
297
305
374
349
303
311
449
243
336
271
501
617
731
375
409
270
341
257
263
272
330
396
270
235
279
379
247
193
334
310
328
371
453
284
263
275
246
237
436
320
422
400
504
372
399
385
464
397
646
271
553
494
291
390
499
251
360
377
540
363
308
292
353
355
274
320
241
360
381
354
226
369
304
240
297
221
419
312
431
427
216
343
202
354
261
255
268
287
195
285
125
405
412
288
313
422
341
409
507
423
390
331
363
376
237
214
309
264
222
607
322
327
549
277
381
341
261
230
535
439
245
290
328
291
435
655
351
274
258
413
554
325
152
429
278
252
416
448
507
242
396
276
731
243
258
322
386
395
272
579
374
180
325
220
294
268
275
344
365
226
374
384
239
312
201
298
407
357
280
379
352
226
207
222
208
474
360
674
270
361
216
517
346
453
330
413
273
212
253
278
397
428
233
324
417
302
182
273
242
297
282
140
209
290
232
318
511
299
359
239
281
438
214
369
299
256
275
322
277
415
241
264
471
253
402
276
134
333
242
304
317
262
344
263
192
432
252
254
226
270
251
359
270
184
302
153
378
293
281
302
377
395
278
242
404
449
246
220
401
265
269
258
305
306
328
328
279
489
358
337
250
293
324
191
310
258
357
362
201
318
271
374
331
433
358
269
91
411
308
455
320
175
516
268
234
189
258
284
670
243
242
337
187
326
231
276
331
400
340
178
322
360
359
413
541
251
54
54
422
340
271
241
283
340
159
302
242
180
159
383
361
237
171
276
235
177
250
314
359
185
450
209
249
339
259
313
361
283
224
303
158
228
277
195
304
306
290
191
264
528
311
156
151
617
348
286
307
131
255
371
264
284
217
375
415
353
261
463
349
199
350
312
135
258
360
268
305
206
226
333
192
136
281
166
238
170
176
118
226
391
306
395
363
319
322
285
257
146
240
156
281
73
342
339
193
379
230
172
192
446
152
156
235
230
356
229
230
312
178
161
178
318
192
184
249
371
163
186
154
154
234
167
109
153
126
234
348
153
289
354
171
324
215
210
245
255
96
331
320
276
77
159
140
346
410
157
133
289
161
214
124
91
260
167
215
217
304
170
157
188
159
128
195
209
177
123
257
73
91
153
217
116
207
260
241
200
246
218
244
183
151
155
148
146
164
145
170
103
254
145
235
131
155
134
187
137
250
248
181
86
78
187
152
150
243
80
298
243
104
138
125
89
120
71
163
167
83
100
117
141
57
182
131
116
169
260
149
149
141
54
82
115
109
53
51
77
127
80
94
94
95
93
88
495
365
