411
473
476
469
469
426
522
501
70
478
444
408
364
348
364
391
388
435
394
488
368
454
355
424
360
305
523
439
535
467
506
464
516
547
549
586
665
557
601
536
575
606
567
618
678
660
620
659
435
699
661
645
660
623
591
587
653
637
569
618
690
762
553
576
626
618
595
654
611
628
604
671
560
605
547
331
603
623
444
542
474
582
568
471
646
711
444
348
630
467
620
577
499
518
536
431
416
589
544
362
391
507
548
601
512
488
462
560
475
435
416
425
405
391
416
428
505
359
385
444
444
445
420
582
381
766
279
398
476
379
534
386
373
399
293
507
582
561
282
307
468
510
401
542
407
422
250
445
547
802
538
689
696
622
567
553
576
470
504
518
657
463
481
408
491
534
506
444
429
373
353
371
248
298
259
350
280
269
387
279
233
453
372
818
673
257
258
353
228
230
225
266
206
223
227
269
384
381
248
521
482
403
485
498
500
338
450
508
538
604
547
493
421
584
202
544
485
537
590
523
369
558
616
593
674
610
501
763
491
609
294
492
515
570
701
610
582
487
616
617
547
589
456
309
261
594
454
474
289
206
274
191
192
251
291
356
402
478
435
125
224
151
276
559
255
429
123
493
590
545
632
334
410
276
614
689
696
696
705
746
551
663
518
588
604
603
435
432
657
319
502
500
322
498
550
413
511
440
642
597
516
387
372
393
302
372
586
274
277
308
266
229
220
260
523
323
628
643
519
514
484
666
567
575
595
531
382
354
538
508
791
575
546
538
315
526
617
693
543
206
541
704
556
511
689
483
322
386
308
422
471
371
555
523
590
439
543
410
589
515
564
520
479
495
532
372
604
565
620
617
552
660
335
355
607
601
777
543
566
530
482
587
323
416
689
136
493
459
539
573
466
480
510
416
438
463
512
295
295
238
613
94
500
411
466
544
473
484
571
321
487
529
447
651
238
599
610
548
426
392
703
466
700
483
537
213
692
713
520
460
581
463
266
248
250
288
342
241
396
267
502
741
657
670
273
302
303
263
398
464
320
347
438
310
293
409
334
658
551
319
521
532
454
232
657
466
531
209
198
446
340
252
253
363
368
355
339
343
369
343
342
555
403
351
385
484
308
613
390
720
724
555
323
561
498
446
439
519
506
502
551
566
568
505
490
536
304
456
451
391
600
705
596
174
144
253
547
353
602
368
474
546
417
420
552
521
416
541
464
686
746
583
390
599
512
798
661
228
646
393
373
692
641
563
768
536
309
510
543
497
521
356
335
326
299
395
285
352
527
331
513
565
195
504
619
527
748
573
373
329
347
440
533
492
353
490
425
429
303
720
754
733
621
646
419
528
491
471
164
823
253
383
349
332
315
473
378
534
580
693
236
244
193
181
263
239
327
224
378
637
421
333
432
474
445
862
531
509
535
694
528
349
501
409
639
598
341
594
669
438
398
341
551
578
640
540
608
551
670
279
717
406
579
596
476
332
348
726
222
536
442
534
548
532
373
498
280
266
277
120
434
122
220
350
337
641
332
390
421
306
239
265
325
414
373
161
692
612
541
525
526
516
529
549
518
430
359
347
291
506
485
549
529
328
375
359
388
446
292
699
720
404
383
332
282
646
538
669
384
400
394
425
697
480
620
495
488
518
452
234
285
407
583
291
430
403
375
537
542
611
148
242
346
380
543
319
465
265
198
453
313
320
346
610
537
299
419
292
480
429
98
320
470
546
412
387
426
372
280
410
574
404
280
198
400
410
365
416
390
335
454
130
380
527
148
191
260
469
510
691
275
372
447
351
612
460
509
646
362
682
934
311
654
668
689
570
724
565
540
261
457
317
328
470
495
573
361
266
530
714
238
442
493
353
437
249
435
267
283
126
569
465
628
329
477
580
438
418
471
419
264
550
600
462
516
676
720
609
562
423
452
445
448
284
285
246
296
455
217
527
526
497
490
486
458
471
476
418
486
587
530
629
295
481
389
572
442
623
305
324
329
290
332
275
347
531
634
314
326
355
223
443
417
265
658
551
213
496
89
324
339
567
440
550
452
501
495
242
320
564
303
376
569
294
553
612
403
389
548
321
277
415
501
660
313
307
765
371
376
383
192
414
277
334
512
360
504
524
282
294
448
445
229
584
574
565
623
577
393
313
417
179
385
530
253
343
492
544
721
661
765
658
579
341
295
528
440
535
203
449
253
578
653
561
697
791
635
652
647
589
598
523
588
384
519
364
672
535
677
591
718
362
468
555
380
460
458
483
586
754
674
248
215
641
223
424
399
384
323
596
578
441
515
456
297
425
354
582
519
565
541
174
321
419
378
542
329
531
524
367
299
509
370
302
418
261
544
322
433
-1
496
399
299
517
455
429
514
213
757
298
272
524
311
483
332
447
645
539
551
481
568
541
307
356
440
585
356
244
519
467
411
625
459
487
468
595
277
329
473
557
366
513
605
175
409
122
153
475
626
615
626
248
444
696
649
393
485
484
439
510
494
447
502
428
415
370
332
316
415
361
316
249
648
434
400
539
217
544
486
607
311
149
109
567
589
304
395
246
447
344
335
696
430
443
443
256
434
345
358
568
284
610
485
510
529
467
377
298
417
381
329
539
306
331
541
506
547
553
480
304
216
464
268
770
477
509
63
104
62
168
345
483
411
277
392
237
538
539
508
627
428
543
463
473
459
462
439
407
349
356
518
581
540
197
381
376
627
470
558
162
309
210
269
224
421
417
415
200
467
488
386
299
312
494
430
589
549
371
299
295
293
212
407
278
374
583
449
422
351
427
323
389
341
372
424
312
613
323
591
593
529
676
368
349
416
431
760
343
308
494
426
448
538
430
461
369
517
442
404
265
339
263
556
415
616
525
434
526
343
323
243
494
389
263
368
334
325
309
614
663
417
399
354
501
442
221
218
166
413
624
398
298
405
248
400
404
269
663
509
434
399
412
529
376
427
276
270
345
308
294
275
362
515
633
500
218
533
653
579
326
381
250
257
416
555
498
257
408
215
293
354
524
478
227
363
231
400
319
221
363
540
411
460
211
226
211
231
333
406
386
595
244
217
419
287
527
443
514
412
419
508
372
345
393
296
365
321
211
211
327
270
251
469
259
448
382
418
401
364
499
239
528
307
283
525
580
501
585
493
529
425
375
414
456
387
427
552
384
316
275
336
318
440
413
379
336
257
202
208
215
389
380
375
309
304
233
365
209
303
352
264
217
411
394
444
341
281
536
422
426
252
505
375
477
414
397
321
342
293
494
425
309
469
419
467
339
436
344
480
352
488
542
343
302
497
697
128
482
600
510
318
321
315
409
489
420
314
280
289
268
268
231
263
362
501
321
275
305
486
491
578
237
310
378
371
281
278
445
377
245
277
230
247
453
384
538
223
540
330
403
204
417
298
423
413
409
200
291
417
459
398
201
456
326
446
263
345
231
647
554
475
306
414
313
275
392
199
411
370
381
311
140
345
457
215
427
565
239
245
141
369
376
436
483
471
235
407
286
399
530
323
259
549
251
373
340
386
418
235
287
384
208
502
226
332
300
489
337
424
457
333
438
365
411
291
302
288
244
433
198
350
255
504
362
290
232
223
240
293
529
372
450
299
733
406
190
244
354
284
150
333
518
269
518
393
338
340
237
335
266
349
488
400
235
264
239
308
296
308
227
270
178
212
166
328
375
221
441
314
163
315
356
248
174
230
497
502
154
191
224
146
383
222
380
283
176
333
242
395
273
48
287
337
293
334
196
404
302
334
220
555
276
378
365
247
321
179
235
354
277
258
192
363
447
184
148
574
367
251
263
161
352
418
336
253
265
445
295
360
266
262
327
211
394
223
452
274
311
308
429
247
277
269
219
225
250
212
180
517
251
252
318
318
262
286
400
157
386
403
350
327
449
316
342
391
435
377
306
367
439
209
406
227
516
228
37
384
297
260
420
345
386
269
333
254
279
466
278
280
247
347
271
234
238
335
204
202
240
207
309
554
227
171
235
330
19
30
495
264
288
268
318
368
157
216
356
365
324
515
218
217
209
368
297
266
411
413
205
258
160
244
315
386
249
282
485
314
294
348
232
291
371
175
425
217
484
211
276
251
489
248
285
271
375
407
295
149
316
318
437
306
302
212
229
417
358
194
361
227
298
251
226
299
381
283
194
207
322
206
258
211
335
218
219
196
230
125
284
241
378
239
409
185
187
191
128
212
275
209
295
147
345
274
161
178
128
178
228
199
237
241
195
191
328
271
297
332
165
304
224
259
98
102
171
461
351
239
268
179
260
204
160
233
119
409
169
193
335
212
207
203
211
152
306
258
116
278
278
440
131
207
194
298
251
262
218
207
183
263
79
200
155
204
280
284
324
215
231
194
181
188
163
230
216
66
312
94
172
198
172
143
216
259
189
224
223
353
276
210
163
170
91
176
187
169
195
183
449
189
234
166
177
162
207
200
208
207
302
131
109
268
175
173
250
119
149
197
147
184
65
107
173
112
90
184
110
186
162
147
110
206
111
132
147
153
129
96
118
74
137
130
155
85
73
160
172
97
108
109
159
79
119
373
181
