1306
1437
1425
1331
1203
932
1543
1451
196
1482
1307
1548
1333
1405
1679
1406
1352
1099
1149
1196
1432
1355
1451
1088
1199
1136
1314
1263
1238
1126
1186
1189
1182
1203
1285
1201
1186
1047
1092
1127
1105
1015
1078
994
964
1143
1173
1082
1074
1030
1070
1001
916
969
907
1045
917
900
1076
944
925
956
972
779
807
818
914
852
905
913
1065
1212
1084
1171
866
1042
888
939
882
1015
392
838
765
847
775
686
836
809
740
1263
959
926
1057
1111
1108
953
478
923
901
438
736
869
1147
1073
931
724
755
707
734
769
816
752
840
585
660
694
626
822
749
641
532
519
846
906
904
805
617
578
1030
643
1117
619
629
659
472
558
639
644
1123
490
938
799
324
600
628
597
210
558
1021
771
978
994
836
558
1111
950
819
687
619
1020
885
730
711
1177
1084
957
1070
473
468
536
527
513
265
229
450
390
481
498
441
515
222
630
877
819
980
668
381
335
368
215
327
335
387
448
587
497
867
862
258
1095
914
538
1105
1116
1113
602
684
823
658
714
904
884
864
937
477
940
1087
916
924
813
418
889
712
710
751
840
770
754
528
677
1043
858
1029
877
703
866
835
594
853
849
957
649
658
727
906
826
628
739
575
508
648
402
398
653
233
325
1059
672
592
156
486
460
369
958
729
540
327
707
477
725
808
396
411
603
716
679
705
590
598
787
733
762
757
758
687
669
1052
585
557
880
818
912
468
647
1002
764
1012
891
877
657
957
547
519
529
495
532
911
1847
1343
1691
1613
1183
1552
-1
912
421
688
625
1016
848
961
817
976
684
710
844
635
700
834
536
616
861
879
621
256
466
607
632
618
229
762
659
926
843
773
715
720
840
1018
872
759
950
795
880
746
930
672
911
638
812
811
1127
838
883
857
676
549
745
611
608
659
641
508
471
582
796
724
862
714
780
710
697
724
660
625
420
866
941
787
736
736
724
521
517
512
482
772
366
364
710
613
254
761
585
579
701
713
460
748
194
776
840
756
737
1097
658
827
706
789
326
678
1020
723
689
725
1339
547
272
566
655
673
523
466
456
265
375
545
189
599
627
530
611
599
565
337
401
379
345
712
695
458
513
793
830
412
1167
784
618
653
788
750
710
812
143
386
810
616
237
330
784
679
345
485
509
534
560
502
420
628
542
582
612
656
728
549
564
838
598
1151
618
644
687
488
795
557
581
841
812
863
721
770
784
724
706
708
664
551
820
531
464
681
575
708
197
37
749
895
495
616
977
547
666
939
407
783
657
418
880
716
555
576
774
663
648
580
540
542
128
539
718
513
614
490
669
571
535
586
556
565
613
533
603
569
571
590
446
431
529
518
586
578
485
242
538
613
607
550
503
600
543
464
504
735
635
608
324
221
603
462
494
487
480
534
599
482
583
781
436
3
423
1108
449
447
483
497
538
589
751
612
505
481
540
262
300
506
248
457
175
530
447
444
513
290
671
450
342
470
461
520
388
500
624
481
193
481
483
546
615
388
661
525
474
488
562
506
507
560
510
557
547
440
493
545
419
479
434
481
353
829
174
562
453
611
558
400
634
343
298
489
125
403
361
359
584
16
531
466
381
341
504
437
375
387
419
434
222
444
550
625
574
588
585
567
659
681
566
399
336
405
449
508
500
495
517
426
543
406
409
420
425
392
458
376
455
435
456
445
695
340
294
307
390
389
517
471
610
581
586
664
563
490
318
409
583
674
394
532
632
644
549
414
506
447
519
463
472
366
581
275
394
364
445
428
439
469
498
817
89
512
563
472
344
352
344
275
380
414
581
492
478
335
529
289
1109
521
443
565
762
727
310
456
279
665
403
360
356
413
369
317
502
949
497
495
367
418
318
661
486
323
367
330
737
275
307
471
392
408
339
250
1283
243
314
461
297
353
460
369
290
502
377
420
492
437
328
321
63
732
268
430
925
533
733
367
353
447
474
442
419
364
498
352
442
627
387
625
506
332
590
351
379
404
491
428
400
355
244
426
325
303
586
742
661
628
573
433
449
509
455
451
431
418
334
886
455
277
325
505
560
266
283
307
311
216
330
235
443
367
372
391
420
50
455
691
722
555
410
167
550
236
76
289
560
281
655
354
350
364
424
353
498
375
227
336
379
438
459
526
269
370
307
352
476
443
445
388
358
399
567
315
334
551
384
419
446
566
324
533
422
368
426
412
405
386
299
304
337
382
289
348
392
413
404
265
389
71
436
409
671
375
311
322
344
291
253
342
335
343
402
467
422
416
410
327
241
315
306
432
435
414
494
367
791
410
344
371
272
334
335
352
313
320
396
324
583
431
411
330
354
311
365
228
334
333
263
564
337
354
355
486
242
444
610
552
203
507
375
375
444
538
349
459
402
347
298
406
543
418
392
293
216
439
432
337
177
352
403
410
216
776
260
394
306
258
479
339
505
382
171
297
665
374
311
295
370
433
258
301
282
304
374
268
476
349
297
312
443
527
313
349
288
446
344
240
438
230
435
209
543
220
558
298
281
288
286
316
113
340
382
188
315
484
428
305
333
236
233
220
253
276
345
279
261
444
430
324
361
302
241
470
373
190
163
248
394
309
255
233
267
212
501
323
401
169
321
358
298
257
268
249
169
211
191
338
301
299
442
366
251
207
379
250
360
262
253
494
313
291
327
350
288
344
239
281
240
108
234
141
281
337
256
176
292
328
263
279
333
223
282
261
616
167
372
290
187
311
148
404
472
264
436
382
333
267
336
334
368
342
337
291
435
390
429
297
456
250
218
244
274
313
22
397
519
225
163
318
428
456
592
332
243
116
208
139
247
378
202
201
367
246
248
214
235
450
366
498
299
372
322
356
375
704
297
142
226
221
179
274
167
343
190
102
167
237
261
142
256
249
342
277
263
202
339
462
191
239
306
372
294
212
269
238
286
267
260
211
281
437
307
357
335
139
280
444
175
222
224
232
174
242
253
345
323
295
213
475
282
166
72
348
229
198
420
141
188
426
344
198
232
327
188
338
373
226
294
263
197
254
233
206
212
199
259
266
216
659
244
317
212
257
223
182
150
217
274
183
180
163
364
397
281
260
343
282
225
224
93
288
265
854
209
231
244
439
219
228
196
240
417
405
383
273
149
185
344
133
249
169
152
299
314
345
294
278
567
214
206
205
207
212
241
331
199
207
168
421
240
359
270
270
158
307
482
150
248
262
290
262
205
252
247
140
180
372
213
507
297
363
202
453
139
175
228
192
152
220
178
234
161
173
190
161
465
107
149
188
268
264
464
176
302
150
163
263
275
194
201
159
196
171
159
169
255
470
292
153
382
296
214
207
320
181
201
168
184
303
501
366
110
234
258
277
401
424
348
222
309
41
192
180
354
142
186
207
316
150
201
149
202
205
194
218
154
151
209
280
194
141
297
303
239
356
409
178
163
199
177
173
343
269
124
136
188
178
197
215
276
408
396
232
377
372
266
130
426
236
263
79
154
311
268
81
94
222
144
272
167
299
317
224
165
153
296
170
190
111
128
147
304
313
232
185
74
387
195
164
300
227
290
217
84
396
386
225
252
352
148
483
266
353
335
220
284
236
157
185
296
219
187
153
110
156
292
252
186
251
243
188
374
457
169
145
172
213
201
280
175
186
146
309
146
265
143
368
164
179
204
203
231
143
270
183
307
110
177
123
158
120
151
221
202
51
257
106
241
169
177
248
269
197
520
366
162
183
100
220
166
217
214
167
150
133
179
222
196
245
370
237
243
368
252
159
382
129
109
164
184
126
116
105
183
278
124
100
167
239
130
144
119
182
214
180
239
294
147
151
198
218
369
156
166
340
189
263
206
165
188
124
184
314
163
175
151
203
335
1065
0
195
283
135
126
435
349
126
112
125
188
208
133
196
160
327
205
161
159
110
358
189
168
223
308
176
294
172
183
202
208
171
160
144
159
175
246
291
152
158
141
222
256
283
214
315
187
172
236
219
256
289
134
173
154
123
174
124
288
204
483
308
181
229
188
106
201
178
227
122
216
161
260
201
172
179
153
118
160
95
135
174
224
108
126
325
140
143
141
120
53
96
378
130
115
305
127
305
73
174
176
94
102
305
170
137
90
189
162
151
149
139
166
135
129
144
153
242
116
106
318
244
192
231
112
194
193
188
161
138
270
109
263
159
249
215
99
154
201
150
256
176
183
106
214
209
167
265
173
251
161
154
164
216
152
280
96
204
259
404
59
211
153
155
173
132
187
112
131
127
46
64
180
106
178
117
223
215
216
133
231
114
144
133
129
123
226
162
43
110
88
103
236
146
129
193
119
87
219
228
132
231
151
142
160
193
187
81
105
308
113
114
137
128
295
135
164
80
462
199
136
132
306
95
157
263
195
103
103
264
50
182
160
248
55
75
88
282
191
109
159
102
82
100
92
93
125
139
95
95
221
221
140
148
89
88
82
144
142
543
125
52
81
121
91
91
141
235
121
144
150
295
165
188
109
167
233
92
114
91
117
109
183
105
161
88
101
94
125
96
140
140
178
47
39
135
110
110
184
57
83
116
69
132
55
57
94
19
60
109
235
55
73
104
41
169
103
65
56
109
100
45
86
26
53
53
27
45
42
56
89
95
48
48
69
49
26
893
143
