603
642
658
653
639
571
720
626
74
638
617
588
528
496
508
538
536
594
561
660
537
526
476
552
490
419
497
590
637
666
661
659
732
679
750
835
877
765
810
729
806
869
705
877
855
760
725
733
710
720
879
948
934
1001
835
839
981
841
855
900
1037
915
782
781
936
829
838
984
1035
1048
741
692
745
770
593
520
795
817
594
730
654
953
982
790
829
863
737
648
1013
713
798
780
682
692
668
556
665
716
744
586
600
811
637
707
684
799
699
738
803
736
668
676
674
647
682
627
610
647
664
648
634
584
569
760
458
807
417
581
956
599
693
569
594
655
386
606
655
694
507
530
695
689
467
673
561
627
348
640
730
813
553
630
575
615
510
731
836
694
736
721
699
761
753
562
598
672
683
590
611
585
536
593
435
391
428
470
482
462
554
486
310
674
671
706
494
392
389
458
377
327
355
392
375
402
422
491
578
580
286
449
648
527
645
636
510
525
624
622
645
952
717
704
561
551
309
702
525
701
676
654
547
733
821
786
1019
832
707
716
656
974
505
622
570
591
695
748
765
754
850
900
684
678
571
613
514
676
768
477
425
402
378
256
336
441
381
426
450
760
558
215
394
323
421
720
501
633
242
684
524
773
859
513
539
468
781
537
558
555
561
674
707
814
672
818
781
743
570
650
521
557
727
734
490
660
749
809
642
428
654
835
639
545
538
557
495
565
698
454
391
437
367
326
355
403
717
364
769
579
698
465
624
784
720
718
930
695
559
688
487
528
620
723
712
650
545
736
783
1008
719
270
838
611
632
735
566
779
427
629
504
434
584
509
650
716
560
855
706
535
609
712
567
558
628
696
651
719
748
591
528
540
869
848
461
475
790
571
616
678
737
742
624
619
529
524
806
228
681
576
769
774
732
795
574
494
491
527
562
377
383
470
763
185
640
475
525
648
625
556
779
382
584
605
960
688
305
681
637
667
653
384
631
571
705
913
1042
349
571
529
721
708
787
678
374
376
341
377
528
403
596
429
545
850
993
983
361
408
415
358
554
642
443
393
645
406
445
464
421
1012
991
664
994
1037
722
442
981
511
831
390
340
613
475
367
392
582
578
552
536
514
564
508
542
564
578
439
398
492
592
616
490
759
815
845
483
522
499
391
455
667
633
717
676
581
711
682
645
495
482
598
734
513
780
657
764
371
284
303
623
503
785
504
504
818
574
499
770
715
525
645
572
679
800
618
542
802
714
775
704
338
670
517
469
636
579
658
949
1114
489
559
463
574
621
470
444
455
412
433
372
462
515
492
698
836
328
570
550
866
643
1147
433
405
402
576
680
646
509
443
399
551
438
633
581
555
588
488
363
717
672
463
144
525
405
474
415
450
434
724
459
568
562
1102
450
472
288
311
461
294
493
266
416
670
663
488
591
650
541
679
646
657
423
651
498
676
467
542
841
714
449
493
726
931
876
674
761
785
786
688
793
634
826
386
904
499
829
675
696
461
463
751
353
427
598
626
638
619
535
663
359
322
422
188
589
245
412
320
347
523
489
562
539
411
352
328
379
452
469
245
956
719
752
709
734
699
691
654
639
535
552
413
544
659
647
956
668
385
390
434
410
377
563
1000
967
390
513
438
412
982
988
708
494
552
469
480
799
459
497
617
620
667
579
363
393
489
1003
438
523
570
487
729
591
755
259
304
734
805
1059
724
461
396
286
522
489
475
499
913
868
393
643
605
734
688
254
470
866
1058
505
457
491
512
357
371
702
413
342
275
541
458
405
579
544
476
572
225
494
-1
263
315
396
506
457
497
307
549
592
417
872
660
705
463
561
828
679
489
650
630
618
1081
903
835
554
326
436
403
492
496
734
539
582
318
877
878
256
756
548
548
488
229
567
397
390
215
571
559
421
506
570
673
507
473
634
505
390
818
587
616
597
777
529
550
478
465
619
529
546
409
366
259
376
626
334
472
481
459
462
562
587
551
600
538
578
672
636
515
396
563
383
800
512
601
442
448
502
412
444
410
414
605
784
469
475
524
273
483
523
511
467
715
488
662
160
313
519
556
565
555
600
548
538
578
429
566
430
399
496
393
391
465
560
425
867
462
401
806
757
685
386
396
810
413
515
438
303
560
352
486
657
444
691
545
408
492
515
495
308
588
592
674
429
397
468
411
521
276
462
712
259
410
600
727
797
660
713
709
810
513
384
373
735
621
366
351
384
730
746
562
512
732
701
655
650
718
557
623
463
479
549
400
777
742
823
861
582
477
502
693
421
540
516
518
539
762
482
345
336
685
437
440
461
456
445
610
708
538
730
473
380
531
516
580
935
760
497
276
451
408
439
477
445
382
606
416
419
519
478
368
471
497
515
421
531
527
759
452
361
546
461
496
566
273
637
442
401
826
426
562
660
523
647
388
669
484
411
500
470
438
481
958
427
461
915
573
448
745
506
485
423
528
382
423
516
619
326
667
688
390
541
224
262
519
548
680
805
442
506
516
544
444
442
549
462
623
372
499
587
565
852
520
447
431
494
427
387
356
617
426
852
538
462
589
491
780
325
269
171
585
480
365
384
314
540
358
407
492
480
466
469
345
510
401
409
708
389
494
475
409
753
462
451
464
469
439
430
657
386
358
508
539
632
628
400
419
288
677
399
603
547
767
137
146
125
281
374
534
465
298
454
301
491
525
353
752
694
679
789
496
474
490
470
494
407
504
608
764
362
282
417
376
513
396
768
192
413
319
349
282
480
466
496
356
501
537
364
455
370
547
360
378
365
445
361
362
284
318
505
358
395
688
698
659
619
536
436
513
364
437
342
360
453
361
434
447
316
377
400
385
410
331
477
615
596
670
313
451
524
427
502
524
726
622
482
368
377
354
702
380
347
532
610
494
677
390
272
406
562
357
371
344
337
375
417
568
454
421
401
524
733
332
306
172
526
565
513
377
335
317
498
535
346
532
331
482
426
385
497
744
703
497
479
588
427
489
446
349
557
568
575
303
711
500
676
363
348
310
424
589
515
512
375
459
405
636
313
539
486
475
385
350
572
368
324
415
456
424
809
391
399
384
417
440
470
444
467
288
283
471
286
540
419
447
521
508
689
463
440
783
335
343
310
410
398
387
320
338
480
309
523
327
391
412
393
546
271
628
337
363
513
576
562
493
626
522
539
427
527
532
491
475
436
401
481
367
375
410
414
404
279
327
317
260
266
277
370
431
416
354
323
345
405
295
325
412
315
315
371
356
248
526
302
478
387
372
330
355
389
381
447
749
516
373
326
395
265
444
447
487
481
447
611
302
550
371
365
491
528
366
594
560
158
429
385
612
344
355
346
465
393
355
298
327
324
397
423
294
306
362
465
304
262
435
377
484
471
368
342
357
346
264
259
502
368
297
274
285
326
511
418
550
297
657
360
664
352
671
296
671
264
397
222
423
441
376
459
233
503
322
663
327
404
268
508
361
554
518
380
396
320
435
252
463
518
284
313
173
411
566
313
364
349
377
335
194
451
478
344
378
499
263
433
399
512
551
376
445
520
324
294
377
364
262
291
330
364
414
448
303
388
351
479
431
580
373
322
499
438
497
337
330
328
269
591
248
395
240
578
499
320
321
320
354
317
700
415
601
334
425
356
272
277
542
359
287
193
405
283
541
519
355
445
282
285
564
491
402
558
283
305
301
349
341
431
274
307
278
299
250
385
544
341
533
333
182
345
406
283
220
267
334
338
224
209
303
243
268
255
400
348
224
379
330
616
495
87
478
519
357
422
308
498
315
313
263
604
389
457
468
260
346
230
261
411
273
289
251
296
660
309
116
460
471
338
347
303
426
317
263
270
283
374
262
405
280
352
345
243
443
208
770
321
351
331
501
297
293
280
296
310
291
270
267
392
297
279
366
369
393
333
307
250
444
472
313
619
448
270
361
324
420
432
306
520
442
240
447
330
604
252
81
452
326
457
449
277
447
323
299
236
328
339
376
314
316
412
259
238
267
356
233
253
313
268
411
401
263
233
286
342
43
55
482
292
302
354
299
401
145
304
458
229
221
533
315
235
239
423
322
247
441
414
283
236
244
236
354
609
230
318
413
357
251
421
223
265
440
224
397
213
376
238
354
329
444
342
245
304
527
366
366
193
435
409
302
345
389
317
230
593
348
240
357
286
269
330
269
328
480
301
273
311
470
270
319
231
374
220
293
247
259
187
297
233
367
368
525
271
273
266
215
232
354
229
357
138
511
327
196
245
184
221
284
227
217
253
212
201
405
356
323
481
205
329
232
305
168
141
209
473
289
195
294
191
298
224
251
198
158
317
215
206
340
236
240
268
308
195
297
514
142
345
338
365
137
240
349
405
328
296
350
237
201
233
140
177
271
211
317
317
381
242
279
232
201
150
189
312
368
114
359
226
255
342
201
168
280
329
266
218
248
271
345
283
233
207
175
213
224
194
239
162
348
226
292
194
189
272
264
181
245
243
220
139
106
277
265
263
293
135
222
256
174
207
100
137
148
107
135
228
133
180
166
199
110
249
142
163
124
168
163
122
124
77
140
119
137
69
108
143
191
163
101
102
162
87
95
461
297
