256
351
365
346
349
332
378
360
58
363
323
296
271
241
280
296
306
328
323
374
282
340
268
278
236
236
391
322
395
375
398
364
380
405
414
423
525
423
464
413
418
455
421
490
517
471
444
509
316
549
504
460
443
476
446
436
469
476
376
430
481
531
424
380
424
428
454
453
414
430
449
533
445
473
367
243
445
483
321
383
274
405
399
305
425
482
308
216
427
337
465
442
386
419
420
342
223
429
430
215
245
368
444
468
399
359
324
369
341
323
284
270
272
264
289
317
333
232
304
299
295
281
301
406
253
520
167
275
332
246
406
269
261
281
167
346
434
423
248
178
360
332
237
405
268
300
121
314
405
559
450
552
498
432
393
429
439
315
373
370
467
329
343
294
378
433
406
300
283
250
240
251
131
183
157
238
177
171
276
195
98
327
252
578
525
174
164
239
141
115
133
179
128
139
140
178
279
278
143
373
381
288
378
367
357
226
327
376
390
370
395
390
281
434
135
413
331
398
456
393
234
450
427
400
484
429
319
572
370
434
266
363
371
399
485
457
444
368
456
447
429
442
352
221
202
438
301
332
195
134
178
121
114
190
148
238
319
357
300
65
155
121
186
426
195
308
88
346
411
400
495
227
262
177
435
482
495
527
529
557
447
493
424
464
459
409
311
325
445
238
327
347
215
339
406
294
368
309
514
409
401
259
266
282
206
257
467
238
225
236
237
194
200
227
405
158
432
481
383
358
384
509
415
429
459
409
280
253
367
385
512
455
385
387
166
339
460
511
374
101
369
514
454
395
491
337
206
273
216
304
352
284
452
388
417
304
410
305
431
379
426
379
334
382
405
251
446
432
441
462
403
484
254
266
436
488
574
388
390
413
389
429
243
299
477
79
373
367
418
437
326
325
345
273
289
326
417
201
206
197
488
41
382
308
336
409
372
360
438
220
373
468
337
538
201
424
460
444
298
274
531
353
533
330
365
180
514
448
406
324
442
333
198
165
162
186
234
126
255
198
331
450
428
426
181
217
208
188
292
356
211
250
353
227
208
336
276
462
362
245
371
395
385
106
376
399
378
114
115
327
251
149
178
261
245
240
249
248
260
251
252
365
310
247
269
358
224
424
316
531
517
385
194
443
347
356
359
424
399
386
410
441
438
375
380
382
234
334
328
293
435
531
453
92
71
195
416
245
452
263
347
427
300
307
430
407
279
397
343
549
481
482
279
452
413
479
425
102
417
286
267
529
515
439
470
354
216
343
396
410
382
244
243
248
199
267
199
253
364
246
402
437
92
348
466
375
525
362
255
218
250
302
390
370
246
288
251
342
222
508
566
515
478
486
295
339
361
288
87
541
189
232
220
228
220
338
299
442
453
442
154
162
103
108
179
132
210
130
326
398
310
235
264
378
325
605
425
400
406
446
382
256
331
239
441
454
259
450
455
313
272
219
350
378
433
345
456
412
511
205
450
310
453
446
351
227
232
451
128
288
306
390
427
397
241
349
180
181
195
49
285
58
149
239
191
431
236
277
269
200
168
176
272
294
293
97
430
474
406
388
398
366
380
417
376
298
250
235
195
400
362
356
430
213
285
290
249
340
195
444
468
276
287
231
180
413
341
496
264
249
248
312
495
354
461
392
390
423
345
155
191
276
376
216
312
270
304
423
445
440
103
183
241
297
339
245
284
187
120
337
237
242
240
442
386
226
302
136
328
300
92
206
304
315
247
274
317
269
192
286
376
291
190
161
288
311
256
313
294
236
307
68
304
349
106
132
206
298
320
506
222
279
366
224
400
312
370
473
252
454
545
250
410
426
412
366
448
345
328
205
316
207
211
312
317
443
251
184
348
442
211
302
362
249
341
153
302
166
204
113
452
352
421
230
344
418
313
280
338
326
206
405
422
372
407
480
531
506
399
272
331
384
359
191
201
162
195
290
146
398
396
387
393
384
348
327
321
364
369
433
354
384
252
369
248
342
393
479
177
213
210
191
207
182
229
376
472
232
235
245
129
324
310
216
510
394
119
388
57
235
237
455
269
445
329
372
365
183
234
449
230
253
440
231
403
437
309
240
342
254
210
290
325
514
210
216
542
292
245
301
162
263
181
263
393
269
375
434
197
203
348
341
159
370
372
404
442
403
318
201
333
104
297
355
145
262
390
400
460
416
450
437
375
203
232
380
298
398
163
344
152
385
400
362
515
476
438
454
456
413
423
411
448
256
351
233
445
391
419
359
453
304
380
416
281
345
309
338
436
469
447
195
183
406
183
351
327
336
217
390
408
323
380
301
276
344
243
414
353
406
446
136
242
283
273
412
239
388
351
279
218
401
296
156
304
187
462
203
325
565
386
306
200
407
332
334
402
148
525
259
195
321
198
335
231
276
425
403
369
363
370
404
200
228
390
414
278
162
342
346
331
442
343
396
331
492
187
253
327
445
227
348
373
96
302
58
90
361
448
479
466
189
347
450
405
269
283
313
349
355
335
373
363
343
271
283
239
212
288
321
203
180
408
261
276
380
128
352
314
432
220
133
53
384
414
180
267
183
324
230
234
426
331
315
315
171
312
239
258
363
221
406
369
354
354
322
256
205
305
276
242
317
202
250
300
361
269
376
380
221
173
317
177
465
296
355
41
58
44
132
210
366
320
211
290
150
457
397
479
420
275
344
323
506
493
479
461
421
327
345
362
390
406
146
305
264
377
312
395
94
230
156
212
170
342
319
333
165
371
345
301
192
204
378
325
412
366
288
198
194
230
145
281
211
297
379
330
313
240
324
244
291
234
249
324
207
468
245
433
355
292
416
276
262
276
313
442
252
198
307
288
352
443
302
321
244
357
290
269
219
254
198
375
277
423
347
309
387
248
283
160
346
315
195
261
225
228
217
430
412
340
348
317
328
298
172
161
112
260
402
246
201
236
161
267
287
205
375
404
271
324
275
348
272
260
174
194
229
187
169
188
296
327
365
387
157
361
437
363
234
290
170
167
294
375
328
156
315
166
208
252
414
443
132
310
127
277
235
217
226
368
324
363
139
145
132
141
239
309
247
422
162
151
315
203
421
294
302
329
323
324
249
238
293
200
259
231
139
138
283
231
176
334
179
340
309
339
310
296
273
161
419
195
181
398
422
335
401
325
313
258
236
292
292
314
324
396
227
206
168
245
196
260
297
294
238
161
148
136
129
241
303
231
214
205
184
268
140
217
269
162
153
328
318
366
202
223
365
306
335
198
426
282
341
262
284
240
251
184
396
273
216
304
311
361
280
305
211
329
195
373
446
254
224
322
467
78
345
349
366
206
201
220
325
331
259
224
220
213
185
181
152
177
315
386
243
189
237
382
358
451
157
231
268
277
214
208
339
269
149
202
171
176
294
329
373
206
389
255
266
171
270
198
311
306
309
93
215
354
338
216
149
301
219
293
192
284
178
388
324
262
246
288
224
197
243
145
310
294
305
181
89
271
248
159
341
-1
218
167
109
302
302
342
305
368
164
324
213
305
411
233
192
394
177
282
236
281
276
166
197
275
158
283
155
261
227
315
236
303
387
254
297
270
252
204
226
227
172
345
158
264
181
455
238
213
168
160
182
192
367
240
295
209
415
262
138
191
207
182
129
213
381
189
342
268
259
255
164
252
231
254
362
275
175
212
160
215
206
223
160
204
140
179
137
222
247
164
307
225
108
196
267
158
135
176
400
346
125
135
179
130
283
140
285
205
128
221
130
255
201
41
217
247
204
209
165
286
231
272
149
352
184
311
253
179
266
137
183
267
210
193
140
286
331
179
82
345
287
163
156
144
285
320
260
175
207
350
220
249
216
226
268
148
268
162
306
222
212
233
343
160
190
245
156
158
196
168
141
330
180
177
248
254
146
157
253
115
283
333
277
230
300
256
275
295
309
319
237
232
257
144
295
139
338
164
46
296
201
171
278
243
280
198
280
201
231
286
216
226
176
250
194
158
194
188
137
141
127
136
177
436
191
149
162
237
11
15
319
184
217
280
190
272
134
130
223
229
189
349
137
150
173
282
234
212
269
339
143
186
98
167
213
256
178
187
387
228
225
315
191
233
267
157
301
164
385
132
198
204
304
181
208
174
254
259
246
130
213
165
319
255
186
158
171
291
270
157
246
189
198
165
160
191
250
238
115
161
226
142
237
181
239
135
146
143
128
92
230
169
247
167
324
133
132
120
107
176
197
175
217
131
266
169
88
127
101
118
191
152
210
186
158
126
217
159
199
212
139
228
178
172
55
78
98
405
242
158
192
154
195
156
129
184
87
337
116
137
245
148
168
131
189
108
201
189
90
204
202
353
89
149
96
224
155
161
158
136
119
158
73
169
108
160
200
199
229
180
162
169
143
169
109
174
151
63
224
41
105
142
101
102
171
207
148
168
154
266
198
177
135
145
82
146
167
146
154
148
333
150
162
133
143
113
172
141
146
148
250
93
73
212
128
127
203
96
90
131
97
141
47
95
146
57
68
136
70
144
116
115
59
172
108
101
108
117
114
64
104
57
97
96
114
70
59
125
128
52
76
77
127
59
77
262
123
