1181
1118
818
765
668
480
882
802
6
820
840
682
803
844
588
655
561
611
531
716
587
682
613
1184
1013
783
684
643
795
752
814
780
997
1124
1191
1272
1505
1150
1250
1149
1197
1179
1230
1220
1154
1103
1092
1187
1539
1110
1166
1232
1209
1184
1101
1178
1080
1033
1294
978
988
1000
1062
1373
931
944
995
952
964
1016
1097
1112
1009
1051
1307
1199
1043
1118
1224
973
1145
932
825
963
955
830
1467
1552
830
1082
1098
1066
1022
981
868
1027
1305
1199
1047
1347
1155
1202
862
921
962
1037
968
929
1028
1061
1057
1095
1305
1072
1015
934
879
1234
918
881
1048
969
1256
1017
944
938
1472
795
940
975
900
929
858
784
972
790
848
887
454
1150
972
969
1063
777
1022
974
1167
839
862
874
826
839
953
749
714
867
997
925
821
911
923
1000
964
695
774
973
827
1040
906
1079
1114
980
1215
1106
881
965
873
845
926
933
1107
908
807
894
817
992
889
825
751
1026
790
870
672
798
991
792
875
874
1135
583
897
768
750
760
561
1085
850
807
844
822
737
699
872
728
1114
995
658
837
853
903
930
875
814
858
792
870
1043
853
936
837
752
954
754
822
823
769
1004
836
964
895
809
896
765
744
600
752
690
804
1175
820
955
934
752
1081
-1
1399
586
723
686
930
663
555
733
738
676
755
586
772
951
1034
918
916
1070
885
674
801
789
676
667
777
939
887
981
820
748
768
617
709
599
583
818
799
641
633
803
676
666
673
754
826
864
642
643
648
583
671
784
360
609
381
328
424
315
233
694
1310
853
651
787
607
806
830
800
649
788
719
888
795
705
669
771
927
687
696
1116
1035
882
785
792
1242
761
734
674
780
697
815
778
873
663
577
646
689
672
690
678
703
751
680
832
686
624
531
708
652
734
725
626
1043
688
687
751
750
662
486
702
629
755
678
743
783
524
764
555
705
732
384
596
609
893
833
582
637
666
624
622
597
647
725
722
499
612
502
764
784
713
667
656
956
786
1135
701
645
415
805
229
799
625
747
762
688
736
647
798
586
716
329
665
769
634
776
711
671
569
585
579
468
658
865
555
755
628
658
637
615
462
510
541
405
715
655
533
925
707
481
544
487
360
742
641
454
424
441
429
807
693
780
698
562
575
645
762
798
518
575
575
631
542
546
609
490
598
655
492
751
658
530
573
755
469
631
758
732
727
647
900
627
516
701
695
610
583
633
698
762
782
520
622
548
701
718
702
561
614
734
550
463
659
469
731
694
685
710
644
723
843
638
571
666
744
695
747
611
697
680
600
643
613
948
571
564
397
672
544
591
529
559
567
562
491
499
504
511
509
504
529
448
571
485
578
548
650
579
775
562
682
635
639
448
479
534
396
468
763
629
517
703
662
514
556
430
465
437
629
523
465
721
624
807
612
475
569
467
463
431
442
680
772
614
564
522
514
420
540
518
373
565
388
662
378
458
586
432
998
489
675
443
542
506
515
464
496
621
490
966
645
616
777
428
409
443
204
403
537
717
620
537
605
517
691
420
475
331
583
426
573
410
443
451
637
865
513
637
511
558
415
625
425
401
475
579
877
839
360
348
569
478
429
517
484
603
481
417
356
397
321
515
529
712
608
555
606
583
557
581
568
470
422
368
391
462
594
483
628
462
306
477
503
402
343
450
458
588
397
434
434
545
396
785
356
309
964
330
479
347
411
487
450
475
383
398
361
311
411
459
617
348
799
604
497
547
523
558
258
242
439
159
503
337
457
313
433
463
398
441
464
777
1002
543
248
240
424
477
335
342
319
339
457
577
361
648
439
308
368
259
493
349
346
440
443
311
600
472
561
381
489
381
320
290
339
391
313
426
372
342
496
381
678
504
321
475
339
181
349
324
525
377
443
270
492
344
554
455
605
323
312
578
395
588
475
417
19
301
378
341
322
618
413
763
411
168
482
558
408
428
414
403
345
299
414
338
401
528
642
310
603
600
499
499
408
418
556
388
312
334
265
485
341
338
390
517
438
404
491
502
383
341
365
427
301
372
357
344
72
420
442
295
340
577
477
307
369
306
204
347
268
468
484
331
378
600
774
494
382
114
395
384
232
599
440
586
333
564
266
563
357
324
311
170
335
463
324
252
371
318
354
376
416
250
352
350
339
488
332
481
343
288
437
440
666
296
346
709
348
495
534
304
604
429
325
610
349
309
226
311
328
553
336
284
245
330
344
510
223
689
739
482
306
704
379
305
357
365
304
264
320
261
370
430
172
247
586
422
312
270
272
325
488
481
455
549
341
644
306
354
523
311
401
164
370
342
362
619
264
528
405
293
375
255
350
359
268
225
182
315
420
265
273
235
553
281
481
324
597
559
305
287
485
695
552
397
374
225
277
241
324
527
346
284
468
231
478
493
255
762
361
386
419
500
471
291
450
293
263
520
398
462
518
166
341
358
345
343
320
323
305
270
292
185
399
345
319
494
327
279
245
495
134
303
367
323
501
359
259
416
446
409
210
364
269
528
287
256
309
683
262
414
404
249
298
377
540
377
319
360
281
219
233
258
211
349
341
275
408
296
316
392
343
293
548
222
233
201
282
400
167
335
248
290
240
585
312
312
580
322
360
599
201
293
285
203
277
256
352
249
250
315
375
324
152
385
189
432
225
196
431
285
280
348
298
278
27
201
253
217
408
327
363
332
254
181
144
300
303
274
250
285
377
300
138
309
173
367
274
582
259
140
326
412
189
440
493
266
244
268
259
286
267
277
205
248
336
502
242
256
172
150
217
242
410
791
297
313
160
120
232
269
303
173
302
242
181
202
175
320
349
251
260
298
388
386
145
249
373
372
318
317
448
442
472
369
451
375
170
242
187
176
345
162
312
196
155
217
238
296
182
277
263
149
132
245
202
310
449
199
223
267
427
273
255
270
235
364
287
174
192
376
376
288
56
197
133
255
366
218
128
170
161
207
231
258
269
220
200
218
403
99
127
82
544
284
168
399
141
287
318
256
141
233
216
218
222
446
238
160
276
153
186
174
182
177
193
294
277
204
473
199
289
244
251
180
174
313
130
132
209
190
612
336
386
107
202
326
388
262
264
339
281
230
11
225
250
196
315
162
176
178
229
409
308
492
221
287
176
313
138
303
228
189
333
295
307
203
202
376
151
180
161
233
220
122
131
143
211
198
466
227
303
262
234
374
284
482
211
228
252
336
288
192
203
234
372
149
344
269
408
192
368
207
411
231
145
225
171
171
268
249
176
123
132
118
218
399
211
178
216
193
203
197
123
386
177
156
203
180
122
195
199
247
171
208
199
184
301
260
621
291
74
227
290
283
148
189
167
374
406
105
288
111
251
599
221
396
149
236
220
392
164
234
207
384
160
196
174
246
198
210
155
246
192
212
202
177
187
138
255
157
122
221
218
290
373
271
187
163
188
120
103
293
268
141
116
137
150
234
234
314
361
453
217
488
215
169
136
461
207
251
451
187
231
207
307
161
267
299
268
102
236
176
237
158
247
121
123
198
155
370
133
323
273
201
523
169
362
184
227
183
148
32
162
66
239
243
197
308
451
113
392
222
296
350
166
210
282
125
175
301
221
153
192
265
190
201
248
156
201
116
129
325
395
242
164
192
214
749
283
158
221
162
315
117
187
122
348
199
209
147
152
199
110
307
216
309
124
216
161
189
217
211
257
88
244
289
145
225
191
191
162
171
151
270
244
176
193
106
149
147
178
152
306
133
157
58
91
56
207
279
207
287
295
332
179
301
161
92
122
167
161
104
130
140
205
137
105
210
241
124
186
194
162
174
176
102
232
167
189
149
257
260
156
149
337
127
222
255
176
170
86
195
170
141
171
158
150
389
125
150
223
133
191
128
0
256
176
115
107
150
162
106
127
217
415
200
95
189
163
306
173
173
208
355
209
329
132
164
171
179
161
151
189
181
140
272
245
131
173
141
143
215
249
182
69
192
133
185
183
245
306
135
204
232
139
193
121
275
166
0
250
149
245
223
115
402
162
153
112
144
168
289
189
171
222
172
132
160
226
90
134
266
114
267
236
119
83
152
161
179
185
380
631
289
49
169
253
149
117
200
123
123
418
140
94
114
210
130
127
164
258
182
124
163
110
155
240
115
374
277
255
174
179
121
146
238
68
178
81
239
233
175
213
258
61
103
161
199
165
239
18
201
531
224
208
113
161
178
246
241
116
171
158
113
380
83
216
287
224
156
98
148
124
139
117
285
151
130
104
231
56
122
98
379
136
257
131
130
126
113
72
163
85
218
0
226
131
198
157
101
76
142
121
90
183
101
93
477
246
120
167
68
90
94
259
291
64
143
249
113
107
86
106
258
90
22
84
26
152
102
104
175
107
113
216
98
89
196
75
48
213
246
179
57
93
127
217
165
103
85
97
210
98
48
74
62
144
205
204
195
205
86
120
87
88
89
150
115
18
164
84
59
108
82
50
154
170
114
108
148
157
147
78
85
35
104
89
91
87
109
60
198
93
192
78
85
117
100
82
118
115
145
64
53
154
65
64
178
86
225
117
77
97
37
54
93
69
65
111
24
63
71
102
46
123
73
77
75
111
89
57
87
48
58
57
100
41
37
67
93
163
51
52
85
40
72
755
125
