1060
1091
1012
954
871
705
1096
988
118
1025
955
835
905
925
754
852
748
818
760
900
786
791
746
961
855
817
719
867
939
1025
1024
992
1045
1184
1231
1289
1402
1230
1221
1159
1218
1177
1184
1242
1195
1080
1001
1142
1173
1028
1320
1194
1175
1122
1091
1178
1106
1019
1167
1086
1064
947
1245
1151
970
1124
1178
963
1032
981
1150
1040
1172
1152
1074
990
1015
1159
1001
962
912
1024
958
984
1032
882
1136
1089
910
997
1195
1102
1189
1128
1088
1043
831
956
1173
865
1136
1015
922
1040
1155
945
954
878
950
1015
833
883
1024
821
873
900
810
940
888
865
940
732
842
1046
783
863
818
766
915
823
1086
838
805
837
670
702
716
845
636
889
1171
1051
703
830
702
851
596
829
1052
798
890
900
845
688
777
1025
1095
930
843
1072
1040
939
952
958
999
1157
1108
794
737
746
757
753
642
699
573
679
572
592
711
633
545
849
866
805
765
1008
548
544
468
504
453
521
489
548
823
624
938
933
652
696
988
786
971
974
754
882
896
1038
907
875
953
1015
1048
793
661
1107
706
1093
1024
1057
707
996
938
870
843
911
833
911
1087
863
815
1013
854
933
809
908
1075
876
1064
1021
1010
907
828
881
645
893
838
806
820
689
645
594
546
797
777
875
691
819
714
481
566
448
632
994
650
793
425
762
908
1149
1049
636
897
870
812
738
733
660
631
710
991
937
1004
1012
925
858
819
769
639
678
869
858
720
771
1004
820
788
729
850
943
1025
733
755
739
614
697
910
592
687
632
491
595
495
498
899
684
836
809
945
637
921
942
883
779
897
965
1033
778
764
656
684
951
898
693
636
960
849
790
953
527
936
670
886
992
808
815
732
957
757
643
825
892
847
919
823
827
885
871
721
883
786
692
917
890
922
847
695
933
746
753
858
730
693
685
726
708
759
768
837
995
839
827
628
751
726
395
871
765
993
934
684
661
668
598
494
638
799
755
758
580
698
363
986
831
791
841
821
761
942
903
903
796
658
837
412
883
784
849
819
508
776
789
804
697
796
533
619
643
797
822
839
751
600
498
448
539
684
629
714
693
725
689
696
663
528
554
562
473
897
923
485
659
952
778
612
629
488
842
727
628
657
639
643
418
659
799
811
434
491
835
719
671
647
682
698
710
688
662
813
628
753
693
686
766
806
715
652
728
646
663
759
835
537
707
823
609
641
857
890
871
791
736
883
972
895
654
684
740
800
780
847
641
779
446
264
461
786
656
836
821
668
804
820
910
926
904
580
849
922
772
822
744
829
800
769
673
639
468
666
714
541
660
597
697
519
608
570
545
626
751
663
619
660
653
580
541
761
563
639
746
817
651
481
600
749
785
600
550
673
605
554
609
963
806
734
547
460
706
708
541
551
542
587
599
517
929
853
641
273
463
700
573
569
640
587
779
782
728
621
497
596
548
555
461
541
507
471
407
366
534
675
624
787
706
816
461
647
626
564
476
501
666
569
676
659
594
897
569
461
585
402
585
551
822
657
556
700
581
724
584
503
527
693
535
669
557
632
487
646
536
661
589
671
613
568
734
504
441
694
313
883
522
486
460
461
564
635
586
515
547
496
493
473
512
554
307
509
747
790
709
767
745
709
679
687
620
560
473
481
620
736
561
652
552
480
568
465
465
471
485
473
647
494
656
638
574
458
804
469
409
711
468
513
527
497
613
556
628
514
536
537
439
438
643
709
482
970
784
607
644
520
658
407
419
479
332
445
396
386
434
545
624
558
528
543
-1
1028
361
399
431
437
551
351
384
443
524
585
827
517
636
473
456
458
458
613
496
528
666
646
419
598
390
678
393
431
433
468
367
396
460
397
652
518
472
543
426
804
570
410
513
412
463
366
386
526
400
471
302
557
528
480
504
566
397
357
635
477
687
577
412
188
451
507
474
392
487
611
506
541
333
554
704
412
535
594
498
516
440
530
461
574
538
732
452
721
628
442
557
439
421
589
521
439
495
448
505
495
418
536
584
530
514
585
650
462
445
484
582
434
470
495
395
366
555
485
322
496
617
464
392
409
380
265
440
335
464
484
494
542
691
548
565
576
342
537
464
237
660
333
585
393
597
354
640
477
423
447
374
477
502
489
297
429
488
419
458
627
357
402
450
485
560
404
531
411
450
467
581
585
421
343
584
416
624
670
391
729
490
421
673
422
420
359
354
351
588
412
323
405
487
441
513
369
749
584
627
438
779
405
342
373
370
314
330
486
354
439
442
344
401
417
495
354
322
349
352
527
504
480
622
413
762
401
400
532
356
423
290
391
381
346
704
384
720
440
397
471
353
383
390
302
370
303
382
586
359
355
365
715
316
531
563
704
480
462
395
645
697
609
430
447
321
341
371
460
560
446
355
425
330
584
536
349
509
459
485
427
457
565
299
481
413
362
570
392
579
546
215
370
552
491
358
364
351
456
313
347
281
406
446
326
462
440
394
335
493
303
368
410
363
567
442
290
532
487
473
312
528
323
621
362
345
350
502
399
295
482
409
300
359
575
505
397
379
290
308
295
293
287
403
335
342
535
523
361
421
400
360
666
358
280
282
316
368
237
389
334
304
262
635
393
330
297
328
370
572
272
321
326
280
371
293
418
313
310
465
512
356
209
405
336
426
292
267
464
359
360
506
405
362
147
243
359
294
299
313
337
366
344
281
223
314
464
293
324
309
240
264
204
492
240
406
336
545
366
168
394
420
254
458
475
331
282
383
369
375
371
364
281
382
383
512
349
388
255
251
271
341
391
297
450
462
262
199
347
364
419
325
399
289
209
268
201
335
421
250
272
455
478
481
205
395
527
487
399
344
510
510
476
487
669
433
198
345
283
284
317
234
357
250
196
229
311
385
193
321
287
251
237
286
264
385
470
245
291
318
411
285
340
405
316
453
327
240
210
403
441
358
219
333
165
337
534
268
220
278
260
261
237
266
339
322
312
227
482
240
154
93
513
270
220
544
198
371
395
319
171
255
301
232
343
521
271
270
279
222
267
219
247
241
248
400
296
225
584
340
338
285
288
219
245
332
222
239
221
181
429
459
517
203
248
408
347
303
367
273
325
337
301
271
248
222
360
211
231
222
277
530
412
570
278
332
258
354
179
351
234
207
404
396
436
299
297
478
229
264
250
273
266
217
251
237
210
240
525
264
394
308
279
319
364
554
226
275
295
339
289
229
253
253
270
213
405
295
553
294
405
264
466
254
183
303
219
219
297
300
285
199
186
212
277
516
233
239
262
296
236
357
217
472
208
193
259
218
161
266
226
249
188
224
259
225
368
352
535
337
197
274
354
327
157
244
190
362
424
270
322
129
286
449
280
446
275
361
238
363
156
236
219
411
216
263
283
320
208
242
191
299
263
303
261
249
241
199
304
186
158
342
310
323
354
384
221
198
207
178
173
348
288
187
201
250
202
276
330
320
550
495
272
513
338
240
204
550
257
299
344
244
308
250
215
188
289
292
260
169
326
290
252
162
288
223
150
206
164
302
202
400
335
229
481
239
444
195
238
254
226
170
228
96
418
442
221
308
417
169
456
357
372
415
250
270
279
192
162
364
254
187
231
256
219
284
231
259
299
229
172
451
421
295
210
222
242
600
361
239
294
223
401
214
264
156
414
206
280
240
257
299
153
287
216
410
155
212
187
267
257
221
314
167
226
296
158
254
198
188
255
300
179
414
375
200
230
131
219
208
251
212
353
200
165
148
182
138
302
343
276
281
364
359
225
374
196
157
187
194
170
175
205
252
341
155
153
303
305
151
201
184
204
213
175
161
304
171
204
244
265
383
194
212
352
191
295
259
229
234
146
259
264
200
235
279
202
378
400
145
251
203
219
155
201
325
195
130
171
213
217
168
195
256
619
221
141
189
179
344
243
190
286
356
283
384
166
229
231
223
210
209
174
232
201
304
314
188
230
186
254
291
256
237
182
226
189
232
216
320
311
153
210
240
186
250
155
291
258
49
372
193
316
235
120
490
202
197
147
202
207
382
234
198
250
216
162
230
221
159
186
307
128
287
332
184
153
199
196
91
92
522
525
267
156
229
326
169
169
222
141
138
428
182
182
122
227
188
161
185
266
241
159
235
155
163
276
164
298
345
312
193
210
135
168
225
134
204
146
259
219
264
291
288
134
108
219
245
184
320
81
199
398
246
267
203
245
245
261
223
185
210
199
197
531
105
273
349
264
186
157
173
182
163
125
217
174
209
123
160
80
168
135
355
180
285
218
220
171
232
113
178
108
210
29
243
192
178
216
129
112
182
202
120
192
140
114
429
275
148
204
105
127
124
301
286
100
195
277
113
118
108
144
320
146
72
113
117
166
159
165
235
134
161
298
149
129
196
167
81
285
315
207
70
127
150
262
252
126
117
130
227
117
85
95
113
187
185
184
266
219
119
160
146
96
128
167
142
88
195
64
63
132
123
81
152
255
172
142
178
209
185
130
107
92
219
110
125
109
125
106
230
113
215
99
117
128
134
110
187
188
156
81
72
162
99
99
253
95
187
146
85
134
72
72
111
72
96
162
80
74
109
114
61
175
117
87
98
131
140
78
119
52
85
75
79
51
49
74
112
121
68
68
81
60
85
838
165
