320
406
446
423
440
393
486
388
55
383
432
383
315
288
306
351
378
439
403
453
349
331
289
288
242
236
310
410
418
524
432
492
457
448
505
547
503
515
548
468
494
512
467
554
480
446
391
456
372
462
555
482
504
495
474
426
495
435
417
479
508
426
479
405
488
460
544
446
501
462
533
479
545
549
322
286
536
563
440
531
313
472
487
370
518
538
337
270
486
402
530
458
477
498
437
369
253
387
505
239
293
390
390
467
478
393
375
371
369
355
268
306
317
286
308
308
294
248
313
337
290
275
271
432
226
380
192
321
370
282
466
322
309
313
191
305
326
336
272
194
355
377
210
325
255
282
140
318
482
419
394
433
349
304
325
520
509
300
337
437
477
365
366
379
433
448
547
286
299
259
238
272
153
171
171
239
188
188
291
212
129
320
282
398
388
212
150
208
149
107
134
170
138
158
162
175
331
329
180
316
497
299
469
427
337
212
316
366
434
413
542
506
361
328
110
420
319
525
538
500
249
446
397
377
460
460
335
463
412
456
281
479
360
377
377
654
467
382
549
542
492
487
327
267
236
631
366
305
158
115
165
102
118
168
172
284
299
364
291
80
138
112
214
503
193
341
75
347
300
446
525
238
298
230
598
346
360
383
371
338
392
435
422
503
538
432
344
325
325
255
433
473
270
358
517
331
443
251
489
462
428
282
273
281
225
278
472
265
230
291
219
195
208
250
535
183
439
350
442
276
424
490
440
548
488
515
427
282
285
286
309
355
474
393
160
326
381
474
414
137
405
356
423
486
426
398
192
343
297
245
403
320
530
530
343
331
357
336
321
531
378
400
451
512
442
269
530
342
337
338
443
508
261
283
551
418
411
391
372
492
456
427
213
296
364
86
555
393
495
526
301
295
286
212
237
300
368
263
267
196
628
64
562
379
381
495
581
327
443
266
488
527
363
451
162
384
446
398
316
213
461
395
399
331
427
228
355
326
524
324
607
351
237
203
197
210
290
175
298
238
291
453
538
507
210
253
228
219
336
442
240
175
467
281
255
314
289
488
399
285
396
415
312
114
452
395
418
151
153
381
273
181
194
301
315
292
292
284
346
291
296
317
359
253
261
314
252
424
318
420
411
451
189
366
327
267
331
441
442
507
572
407
478
434
476
303
277
384
347
325
486
468
600
134
53
141
454
286
384
285
307
513
325
389
512
521
263
438
455
444
434
431
311
455
496
370
319
115
475
324
331
369
372
568
404
411
226
280
302
591
450
319
301
300
251
300
257
300
312
340
484
499
131
310
388
425
328
454
289
261
272
358
432
395
360
173
142
437
302
407
388
400
346
416
242
341
512
252
87
463
171
268
235
344
275
359
270
361
346
450
213
233
156
138
241
167
259
150
331
471
337
330
289
522
492
423
531
495
295
335
233
254
265
265
492
496
346
375
638
346
345
258
362
443
455
312
465
473
539
286
562
427
592
592
367
299
307
641
150
194
345
271
527
498
335
396
209
191
282
61
298
84
198
196
287
393
337
301
276
212
175
186
268
296
298
98
409
382
487
482
490
459
449
491
467
316
282
271
284
550
453
395
445
272
326
276
187
244
278
584
559
277
354
289
293
520
386
436
344
357
275
337
557
341
484
519
495
500
474
230
277
344
482
334
337
314
389
376
438
505
120
164
316
330
417
285
232
192
94
469
258
327
322
536
472
255
380
186
292
304
82
227
324
461
349
354
284
336
245
218
533
274
208
199
324
366
248
409
377
310
240
92
417
417
119
171
304
372
262
476
193
403
697
291
510
407
468
348
315
484
423
283
375
417
310
499
507
354
427
217
424
204
161
431
391
429
312
275
432
467
288
384
393
332
529
175
472
168
263
139
390
364
307
295
480
591
451
369
513
514
257
451
367
419
516
426
413
401
341
237
312
657
526
284
279
165
256
388
214
255
322
295
292
450
733
693
624
579
489
674
556
458
267
487
186
496
433
432
225
255
285
242
294
225
251
408
551
385
386
254
139
414
411
205
411
611
142
479
72
309
284
401
412
394
512
351
346
232
267
415
329
354
436
300
305
400
438
377
455
272
287
330
292
452
260
303
510
322
249
491
110
290
225
281
527
327
459
382
250
237
651
653
168
624
600
403
337
334
688
273
492
152
393
398
196
279
722
480
481
417
435
353
466
301
268
364
328
243
198
254
167
535
529
511
637
473
426
367
364
352
395
407
415
293
312
270
477
479
494
505
344
308
672
524
250
705
612
665
360
492
505
286
275
608
167
479
586
619
328
690
331
479
474
345
297
631
332
287
415
381
374
177
288
292
322
292
312
356
482
344
261
413
626
136
483
238
407
257
269
381
340
588
223
306
286
425
584
222
436
345
293
398
222
757
293
524
508
500
537
451
359
292
276
260
839
489
214
200
482
560
354
528
644
368
232
375
358
235
540
446
205
598
582
123
440
72
121
555
411
368
427
175
722
327
459
608
350
529
827
495
290
683
449
578
383
352
315
317
337
503
234
239
568
207
349
455
140
488
639
395
213
120
33
279
342
184
402
205
627
346
331
537
521
621
623
197
333
303
494
335
410
261
728
653
387
283
304
277
530
614
197
355
254
511
273
571
406
557
398
468
315
440
282
475
514
295
42
38
36
192
387
482
397
190
637
267
495
482
499
354
287
373
373
387
388
350
383
352
303
401
510
379
420
177
-1
569
417
446
399
59
331
231
412
335
733
435
460
157
548
674
516
307
480
512
244
370
304
325
217
213
335
248
412
244
302
563
413
396
318
470
291
506
559
459
385
285
462
434
384
396
328
442
443
356
541
259
400
306
304
455
382
448
397
655
799
293
440
410
376
417
467
283
583
518
554
217
424
437
279
600
297
417
393
334
354
393
382
285
299
441
440
599
572
540
313
135
205
175
250
471
394
223
349
272
277
361
323
329
337
597
468
218
399
359
264
241
238
389
269
287
295
404
327
263
414
268
431
351
438
536
683
231
257
365
312
334
138
418
184
308
312
410
380
155
387
161
291
517
182
275
481
549
308
228
239
230
226
297
502
339
382
361
314
497
473
390
647
567
415
446
464
584
578
304
401
375
421
216
230
541
332
399
317
238
299
312
358
527
480
299
175
420
194
348
475
521
459
435
531
413
402
458
446
456
456
661
304
345
180
218
520
287
381
558
297
382
269
278
259
264
292
446
423
317
307
304
525
193
448
443
219
223
513
459
517
317
440
447
384
420
264
457
332
387
228
379
184
458
336
394
402
228
351
412
369
195
225
424
550
139
414
334
221
388
340
357
163
483
394
513
351
303
480
529
377
254
232
365
426
198
206
177
146
633
447
453
354
525
360
348
331
208
601
502
557
394
366
522
219
237
426
261
440
487
375
550
263
501
460
333
192
298
403
305
309
568
143
330
401
426
294
299
424
167
222
402
562
200
461
310
421
286
413
342
361
344
352
508
475
276
218
189
262
277
186
351
305
198
264
163
412
405
465
238
298
402
342
434
572
335
593
227
403
238
333
340
344
389
272
284
674
208
232
333
628
544
275
339
363
240
613
456
490
256
199
375
391
319
429
310
524
138
438
440
347
324
330
355
396
392
407
385
403
324
461
272
253
323
214
191
213
396
360
317
378
498
432
221
357
270
443
311
384
363
408
360
456
507
263
337
393
223
220
287
324
209
231
257
224
77
266
394
307
275
341
416
313
294
233
298
170
417
291
436
437
261
368
203
428
255
52
191
210
319
384
265
317
208
352
290
360
178
531
331
254
452
314
215
279
538
423
263
453
315
217
177
321
206
217
248
154
372
366
408
291
504
291
506
401
361
268
374
187
342
312
284
363
245
255
389
252
152
508
289
305
394
358
286
419
173
416
351
381
202
213
369
154
455
469
408
293
413
266
608
395
252
425
298
415
296
319
449
243
324
250
50
429
300
255
352
338
367
362
345
440
371
250
300
394
182
503
284
290
385
309
320
188
157
206
240
382
286
304
226
547
10
15
279
207
261
342
231
429
234
194
227
334
222
306
249
278
284
274
457
274
455
445
290
340
142
228
330
411
260
198
321
307
246
466
279
433
340
302
467
350
364
256
343
263
224
164
290
304
365
460
391
245
259
217
260
405
259
196
216
399
223
294
372
237
302
206
165
293
260
245
156
162
321
329
248
249
235
219
235
175
241
135
360
280
199
253
397
207
211
175
154
343
289
408
285
99
350
266
93
191
177
134
201
265
282
159
285
259
213
223
309
279
184
169
137
178
74
185
181
391
240
246
182
264
263
334
113
270
109
342
196
291
262
237
318
181
344
248
272
265
201
231
206
324
92
296
163
365
279
261
160
181
163
263
136
176
193
185
291
294
332
164
206
254
256
230
196
192
224
81
377
65
121
208
168
119
301
335
230
265
210
249
368
318
226
276
86
256
275
245
299
163
275
274
159
236
254
164
288
166
223
220
248
182
164
274
151
149
287
154
116
205
103
189
83
157
151
116
165
193
75
156
217
207
99
284
197
120
128
151
234
118
125
79
149
127
131
76
85
138
159
61
107
109
121
78
138
287
205
