706
766
767
757
722
672
866
728
85
732
730
680
640
626
622
652
637
674
667
743
625
593
587
625
601
496
582
672
718
726
785
748
911
780
858
1014
965
886
931
858
933
1014
877
960
942
831
812
857
801
849
1051
1038
1052
1156
900
957
1081
946
999
993
1184
1021
861
907
1078
981
968
1095
1141
1129
893
819
885
952
720
608
992
924
689
850
777
1061
1089
979
972
921
886
697
1149
819
901
972
798
786
761
605
749
849
855
652
686
907
754
818
793
898
799
811
849
843
731
797
769
735
776
712
715
692
755
716
709
694
634
863
537
913
463
682
1040
720
843
652
673
764
480
634
715
764
603
620
830
780
521
733
651
670
398
725
881
910
670
684
680
703
607
906
959
819
804
819
819
810
879
661
695
771
803
643
660
651
613
648
491
475
504
511
569
554
625
574
346
711
820
762
566
502
456
485
425
359
416
456
422
454
526
585
717
709
380
551
772
610
710
702
599
610
682
737
764
1130
857
832
648
629
364
825
608
839
773
730
620
853
849
910
1208
978
812
801
744
998
574
738
675
685
801
886
880
828
940
1096
824
777
631
714
571
809
870
555
529
490
440
315
421
522
439
505
525
849
659
275
468
378
484
810
578
688
312
811
576
856
958
576
610
574
913
649
652
619
603
761
784
910
767
879
849
882
670
749
592
640
854
934
673
819
915
841
721
571
743
1012
748
633
620
638
562
617
770
529
453
504
414
371
411
463
782
438
847
668
848
535
708
882
842
880
1004
764
629
741
566
601
740
896
887
828
578
822
866
996
793
320
914
705
773
769
645
890
526
701
589
511
699
613
771
826
644
952
731
590
656
805
666
661
787
777
765
752
871
649
604
603
973
964
555
552
868
643
675
796
898
910
720
720
600
603
911
300
724
624
846
851
804
860
637
562
594
599
652
407
411
532
874
242
701
548
630
741
674
675
905
429
702
700
1013
722
381
768
741
722
725
431
683
664
800
921
1044
413
606
561
758
786
884
714
444
457
395
458
598
534
687
509
594
949
981
962
438
469
488
437
669
753
510
466
686
506
508
520
433
1024
1057
716
990
1029
828
483
940
594
929
467
389
731
536
413
454
630
666
627
609
597
625
646
649
649
689
518
437
587
657
688
564
777
955
921
572
595
570
457
522
757
695
765
761
668
863
754
690
600
561
693
763
556
959
692
846
526
288
342
703
591
834
545
533
918
685
538
865
732
561
761
641
747
859
704
647
921
770
854
792
400
772
612
531
720
665
707
930
1052
574
639
566
665
661
541
569
541
531
550
431
567
588
583
728
851
357
653
595
947
690
1033
534
506
523
666
818
766
594
529
445
583
528
686
597
608
692
606
453
806
783
591
144
567
470
598
518
557
555
791
491
634
597
1024
516
542
384
384
561
370
559
330
498
765
672
596
660
676
585
677
651
639
451
678
561
717
511
624
874
763
482
563
750
944
783
741
890
813
828
770
854
654
868
460
914
569
836
686
749
562
553
749
408
475
657
693
642
617
617
768
428
366
489
218
699
282
470
376
333
638
575
596
569
499
434
446
455
508
493
295
939
764
794
770
779
773
726
720
702
626
590
481
626
667
675
906
675
460
454
500
475
418
588
933
874
438
557
515
491
926
911
764
579
564
525
553
766
512
546
637
611
696
558
439
497
569
900
519
713
634
570
819
623
828
299
362
688
855
-1
748
523
467
373
628
492
570
575
860
806
479
714
552
687
662
267
610
815
929
570
505
538
554
440
403
675
469
406
349
598
499
469
649
636
521
646
244
540
1059
296
424
477
568
503
565
367
613
607
471
884
685
813
503
588
808
646
575
620
639
726
1081
935
729
595
412
535
451
620
499
748
589
615
369
901
821
281
827
588
588
492
260
619
417
441
264
646
675
464
584
589
703
582
505
606
476
481
903
672
595
683
792
549
603
546
531
580
533
559
470
448
329
457
659
400
541
536
513
549
595
577
565
636
555
679
714
615
532
475
548
490
747
534
627
532
576
639
570
507
484
501
604
773
503
518
602
300
533
585
532
496
734
406
721
216
331
494
585
546
596
605
525
564
575
511
631
497
451
495
451
478
517
599
482
797
478
446
808
717
750
450
455
807
431
583
442
360
645
437
553
707
516
735
611
467
543
549
510
370
589
575
727
497
411
450
494
525
349
481
728
319
475
584
789
813
711
754
716
784
484
395
366
639
638
403
451
510
768
692
546
502
705
725
659
674
788
545
708
486
589
575
451
741
705
759
797
588
555
508
737
516
512
476
502
560
709
470
416
384
646
504
460
457
451
496
584
823
556
763
527
462
512
529
662
975
695
539
341
511
415
494
537
522
412
632
421
481
551
467
406
474
581
536
468
588
543
761
454
396
659
537
505
574
294
639
469
449
732
425
557
668
515
684
409
676
555
444
564
552
487
461
967
490
480
874
565
466
752
509
609
465
565
402
500
515
634
349
610
659
490
507
259
321
564
498
705
782
514
517
613
505
449
485
554
443
672
391
479
679
602
748
603
500
453
577
396
451
389
644
531
752
512
465
540
472
820
375
337
225
578
507
431
412
373
544
391
434
441
461
468
473
426
562
443
378
755
418
617
460
409
771
546
500
534
470
397
401
604
420
338
444
493
596
623
428
410
302
587
475
558
477
754
173
205
155
334
382
547
479
306
444
327
551
571
371
783
817
661
673
486
474
499
499
484
424
533
689
832
355
338
417
363
475
401
656
202
461
393
376
285
489
452
481
448
517
496
354
435
309
519
397
386
383
565
390
387
252
356
524
430
388
631
673
639
642
552
493
502
350
400
342
348
484
346
451
443
288
353
410
400
369
362
437
601
479
551
300
476
554
413
474
541
756
645
446
360
359
378
641
343
350
520
634
541
600
380
266
411
581
357
399
371
357
377
442
547
439
406
391
458
734
337
337
177
629
497
470
502
338
370
648
606
328
498
361
457
428
498
510
646
626
415
464
533
409
498
419
390
584
537
610
337
743
507
605
377
338
343
425
561
468
454
437
488
461
534
372
536
497
464
408
392
546
358
379
431
484
438
755
386
391
364
398
516
473
516
474
283
304
506
272
544
389
391
513
514
712
470
409
794
324
363
339
394
384
385
356
352
489
340
635
354
461
396
382
483
313
641
388
387
487
560
512
477
640
461
492
401
556
529
525
467
446
438
584
369
372
417
408
371
301
332
341
262
266
284
335
493
340
327
385
380
403
341
288
416
395
369
372
355
249
422
293
431
367
367
346
352
434
390
501
678
481
376
315
419
258
417
427
473
513
476
620
284
507
405
384
514
560
338
514
550
157
404
357
655
312
353
333
461
375
375
290
304
316
478
443
383
352
384
498
296
248
397
421
483
479
431
318
337
345
276
262
508
439
295
273
304
326
429
448
537
312
689
368
680
393
614
306
658
275
372
281
382
502
389
389
220
489
357
621
292
419
286
436
319
470
488
410
332
283
402
263
437
477
277
366
181
512
473
341
406
339
365
369
187
497
513
326
396
526
252
460
404
491
557
360
452
505
346
279
452
360
261
298
339
320
394
453
319
356
361
426
508
673
354
300
512
438
556
387
301
316
279
603
248
442
250
585
416
318
304
311
346
301
623
441
617
326
421
319
292
299
424
375
280
198
416
246
512
492
342
433
319
274
605
508
399
490
255
308
304
362
339
387
286
299
280
323
241
398
581
353
513
373
217
346
428
296
214
280
312
305
232
225
321
299
260
243
396
361
227
366
327
556
425
113
436
483
369
387
306
458
331
280
286
665
380
426
515
259
331
220
304
461
279
281
272
270
585
347
117
450
414
313
314
345
405
306
253
241
254
362
248
380
259
389
345
285
392
196
761
312
399
330
494
312
327
265
295
311
284
247
277
351
297
274
341
357
356
318
316
283
429
474
324
541
460
274
350
331
407
418
289
458
419
231
427
311
577
274
83
470
332
400
407
258
459
332
318
218
322
335
387
302
341
422
266
257
241
347
244
252
361
238
437
427
275
238
304
325
48
87
573
369
367
330
305
456
182
334
441
213
214
554
312
228
212
452
349
234
375
398
292
250
303
225
307
553
242
376
470
385
244
372
205
288
418
222
391
225
381
223
347
328
497
333
221
325
451
366
356
200
381
447
305
352
333
364
252
604
368
250
323
270
298
422
243
373
574
299
270
315
501
263
327
224
431
244
296
260
239
195
307
230
390
332
472
301
306
280
250
236
357
230
317
154
486
357
240
246
180
239
293
239
218
287
216
201
399
356
284
445
245
279
249
337
203
136
207
492
264
191
277
173
301
224
220
176
195
313
214
220
352
221
238
313
287
200
274
461
136
333
323
373
135
234
279
394
331
258
359
245
199
227
144
192
253
223
295
293
390
270
288
210
186
132
198
276
303
137
327
165
199
291
212
167
255
321
252
221
255
280
338
290
224
219
184
212
232
185
238
162
344
215
286
200
192
221
248
168
251
250
208
126
90
268
232
230
284
134
228
268
157
193
97
139
142
94
122
210
148
149
157
189
96
245
125
165
133
173
151
120
124
74
127
116
119
61
100
128
178
160
102
103
154
79
85
552
297
