213
254
292
288
294
289
319
293
27
286
271
256
220
197
215
247
249
287
267
288
228
266
170
211
199
162
230
267
283
306
296
295
299
313
295
348
361
327
362
326
322
351
321
367
345
285
261
320
246
351
402
350
343
364
334
323
329
320
284
322
365
324
305
278
379
318
321
339
336
328
364
329
340
388
235
172
418
358
250
310
260
318
323
271
376
390
255
177
340
276
343
347
303
309
318
251
226
315
342
198
207
283
286
322
319
287
260
268
270
237
221
213
238
197
225
238
242
191
247
243
217
227
192
306
145
276
141
203
256
201
308
212
232
241
125
228
246
276
170
160
256
265
201
273
189
236
136
229
345
323
243
289
246
237
219
370
342
254
277
298
316
263
285
246
289
316
324
236
225
202
193
213
149
167
138
179
152
144
229
147
116
262
214
275
228
140
132
172
112
121
115
140
125
130
123
155
250
249
159
210
303
208
297
274
251
167
234
239
327
318
315
289
248
224
95
322
224
337
369
331
192
359
282
282
357
317
257
322
253
330
190
318
236
251
274
363
320
296
330
335
310
374
260
171
147
358
239
203
148
99
146
103
98
127
157
226
225
290
212
81
116
77
139
330
152
241
56
251
200
288
372
189
208
139
364
223
241
270
267
273
282
340
312
348
373
293
240
253
231
180
307
334
217
310
333
240
317
167
333
332
299
217
223
216
183
205
330
165
141
189
131
114
122
133
326
157
393
241
333
194
293
376
324
351
340
329
228
225
206
219
235
312
331
358
159
257
312
356
288
121
291
282
295
297
284
287
139
221
192
170
273
208
345
339
243
236
263
222
257
301
271
260
311
320
302
191
410
237
224
221
319
362
194
213
420
263
272
268
280
326
291
279
167
220
291
57
306
284
350
340
225
217
210
173
178
218
245
200
199
137
394
56
307
247
266
329
329
289
334
189
294
315
242
309
91
268
302
294
241
161
291
295
297
249
302
130
282
235
343
255
357
265
182
164
152
166
202
155
206
165
220
314
348
351
170
187
172
168
232
277
187
138
290
182
193
217
232
324
290
177
280
293
209
130
335
275
316
115
112
294
174
128
125
203
215
207
193
226
220
209
216
237
241
169
164
210
169
269
244
282
350
310
165
275
249
205
214
307
293
315
341
289
342
267
323
206
191
297
240
205
377
302
378
112
64
94
315
218
303
188
237
343
220
253
360
320
225
322
287
358
309
313
207
355
293
278
255
135
306
235
241
313
301
360
297
299
168
209
220
322
277
210
209
206
191
234
167
228
219
204
292
312
115
215
273
299
248
325
196
196
189
248
340
322
227
147
145
244
212
292
252
275
327
268
148
247
331
195
64
264
138
202
186
225
209
278
179
262
261
357
167
170
102
112
185
141
194
116
232
329
249
247
267
305
259
284
327
302
192
242
191
200
200
261
351
328
200
239
449
244
229
171
249
305
357
225
372
275
366
197
380
244
352
353
278
198
216
412
141
189
249
236
340
337
251
274
163
150
184
62
245
87
147
136
149
243
212
234
210
142
134
137
181
196
169
77
345
296
328
316
325
316
337
352
339
230
206
192
203
324
289
292
337
181
192
194
141
180
190
411
388
171
226
209
187
334
285
323
225
229
225
220
386
221
270
316
315
327
304
164
188
235
338
194
271
225
248
306
280
293
99
134
210
193
299
173
192
127
82
300
178
207
223
336
322
165
243
160
206
189
54
208
226
299
241
204
192
220
176
146
408
185
163
111
230
247
166
289
253
208
202
66
273
307
89
147
189
276
185
275
123
239
353
200
317
249
328
266
196
334
289
192
286
313
246
379
377
244
263
138
280
150
146
240
260
329
210
188
279
334
99
239
248
214
324
134
278
145
162
64
293
308
231
218
286
408
263
203
305
285
163
322
264
245
348
336
306
278
271
177
246
353
348
187
178
124
178
249
147
196
236
216
222
316
345
324
327
263
309
381
340
249
165
333
158
376
286
302
189
222
228
224
255
165
219
305
385
203
212
173
139
265
262
116
270
352
123
350
60
205
190
303
254
295
306
232
247
135
204
298
208
232
250
171
201
252
261
218
330
190
171
248
216
328
203
199
385
209
222
248
93
235
169
184
376
273
298
316
172
156
312
334
116
368
350
315
224
234
337
199
303
96
252
286
143
193
364
331
337
331
366
293
366
206
176
219
223
190
116
185
154
364
375
388
335
336
298
273
282
300
264
308
259
244
254
191
391
343
347
350
308
260
346
340
212
365
352
372
295
350
354
164
150
364
116
324
357
345
204
465
304
298
308
266
172
398
234
254
317
304
301
103
193
198
218
222
205
221
379
218
183
302
336
145
308
181
309
200
219
270
277
303
156
283
262
259
373
158
343
209
194
288
139
383
214
314
357
241
344
302
210
249
203
192
339
349
123
145
304
340
242
337
423
280
192
290
214
179
375
311
158
341
360
113
267
87
90
367
289
310
326
135
327
244
346
284
240
338
397
360
208
335
339
313
270
243
206
212
230
242
204
189
397
165
239
341
94
435
426
312
159
85
52
206
278
139
209
159
403
225
203
300
303
356
357
146
218
232
379
273
221
219
355
296
278
253
252
207
329
319
97
250
176
308
239
407
320
420
244
257
161
357
175
358
329
260
34
36
19
91
232
363
314
141
330
245
285
289
244
262
248
262
299
260
251
266
267
251
224
228
372
336
242
148
393
250
292
244
313
78
210
143
209
172
278
286
287
105
297
399
299
202
291
323
184
210
204
227
146
143
195
157
294
172
216
385
298
292
230
322
187
243
375
257
192
182
304
277
233
306
238
285
303
240
401
162
280
198
193
322
203
334
314
379
396
199
334
282
219
204
273
173
412
297
286
192
272
327
170
272
218
240
277
190
217
223
215
190
235
345
294
320
309
444
259
67
193
172
238
338
292
201
223
166
234
304
250
213
232
448
311
190
329
226
214
181
168
309
184
194
199
247
254
215
305
151
358
266
354
309
290
174
163
242
251
274
174
316
140
187
177
300
307
122
234
163
235
261
95
188
392
326
239
169
184
171
157
203
322
259
271
182
180
409
300
319
384
442
292
297
304
344
340
234
227
205
218
157
167
386
159
238
269
210
281
221
270
380
367
272
136
305
182
196
387
422
407
361
393
323
305
299
297
344
281
367
214
224
145
201
382
226
234
363
188
257
177
152
165
169
183
261
285
212
220
173
409
134
296
266
208
185
334
335
231
206
311
457
381
413
172
302
214
272
217
264
123
286
228
255
217
177
296
276
360
125
184
349
430
113
262
250
147
219
283
276
110
508
266
362
205
194
274
377
290
221
204
213
307
137
150
167
171
339
310
310
270
261
217
245
227
169
316
365
346
219
211
349
215
186
206
159
241
350
270
384
130
387
325
233
128
245
193
267
173
331
135
183
281
249
212
141
368
197
212
260
311
145
311
227
280
220
292
308
337
245
201
330
249
186
192
127
206
213
180
204
204
138
197
188
276
267
326
181
242
219
217
243
370
277
306
166
295
205
207
227
279
224
188
201
354
150
169
183
306
294
251
227
303
159
347
385
310
254
178
232
269
184
292
151
367
154
321
304
244
195
205
187
288
350
554
237
360
241
306
156
162
228
182
124
167
306
432
281
310
348
256
144
230
180
282
280
284
326
249
223
270
329
213
193
-1
140
163
200
211
188
159
224
146
53
186
301
197
185
193
279
267
181
148
186
101
323
194
299
285
227
316
196
315
208
30
166
180
244
289
145
245
136
333
186
304
172
344
256
203
319
172
158
182
308
298
136
243
250
117
80
249
167
192
173
78
293
251
308
188
302
206
240
300
243
172
315
153
299
203
246
241
244
174
298
193
101
440
199
195
305
272
182
294
123
275
265
260
155
158
219
81
328
323
253
176
322
207
375
294
177
314
265
330
269
184
322
161
212
165
14
273
204
190
324
313
222
245
257
315
324
162
192
324
148
427
227
207
228
263
180
146
129
218
248
230
180
164
150
433
13
15
224
192
196
189
172
285
132
148
223
265
227
278
187
153
243
230
308
218
332
330
182
245
118
165
288
275
155
217
281
244
195
315
228
283
305
168
313
178
308
209
229
164
203
118
270
195
244
320
267
134
302
179
181
267
204
149
148
322
240
160
327
179
179
158
168
249
242
188
105
128
242
209
248
217
251
166
175
162
175
144
258
179
170
178
311
139
140
126
94
234
223
289
240
67
287
196
112
159
141
136
205
134
238
137
176
176
170
189
235
223
122
195
124
139
78
115
123
295
225
172
180
261
180
219
75
215
52
262
156
206
228
154
216
136
269
147
240
166
140
168
157
258
105
273
157
243
193
216
135
153
164
194
115
147
132
131
236
237
239
144
180
191
180
145
169
180
191
35
291
39
127
178
118
105
203
231
176
206
173
162
296
227
195
181
54
220
250
215
242
148
216
228
114
207
220
146
276
144
162
159
176
153
135
241
121
121
190
112
109
162
123
149
71
147
126
111
99
183
44
158
171
176
85
185
152
133
134
118
151
83
99
75
149
117
143
71
77
132
143
78
89
90
116
76
116
207
154
