269
330
382
361
375
349
412
355
47
366
350
308
266
236
274
308
313
356
323
381
261
305
249
258
230
204
265
347
368
412
354
368
370
381
424
436
437
398
422
390
378
405
385
443
405
358
336
388
305
412
488
409
429
439
407
379
430
398
362
429
462
417
403
339
445
410
428
425
441
426
461
423
460
477
274
229
474
451
329
407
300
431
434
336
449
465
289
242
428
328
416
412
367
417
394
306
249
361
398
219
275
331
353
402
399
335
305
329
322
325
265
284
264
259
287
277
287
241
276
288
249
275
229
378
192
348
155
272
319
262
388
264
279
301
168
282
302
310
230
185
328
337
178
288
253
272
156
273
436
405
328
359
315
273
291
430
417
292
309
380
410
317
323
313
370
376
406
273
262
235
234
253
157
164
170
211
175
167
244
200
136
291
292
355
304
188
155
208
139
119
135
154
142
164
153
168
265
265
151
275
391
265
387
369
314
206
276
320
358
413
438
401
285
301
96
378
289
426
462
392
227
390
374
366
421
378
297
402
327
399
240
394
321
336
338
479
394
321
456
449
426
410
308
216
190
478
332
267
149
108
157
85
107
134
152
217
264
328
255
76
135
84
199
431
175
294
49
334
249
370
469
225
258
212
527
304
305
337
333
352
343
397
359
435
437
387
313
294
298
223
409
444
268
407
440
318
379
239
437
411
373
259
261
257
223
246
408
222
187
251
189
175
186
207
418
153
438
309
393
246
350
447
411
451
422
414
287
254
273
252
290
359
421
412
170
291
366
455
353
121
370
361
376
385
372
362
176
271
257
240
363
288
413
418
322
306
325
287
296
419
349
343
383
419
390
234
469
285
275
284
362
412
225
256
464
351
351
440
345
384
388
388
198
264
373
77
422
363
412
430
303
312
255
215
206
273
320
201
202
182
523
69
420
310
337
438
419
292
402
203
395
398
332
383
151
337
410
362
304
190
376
338
374
320
384
189
340
285
415
286
428
316
214
193
163
202
246
177
311
199
252
432
482
486
189
216
196
196
286
360
220
174
363
226
221
280
267
427
385
247
394
403
271
136
417
318
396
151
155
354
223
163
175
262
300
284
271
264
287
278
267
294
308
211
208
262
198
363
312
392
393
394
184
350
280
230
294
409
385
421
449
365
421
350
370
297
248
356
305
240
444
384
475
140
61
115
412
272
348
244
294
408
284
296
419
408
257
400
355
385
412
407
245
403
381
362
319
129
453
281
281
360
352
474
396
392
215
280
290
394
367
271
232
242
226
265
198
265
293
267
384
378
126
276
333
385
303
441
241
236
240
312
364
353
292
189
167
356
246
374
339
359
347
366
215
306
406
238
71
351
168
250
244
284
248
323
234
334
347
456
185
213
137
131
222
161
243
130
228
412
290
310
278
399
342
355
414
402
253
309
221
243
244
244
423
411
237
348
540
323
341
242
322
395
427
305
444
401
455
252
466
329
450
454
330
242
273
501
143
216
298
272
418
390
287
385
178
181
243
65
287
89
189
194
261
376
274
270
266
185
174
171
209
248
243
94
410
349
396
392
399
398
395
402
398
273
271
239
277
402
388
377
402
233
272
247
188
241
256
531
521
216
281
250
232
437
366
394
283
291
242
277
451
303
367
410
402
414
417
200
228
303
444
252
343
277
312
348
367
405
109
171
278
298
378
284
233
171
96
367
237
270
277
436
419
209
327
173
266
297
80
239
311
423
303
272
278
279
231
182
452
259
184
158
292
303
228
362
336
268
243
80
339
409
113
171
251
346
265
387
174
295
456
250
407
320
376
293
291
404
375
227
342
353
339
472
472
337
412
199
297
194
155
338
354
375
292
216
385
475
227
359
331
294
446
140
386
179
217
103
347
347
273
267
452
613
425
316
391
390
207
375
327
357
436
401
350
350
310
226
274
434
419
252
244
147
245
332
186
244
296
281
254
391
484
444
448
386
419
510
539
389
267
402
217
474
357
381
239
273
287
252
338
203
261
395
452
268
276
227
146
336
342
193
346
461
164
382
66
183
290
355
334
374
370
301
312
233
226
342
273
288
327
255
285
337
370
280
443
253
232
311
293
413
251
258
444
260
241
365
92
275
213
244
438
305
369
359
243
211
419
455
160
485
484
352
276
284
478
250
395
120
290
345
141
218
521
403
444
402
429
374
444
285
233
310
303
236
176
227
193
461
500
482
438
464
367
326
339
347
339
359
380
318
283
253
466
446
456
429
356
231
481
450
225
468
490
511
357
449
391
229
193
466
153
404
465
431
248
572
340
384
385
267
242
502
275
303
413
355
370
145
270
268
275
288
282
296
394
263
244
362
476
145
415
227
366
205
286
358
317
407
205
319
285
334
409
185
395
282
247
370
199
558
276
452
404
335
392
385
308
298
277
245
471
449
189
196
408
423
278
476
533
356
206
341
269
235
435
385
220
437
470
124
354
81
117
439
328
351
376
154
446
316
425
382
302
434
503
503
266
425
434
469
346
325
286
271
314
356
255
231
483
207
307
384
135
455
521
356
196
101
36
276
346
165
347
196
419
258
262
387
394
496
494
183
277
233
-1
343
274
286
454
420
319
317
316
252
477
442
182
311
216
399
297
462
363
498
322
353
218
431
243
419
444
314
24
41
24
151
290
415
364
134
434
277
369
376
312
346
285
354
362
279
282
284
288
277
243
272
477
410
331
177
494
358
401
341
363
54
281
211
266
232
425
371
383
143
400
562
379
285
424
349
243
281
263
310
185
184
274
185
370
227
249
475
347
357
301
394
235
306
453
411
305
256
334
361
322
377
306
348
402
313
485
222
375
251
284
480
279
386
364
431
510
279
408
355
300
285
378
227
503
417
395
222
387
363
268
395
313
349
352
265
292
306
315
249
286
441
366
438
423
532
312
139
230
203
232
412
367
232
290
220
329
400
359
299
280
550
374
206
382
300
253
234
235
401
257
262
273
282
334
292
353
202
430
337
428
435
382
188
221
316
332
306
140
363
184
267
250
367
358
147
296
172
294
338
162
246
450
408
304
218
228
216
212
249
420
307
444
233
234
458
386
344
457
514
374
376
406
474
435
297
325
302
301
205
203
545
194
304
307
237
289
243
330
427
418
275
162
372
228
256
398
440
418
405
497
428
336
394
385
412
359
426
277
262
194
236
555
284
302
402
242
301
235
229
228
229
234
362
342
272
241
239
490
168
535
338
255
228
438
417
312
304
334
428
348
379
230
395
268
347
232
325
197
384
282
354
344
248
407
297
348
191
225
454
462
153
326
298
222
281
344
343
145
453
332
443
254
267
378
459
337
300
283
287
417
194
179
212
179
391
342
466
437
365
312
314
303
194
491
523
485
296
293
449
230
228
247
204
311
405
282
439
176
457
412
299
167
303
260
284
224
402
133
254
346
353
246
168
370
193
240
410
420
179
404
347
398
275
336
321
371
282
264
408
352
238
187
150
294
268
190
311
258
177
246
204
355
357
422
222
267
277
296
320
495
305
446
201
363
242
340
285
350
348
220
237
438
198
234
250
419
390
307
270
370
211
408
370
379
258
223
299
340
248
352
212
416
155
367
392
284
251
261
271
406
398
398
320
425
294
353
205
195
307
217
156
162
356
359
334
352
428
315
181
341
206
393
309
338
357
374
300
351
475
241
257
379
226
207
273
266
225
217
256
210
84
234
355
244
206
242
328
287
238
187
247
123
379
246
300
351
267
332
223
386
260
31
176
213
259
370
220
311
205
284
247
333
188
392
247
252
405
257
175
214
403
400
203
347
296
165
112
320
208
217
228
143
372
267
346
253
436
265
328
374
305
196
377
200
361
245
307
319
258
230
343
224
159
383
244
255
370
342
242
357
155
365
320
309
191
222
263
133
402
369
337
275
355
248
456
401
243
383
308
419
295
256
365
256
326
221
34
386
240
231
341
330
254
330
329
391
398
243
229
366
201
429
253
225
307
373
272
171
156
242
267
318
225
218
197
400
6
18
273
162
200
260
223
388
151
186
248
302
250
325
258
209
291
233
313
264
394
330
219
276
153
204
354
360
211
206
300
281
236
302
291
357
340
265
335
223
387
247
331
209
233
166
307
237
342
375
328
194
283
198
239
309
281
187
180
377
207
204
368
217
234
190
188
280
250
234
127
158
316
255
245
257
243
205
256
209
178
196
307
212
214
247
356
177
178
175
137
282
253
335
265
101
337
248
112
165
166
158
260
195
339
158
232
237
194
225
291
274
167
220
149
176
82
164
161
377
251
183
194
271
204
309
125
226
94
366
194
284
303
193
252
168
298
193
300
256
231
183
177
301
121
338
150
327
252
270
145
179
153
240
148
145
183
169
250
251
293
162
163
248
304
219
193
216
230
65
369
72
128
207
153
131
251
288
225
258
199
218
345
259
241
261
75
240
260
227
272
178
263
268
143
236
216
176
296
171
195
193
209
176
159
243
152
151
254
127
119
201
125
170
83
142
121
143
143
190
68
165
219
220
112
229
179
130
137
150
187
121
118
70
159
134
144
73
88
151
157
65
99
102
112
75
126
251
211
