113
134
150
138
147
136
159
145
23
137
148
118
113
97
94
112
105
141
141
142
109
112
97
118
107
72
113
147
151
170
125
170
151
147
188
186
181
145
179
162
144
144
142
182
162
126
129
143
125
148
186
172
190
193
171
184
179
158
142
170
184
174
149
147
213
191
161
192
193
178
203
180
209
192
119
124
208
200
171
201
149
194
187
172
236
229
131
114
193
135
163
176
152
157
157
128
153
159
159
138
142
139
129
137
154
130
129
130
130
132
109
95
121
98
110
111
105
106
121
105
104
89
97
152
80
145
82
90
145
97
142
102
116
125
63
105
97
108
95
103
114
132
83
120
77
113
53
115
197
163
120
131
108
99
118
192
174
113
127
163
177
125
127
130
139
144
206
106
93
92
83
85
69
70
66
71
65
66
93
75
44
126
138
139
127
112
65
71
53
54
58
57
63
78
95
87
114
113
60
107
187
95
155
144
124
99
118
102
170
196
209
197
144
111
63
150
122
187
195
188
92
154
153
146
185
158
116
165
150
180
153
191
118
143
145
222
129
139
188
182
178
205
145
123
90
194
136
122
94
91
88
68
69
89
66
109
118
141
103
48
69
49
78
178
95
102
46
125
113
154
189
91
142
136
258
114
122
139
134
134
143
159
145
162
173
171
133
112
108
97
244
250
205
241
180
138
145
137
177
153
147
107
118
116
99
98
145
97
76
93
77
61
73
84
172
74
203
109
171
94
140
171
170
234
162
184
142
125
114
99
134
163
187
218
91
150
161
190
164
52
136
156
175
141
168
183
106
120
115
98
158
105
217
181
112
140
129
113
121
188
134
133
169
169
149
141
240
103
111
106
158
193
93
113
230
124
137
173
123
156
216
175
95
119
151
45
172
143
154
181
137
133
100
80
82
94
114
109
111
82
229
47
195
156
171
198
201
157
149
83
186
145
153
137
60
115
145
138
145
65
158
131
148
131
165
76
147
131
163
101
184
122
100
93
72
90
116
116
235
95
103
180
190
195
92
92
82
83
130
153
87
98
145
102
116
95
102
178
165
123
176
189
153
103
198
127
163
92
68
161
108
98
95
129
137
134
128
121
124
131
128
116
143
122
84
130
106
175
114
171
164
180
87
131
131
107
111
142
137
150
183
143
170
125
149
105
104
147
129
126
184
157
182
107
42
75
166
121
140
97
165
182
118
151
168
164
110
158
168
175
145
172
112
167
149
137
124
77
202
123
127
140
151
187
159
181
118
116
120
177
151
128
110
109
104
125
86
131
105
128
164
170
76
101
120
156
137
166
100
107
113
141
146
151
137
84
81
147
117
143
135
126
173
152
83
109
173
125
6
148
92
111
111
136
116
132
74
134
136
188
105
117
99
96
125
91
113
38
121
169
117
164
160
167
172
172
161
157
90
108
100
117
91
112
189
160
111
120
230
162
133
137
132
168
191
128
180
177
190
114
187
133
173
174
134
125
117
203
77
94
110
116
177
161
137
234
88
77
122
27
155
66
113
70
33
134
137
113
109
83
77
85
101
92
109
39
184
156
147
149
159
149
151
157
146
102
119
100
131
167
172
154
154
98
106
90
56
96
133
213
207
97
125
104
118
180
159
155
125
139
128
120
198
123
136
157
155
157
155
92
111
135
183
111
149
125
148
178
150
136
72
74
137
141
187
117
81
87
71
168
108
115
123
175
184
96
159
99
129
121
35
276
116
173
139
98
112
130
94
81
203
84
82
59
129
151
82
169
142
128
98
53
143
194
47
102
114
129
101
156
64
132
175
102
175
147
153
133
115
183
143
86
147
150
143
212
194
132
198
83
138
89
95
127
129
162
130
107
167
174
79
155
127
135
190
50
147
69
100
41
112
147
124
131
157
230
149
121
164
147
95
171
126
127
202
142
152
166
128
83
111
188
185
120
107
86
110
160
100
89
117
102
90
160
203
190
168
140
192
177
194
142
105
152
135
188
153
135
267
296
304
292
352
217
289
260
208
131
137
100
44
156
135
71
142
175
92
151
59
85
116
143
140
146
150
96
106
79
95
130
124
109
133
102
100
130
153
127
194
113
101
154
127
175
121
111
198
108
99
142
43
97
105
118
179
143
142
148
132
93
168
166
123
195
198
162
100
100
184
124
164
86
138
164
55
105
234
172
175
168
171
170
195
120
83
108
116
130
78
106
109
190
179
178
147
181
141
132
135
146
129
131
133
250
102
111
183
163
172
174
137
145
146
166
104
193
178
180
156
176
153
105
103
200
74
150
169
164
133
219
168
158
139
142
98
188
114
136
169
146
148
62
272
100
129
106
124
95
180
122
104
137
187
57
179
103
137
121
124
141
148
189
78
143
130
145
181
217
158
138
111
161
89
215
143
159
195
133
174
178
128
151
124
119
154
205
65
104
191
175
98
198
213
139
107
129
116
107
155
148
68
172
188
93
131
50
68
178
148
155
147
98
155
116
168
129
119
192
181
194
114
147
177
193
158
136
123
126
155
139
263
262
180
88
147
156
102
180
190
143
75
53
36
98
177
72
111
79
172
133
127
158
177
166
164
90
138
114
204
158
136
133
130
115
176
226
227
123
189
186
63
134
99
176
118
192
169
220
142
144
95
166
120
156
167
142
25
24
13
81
135
153
147
53
196
314
167
172
119
159
162
153
173
139
141
136
134
127
112
139
260
212
124
83
163
104
158
145
160
33
128
94
122
116
182
154
151
69
144
222
150
116
148
152
99
109
107
127
94
92
100
108
135
91
102
187
148
151
119
157
98
168
177
147
107
118
141
152
110
154
112
115
172
153
179
77
139
133
126
178
103
151
145
149
173
127
174
155
127
132
173
115
204
143
113
114
224
151
99
163
221
142
164
107
112
123
117
107
118
179
133
179
176
198
128
65
228
214
110
161
154
139
101
113
212
267
237
111
123
216
165
131
166
168
128
119
115
164
113
124
116
126
147
121
148
88
182
132
174
161
103
102
124
150
144
136
74
165
108
123
90
141
156
100
116
173
122
156
56
104
172
180
142
120
114
114
110
108
157
147
151
109
115
184
143
156
135
179
152
150
184
189
190
150
114
104
107
110
117
201
83
131
139
266
135
108
153
185
178
139
44
128
252
132
168
170
173
169
184
158
140
156
173
150
167
174
103
124
124
273
207
135
118
171
112
147
108
97
108
108
109
171
137
117
97
111
195
74
169
182
259
278
155
150
101
124
156
195
149
161
104
141
124
134
103
157
91
187
135
133
121
97
166
154
166
67
114
130
180
70
141
114
71
120
163
176
65
184
130
170
109
105
148
191
146
191
211
124
178
116
94
266
219
151
140
169
150
182
139
134
124
108
185
194
189
84
96
198
148
106
82
83
116
169
154
206
54
214
163
127
92
152
98
130
88
141
69
99
164
149
105
97
168
165
125
133
183
80
141
125
165
131
130
167
173
130
120
188
163
98
81
58
126
124
216
127
109
74
260
-1
170
166
159
74
139
121
131
142
197
149
149
113
165
302
124
148
152
120
95
183
151
109
96
114
182
147
142
127
167
102
137
170
179
138
93
112
176
124
148
85
175
217
176
183
136
110
123
123
169
132
204
136
187
119
132
125
104
146
95
89
60
148
149
153
172
152
161
76
134
102
177
153
150
194
151
142
156
178
104
105
188
221
207
132
119
118
96
126
77
29
97
149
105
120
107
104
116
117
79
120
87
136
106
148
179
137
160
245
186
130
31
97
133
136
167
97
115
73
143
113
192
111
150
130
113
188
117
78
118
166
180
104
125
144
72
11
144
98
112
110
38
142
100
116
90
150
117
106
163
123
97
139
215
133
121
167
125
163
84
156
105
74
159
132
120
161
166
119
147
81
137
135
134
88
93
110
86
152
175
133
105
171
118
191
153
85
142
164
184
135
120
151
102
150
123
1
183
116
117
160
131
134
140
133
141
175
89
118
180
220
195
119
107
140
184
88
92
78
126
160
89
109
111
90
174
11
9
150
73
124
95
101
167
56
104
124
121
123
156
118
91
174
125
143
119
163
170
117
130
135
74
163
195
106
113
130
155
129
164
129
145
170
115
141
108
152
104
129
103
91
77
124
110
152
143
135
98
132
119
85
128
155
96
58
186
96
102
159
102
99
124
112
142
141
94
82
78
148
122
125
123
134
114
221
225
92
230
170
94
68
95
170
103
106
134
81
148
122
156
113
26
154
119
131
88
94
216
119
80
130
83
101
79
81
130
134
149
120
135
130
82
53
72
85
118
128
75
115
124
105
148
42
112
45
127
100
135
108
83
126
94
174
96
161
117
99
74
86
136
151
169
112
183
104
136
105
103
73
90
88
83
97
77
136
137
133
88
115
99
144
106
112
110
121
14
181
31
70
131
82
152
168
121
110
108
81
95
230
190
179
149
27
186
190
166
192
76
110
198
71
164
107
119
213
72
97
95
98
96
69
125
88
88
118
80
60
114
86
101
71
117
88
66
77
104
30
102
111
149
57
130
94
86
75
65
96
64
68
55
110
74
70
51
58
88
90
40
56
56
80
52
82
105
122
