423
546
585
545
549
514
581
587
90
611
495
485
444
413
426
484
492
522
535
595
450
526
389
437
390
393
461
513
610
590
593
536
543
580
638
594
728
618
652
591
578
647
592
728
643
535
488
691
423
682
698
597
597
601
585
589
562
615
481
547
592
581
601
523
545
548
642
532
527
547
692
803
705
730
475
390
558
701
482
526
424
509
451
461
603
581
457
295
501
462
664
615
570
666
712
585
335
551
647
322
376
491
630
650
622
483
459
482
495
416
341
406
405
382
383
390
460
278
405
416
450
431
369
540
296
556
203
424
369
335
613
352
369
376
281
405
467
535
248
355
496
446
413
508
367
389
320
455
611
581
632
650
536
465
498
622
586
442
469
538
683
476
473
465
654
681
687
437
388
321
320
361
260
323
205
361
218
246
378
276
241
424
337
575
558
390
216
315
168
196
171
244
168
189
296
206
438
440
324
464
689
408
592
573
538
363
445
486
496
437
637
509
469
508
132
618
459
651
718
608
309
607
505
503
543
539
398
664
465
532
305
596
477
525
495
668
624
486
612
528
706
538
412
254
204
655
353
522
274
248
290
186
174
248
294
420
564
474
365
182
172
136
277
697
242
436
140
416
449
580
693
295
338
256
642
504
521
526
520
487
603
648
642
678
661
501
514
400
506
236
425
476
398
492
660
314
567
441
703
552
663
336
337
363
238
350
668
297
300
304
248
284
233
259
622
302
580
523
595
408
629
771
637
584
579
633
475
287
472
437
467
604
652
477
240
488
589
589
464
205
486
501
619
562
614
394
282
336
275
350
483
363
577
635
491
334
544
479
423
567
633
541
642
604
686
300
545
422
502
486
507
596
315
314
563
603
573
526
432
581
506
719
233
317
541
153
615
623
598
631
335
349
381
282
302
417
516
453
456
189
703
136
730
615
651
777
741
517
619
427
632
612
344
700
259
523
655
679
326
307
626
539
529
340
429
257
485
400
614
340
687
449
241
204
227
242
313
256
288
261
382
496
490
496
246
250
276
220
358
486
278
287
555
417
286
438
407
562
376
294
383
414
383
171
449
546
447
186
169
521
282
259
226
327
301
331
306
322
345
273
311
446
389
289
369
400
250
505
444
537
598
485
254
642
528
444
484
691
688
602
735
632
646
498
519
460
297
566
456
346
591
610
672
203
70
198
613
312
598
384
413
594
464
530
625
605
343
649
600
587
505
764
514
636
591
520
453
183
553
357
312
579
568
758
408
391
213
332
463
547
458
343
312
300
233
314
283
293
412
344
499
502
165
355
559
448
446
368
334
275
278
350
579
553
356
317
267
613
397
547
499
521
530
643
334
425
586
300
138
541
267
309
267
350
289
471
263
587
596
424
194
191
210
140
193
190
203
210
468
480
428
304
420
566
523
460
586
574
403
415
390
270
380
375
529
501
465
522
585
338
300
271
358
456
544
362
573
535
676
256
481
368
601
492
447
282
306
522
241
312
355
404
641
621
316
428
245
220
284
113
386
259
188
271
271
477
328
336
320
232
200
241
269
331
298
111
485
601
552
513
512
492
517
579
555
332
295
279
205
525
588
357
544
283
335
287
252
357
212
476
465
416
344
294
311
471
320
672
268
280
318
363
492
527
722
602
587
614
539
221
268
290
373
311
500
303
521
549
712
565
166
256
271
286
390
280
306
199
137
464
283
333
294
496
453
400
463
184
318
303
85
295
290
329
264
325
371
471
268
344
466
339
224
188
347
392
291
480
493
246
309
119
401
349
121
195
277
327
289
600
240
385
642
287
442
312
556
448
263
526
457
278
421
429
397
373
492
268
439
243
462
230
246
336
313
588
283
416
387
438
360
351
424
296
543
319
455
215
276
116
528
530
371
257
441
527
430
299
408
452
228
450
520
364
658
554
490
506
434
275
413
704
651
296
271
223
272
369
212
398
463
440
501
622
616
609
490
515
406
549
430
467
319
581
261
327
607
553
288
336
360
306
293
303
328
412
502
357
385
313
281
671
444
225
529
490
161
494
128
384
257
624
257
655
391
402
394
209
276
518
329
248
515
308
452
583
501
308
348
282
279
329
290
546
258
400
508
453
347
500
72
478
250
347
532
358
484
556
209
297
642
643
184
462
455
521
426
379
539
277
654
162
261
497
308
419
527
575
471
398
439
423
369
233
308
548
290
364
167
377
285
449
392
370
600
396
466
433
415
488
414
635
518
322
392
242
474
382
421
389
408
435
410
602
389
519
435
518
436
423
437
234
170
440
201
596
603
532
391
445
486
492
530
434
385
517
412
436
421
479
552
112
266
288
360
417
372
583
442
290
281
585
467
203
537
220
525
267
399
362
406
490
211
491
392
538
792
191
441
512
281
308
212
453
242
303
474
451
449
578
303
396
250
259
565
414
212
176
341
389
462
463
422
501
349
512
199
278
385
522
241
373
388
238
301
93
131
436
460
480
484
245
511
398
355
327
249
332
432
379
363
489
621
446
289
371
327
270
475
475
249
258
442
254
247
393
192
321
373
474
216
132
115
348
447
300
314
214
407
234
268
432
450
509
506
202
338
314
282
366
280
336
489
427
377
323
321
260
425
429
182
241
244
366
277
404
330
415
500
304
184
287
250
431
276
320
99
118
85
189
223
408
370
271
440
202
625
590
542
391
327
262
285
457
431
477
472
447
319
386
446
459
510
190
404
330
391
407
425
118
324
232
249
204
460
486
475
182
425
402
291
189
236
453
328
360
339
439
231
229
375
206
390
226
515
400
406
406
290
488
427
320
308
295
365
208
453
229
388
307
288
355
378
444
296
338
349
232
199
282
356
665
587
360
393
247
409
281
243
407
374
345
380
360
406
304
387
456
220
503
157
453
416
236
267
299
281
205
310
352
474
586
535
307
341
149
180
114
403
390
212
435
208
303
360
375
200
275
436
336
383
396
371
300
251
155
176
198
167
158
172
-1
309
225
545
260
359
324
335
326
356
217
153
293
259
249
260
498
196
201
307
456
395
161
391
194
275
380
221
227
407
396
288
123
142
141
162
392
535
501
419
320
224
465
257
414
327
321
403
427
387
384
367
299
234
308
258
150
148
260
273
207
276
249
461
453
520
387
374
322
151
473
230
207
432
427
320
340
345
265
323
208
465
283
490
439
405
254
345
244
276
245
236
307
427
422
245
169
162
169
215
495
220
186
212
230
295
193
234
526
223
218
427
352
351
178
246
380
306
335
206
466
345
391
386
276
219
387
351
540
280
200
250
306
445
207
275
274
351
221
481
452
274
325
294
412
113
387
287
381
193
190
283
406
326
233
200
463
275
270
185
253
245
418
402
322
199
368
460
311
356
189
277
323
351
250
249
418
281
125
233
189
193
298
349
418
281
515
348
290
171
241
228
369
355
390
190
188
465
380
252
157
319
264
299
168
470
214
354
229
285
226
276
217
219
333
164
448
244
273
378
159
437
196
186
385
296
172
261
126
459
456
380
275
452
177
393
289
466
464
280
173
387
248
229
433
316
297
164
243
303
146
189
239
369
404
180
312
397
297
292
347
347
381
266
233
336
233
368
172
391
190
503
240
327
208
227
227
202
368
318
321
262
266
212
217
178
238
209
117
269
434
226
284
232
307
245
195
296
221
358
272
263
226
219
163
268
272
291
198
247
142
161
142
220
252
190
296
225
151
180
415
160
125
185
317
231
149
143
181
136
296
130
300
360
220
238
156
219
175
74
188
220
255
186
181
283
220
262
156
334
147
359
299
214
305
140
344
191
285
250
213
358
342
192
132
283
211
163
134
114
410
325
257
131
298
318
244
222
342
364
304
164
247
275
331
233
267
225
383
206
151
274
165
196
288
241
155
267
189
265
362
376
156
159
268
160
335
321
415
190
288
266
344
328
266
384
237
230
282
168
257
107
254
267
0
383
195
201
251
251
333
183
390
246
242
216
267
255
161
284
326
188
267
261
159
119
163
127
235
414
161
132
161
304
38
38
518
307
280
217
192
425
398
119
252
244
173
458
137
224
185
276
317
265
271
320
190
251
155
142
186
252
132
248
437
377
268
262
210
348
258
174
304
159
384
261
248
176
281
178
198
181
271
254
371
225
203
275
297
255
174
137
165
294
249
160
217
215
159
369
112
285
314
291
159
120
181
146
179
234
297
247
206
119
159
113
349
138
285
125
341
176
177
113
99
215
154
220
217
95
276
164
175
123
91
156
195
162
211
253
142
136
316
279
196
185
203
141
175
175
80
85
138
399
175
161
135
218
313
220
98
185
143
271
131
191
269
124
318
129
192
117
212
202
141
197
222
302
74
169
119
268
179
140
165
102
223
169
79
173
87
175
243
242
251
226
183
188
188
165
103
167
114
50
233
88
97
111
94
137
173
228
139
183
161
255
233
185
138
165
62
182
195
170
186
144
256
178
121
166
156
93
199
107
152
148
227
105
102
194
92
92
252
102
103
136
95
208
47
111
126
62
60
152
128
100
129
127
50
207
120
89
85
110
155
64
99
65
100
73
118
73
47
118
134
108
67
69
132
53
107
405
90
