183
219
245
229
229
225
259
231
34
235
218
212
184
159
206
216
231
226
204
264
196
206
190
192
160
165
190
245
250
244
248
244
243
266
290
286
311
288
307
275
272
285
267
290
284
264
258
286
219
276
300
302
299
261
288
233
292
281
308
321
330
292
310
242
296
283
315
280
295
296
290
272
265
284
194
144
280
298
228
245
172
278
288
173
267
294
192
189
270
222
289
257
263
261
261
205
160
234
273
158
168
234
224
277
276
231
232
235
235
198
204
197
190
200
203
209
211
181
184
234
183
188
161
301
163
249
128
191
234
187
263
198
195
208
137
222
219
214
162
111
222
277
142
226
161
186
95
186
257
275
247
244
246
200
203
300
292
187
216
304
279
234
225
219
240
247
271
209
201
186
175
179
116
121
138
160
139
136
184
137
88
225
180
249
214
92
119
151
123
92
110
129
116
125
86
128
191
193
114
215
218
203
262
247
238
123
210
272
236
250
274
271
181
247
81
262
215
282
277
272
173
265
326
299
286
269
244
292
232
282
149
227
260
273
274
268
269
256
303
302
257
256
213
165
145
277
263
175
93
76
100
70
69
95
110
144
176
229
214
57
106
72
143
271
129
215
48
270
193
258
286
172
166
133
309
211
243
258
246
209
245
265
236
307
307
310
213
238
240
168
250
235
108
193
257
226
261
122
286
276
236
202
208
203
173
204
287
152
147
172
135
105
122
144
299
112
269
271
241
187
250
291
247
258
281
275
197
198
170
165
184
216
257
216
129
206
237
288
281
94
281
205
235
272
247
260
134
241
205
195
259
239
262
267
256
219
237
203
218
268
252
268
234
263
252
137
257
255
241
257
248
263
169
195
282
247
252
212
289
265
262
205
147
202
244
46
284
229
296
310
217
226
200
171
145
214
259
143
144
138
283
34
255
190
202
232
260
165
260
147
235
222
211
272
83
282
278
248
247
163
264
219
256
254
237
133
199
177
296
265
282
227
163
144
135
169
188
78
194
153
218
316
323
338
152
178
172
162
256
260
153
97
263
161
178
175
185
315
291
135
215
232
162
69
256
242
278
73
116
212
169
112
120
222
219
206
202
200
232
211
212
274
239
155
185
212
158
226
193
255
244
277
133
209
202
164
218
248
240
278
275
231
261
267
266
207
193
237
221
184
272
282
284
49
78
80
265
206
255
169
205
276
200
183
295
269
222
265
222
279
274
227
151
272
262
255
234
77
332
254
234
238
200
277
262
254
201
253
232
262
302
216
214
216
184
211
179
215
263
229
294
275
84
264
254
278
220
302
234
190
201
222
229
221
217
95
82
221
192
266
247
259
195
196
216
255
247
164
90
244
116
206
193
217
216
223
249
210
219
286
141
162
83
97
164
112
197
102
115
293
220
213
174
262
191
236
285
276
224
266
137
172
244
157
292
288
158
212
312
203
179
113
261
255
295
239
306
272
306
190
332
252
304
320
247
204
209
326
89
125
266
182
279
264
226
269
159
147
169
51
173
52
143
165
167
254
217
201
202
165
133
148
199
257
192
82
243
236
313
318
323
305
302
294
272
257
220
225
205
293
243
268
279
199
234
251
226
225
197
333
320
159
209
217
175
322
260
282
212
232
148
236
319
230
270
256
263
270
251
164
183
239
278
204
192
219
180
229
213
284
93
119
154
149
225
149
156
137
78
185
195
226
204
310
308
155
202
100
139
149
75
117
246
285
207
265
279
197
183
154
264
212
152
128
252
185
205
207
182
222
191
57
228
236
92
107
186
252
225
237
122
227
268
214
294
263
253
209
236
281
294
147
302
299
220
271
286
260
241
125
174
161
121
264
261
255
223
121
272
280
129
185
274
221
228
109
229
130
168
86
262
212
198
221
234
271
242
231
258
245
165
227
243
285
281
273
230
204
213
197
217
252
237
187
192
138
197
224
126
180
207
191
164
249
257
261
287
264
244
307
313
295
133
260
142
268
195
284
122
91
115
111
118
116
115
279
287
219
225
185
104
187
229
134
236
286
62
269
46
141
204
250
253
259
279
265
258
156
202
252
209
213
243
167
184
202
229
247
273
205
173
212
213
245
182
190
273
187
171
236
87
176
176
187
277
167
249
219
183
156
237
249
125
326
315
229
228
232
247
200
215
84
237
236
110
162
273
265
277
255
249
212
261
235
185
215
246
147
117
146
108
297
337
297
285
293
249
252
250
217
292
225
220
183
218
182
289
246
301
299
230
147
274
300
132
254
258
259
205
297
222
172
139
276
99
223
236
238
164
276
208
253
296
171
165
265
199
179
259
237
213
101
130
226
206
230
167
195
257
223
182
206
222
120
221
170
246
112
170
244
218
222
176
170
157
226
231
103
249
162
176
255
178
292
195
267
243
219
273
206
159
193
190
237
238
265
113
141
278
280
250
289
257
183
132
213
218
194
257
284
180
287
292
54
278
69
86
254
189
230
282
79
252
267
271
285
255
263
252
252
194
269
255
244
250
199
170
181
186
236
128
117
283
133
167
235
76
278
285
258
199
82
36
214
249
99
230
163
231
183
194
255
231
272
269
171
208
163
204
189
190
160
257
257
228
174
191
195
269
249
113
215
190
208
166
267
224
296
200
205
152
292
176
272
291
179
23
19
12
62
214
272
228
123
257
104
211
209
168
243
160
240
228
208
207
197
180
186
135
150
250
226
212
132
228
250
275
228
264
70
197
150
206
183
235
232
225
85
263
317
167
192
218
247
178
183
177
132
149
150
201
138
250
188
175
293
276
250
218
224
168
169
230
256
214
187
187
207
246
253
183
224
190
166
222
182
255
133
137
286
193
211
231
284
290
215
262
247
230
166
184
138
286
259
223
161
234
213
173
194
194
178
221
180
233
218
206
210
180
241
235
202
201
261
224
74
130
108
162
262
257
102
220
137
159
180
191
222
167
238
246
109
201
192
151
160
178
220
208
196
193
142
233
176
233
158
241
223
272
195
247
117
163
193
175
187
94
200
127
144
164
265
225
68
148
86
216
233
96
179
219
202
202
155
168
154
161
177
241
164
211
132
154
243
191
210
259
257
223
220
279
245
247
196
223
225
233
157
157
228
137
203
159
131
182
146
171
240
227
163
148
251
105
197
284
296
273
245
233
288
206
255
188
243
230
223
207
210
75
112
240
185
258
246
130
153
182
176
173
175
190
197
209
181
189
162
231
151
237
193
95
87
210
204
144
239
172
220
175
189
168
184
186
221
163
223
114
178
154
184
187
212
213
191
222
107
157
186
293
102
178
202
115
172
212
219
88
222
220
291
191
200
209
242
212
195
169
162
184
115
179
74
86
170
244
194
177
185
154
230
215
166
224
238
198
190
203
228
121
166
200
167
198
263
169
285
158
280
182
218
130
169
200
210
157
226
112
199
158
222
179
103
218
106
151
162
235
137
290
210
223
162
183
194
172
196
160
243
219
153
134
118
134
194
107
135
167
130
114
74
171
174
200
169
222
205
231
220
250
195
245
185
258
107
144
144
168
162
162
157
246
134
145
175
211
161
160
221
200
114
232
200
196
135
162
239
176
153
210
162
205
65
242
226
154
175
185
193
210
255
180
258
172
179
246
130
139
153
181
111
109
225
153
188
196
212
181
160
163
143
225
163
221
158
227
199
229
219
177
164
165
81
113
133
230
134
146
145
204
85
183
215
174
133
202
203
165
140
123
164
73
193
182
186
184
110
188
119
202
179
19
101
139
128
222
159
232
171
177
179
189
120
242
143
185
193
150
76
181
187
178
143
187
226
100
108
209
156
168
165
101
219
166
167
196
192
171
199
207
177
131
162
75
227
126
185
211
128
215
247
175
134
150
156
175
179
152
154
210
173
215
189
190
178
172
249
78
224
192
154
154
224
128
252
204
243
235
142
227
171
155
258
170
206
166
50
218
195
156
208
149
195
198
160
147
178
230
192
169
122
202
121
167
184
168
164
116
138
139
94
234
169
151
145
205
12
9
150
121
104
165
196
194
60
142
144
148
133
214
181
160
134
158
179
117
210
190
144
147
85
-1
191
230
146
107
203
145
152
188
127
176
190
117
251
152
208
129
177
165
166
93
139
165
252
280
215
66
173
113
210
218
168
152
139
224
165
141
237
145
187
91
99
168
160
169
101
153
170
175
139
108
114
97
114
98
110
47
127
184
159
171
231
117
118
120
81
122
161
137
182
47
230
163
48
144
127
62
136
126
122
71
154
160
134
123
183
212
59
112
85
154
62
116
117
238
117
153
96
121
153
148
90
129
35
166
141
128
197
147
115
143
138
126
155
160
41
191
163
173
49
168
81
205
189
151
64
145
94
188
77
67
131
107
129
129
231
94
87
153
102
98
142
133
151
57
208
28
64
131
134
66
155
211
172
164
180
166
178
128
116
90
62
115
125
108
139
98
195
137
144
100
138
88
135
150
158
158
153
98
82
161
127
126
175
101
97
155
64
83
61
67
114
83
95
147
26
102
139
114
71
147
112
90
117
137
126
89
79
55
93
95
97
57
64
88
111
41
98
99
39
80
69
196
129
