1221
1542
1423
1333
1264
1013
1429
1369
154
1487
1286
1162
1119
1028
1096
1136
1086
1139
1067
1319
1020
1181
948
1096
1011
944
1080
1176
1379
1323
1491
1308
1439
1528
1570
1653
2033
1728
1772
1629
1718
1748
1657
1886
1816
1546
1485
1779
1401
1705
1745
1683
1621
1634
1611
1638
1591
1600
1536
1440
1480
1527
1599
1421
1439
1459
1575
1486
1451
1467
1543
1590
1572
1617
1271
1147
1449
1729
1255
1363
1038
1452
1267
1194
1364
1297
1388
1101
1295
1437
1675
1611
1578
1562
1509
1357
1021
1545
1758
1039
1096
1395
1428
1470
1591
1258
1215
1233
1274
1244
1067
1126
1206
1068
1114
1121
1118
1019
1098
1114
1156
1014
1125
1476
904
1433
901
1015
1216
969
1526
1013
963
1036
729
1032
1100
1239
857
908
1444
1287
935
1156
995
1118
715
1100
1372
1397
1316
1474
1281
1066
1092
1333
1517
1199
1217
1317
1444
1333
1279
1177
1401
1810
1420
1083
972
980
936
952
724
777
672
896
725
726
971
762
659
1159
1016
1406
1202
864
653
788
593
568
560
680
568
605
773
683
1178
1182
726
1017
1222
979
1320
1301
1103
969
1181
1302
1210
1193
1288
1241
1121
1157
692
1663
1035
1316
1336
1264
895
1565
1270
1239
1284
1371
1224
1429
1163
1360
903
1286
1191
1255
1205
1291
1524
1151
1521
1340
1329
1246
1053
923
819
1232
1032
1026
910
638
752
585
504
900
981
1023
1095
1127
934
426
591
457
703
1364
785
1012
392
1061
1131
1394
1556
830
936
807
1174
1177
1149
1065
1028
1276
1749
1581
-1
1477
1331
1190
1136
1000
998
847
1157
1157
716
1013
1373
1031
1148
870
1314
1192
1584
905
862
892
713
876
1411
823
796
828
710
667
677
757
1246
819
1314
1081
1287
977
1284
1501
1388
1100
1290
1292
1080
974
991
1009
1100
1546
1318
1123
730
1193
1423
1298
1177
596
1227
1176
1273
1335
1173
1097
780
1129
860
856
973
1013
1179
1256
1086
1089
1404
1086
1101
1151
1165
1032
1144
1222
1352
976
1055
1253
1112
1115
1210
1147
795
781
1097
1153
1223
1121
1135
1384
1100
1164
827
920
1189
370
1110
1225
1382
1358
1000
1018
931
798
743
882
1077
816
815
672
1048
309
1189
1052
1037
1104
1110
1116
1518
1051
1211
1240
973
1451
587
1291
1120
1334
1095
735
1255
1201
1298
980
1142
742
1036
841
1124
1104
1214
1026
671
594
533
618
829
603
766
810
929
1058
1059
1036
608
659
662
553
1012
1142
668
825
1265
786
669
965
811
1228
1028
822
999
969
1027
506
946
1239
1064
419
466
1037
897
683
676
798
796
818
775
745
929
745
850
1016
928
874
851
960
882
1049
1011
1175
1246
1174
702
1085
1089
848
977
1245
1288
1145
989
1154
1206
1241
1254
944
818
1069
1026
882
1229
1024
1145
409
297
558
1258
765
1343
1003
985
1164
1011
953
1373
1135
806
1176
1101
1163
1167
1178
1069
1336
1121
1005
1022
480
939
912
692
1151
1001
1055
899
942
691
787
881
917
862
795
812
796
696
728
714
736
930
869
1143
896
511
872
1213
1021
1040
799
806
713
681
833
1322
1173
836
705
585
946
778
864
907
872
1077
937
678
1058
1158
788
351
771
727
705
654
721
720
1014
971
1166
1035
879
619
642
437
417
607
509
590
530
673
765
914
719
951
962
887
783
951
928
873
779
833
934
788
820
994
931
902
823
806
865
639
660
844
1074
1028
833
1055
870
1124
676
848
661
1039
781
911
690
740
728
653
741
912
923
957
960
671
977
591
515
691
326
962
493
490
600
531
836
726
755
719
683
584
575
585
647
632
379
895
1270
1090
1037
1065
997
957
1013
1007
853
656
571
607
812
1046
835
1133
671
639
771
637
648
557
805
786
757
624
689
690
887
724
1373
561
541
887
646
818
694
768
947
913
980
830
607
626
564
717
757
1025
614
1040
1210
996
1063
485
709
606
601
767
558
656
568
398
695
638
710
677
817
851
1004
1243
432
673
617
423
582
582
628
486
637
790
854
617
794
740
647
560
582
828
688
707
857
809
504
752
344
955
672
425
477
566
564
602
758
586
810
743
603
753
584
1241
849
520
888
699
694
633
646
813
691
824
508
696
625
683
572
672
547
577
946
615
657
799
707
358
638
723
551
596
598
869
629
629
392
908
1061
659
632
779
790
683
572
679
665
596
889
1150
634
1032
1016
748
919
704
646
885
753
688
572
483
489
556
582
493
938
876
819
952
992
703
675
700
772
665
743
692
596
652
834
580
590
795
1042
585
472
558
503
365
543
440
712
784
627
643
807
656
788
823
649
825
738
285
1010
271
621
490
1020
501
1089
643
643
628
485
583
846
564
432
690
554
661
745
764
483
673
568
570
833
653
960
537
499
791
757
792
590
515
887
541
777
938
582
972
922
522
736
705
676
463
612
598
893
653
588
549
586
685
437
466
950
669
766
680
1222
707
578
660
703
582
440
595
553
644
743
438
639
595
722
619
555
641
629
843
831
809
1024
682
1230
622
569
800
490
796
543
715
634
657
875
573
940
789
631
616
552
659
718
508
450
381
583
621
576
590
582
751
536
893
722
1046
667
606
619
778
965
857
839
771
388
470
497
614
807
596
575
666
420
690
854
535
623
616
528
809
534
856
518
884
575
446
990
722
802
856
310
683
786
554
608
479
566
610
452
582
442
633
637
484
801
541
476
572
824
553
425
599
608
832
678
502
817
653
892
384
704
505
1020
504
530
572
462
534
296
399
600
568
720
952
638
635
642
528
409
412
495
473
604
543
566
757
616
587
664
594
474
734
561
364
351
536
585
431
571
412
549
455
983
512
395
299
586
664
675
407
453
504
369
422
472
618
509
509
515
627
489
359
734
402
716
493
432
804
535
517
568
583
543
345
404
453
422
462
587
466
597
539
407
277
543
485
553
487
599
234
283
197
497
325
717
631
653
516
271
685
763
485
804
704
541
495
733
704
749
717
688
500
588
670
852
522
455
422
381
491
480
712
418
556
574
349
258
562
620
638
518
620
499
318
342
319
575
631
463
458
587
507
503
323
382
677
562
668
568
717
710
600
716
803
532
321
441
408
316
560
345
582
437
328
400
475
549
341
543
498
398
359
478
395
621
821
429
472
478
717
464
421
457
424
544
559
406
409
587
661
617
413
498
253
507
761
360
325
361
345
331
456
501
580
554
538
423
702
360
263
164
770
550
364
719
269
390
579
522
310
425
492
415
523
711
482
466
513
294
369
383
332
322
341
642
484
384
1001
388
575
483
524
341
393
371
282
390
384
348
546
646
511
342
374
697
650
375
527
339
547
455
551
363
461
400
671
305
322
295
334
707
613
658
515
351
293
590
301
618
409
381
647
615
632
472
441
795
326
367
333
343
320
351
352
320
385
351
916
479
649
524
489
531
476
973
348
363
537
604
506
428
478
463
459
318
589
467
776
503
677
357
656
377
332
391
330
367
454
422
376
256
267
283
363
762
323
314
356
404
433
443
344
629
272
258
447
434
293
345
352
477
368
409
318
425
582
489
655
574
386
407
431
587
281
346
365
506
674
546
590
270
492
558
479
770
570
449
453
683
173
476
367
647
287
327
363
538
414
364
309
409
364
371
345
322
324
391
588
337
278
448
484
516
675
461
342
395
385
275
266
592
477
238
261
302
263
441
474
590
564
779
401
690
447
404
269
843
382
518
385
322
523
437
396
212
486
446
506
254
517
421
441
321
415
368
318
333
302
464
241
571
479
361
575
215
641
344
335
429
424
350
326
145
572
592
423
485
834
239
692
422
569
777
360
375
550
290
297
513
398
320
293
369
356
376
397
307
441
367
304
586
715
436
335
427
415
768
497
348
379
261
661
256
437
233
765
356
393
326
317
370
243
597
408
589
276
395
308
297
285
356
400
222
303
561
282
463
333
373
355
359
309
569
565
385
436
243
322
270
345
330
440
257
312
194
248
215
389
564
345
495
529
363
280
563
243
206
254
399
317
218
218
283
323
288
194
416
432
226
365
284
305
387
164
367
472
302
338
304
511
497
333
268
594
311
511
415
311
367
193
407
389
310
317
303
360
649
528
180
442
378
294
206
380
563
330
272
223
342
437
251
335
379
708
411
219
387
264
615
383
388
391
672
355
436
330
277
310
356
319
271
334
320
298
475
467
249
271
300
277
498
507
394
340
400
306
392
380
478
582
291
357
410
245
412
204
463
355
110
550
259
384
402
273
553
311
352
276
379
321
464
358
304
413
333
234
312
323
212
226
377
222
334
611
226
206
241
329
72
81
733
616
395
334
298
501
286
243
420
242
241
803
257
232
215
410
329
303
329
456
302
269
253
236
298
460
205
411
629
438
348
381
238
289
445
224
369
210
480
297
354
325
511
283
219
284
417
315
475
175
377
542
438
431
285
318
275
459
417
262
351
330
251
502
194
393
551
500
220
252
283
254
312
253
405
264
261
217
233
134
327
187
543
234
536
281
280
218
220
211
281
220
354
121
434
244
238
235
184
199
289
252
247
442
213
171
587
389
256
362
221
240
236
362
246
130
203
569
229
197
201
230
470
230
181
204
261
368
231
226
378
186
278
343
260
168
303
322
123
369
404
409
110
208
200
417
323
227
223
174
279
193
124
200
167
259
311
312
420
403
225
289
202
175
174
289
220
206
312
104
131
204
180
138
264
374
234
269
279
374
303
248
197
182
284
214
223
195
229
173
404
217
299
180
222
184
244
182
255
252
298
126
118
321
159
159
370
157
230
220
129
233
85
132
175
103
109
235
177
142
172
183
92
303
176
158
136
171
200
92
161
93
136
120
168
84
90
150
233
170
106
106
175
80
112
1013
222
