1901
2338
2060
1885
1734
1331
2185
1933
206
2016
1930
1767
1619
1586
1652
1639
1560
1601
1509
1873
1563
1654
1443
1590
1405
1366
1564
1603
1857
1860
2155
1923
2319
2475
2715
2814
-1
2510
2784
2482
2548
2563
2720
2690
2574
2339
2268
2521
2213
2498
2829
2670
2610
2475
2457
2621
2408
2328
2550
2324
2334
2314
2564
2227
2145
2215
2316
2226
2197
2238
2498
2363
2481
2491
1933
1756
2301
2543
1973
2021
1722
2121
1911
1819
2143
1904
2081
1887
1888
2054
2511
2350
2357
2354
2022
1837
1543
2107
2303
1570
1730
2226
1938
2214
2177
1930
1909
1809
1953
1996
1606
1756
1983
1650
1632
1762
1640
1611
1758
1733
1806
1529
1574
2193
1366
1978
1404
1546
1875
1478
2155
1629
1566
1575
1165
1523
1635
1733
1446
1384
2179
2080
1366
1667
1394
1612
1178
1642
2047
1982
1823
1970
2012
1541
1513
2024
2231
1720
1735
2124
2257
1949
1928
1773
1805
2220
2077
1595
1485
1506
1461
1442
1141
1212
1076
1338
1081
1104
1476
1156
1004
1618
1536
2076
1899
1374
930
1151
887
828
816
999
820
939
1196
1012
1759
1756
1059
1464
1756
1533
1831
1791
1543
1354
1773
1953
1871
1726
1952
1916
1586
1740
1190
2170
1430
2033
2006
1975
1316
2189
1918
1881
1848
1930
1873
2020
1883
1892
1430
1955
1775
1845
1820
1889
2046
1714
2261
2037
1950
1881
1661
1411
1289
1880
1466
1417
1338
975
1031
848
788
1292
1505
1608
1454
1643
1396
682
912
733
1143
1902
1240
1539
605
1690
1673
2148
2245
1191
1554
1381
1674
1763
1773
1556
1518
1832
1973
2067
2033
2015
1821
1799
1522
1461
1346
1301
1831
1770
1156
1506
2019
1505
1678
1244
1861
1806
1946
1417
1349
1374
1014
1355
1920
1250
1134
1288
1053
962
1029
1186
1827
1258
1864
1541
1846
1360
1705
1986
1865
1605
1804
1862
1551
1462
1376
1372
1566
2047
1761
1638
1132
1801
1892
1738
1773
932
1837
1588
1898
1881
1665
1648
1145
1776
1440
1268
1619
1667
1698
1733
1584
1636
1764
1426
1522
1681
1467
1461
1639
1657
1748
1542
1462
1880
1506
1531
1661
1647
1286
1136
1569
1549
1703
1620
1681
1856
1666
1525
1200
1470
1644
571
1534
1524
1915
1976
1422
1476
1313
1114
1108
1290
1578
1078
1074
1065
1549
495
1661
1395
1396
1519
1486
1692
1867
1478
1669
1820
1350
1818
814
1680
1558
1726
1578
1061
1650
1540
1760
1341
1606
1126
1417
1194
1511
1665
1684
1393
1084
942
856
952
1293
1063
1224
1219
1306
1477
1525
1484
895
1051
1011
818
1619
1669
974
1165
1766
1052
1025
1266
1002
1724
1480
1223
1401
1317
1374
775
1273
1652
1566
662
762
1430
1387
1066
1020
1215
1224
1298
1218
1131
1438
1151
1319
1468
1392
1317
1260
1332
1266
1468
1291
1541
1633
1720
939
1483
1513
1184
1277
1658
1670
1602
1387
1484
1591
1696
1744
1243
1257
1321
1452
1382
1697
1360
1547
656
450
759
1604
1179
1611
1389
1315
1562
1415
1269
1976
1582
1116
1600
1599
1557
1545
1518
1583
1578
1448
1413
1381
735
1429
1442
1037
1422
1189
1460
1187
1225
1107
1172
1222
1340
1285
1243
1230
1215
1111
1110
1089
1157
1282
1309
1553
1258
755
1264
1540
1482
1380
1081
1254
1148
1002
1140
1735
1479
1274
955
774
1239
1147
1196
1185
1116
1393
1217
1048
1555
1546
1185
621
1140
1081
1078
1062
1035
1081
1412
1543
1445
1280
1162
924
945
732
717
927
800
887
817
887
1132
1200
1059
1501
1248
1246
982
1284
1215
1174
1049
1159
1247
1167
1266
1443
1378
1230
1108
1046
1194
852
911
1101
1576
1484
1185
1521
1195
1560
1018
1179
935
1379
1080
1288
968
1048
1002
909
1069
1277
1200
1230
1214
972
1415
906
799
1095
484
1471
688
722
835
887
1170
1030
1067
977
1063
881
918
879
948
848
572
1121
1503
1548
1429
1474
1418
1371
1393
1341
1180
961
829
851
1105
1294
1123
1461
1046
959
1153
941
981
784
1103
1088
956
950
1018
947
1174
929
1765
859
750
1274
857
1136
998
1079
1197
1147
1191
1044
950
881
782
923
1091
1433
901
1519
1681
1275
1430
764
1024
758
822
965
708
946
826
592
912
930
1015
935
1120
1161
1402
1867
655
858
813
735
875
750
810
724
906
1037
1115
912
1109
1022
850
801
880
1224
1003
925
1125
1078
743
1033
580
1261
877
732
767
786
844
813
1034
807
1036
985
819
1101
781
1602
1145
771
1122
886
1023
807
818
1112
889
1029
678
921
911
1054
851
921
761
803
1270
876
879
1142
901
512
893
975
814
716
770
1175
853
874
655
1156
1341
950
904
1104
1081
969
857
978
870
904
1168
1563
890
1446
1287
1007
1124
949
914
1183
1016
851
787
735
793
832
815
725
1171
1145
1058
1200
1218
884
871
936
1117
907
994
1033
844
1012
981
816
741
954
1344
822
675
786
706
498
716
593
1003
1036
816
896
1177
1004
950
1043
943
1082
969
360
1304
444
852
703
1244
668
1469
873
845
782
664
804
1078
801
605
887
836
884
915
1033
673
853
769
748
1085
834
1144
780
720
1066
924
1105
723
760
1292
805
1101
1286
721
1428
1031
786
1102
917
845
643
787
792
1095
939
761
698
887
836
696
618
1322
951
903
884
1629
887
730
819
839
691
613
807
678
795
918
629
818
941
1035
802
680
792
783
1126
1063
1033
1248
865
1535
797
734
1068
679
912
689
891
835
825
1161
828
1332
1009
832
841
699
855
908
634
614
514
769
889
666
673
732
996
718
1102
934
1453
893
891
811
1042
1283
1200
931
887
576
682
663
828
1147
828
675
924
570
960
1059
633
866
766
767
941
756
1082
665
1015
715
680
1285
947
1010
1121
374
847
1001
764
741
665
793
866
663
711
587
856
780
629
1031
784
676
715
1114
667
592
839
751
1070
909
674
1051
827
986
487
962
650
1306
665
692
753
724
719
431
620
848
630
869
1262
841
805
878
628
551
550
618
615
861
710
670
1007
868
722
890
802
638
1026
727
479
455
672
859
513
785
549
702
588
1299
685
541
418
716
884
914
589
695
627
465
591
591
766
668
673
753
919
628
437
862
552
898
648
577
1048
653
643
786
756
645
458
508
614
513
598
729
628
832
665
547
348
714
702
680
651
666
340
359
288
744
421
902
740
883
684
329
853
978
556
1028
930
692
600
834
825
869
835
782
556
771
860
1063
653
670
503
506
606
581
919
611
729
785
471
349
730
731
785
717
843
639
374
461
394
732
818
624
629
869
726
726
397
520
939
786
829
745
982
976
854
903
1075
740
404
572
524
444
714
426
816
512
422
491
560
615
427
768
627
505
443
622
471
720
981
515
605
644
920
600
574
560
536
702
731
498
491
747
949
713
520
627
320
590
936
463
472
469
459
490
546
625
698
640
609
515
905
438
303
182
987
652
446
1000
380
515
767
673
395
538
618
527
691
955
588
549
582
413
483
471
431
426
413
728
648
485
1183
502
700
583
642
453
497
511
348
476
425
377
765
753
737
426
491
791
773
485
661
471
667
570
788
516
601
489
804
390
405
385
445
901
804
891
622
435
386
732
366
710
507
454
761
723
871
599
543
1019
418
497
463
467
440
463
458
421
432
434
1098
541
797
673
595
633
690
1145
436
482
705
805
643
514
562
567
623
399
805
594
1014
608
838
504
879
435
429
539
428
432
517
489
501
347
349
352
473
1028
396
417
501
505
566
638
414
783
360
359
521
537
386
449
427
565
428
473
441
501
723
624
935
725
433
478
532
682
357
470
425
667
874
654
676
357
628
761
560
894
740
572
528
856
211
536
465
953
369
436
482
678
514
449
350
476
450
532
464
427
388
473
703
375
322
583
627
641
834
637
432
453
461
339
337
725
633
314
359
412
355
581
606
769
808
1093
482
914
606
481
361
1023
458
642
567
438
633
521
498
270
574
519
581
318
632
528
579
388
524
459
420
436
345
638
318
727
663
481
763
260
823
403
412
515
525
417
400
181
744
752
522
658
980
295
907
557
725
825
463
501
665
364
368
627
470
385
402
475
448
492
532
391
522
455
339
766
892
514
406
502
470
1079
680
459
478
348
735
334
513
291
919
441
459
420
422
502
313
694
503
778
336
459
387
381
417
432
543
301
339
675
323
508
398
448
471
491
364
755
718
431
499
287
390
347
455
416
566
323
361
294
324
278
507
672
484
546
742
565
391
698
315
244
322
456
351
255
290
360
466
347
243
518
536
266
399
353
392
430
269
398
568
326
413
382
595
668
387
346
758
371
641
486
401
435
258
549
542
365
406
390
420
783
768
217
522
445
376
276
567
679
401
306
284
394
495
328
387
445
896
467
264
445
285
736
436
483
475
827
447
603
386
358
399
430
367
343
409
419
367
590
584
330
370
391
392
607
578
457
425
514
367
491
445
640
680
335
433
442
309
494
254
626
439
258
697
360
511
488
316
735
385
421
314
430
437
607
426
385
503
353
321
370
408
265
307
488
269
441
776
284
266
338
390
128
123
879
805
491
448
377
610
373
325
464
278
266
922
320
303
261
467
380
343
376
507
382
316
344
311
362
555
269
531
779
535
398
440
262
384
505
289
443
269
594
337
413
450
633
306
243
400
519
392
587
219
412
742
571
522
326
424
415
581
495
342
438
368
338
681
198
466
701
576
285
322
327
306
365
265
497
330
334
255
280
165
384
253
695
294
622
363
368
330
314
242
346
267
434
141
555
314
290
311
213
249
345
364
287
532
252
203
758
470
313
457
275
249
288
491
383
156
269
730
257
248
231
252
530
246
215
218
394
426
291
246
473
240
307
502
343
203
373
397
148
505
482
484
129
233
225
532
433
254
271
229
302
259
144
219
205
312
351
347
493
498
236
330
244
182
196
306
269
341
382
121
138
223
207
173
313
471
278
316
332
447
376
302
220
236
367
233
242
219
267
194
478
254
363
207
239
213
286
214
307
307
352
138
107
353
194
192
458
167
295
273
142
258
91
143
199
108
140
269
240
158
182
200
93
348
198
160
157
231
208
122
161
93
153
126
183
89
84
144
223
196
124
124
212
104
125
1402
277
