980
1067
983
904
839
701
1113
961
103
960
960
922
894
889
827
842
774
799
782
889
827
839
797
935
770
744
860
833
907
866
944
987
1155
1164
1244
1407
1396
1170
1242
1109
1299
1320
1271
1220
1317
1290
1233
1277
1210
1174
1339
1598
1402
1413
1197
1373
1503
1290
1768
1625
1518
1480
1333
1360
1166
1224
1300
1328
1367
1379
1201
1135
1161
1144
1188
788
1156
1077
899
884
1119
1138
1130
1161
1137
984
1274
1084
1078
1061
1132
1141
1097
971
943
854
944
1059
1061
931
1124
1992
956
1050
973
1653
1860
1754
1668
1708
1580
1534
1535
1400
1404
1778
1712
1272
1483
1549
1450
1450
871
1391
816
1361
666
1408
1196
1489
1028
1462
1553
1526
1335
1462
1457
1480
906
1046
1267
1339
1231
1440
1269
1289
955
1360
1038
1171
940
962
1146
1427
883
1009
1169
1420
1370
1128
1117
1367
1366
904
835
971
1015
1362
1418
1252
1281
1205
1087
1122
989
1118
953
958
1263
1047
812
1283
1192
1059
925
798
803
1033
759
803
697
859
730
863
753
982
1091
1093
683
790
937
1378
886
896
813
1075
1315
1235
1018
1081
949
956
841
934
535
1099
812
990
934
939
1175
1031
1427
1365
1192
1138
1321
1042
1074
1005
704
914
995
1090
1160
904
1078
1406
1086
1138
955
939
948
940
1055
960
946
817
726
709
617
501
737
686
686
813
692
1370
-1
711
835
664
1043
914
998
1309
539
1669
946
1130
981
1009
970
719
907
962
982
840
805
991
1063
1115
934
969
901
1228
791
1619
780
1226
803
914
675
787
973
1195
853
728
919
1211
860
1505
1413
1472
1087
1440
962
663
626
657
580
555
532
592
900
686
867
975
893
836
837
976
866
881
1099
875
730
1142
835
1172
967
1074
843
853
954
1170
1024
1006
1032
545
1326
874
876
889
834
1043
666
1265
823
812
1052
966
843
866
967
1112
1019
718
1203
876
817
772
850
832
794
931
766
1021
884
950
1083
863
1206
1061
853
783
838
871
1373
1002
791
787
971
877
1088
582
745
713
945
917
1103
1082
1535
1363
1120
1281
919
549
546
954
775
498
793
619
691
720
709
813
942
667
855
831
892
867
468
1000
851
824
922
993
870
761
910
981
962
514
740
705
735
994
819
1218
1035
931
881
996
1062
680
685
845
1306
999
897
852
1079
1085
1179
998
1069
935
1415
617
823
613
875
677
531
1047
1045
817
862
830
844
529
755
733
1192
632
705
760
738
643
521
761
795
830
793
982
864
852
1071
1030
904
697
709
776
1110
774
678
874
917
1020
859
679
790
696
676
782
784
795
723
717
827
940
837
723
801
706
1253
731
908
697
748
551
387
470
756
903
921
720
623
812
772
611
953
718
1420
790
741
853
890
745
1027
871
780
927
1072
659
826
1011
725
742
624
696
755
730
1073
1105
734
741
812
819
879
889
758
881
814
899
967
754
805
696
547
1213
853
1076
933
757
949
849
797
925
855
764
711
767
673
596
646
688
676
639
738
665
763
1226
788
902
600
652
608
937
878
707
779
1184
860
696
607
730
671
654
598
508
686
715
741
795
454
760
1051
679
850
644
620
583
569
564
656
786
816
992
826
724
774
702
617
627
565
801
576
672
914
917
794
901
786
579
751
627
736
628
661
580
1087
736
723
584
512
729
1196
980
606
580
710
785
930
842
691
405
753
449
474
597
541
710
639
1114
986
997
869
867
741
842
691
487
697
829
893
859
889
927
895
700
697
966
723
823
610
565
642
784
672
792
688
941
773
653
554
642
637
543
602
768
576
735
665
886
650
577
645
730
612
623
609
577
586
587
539
634
566
614
610
620
695
804
754
804
605
792
510
664
557
608
659
536
952
861
765
545
647
635
682
649
747
714
864
407
621
620
460
488
638
552
562
759
801
613
688
654
521
629
994
461
810
566
714
645
616
580
1012
412
637
558
395
550
480
662
718
594
517
602
511
620
841
543
861
653
601
585
576
537
550
560
809
549
635
553
525
502
554
960
697
502
694
607
600
467
811
558
255
600
689
542
415
398
569
690
532
367
620
698
563
711
599
579
645
635
561
458
578
682
883
645
648
771
528
578
634
725
875
520
460
523
564
610
605
606
475
691
620
545
651
553
453
473
482
586
508
536
554
491
447
498
549
481
498
704
408
360
428
411
280
384
351
551
564
467
501
792
619
502
591
658
587
547
254
693
371
446
511
615
479
660
492
506
533
521
675
612
536
478
529
477
538
524
576
508
550
547
452
630
680
608
559
553
610
490
945
398
504
665
624
598
616
403
794
565
548
944
460
431
460
474
469
629
525
434
401
577
418
411
464
751
499
490
482
795
580
507
512
508
458
442
457
403
536
641
419
541
615
630
576
434
425
491
731
765
764
826
546
757
460
451
912
589
512
447
541
501
511
553
437
698
555
412
392
391
466
536
372
425
375
470
766
403
392
352
519
420
638
529
900
465
482
428
555
762
850
576
471
710
338
565
524
668
459
431
507
371
566
554
354
732
437
739
473
359
591
435
638
387
539
724
535
496
516
211
480
445
483
449
606
408
623
442
459
349
504
448
370
528
580
660
351
705
478
479
529
430
523
618
421
560
505
526
313
606
350
713
537
453
518
557
482
293
438
546
362
502
798
520
396
597
392
369
545
416
345
524
460
350
579
502
462
521
493
367
577
367
289
247
466
650
390
438
399
423
348
916
660
528
468
505
461
715
443
545
355
367
380
374
392
438
435
547
755
335
255
538
376
591
357
336
537
408
395
597
378
349
342
361
553
292
373
401
396
485
385
375
268
474
469
430
389
430
358
371
258
391
322
471
398
433
376
190
432
479
329
668
597
466
369
470
424
498
472
448
326
420
483
639
388
525
291
363
372
391
548
471
433
430
359
272
384
384
416
503
459
374
240
343
255
418
515
355
341
490
519
516
255
361
492
593
424
476
668
596
589
473
576
335
255
339
329
353
421
251
466
329
251
305
325
310
243
444
389
386
351
413
317
405
518
331
371
541
610
486
379
318
309
364
440
324
303
583
457
406
377
291
236
346
513
295
419
406
399
368
385
395
369
340
333
328
679
332
198
114
867
381
322
474
395
336
419
359
208
394
379
317
382
592
340
378
391
322
394
331
365
311
312
365
562
349
606
362
502
420
443
298
256
357
327
369
294
283
649
421
489
328
338
481
394
330
386
242
463
320
371
414
348
289
540
297
286
275
319
542
422
471
366
248
286
437
217
401
325
281
394
375
575
336
326
712
339
395
355
330
315
290
308
323
314
225
591
301
411
354
325
343
503
594
224
313
455
490
453
319
381
441
341
291
408
418
520
357
519
471
557
245
271
404
411
278
280
258
370
259
256
250
288
495
249
319
407
337
305
452
253
418
221
194
313
318
213
326
238
349
269
288
292
302
411
368
576
459
300
289
302
362
218
382
299
375
484
505
520
235
414
540
323
453
461
326
376
511
166
306
336
572
276
357
341
371
280
302
250
274
264
337
467
238
219
261
407
223
209
299
355
416
428
422
244
259
244
271
274
404
360
255
302
339
267
374
381
427
398
574
272
782
376
337
330
740
286
347
406
281
356
306
255
218
367
289
410
198
337
293
379
270
368
324
247
296
205
343
239
376
343
263
393
213
424
311
210
312
300
296
242
103
399
417
288
493
519
267
455
385
402
485
328
439
378
191
216
379
263
231
276
259
259
346
386
314
300
261
238
530
444
304
239
317
269
576
463
301
281
298
458
240
321
164
508
282
277
279
284
299
237
450
296
564
220
316
246
246
306
268
500
211
207
364
198
317
267
251
293
468
224
513
380
256
311
179
284
267
348
250
508
279
212
163
197
186
361
472
312
347
545
431
326
393
245
171
268
274
238
194
234
266
305
247
203
319
269
164
261
178
263
294
206
284
400
230
285
283
365
529
258
275
410
293
334
329
280
280
185
250
437
221
238
288
260
513
424
110
382
343
248
245
395
354
246
189
195
200
312
223
256
245
494
284
161
311
177
500
270
289
439
369
357
475
202
265
292
259
222
227
252
458
242
342
330
324
361
365
241
342
291
272
383
359
230
289
274
542
380
203
302
285
181
309
201
412
257
115
397
353
334
311
189
419
271
247
178
251
369
351
261
203
305
207
261
228
237
248
199
431
193
308
435
259
217
265
225
112
192
527
414
263
275
332
345
173
278
302
198
190
547
274
292
166
318
231
197
252
305
258
187
247
214
242
356
249
284
407
312
245
262
160
240
303
165
286
237
353
211
295
320
511
249
160
303
347
274
337
131
271
391
339
283
261
407
343
396
297
228
294
241
336
459
148
301
465
299
238
342
233
202
215
173
257
204
212
155
143
102
222
214
541
219
363
291
291
231
225
153
259
159
275
98
402
285
176
286
129
145
237
215
167
268
197
180
579
276
204
322
152
205
168
641
276
115
234
394
181
237
191
146
277
179
206
145
199
243
224
181
335
184
182
389
203
168
224
323
84
487
465
279
73
142
180
274
343
176
199
193
206
257
111
115
181
197
200
202
428
251
164
180
156
111
181
240
195
169
225
80
125
167
222
107
168
283
229
198
287
273
225
186
137
129
260
142
169
126
174
147
332
154
384
128
148
143
176
188
264
264
211
88
59
196
212
211
243
99
253
228
121
169
72
91
135
63
104
195
150
113
121
120
74
187
118
132
142
207
128
92
106
63
89
115
105
59
55
97
150
178
117
121
100
113
86
683
234
