558
677
730
686
711
631
760
691
90
667
684
666
544
507
581
644
644
704
656
741
581
605
480
552
455
436
570
672
713
787
709
786
764
793
812
887
828
742
819
765
746
745
718
779
755
742
706
758
601
753
900
785
763
695
730
661
724
667
729
742
744
701
822
598
731
668
826
725
725
699
801
719
759
816
579
513
751
726
559
686
472
671
690
500
686
632
576
510
657
672
844
676
745
772
724
592
432
635
698
430
527
605
699
801
714
600
599
586
561
577
516
522
554
487
499
557
508
492
507
552
476
465
484
737
474
592
398
487
608
498
775
535
517
603
360
495
498
520
431
370
671
678
355
524
444
472
289
502
736
623
639
691
667
511
597
837
754
508
517
792
784
581
581
667
668
694
731
467
485
461
441
421
321
303
340
382
324
365
444
355
243
482
516
629
671
355
298
347
261
241
259
304
258
306
303
335
561
559
358
581
630
489
748
677
606
367
531
715
616
588
716
708
619
651
268
664
553
922
773
749
415
668
625
652
689
638
621
695
586
621
465
696
721
686
617
733
685
567
776
771
789
579
558
467
417
712
628
513
339
229
356
236
234
344
324
426
511
519
524
161
278
206
415
824
373
484
137
681
511
676
739
380
470
440
715
624
632
640
634
583
583
663
614
731
744
722
589
539
580
466
671
648
336
508
779
549
780
431
768
640
632
500
505
522
422
492
765
467
366
483
361
313
338
406
840
379
643
648
670
579
650
722
682
640
649
762
554
494
504
442
507
599
715
519
347
521
560
617
664
282
642
521
611
728
690
643
407
729
651
545
807
650
656
793
693
522
530
559
514
830
651
638
626
758
683
409
570
553
603
596
578
607
428
471
607
663
629
576
669
701
656
626
391
532
572
164
788
611
756
737
485
517
500
422
376
461
696
452
454
370
630
128
702
570
570
671
668
480
643
394
663
608
487
637
300
655
710
634
554
328
653
675
657
530
559
367
505
388
696
492
747
533
396
350
316
381
484
246
454
373
504
647
615
612
380
510
442
426
851
861
512
358
709
470
421
477
446
688
628
403
510
505
452
187
491
594
625
201
310
582
466
321
341
531
552
559
552
468
686
656
631
575
708
454
506
513
429
639
540
543
577
694
316
589
523
431
562
677
679
779
710
674
725
701
615
635
511
583
512
479
685
664
735
165
113
296
742
622
549
485
473
675
554
514
773
702
463
710
718
573
582
615
410
626
643
576
499
194
683
991
933
599
521
651
526
503
447
545
625
661
595
966
842
857
738
651
575
795
622
609
655
568
226
590
550
670
465
517
751
620
590
814
654
619
719
297
241
610
579
557
554
556
474
540
487
546
715
413
159
509
383
590
530
690
621
560
433
555
563
541
407
436
279
291
483
451
590
256
322
596
470
682
462
693
552
421
582
594
493
466
385
425
501
369
605
616
542
642
509
484
410
321
551
590
607
518
623
565
636
698
564
869
668
594
518
717
780
509
309
318
672
427
665
623
540
584
372
336
591
138
508
171
362
440
239
579
655
500
439
431
361
385
420
600
520
182
492
529
770
724
762
743
746
693
661
699
508
528
515
635
552
513
623
798
729
599
378
491
418
545
521
491
522
598
598
550
482
637
582
574
368
633
498
504
585
651
623
616
623
534
693
560
475
602
529
654
524
497
603
608
255
365
372
382
494
334
359
412
252
415
456
583
668
560
546
460
586
205
344
354
201
351
394
429
566
644
499
572
571
410
502
634
384
303
521
504
586
603
570
556
423
211
568
439
310
390
608
569
474
521
318
678
605
838
562
519
641
472
529
477
445
398
400
429
490
450
504
395
424
353
421
463
326
480
528
603
480
362
557
459
279
426
625
483
463
292
658
280
482
218
595
581
414
585
656
615
558
507
525
570
485
513
633
512
665
545
442
516
401
383
430
567
484
613
599
369
565
494
470
522
560
530
481
582
534
535
572
575
485
527
613
491
396
544
354
407
498
563
348
346
366
339
302
345
316
514
476
620
627
477
250
497
601
323
578
526
136
655
120
316
409
593
499
602
542
478
465
342
614
552
676
617
531
469
418
542
663
504
449
446
457
415
415
516
697
768
488
442
370
506
211
434
557
469
669
423
610
490
486
398
503
493
402
450
450
472
475
431
455
573
484
266
547
523
368
432
524
663
469
392
408
357
372
432
487
437
439
362
279
321
313
553
476
376
411
428
523
509
501
519
475
615
505
420
412
531
439
363
461
437
420
421
473
718
386
476
437
428
385
477
317
445
392
425
315
453
466
446
507
383
439
591
662
386
432
508
499
475
549
417
470
289
336
516
-1
568
444
445
496
374
462
512
437
271
473
388
465
317
498
378
440
466
388
413
336
573
487
238
412
407
584
377
327
467
427
439
371
346
453
473
358
435
510
511
401
518
305
320
458
448
496
519
381
441
326
494
398
457
352
607
483
411
408
203
457
171
246
555
314
405
569
237
433
451
355
434
426
378
374
445
388
382
555
552
386
447
420
373
489
423
315
264
409
327
290
411
193
386
343
541
486
183
128
376
456
305
568
375
360
415
427
316
462
436
439
465
507
353
275
370
516
361
372
340
469
368
354
483
454
420
217
306
553
314
267
379
322
452
408
459
351
368
590
348
374
354
79
101
66
288
410
467
382
329
452
227
444
482
332
475
372
376
299
382
381
395
380
349
296
359
484
499
429
549
322
340
323
401
452
152
526
427
570
471
436
471
470
249
467
383
238
363
248
375
442
326
309
374
497
492
297
483
646
469
470
429
524
498
465
521
464
386
250
367
352
301
348
257
438
306
225
281
377
390
244
341
334
262
266
358
338
397
515
326
363
580
488
366
384
400
376
421
395
360
297
324
474
388
278
390
230
386
527
335
366
512
480
386
328
357
412
386
385
305
466
153
234
146
385
340
279
289
305
616
362
384
246
320
357
303
459
288
320
290
289
276
322
313
413
338
332
360
438
257
583
536
412
336
365
314
316
444
310
270
236
241
245
480
310
248
393
461
367
175
355
227
371
411
271
366
334
315
395
296
318
307
322
458
507
459
350
316
486
499
208
381
321
274
403
423
522
373
376
427
353
417
549
326
304
304
264
452
243
244
467
289
402
371
350
280
551
563
220
483
385
432
406
295
360
336
320
309
411
384
564
375
444
453
249
252
275
413
354
258
338
319
451
360
377
367
316
442
238
341
542
449
332
473
262
481
242
207
320
348
224
331
284
315
257
274
338
307
472
400
345
383
188
344
384
399
241
332
267
347
448
286
322
209
382
318
347
471
262
405
298
412
222
304
284
553
298
327
365
435
266
285
225
302
317
240
321
180
203
272
383
244
220
385
382
364
412
661
275
269
266
293
306
463
253
281
342
419
474
340
323
415
403
533
302
445
320
262
362
438
295
386
297
311
339
327
205
257
326
197
282
195
412
367
327
245
311
277
229
260
212
313
352
464
387
315
364
269
347
257
241
304
273
223
274
129
405
424
307
340
391
309
512
525
472
408
323
485
349
216
229
379
290
229
352
258
276
326
253
519
359
269
211
786
459
244
266
310
276
307
375
316
348
390
390
285
345
158
436
261
296
410
405
415
254
394
293
525
212
247
243
347
423
248
395
225
176
376
215
285
242
243
287
456
241
340
439
224
293
168
329
363
425
309
316
350
218
174
210
216
535
289
396
290
436
215
289
437
366
250
359
243
214
288
366
385
242
224
237
323
361
185
244
209
247
247
73
200
267
222
272
361
326
472
239
476
387
194
392
277
267
288
263
224
445
246
274
396
269
380
307
150
292
252
260
295
205
408
226
190
241
260
267
227
255
278
344
276
181
276
186
362
260
224
410
399
493
374
251
454
378
304
258
337
244
311
265
385
390
258
246
319
228
372
340
286
257
307
212
321
285
402
406
198
278
251
265
295
231
313
294
80
384
352
305
291
176
417
305
254
192
255
308
440
279
201
315
216
307
245
219
263
247
348
181
236
432
336
282
268
231
35
42
364
316
256
259
248
387
152
299
237
171
172
387
314
325
153
260
238
195
240
285
377
190
272
206
236
316
289
229
363
328
250
272
163
243
288
199
273
283
351
233
309
419
304
153
151
300
287
272
364
142
255
275
322
322
204
292
251
352
268
324
287
256
297
296
138
340
327
358
276
216
221
305
209
168
269
216
189
149
141
103
209
237
276
227
351
376
377
264
246
149
219
173
236
90
329
342
117
247
200
140
227
276
165
183
323
262
300
261
182
280
155
161
159
347
172
142
337
391
148
227
143
171
305
186
122
143
127
245
274
182
338
188
204
477
202
270
223
226
76
290
270
298
73
158
134
325
394
159
143
189
208
190
110
117
183
200
193
193
372
189
160
193
149
129
201
198
169
128
246
43
78
162
201
109
201
348
239
231
331
331
238
193
145
155
125
157
168
152
178
143
280
152
247
133
172
126
190
171
383
383
256
102
68
213
152
151
304
100
181
294
101
157
78
91
133
67
114
170
101
100
120
150
76
252
140
114
135
177
162
101
138
56
93
110
107
69
63
91
144
97
112
114
105
76
87
523
241
