1889
1647
1211
1154
1070
819
1332
1251
148
1294
1174
1084
1318
1383
1071
1082
988
949
851
1143
1016
1208
1250
1826
1715
1317
1333
998
1258
1110
1313
1104
1344
1472
1396
1451
1574
1364
1390
1508
1552
1384
1394
1385
1418
1759
1767
1737
2227
1548
1344
1436
1322
1359
1260
1321
1261
1285
1463
1167
1136
1311
1243
1520
1075
1131
1201
1179
1120
1224
1268
1467
1197
1323
1859
1475
1065
1236
1287
1147
944
1113
951
1041
968
874
1758
1609
989
1663
1292
1282
1286
1226
1283
1403
1280
1527
1269
1287
1260
1335
1519
1455
1182
1153
1119
1138
1174
1156
1364
1178
1391
1093
1090
1090
1107
1583
1119
1013
1164
1082
-1
1333
1729
1356
1443
938
1294
1076
1346
967
953
905
1031
1051
1184
1150
988
1040
1301
1107
1020
1072
1233
1131
826
935
1124
1160
1313
1332
1329
1052
1259
1103
1131
1134
1018
1150
1121
1176
1176
1057
1135
1233
1104
1027
878
1151
1080
989
945
831
931
950
960
939
895
1027
853
1033
1022
1266
1196
1027
988
885
796
884
837
835
774
832
1073
985
1322
1320
948
1089
1183
867
1088
1139
1040
1276
1010
1084
836
1032
955
871
1179
1206
1080
1268
1126
1033
1096
1054
906
1107
1020
1010
1009
1166
1124
1153
1039
981
1200
1135
1150
1195
1004
927
1310
969
1094
1106
1006
892
893
1030
981
895
812
1290
1245
913
1520
946
822
1565
1256
1041
1034
939
871
658
883
740
763
1047
954
871
660
959
1191
1238
1121
898
954
1008
837
1088
1090
893
869
1163
1110
1153
1125
986
908
819
1002
863
872
938
998
1063
750
791
1093
949
999
1047
1062
958
1145
753
725
771
733
765
1212
875
1216
887
977
1038
841
846
990
1339
875
914
1101
1131
1146
1146
1137
812
1010
919
1029
1043
1180
942
1118
1234
958
797
878
1060
1002
961
901
983
963
898
906
1051
1010
907
1171
1243
956
1007
814
984
819
945
1024
1048
993
1149
1250
896
1107
1009
983
950
1038
1071
690
1250
964
978
986
890
738
628
735
1083
1084
988
1014
1003
724
1066
951
887
967
618
877
983
1109
990
967
977
874
857
891
790
951
763
758
820
722
487
949
958
897
915
830
909
1011
786
893
881
770
1134
804
1078
1034
1042
979
820
1043
995
1189
870
939
759
844
798
802
905
880
786
636
651
548
515
759
560
749
919
818
885
785
760
518
535
587
467
906
840
702
1270
981
789
601
993
726
892
881
916
783
749
924
559
755
1100
822
507
674
890
930
818
768
674
681
701
651
628
730
564
699
916
627
1069
955
833
928
888
902
914
1036
868
962
1031
1187
971
933
965
1020
860
832
965
920
979
948
822
761
828
879
746
860
824
829
481
364
1017
990
567
953
1315
973
891
1138
810
1034
833
692
967
944
958
1030
914
770
912
765
894
872
686
728
794
575
970
824
814
801
783
791
728
715
659
606
660
669
677
697
511
733
613
806
698
744
741
722
744
1015
816
928
637
721
624
493
621
969
825
652
901
721
701
555
668
753
685
827
751
646
1027
846
874
355
619
1100
593
540
505
523
829
854
980
896
713
700
554
481
534
485
621
495
541
608
557
685
527
810
743
759
648
665
614
790
645
818
872
735
682
746
712
912
724
468
730
487
657
714
842
733
718
749
670
790
530
622
510
753
573
695
523
570
571
896
753
738
861
725
765
489
756
491
437
613
518
873
774
512
632
366
633
535
611
605
746
622
467
506
549
561
545
692
986
778
728
741
744
721
844
801
721
537
451
484
605
707
681
761
616
470
697
671
581
453
576
549
866
472
559
575
697
591
1157
435
385
833
479
590
566
641
735
689
746
652
534
466
365
562
625
823
470
941
828
794
712
646
686
440
539
634
428
665
627
578
373
524
535
487
617
608
842
1200
415
565
571
631
533
511
484
401
506
602
781
507
1050
553
539
418
718
589
440
630
733
685
386
782
515
723
569
605
322
419
386
449
617
779
587
520
450
586
436
877
647
402
599
510
580
447
453
734
553
544
430
525
914
498
555
901
402
442
740
494
576
636
561
291
530
570
451
456
569
665
770
510
538
781
813
513
480
521
543
505
442
446
527
524
696
869
455
754
845
548
810
496
566
680
513
494
449
371
498
412
435
462
878
868
785
871
717
498
478
546
550
468
480
469
481
548
593
597
403
534
824
491
404
441
380
272
445
341
575
565
441
460
716
538
703
622
661
639
521
242
743
395
395
426
821
353
824
468
527
513
394
440
748
391
279
511
436
568
605
574
321
498
447
439
652
567
695
426
424
537
769
684
433
708
648
482
629
702
406
778
657
406
717
477
450
370
406
404
634
528
438
366
441
535
597
297
764
626
712
411
895
536
407
505
515
397
317
448
450
479
606
409
396
523
515
406
349
431
485
698
686
637
771
527
1074
535
426
672
378
515
331
488
453
512
702
365
718
607
445
503
376
452
519
330
333
324
423
784
446
414
369
712
329
638
523
724
520
509
418
489
968
692
562
616
397
435
409
484
807
498
533
483
305
610
646
383
664
495
489
658
469
843
420
572
404
325
708
516
710
578
242
459
613
460
466
413
433
479
315
386
295
454
526
436
708
414
371
346
611
514
424
447
409
639
492
305
574
528
692
267
597
308
806
403
337
401
603
393
304
565
388
362
495
779
646
414
491
378
271
301
351
290
414
440
378
570
425
473
513
458
400
698
358
282
238
377
578
311
441
370
380
281
797
426
523
539
506
560
705
280
346
352
217
326
368
486
359
359
461
540
348
229
547
250
565
307
317
609
426
339
417
400
361
279
334
332
317
388
377
356
368
430
284
202
397
363
398
310
476
395
489
356
562
220
462
387
568
350
195
495
602
342
694
597
445
383
447
416
438
434
449
373
485
450
629
416
446
271
232
359
375
531
569
408
455
252
188
358
455
480
582
409
323
237
258
213
369
521
328
348
400
484
485
250
332
532
458
550
414
558
507
531
482
769
469
176
314
322
272
443
214
459
304
208
307
342
425
230
382
402
347
285
332
319
465
701
259
304
399
513
387
317
386
328
436
402
285
301
570
552
444
282
318
163
398
536
240
208
260
265
258
400
376
422
326
332
287
625
419
196
110
640
366
253
485
190
306
494
421
222
346
372
266
348
571
325
364
462
236
286
283
250
264
253
369
349
336
834
272
430
374
351
249
251
275
213
293
318
297
508
521
532
287
317
509
514
347
378
292
394
305
531
274
322
282
577
263
255
252
303
613
449
590
353
295
244
418
160
483
224
233
431
414
407
294
284
651
225
271
249
302
281
231
345
204
345
263
626
355
456
357
330
391
405
694
277
287
346
413
364
272
291
318
319
238
412
307
533
301
543
270
559
294
205
301
262
250
386
300
269
181
185
200
271
481
243
230
243
282
311
338
189
478
234
203
334
288
232
263
239
299
252
277
228
337
525
410
512
461
295
308
317
458
225
267
251
382
456
488
546
127
336
777
372
690
429
389
323
513
134
294
276
468
201
252
250
375
257
275
206
367
277
250
307
243
268
224
385
257
177
344
369
399
561
414
241
234
255
190
181
429
354
182
178
221
198
294
298
379
530
526
334
571
386
300
173
646
354
315
336
225
386
360
250
188
346
316
425
163
309
310
314
254
310
275
196
269
201
319
193
424
386
323
503
171
513
304
283
365
301
247
251
97
340
364
281
413
575
160
573
300
418
542
237
327
356
201
263
414
327
268
200
282
210
311
379
217
292
210
249
426
602
380
210
262
313
615
402
225
296
217
447
188
306
178
500
239
291
224
209
252
151
419
258
384
168
295
192
233
240
246
302
191
239
396
157
370
268
231
279
297
270
569
383
261
291
127
236
188
244
221
326
192
192
192
249
153
286
471
290
419
503
574
228
484
181
122
171
272
237
144
170
226
350
188
134
238
300
164
255
248
245
283
251
266
466
240
208
225
327
442
233
195
491
247
323
341
245
225
140
200
322
203
221
215
247
532
580
122
319
329
227
177
309
403
248
179
156
201
294
173
220
264
547
284
172
255
198
506
247
212
291
473
250
526
198
198
227
265
229
189
263
241
197
393
396
200
242
202
241
312
371
283
245
240
242
267
303
387
404
194
253
317
189
272
166
410
214
171
369
214
299
300
158
428
227
280
148
224
239
373
277
286
247
244
153
255
213
150
198
358
165
288
417
154
129
204
175
135
177
514
544
242
242
240
393
110
198
281
177
176
603
192
161
118
269
190
210
216
313
238
187
194
161
195
334
178
305
453
372
282
306
168
225
284
162
218
133
393
244
298
283
386
209
143
203
271
182
329
113
270
418
324
288
245
257
222
323
284
178
225
291
182
463
145
283
376
422
159
220
218
171
228
194
289
193
164
189
187
91
204
145
474
173
351
226
227
210
239
121
204
132
247
72
314
181
160
187
124
120
278
179
150
270
138
120
522
355
156
291
139
200
192
334
286
86
175
426
166
149
182
167
404
166
145
133
225
234
163
162
312
137
174
331
172
126
234
249
60
310
339
300
82
123
168
319
236
165
161
142
222
131
92
129
121
236
224
223
304
289
167
190
122
144
114
220
165
191
211
90
99
177
112
79
190
282
147
167
200
309
213
182
135
115
231
134
139
123
156
127
326
138
252
113
136
165
170
126
173
174
234
80
64
222
131
130
251
113
223
161
118
148
72
74
153
64
84
163
161
103
104
134
62
194
115
114
93
139
125
72
128
67
77
80
91
66
58
101
136
203
79
80
106
58
68
1182
178
