1024
1182
1130
1092
1050
888
1201
1089
127
1126
1001
944
929
840
886
910
889
880
847
1036
871
979
871
1038
868
781
1059
979
1096
1018
1172
1057
1282
1299
1349
1468
1644
1279
1377
1230
1437
1512
1365
1474
1573
1524
1437
1600
1191
1614
1523
1587
1546
1590
1344
1615
1634
1578
1659
1593
1779
1938
1334
1404
1474
1438
1392
1714
1558
1715
1414
1538
1339
1355
1339
831
1445
1335
1048
1095
1145
1443
1374
1330
1344
1264
1241
991
1470
1160
1368
1435
1151
1179
1226
982
1088
1452
1220
1014
1002
1480
1270
1286
1128
1304
1259
1324
1351
1306
1118
1188
1162
1069
1121
1182
1334
1006
1115
1147
1182
1232
967
1391
885
1934
705
1103
1290
1014
1161
980
1043
1032
821
1176
1402
1379
831
955
1231
1190
1071
1321
1129
1127
770
1076
1258
1854
1217
1303
1360
1376
1070
1180
1260
1291
1273
1251
1365
1222
1278
959
1078
1177
1132
1105
1039
986
935
967
752
835
676
903
724
728
969
756
704
1105
1090
1557
1159
748
647
888
579
607
586
719
545
609
683
739
1011
1010
641
970
1090
983
1066
1044
953
1017
1106
1277
1095
1411
1151
1095
934
1182
522
1305
954
1123
1181
1087
936
1306
1383
1507
1536
1384
1278
1487
1103
1417
739
1087
1106
1214
1447
1135
1372
1143
1268
1371
1139
1180
996
916
759
1163
1036
1009
745
637
648
511
544
672
732
827
870
1224
1088
454
571
477
702
1154
756
1059
386
1330
1196
1225
1292
803
953
697
1148
1234
1274
1090
1081
1457
1302
1467
1189
1183
1055
1244
956
1096
1055
836
1044
1172
877
1134
1201
1074
971
936
1184
1321
1124
962
904
959
718
917
1255
698
682
711
619
555
539
625
1090
738
1236
1180
1115
992
1026
1318
1250
1079
1340
1075
845
924
1083
1071
1554
1427
1150
1180
840
1329
1451
1438
1102
511
1307
1414
1176
1042
1155
1208
687
1043
768
882
1009
905
1104
1051
1165
1122
1159
888
1275
1039
1107
965
1041
992
1078
997
1042
1290
1121
1128
1217
1110
819
764
1090
1044
1223
1264
1302
1190
915
1109
837
882
-1
359
897
959
1082
1089
1218
1231
1190
992
978
1012
1051
603
601
653
1099
310
966
832
960
1019
847
1131
1212
732
1014
1056
1023
1174
553
1264
1193
1076
1012
837
1187
938
1373
994
1119
534
1177
1007
902
1124
1012
1019
689
627
588
640
824
709
828
739
1055
1388
1133
1090
640
684
705
631
937
945
792
787
924
631
666
853
656
1242
1147
840
1082
1076
1197
612
1109
951
1265
515
488
965
769
647
581
785
777
836
783
779
800
774
860
1249
864
791
767
910
812
1087
835
1341
1574
1154
825
1046
1003
873
821
1042
993
979
865
1047
1149
1070
969
979
738
898
1084
790
1212
1070
964
547
346
528
1036
799
1276
797
930
984
894
781
1127
901
879
996
841
1256
1312
1063
942
1106
930
1487
1513
643
1059
871
670
1201
1040
973
1165
1003
764
1105
921
883
871
732
744
741
675
778
675
779
980
716
930
856
478
1028
1170
1074
1364
934
797
733
683
836
1100
1011
703
1119
971
740
649
1000
973
913
1267
1014
797
1202
983
1008
361
947
623
861
754
670
718
1033
896
1070
972
1033
575
584
489
432
614
551
638
544
817
969
909
670
990
797
725
920
740
725
853
1027
1105
863
964
872
1022
895
711
872
815
929
658
776
1056
1083
1033
1119
1028
770
998
591
936
649
878
722
959
697
659
758
545
1047
946
1173
803
772
692
1016
628
547
631
350
943
384
478
650
565
979
628
844
824
742
643
658
636
706
641
419
1119
1220
967
908
955
929
915
868
846
880
708
675
603
685
809
957
933
688
653
730
899
806
549
882
879
714
627
666
567
931
833
1240
629
569
820
670
816
858
829
750
752
792
682
538
544
600
794
609
942
701
887
1117
857
1039
426
594
599
702
911
620
889
694
505
685
638
643
658
814
869
726
990
513
899
775
382
625
760
745
559
640
789
739
584
770
705
692
591
459
782
646
710
713
694
537
937
329
743
806
385
483
489
639
714
880
564
653
633
591
957
642
961
882
593
907
886
658
739
791
1266
773
909
681
736
570
748
688
917
540
712
896
627
535
960
868
381
705
760
578
573
443
695
602
545
320
856
963
765
667
715
760
680
641
642
547
536
926
1103
706
861
1098
852
913
929
922
926
635
590
516
514
511
561
684
459
931
843
799
904
797
575
565
616
668
693
720
680
703
644
636
736
679
691
1004
599
558
617
607
420
510
536
746
755
528
562
758
620
706
724
643
819
699
320
824
252
504
536
865
524
974
565
668
694
472
628
818
532
456
699
545
811
794
693
521
760
563
469
815
820
1024
540
525
858
612
865
480
591
867
563
667
791
524
889
818
536
772
583
544
513
632
650
913
770
613
472
580
595
389
443
963
532
645
607
1025
950
792
876
891
640
457
513
592
625
1006
408
821
685
754
695
588
701
789
948
1009
1002
1177
786
1010
680
662
953
560
801
583
788
690
850
722
539
885
825
522
494
504
757
845
605
458
361
611
620
548
499
474
600
551
979
587
958
595
513
526
607
1172
1029
800
741
413
511
559
572
907
527
590
675
415
574
776
446
691
538
569
701
475
839
689
908
489
509
1092
831
620
698
265
796
593
495
630
539
493
615
482
695
528
654
646
554
907
583
554
488
987
687
483
731
535
671
752
526
886
774
823
331
659
471
930
541
533
659
557
519
281
369
602
602
840
1014
688
522
841
587
414
501
522
445
691
656
504
778
579
588
630
568
453
658
442
428
346
647
901
514
592
413
574
480
1223
539
433
338
762
743
710
443
505
489
335
398
548
519
518
519
505
706
429
373
942
368
1036
473
459
812
670
517
555
450
413
499
488
497
351
618
511
574
632
559
392
274
572
482
672
446
725
228
285
206
400
314
625
534
519
444
270
745
860
554
1105
853
655
587
606
579
644
613
624
476
572
713
968
547
450
364
383
576
505
712
462
452
455
351
246
488
533
555
577
601
489
335
373
299
547
667
584
570
650
504
503
323
367
575
545
583
647
706
679
647
555
625
457
328
382
481
320
707
311
675
510
388
461
416
452
341
627
584
441
369
543
417
570
750
402
456
552
806
540
418
357
371
425
593
390
466
816
639
594
484
408
249
511
582
330
396
389
365
330
595
659
508
464
434
479
772
481
279
157
929
573
380
722
355
380
700
562
293
583
520
418
479
946
542
496
623
330
392
397
372
347
337
541
646
569
836
354
658
634
644
349
334
362
316
489
469
431
675
569
485
371
436
663
585
418
482
380
588
369
519
428
529
413
748
306
315
297
349
579
514
565
598
296
274
532
257
595
404
382
524
513
659
431
402
867
323
406
353
337
328
355
358
286
507
320
887
453
660
441
431
550
455
784
390
369
590
662
577
483
538
546
478
327
574
491
592
464
720
428
807
347
342
421
401
339
417
380
368
238
260
247
337
651
338
328
407
349
398
402
324
501
348
290
428
417
327
358
289
540
406
419
302
440
517
469
719
565
520
374
368
591
325
398
456
482
627
664
789
271
504
763
509
730
682
379
536
858
166
456
467
666
277
351
336
466
441
479
346
344
317
446
427
426
396
397
564
312
258
384
542
556
702
451
313
353
374
298
282
536
643
264
264
312
267
431
487
601
451
771
366
750
387
473
298
835
389
439
389
305
550
449
381
211
527
507
685
250
416
338
568
407
468
435
349
361
266
471
217
486
447
389
497
181
696
437
314
529
477
372
308
151
531
530
432
599
791
232
611
377
491
749
355
432
567
302
344
474
424
336
273
331
321
357
535
307
370
347
404
516
668
492
290
450
409
836
486
341
349
282
602
262
401
318
701
374
348
289
278
301
262
633
422
627
289
537
290
264
319
358
446
215
278
582
238
532
381
365
349
383
314
565
493
420
410
232
296
253
342
305
461
268
291
216
280
222
351
711
328
566
568
400
341
483
250
172
250
385
359
196
219
291
288
348
211
385
363
200
362
262
360
358
137
444
513
336
363
289
459
520
343
259
641
379
443
479
304
347
180
380
431
269
280
279
333
669
419
145
568
483
313
241
455
471
370
292
205
264
453
259
337
304
551
392
256
383
231
730
319
435
420
556
308
470
271
266
295
293
263
239
412
393
280
415
383
316
365
343
263
449
442
388
396
438
328
343
392
581
473
310
405
458
210
386
223
596
322
121
476
335
368
470
290
502
313
362
240
310
419
388
321
307
394
297
254
275
348
219
227
409
243
384
697
242
183
285
293
70
88
801
533
404
333
346
464
246
256
447
283
266
877
256
256
201
471
311
306
357
433
270
257
261
244
338
448
215
424
654
421
316
333
234
298
455
198
360
214
504
250
340
325
726
320
241
301
409
343
374
193
417
567
478
350
309
366
292
532
424
238
323
297
274
526
233
374
622
403
250
299
303
220
316
248
451
264
269
239
230
140
355
210
632
250
500
274
279
255
207
216
306
218
327
156
469
263
302
249
150
251
264
224
258
426
193
180
606
371
267
413
240
303
292
459
220
117
202
554
282
241
262
196
348
208
225
201
230
377
226
207
405
176
253
345
241
166
364
317
117
424
426
417
139
206
224
360
321
255
283
198
247
242
112
208
174
237
331
330
395
400
262
234
182
162
172
278
246
162
322
108
172
226
190
173
236
332
220
254
276
344
323
244
184
183
246
197
208
183
221
180
489
217
362
177
176
184
250
212
244
241
290
108
82
289
189
187
310
124
252
251
157
221
76
124
172
86
92
210
190
168
152
165
89
243
136
161
146
192
139
95
128
82
140
112
156
69
71
142
200
164
112
114
201
85
125
816
229
