1094
1029
944
897
825
633
1079
1038
192
997
866
927
917
947
938
878
813
753
792
802
910
973
995
1101
1173
830
1124
840
902
755
809
792
857
877
848
850
814
721
731
765
787
705
759
702
720
953
998
903
808
825
764
703
683
724
620
809
687
704
800
629
682
748
659
575
590
590
655
631
671
687
722
952
750
787
841
789
601
632
612
651
329
604
524
737
545
492
692
618
557
885
663
714
689
736
826
693
448
777
608
417
680
645
1032
821
646
492
552
511
492
626
632
549
615
425
461
499
550
709
533
469
424
441
804
702
948
742
597
410
793
491
734
427
492
476
439
462
545
522
949
533
718
571
346
497
553
471
214
414
732
669
849
851
797
541
1098
649
557
573
470
700
687
536
517
802
812
672
684
376
348
393
371
374
227
226
360
300
382
405
312
413
254
485
816
700
809
672
331
290
313
202
288
280
334
369
732
417
676
671
254
946
680
392
772
780
848
628
507
617
485
556
612
598
655
791
433
683
918
621
655
537
317
622
542
562
565
617
559
650
401
498
725
616
790
693
613
611
636
410
586
622
665
474
465
547
712
554
443
711
728
635
1017
610
460
649
229
250
876
533
468
165
368
419
270
665
592
392
377
558
469
509
586
301
305
515
505
632
650
513
480
706
568
589
587
522
472
462
743
412
509
698
522
623
451
510
734
578
709
1038
636
554
660
384
374
399
364
378
655
1033
817
882
1269
938
1000
1097
595
534
484
543
756
874
692
625
713
470
519
567
430
529
776
458
640
737
634
493
256
389
497
495
427
260
577
569
667
584
620
516
867
619
711
822
508
605
536
592
676
665
534
700
547
531
721
823
591
612
592
516
444
597
525
551
486
435
360
333
375
664
607
683
599
573
462
620
603
522
553
505
562
724
524
502
613
586
473
457
509
382
574
307
306
546
412
326
505
479
483
518
458
359
563
150
516
640
555
548
-1
545
661
587
589
286
553
694
613
493
518
940
466
267
375
454
450
366
349
343
207
252
376
170
404
422
414
465
420
394
253
266
279
235
506
487
364
603
526
587
289
874
593
447
471
643
566
552
637
133
307
566
437
237
278
591
498
304
356
355
379
384
354
289
423
347
432
534
438
652
515
489
638
490
786
508
557
472
523
647
499
551
695
592
591
510
498
738
562
480
481
624
372
573
358
299
538
448
486
210
6
1069
627
333
457
692
420
451
718
322
536
441
329
637
456
441
469
602
586
475
411
511
473
162
364
515
362
512
436
455
470
395
442
494
464
425
332
401
403
384
431
323
347
367
450
380
367
337
194
419
535
416
536
358
466
378
309
365
566
480
399
482
335
422
308
381
417
386
462
555
436
447
520
419
0
347
846
340
305
310
325
389
398
624
484
387
344
382
259
258
342
214
320
139
463
289
315
370
249
457
332
305
314
300
451
362
475
478
414
147
325
298
431
518
277
521
367
457
402
405
340
430
371
327
387
360
306
337
362
282
341
327
336
237
638
207
427
397
395
368
285
403
223
197
333
135
319
476
258
556
0
449
300
285
252
410
360
285
285
305
326
182
362
476
422
364
381
388
393
419
438
438
301
248
285
270
346
381
346
394
306
387
352
339
284
290
268
453
255
324
301
323
325
556
231
229
216
301
251
408
372
392
401
394
416
398
337
215
317
349
561
279
387
489
495
383
336
426
344
408
381
366
326
551
347
309
276
317
278
308
333
412
577
54
454
468
342
266
265
267
172
274
329
416
349
470
239
425
204
671
345
290
454
566
554
205
390
279
461
305
261
277
285
264
286
410
758
323
295
275
283
213
482
393
214
275
249
587
234
236
446
285
291
275
206
849
172
239
477
175
256
326
264
227
381
290
328
373
328
232
231
13
497
198
336
537
416
581
304
218
295
315
327
308
222
290
224
305
606
279
431
415
265
514
305
329
284
308
268
243
248
203
289
221
193
522
625
599
558
388
261
258
305
292
323
285
246
242
694
309
243
225
367
432
235
267
281
294
187
263
214
274
257
253
247
316
0
322
460
562
454
293
142
349
299
27
211
422
181
463
226
258
287
300
248
382
235
155
286
262
395
367
339
193
265
237
260
361
354
360
290
265
296
434
247
232
477
309
297
311
368
246
371
347
242
298
266
251
369
195
201
273
291
243
215
227
296
368
157
275
5
345
248
454
285
245
286
302
224
169
230
276
241
379
351
415
373
287
235
183
227
248
361
407
405
409
309
596
336
236
284
191
262
253
241
241
285
297
223
387
342
253
208
220
248
268
175
203
209
184
427
237
235
217
377
172
393
388
390
152
341
235
283
405
413
288
388
296
280
216
300
474
293
318
202
158
293
303
204
148
248
275
320
159
687
238
332
206
157
438
318
354
277
141
272
457
241
219
216
204
290
165
224
216
205
281
234
395
225
203
212
322
482
232
232
194
267
254
166
370
219
379
130
409
154
413
249
176
207
335
214
79
324
248
178
249
373
382
210
283
186
141
157
179
171
224
221
172
323
290
248
251
229
175
391
219
160
148
187
407
239
183
190
200
141
398
237
365
218
249
284
301
161
219
146
127
124
156
243
182
185
340
258
165
151
351
183
362
177
197
339
266
222
233
199
175
281
184
198
161
103
159
115
177
248
165
117
178
217
218
178
286
299
432
386
513
113
238
208
138
189
123
332
356
232
349
324
238
216
271
233
274
265
275
248
349
245
357
247
385
162
131
192
193
231
8
258
360
163
113
220
288
308
603
215
150
76
137
98
153
344
173
161
309
204
205
143
171
290
240
377
212
260
225
252
274
530
204
82
142
188
117
233
115
239
146
72
149
179
201
96
282
198
235
208
183
181
237
380
148
151
225
245
197
153
192
151
208
186
170
170
251
284
243
265
201
86
228
308
124
134
150
154
115
226
200
241
220
193
134
365
296
115
48
265
168
127
357
102
143
356
238
131
183
267
130
213
396
181
220
205
146
176
156
147
134
133
259
210
188
495
166
240
168
196
154
127
114
137
209
166
152
148
252
299
211
201
258
209
194
185
77
209
156
695
134
159
173
346
128
139
126
141
352
273
276
245
110
109
225
89
194
107
119
204
217
237
190
164
439
136
137
147
141
136
168
253
133
180
147
367
214
288
171
156
120
212
336
117
152
171
194
180
165
182
184
102
113
289
153
285
207
285
145
463
113
115
158
130
95
205
157
165
123
120
128
131
318
84
103
117
178
169
305
113
211
142
118
180
189
154
130
130
156
130
120
126
201
373
219
114
260
256
150
150
249
153
131
146
137
225
492
311
91
159
246
213
375
373
211
177
265
35
132
162
228
91
124
139
197
117
148
105
148
125
163
157
139
128
170
193
138
101
174
256
203
266
287
107
121
134
105
109
228
234
84
83
114
115
123
152
170
239
255
159
256
265
195
78
308
182
167
53
91
250
193
64
67
160
125
243
118
170
202
179
144
119
210
123
121
83
92
92
204
196
207
118
50
370
158
123
245
201
227
166
60
296
285
163
221
300
90
364
173
211
302
143
193
165
139
155
229
164
154
95
79
95
181
223
133
140
182
144
249
341
147
98
156
160
165
206
112
153
118
215
104
181
123
264
124
118
128
133
156
98
214
135
210
87
152
91
120
88
122
127
139
22
201
81
199
120
129
151
197
156
393
229
143
138
73
117
104
114
134
95
105
91
119
152
128
142
344
150
241
259
211
109
237
78
83
103
135
116
88
75
132
199
105
59
109
169
109
108
87
115
162
181
202
234
130
89
117
178
328
98
96
263
168
164
165
103
140
84
148
216
98
111
108
149
260
620
0
168
238
105
84
341
245
106
86
74
107
181
102
144
106
256
140
128
124
95
301
138
135
164
190
137
253
127
111
129
135
117
104
109
125
112
166
187
102
104
103
178
181
196
167
231
137
130
142
159
217
186
121
116
128
94
112
86
198
163
156
203
117
152
132
92
153
122
182
94
136
139
169
136
113
116
149
67
112
74
84
115
186
80
98
249
93
82
105
82
81
135
370
92
98
214
105
209
47
112
144
79
74
260
95
89
66
168
127
120
106
107
115
97
108
83
107
161
70
60
231
177
172
156
88
127
135
125
120
86
215
70
170
93
225
207
87
91
129
93
170
139
120
75
161
133
120
173
88
181
129
100
105
158
98
273
94
161
204
290
55
140
103
95
134
107
145
92
104
78
32
49
152
72
167
87
161
175
177
82
178
93
96
101
91
112
153
101
34
73
54
102
187
107
97
177
72
58
165
166
94
153
138
114
151
151
229
51
72
211
80
80
95
90
202
102
130
70
445
150
88
93
258
85
118
201
132
67
72
196
40
123
122
201
39
63
85
163
128
79
153
62
59
78
65
91
81
97
81
80
160
218
122
107
52
79
44
123
99
251
93
42
69
90
65
85
87
153
81
104
100
234
105
111
78
115
172
68
70
54
87
81
152
73
130
61
67
72
84
71
97
98
147
39
27
85
80
80
125
35
59
75
65
97
41
47
75
19
36
80
245
47
58
62
31
114
62
46
37
66
70
34
68
25
42
33
23
44
33
49
68
87
37
38
73
28
19
636
93
