546
657
630
593
617
514
651
627
78
650
598
541
519
480
491
513
542
544
482
633
446
568
474
550
477
467
544
542
645
616
680
594
644
679
716
750
922
772
806
754
786
843
782
871
920
756
705
860
672
902
871
924
897
864
846
866
919
977
806
851
907
952
732
826
836
885
751
877
814
900
763
833
748
803
654
433
790
843
626
651
610
820
767
631
760
801
665
532
845
632
781
764
671
727
746
633
592
762
762
560
510
720
690
741
691
691
663
719
681
582
569
584
550
562
576
571
638
513
593
600
662
628
603
732
456
912
385
531
633
513
657
515
497
534
402
578
659
728
391
437
639
689
561
727
552
569
401
631
682
967
700
746
681
695
540
702
817
630
712
646
777
671
673
532
656
771
651
614
587
537
490
528
395
450
348
480
378
365
548
388
351
646
483
882
639
365
364
450
329
333
307
366
295
289
340
366
540
542
322
523
638
521
639
644
559
506
600
629
642
765
640
632
558
598
266
763
514
662
744
687
499
750
822
775
871
862
698
867
671
864
405
646
552
645
777
678
786
678
811
748
652
763
591
467
350
688
582
561
395
309
360
252
257
377
418
490
507
673
547
187
324
242
377
697
352
612
175
614
694
754
811
492
488
376
734
650
664
673
665
711
838
897
803
741
715
697
584
596
611
393
637
618
413
583
658
549
582
412
728
731
721
480
469
486
359
469
737
347
394
394
326
326
298
305
642
370
805
624
647
496
612
835
710
683
860
656
524
493
564
589
761
800
660
667
421
757
897
878
735
264
755
758
661
673
702
646
343
523
373
438
526
477
674
647
579
562
818
572
715
593
661
543
619
602
664
556
658
756
637
625
777
750
398
433
731
670
716
674
640
754
625
692
409
466
877
179
597
590
702
752
577
619
598
453
421
533
592
441
442
302
693
134
663
570
595
665
633
642
758
468
654
682
544
787
260
727
672
713
549
479
717
592
771
587
701
298
712
620
653
650
660
600
352
307
299
345
440
338
431
374
567
770
746
717
332
360
380
294
497
544
381
415
581
401
371
503
425
835
653
450
575
566
623
288
694
638
707
240
277
561
432
351
334
439
441
459
452
448
454
380
427
607
476
433
468
523
408
633
500
877
895
739
381
606
633
500
530
662
655
589
593
642
684
636
647
499
380
568
656
524
683
671
662
237
159
280
675
444
823
514
607
630
521
524
716
628
534
623
603
801
806
666
466
756
639
740
742
288
669
448
400
702
648
655
643
661
396
549
508
583
574
428
407
386
336
409
361
385
540
435
640
666
260
527
708
650
785
579
390
355
359
499
635
619
427
482
414
542
389
622
618
570
721
555
407
704
609
469
234
593
357
450
407
382
401
646
558
638
600
637
344
336
230
235
308
269
333
298
427
567
578
377
627
545
516
664
587
567
510
653
559
477
480
555
748
711
475
519
616
571
422
390
555
698
753
575
708
571
703
327
663
401
654
564
589
368
379
596
298
536
520
619
593
590
409
606
345
308
353
169
550
179
312
303
341
581
382
475
467
355
295
312
383
407
388
212
719
893
648
609
613
593
585
596
563
465
409
405
363
513
595
590
695
348
378
426
433
449
333
633
614
448
383
358
363
697
552
818
368
371
495
401
645
484
525
575
565
580
494
267
328
359
562
380
516
442
539
733
626
737
201
319
342
402
554
355
423
291
231
455
404
394
368
626
628
428
570
318
472
420
188
341
474
492
355
396
486
502
307
460
587
366
324
279
510
442
367
459
410
367
477
170
506
533
214
218
295
406
441
541
328
393
474
331
585
444
621
586
357
710
615
361
570
574
606
532
683
408
545
322
474
376
448
404
436
625
390
357
567
586
219
442
483
415
460
295
485
364
342
185
587
568
503
406
512
556
469
372
458
427
325
615
642
468
637
738
581
578
536
460
592
492
463
341
305
268
294
450
273
523
513
485
520
623
461
430
450
503
445
536
489
481
321
514
399
500
502
707
394
346
357
339
305
317
340
545
605
331
330
453
348
550
474
330
553
494
208
589
124
333
352
648
358
676
441
495
455
254
350
602
323
288
503
330
491
515
438
359
556
372
304
537
482
700
322
312
666
469
464
389
267
468
279
440
584
384
649
609
344
409
449
452
233
513
528
650
503
453
360
357
458
203
302
716
314
455
464
681
616
548
595
590
506
297
354
395
434
590
216
439
294
539
541
490
517
568
663
626
599
742
543
673
445
414
588
325
652
469
609
568
619
523
401
577
470
426
440
427
544
606
444
261
228
546
336
424
423
415
413
441
678
408
622
450
356
431
447
658
580
685
516
202
327
348
387
519
357
410
525
316
361
562
370
394
443
295
530
334
472
515
630
417
305
655
522
506
559
226
599
401
335
467
289
394
370
376
528
371
557
484
365
572
346
349
439
617
370
261
491
431
516
580
418
541
482
553
270
394
376
662
312
451
523
241
379
178
196
415
507
665
764
380
422
535
486
328
343
402
366
460
451
438
522
396
470
405
355
346
442
361
286
262
517
395
352
493
237
469
435
789
307
200
143
518
553
374
308
259
387
255
331
450
441
379
376
268
471
327
325
579
248
553
394
379
547
427
377
370
406
364
237
363
321
339
463
466
482
500
409
280
189
457
297
517
369
530
98
128
99
229
240
506
440
394
359
230
555
564
411
694
498
447
446
535
508
534
531
470
366
398
517
655
419
231
306
300
464
379
614
234
322
264
244
192
410
446
445
294
443
429
283
248
274
474
378
382
387
348
313
310
252
230
429
332
404
527
536
530
405
435
428
372
297
350
345
243
455
274
466
422
327
383
357
386
336
395
453
305
261
407
305
459
551
346
389
352
549
380
329
326
328
335
510
304
357
512
476
483
305
316
213
410
442
249
272
273
261
262
440
486
413
373
367
394
495
251
234
155
516
503
319
407
242
254
394
406
260
390
373
365
384
481
410
344
458
231
262
326
237
258
250
458
415
357
579
223
493
505
466
267
286
244
204
331
348
330
352
454
267
271
276
544
492
265
397
268
411
335
253
282
420
340
490
224
234
221
248
386
411
401
448
246
211
415
239
518
325
362
439
430
497
314
305
548
255
266
247
244
247
295
267
217
370
278
563
348
447
393
373
476
269
601
294
260
459
518
448
400
409
422
399
275
391
372
488
373
479
279
385
279
298
299
286
330
361
315
239
176
185
188
292
505
294
258
264
260
320
212
290
411
241
226
352
345
281
262
274
438
368
394
233
341
373
379
482
433
301
337
294
450
240
294
340
389
525
369
489
257
424
429
382
492
351
335
429
592
132
437
364
490
228
247
277
394
410
350
289
333
275
263
242
234
272
331
446
285
243
322
383
457
516
268
289
349
317
221
218
436
381
192
196
214
191
399
385
538
314
621
327
479
250
344
223
587
287
373
224
273
409
373
350
166
421
321
432
189
342
231
427
324
400
305
313
309
274
411
182
425
335
261
335
139
446
317
262
359
349
240
260
156
383
404
355
389
697
187
426
292
402
553
289
251
518
258
261
354
326
259
208
307
296
236
337
221
337
276
310
348
464
358
275
390
347
548
351
289
309
213
501
181
330
215
614
316
319
227
214
237
231
500
357
456
279
405
275
208
231
295
283
170
237
444
236
434
330
306
293
227
235
368
382
390
388
224
233
197
262
261
370
203
278
175
232
163
261
438
237
420
329
186
226
411
187
146
189
331
315
150
166
217
194
297
166
336
287
173
334
239
291
309
65
292
388
284
292
197
426
284
316
207
499
285
386
372
260
312
156
256
262
237
249
199
287
503
267
137
400
322
234
184
193
361
334
261
172
246
388
216
287
299
431
322
191
358
220
536
301
336
276
483
231
276
265
194
233
275
244
200
349
245
239
359
355
222
256
247
157
363
366
334
254
363
257
325
322
410
387
289
343
424
203
376
171
384
238
47
397
231
260
380
259
420
253
307
238
288
305
302
282
273
309
272
199
254
286
168
175
249
205
284
487
194
141
196
274
24
45
580
346
332
226
263
360
179
184
358
275
252
-1
201
166
209
366
265
248
355
402
221
247
186
214
289
398
190
322
540
330
271
288
203
258
375
157
344
154
396
227
272
261
439
221
229
231
384
291
345
149
343
392
335
325
264
220
194
428
388
194
312
239
218
303
197
275
453
334
176
212
271
182
270
221
326
218
224
217
192
138
279
175
411
207
468
162
164
185
132
198
251
186
331
93
402
204
190
190
143
170
219
203
245
278
172
147
434
286
252
316
171
252
204
250
141
110
165
494
253
163
216
194
321
193
143
205
130
317
179
181
275
152
218
215
217
134
301
252
114
313
333
360
115
194
192
335
228
244
205
161
204
184
104
163
126
201
305
301
339
226
233
229
196
157
161
241
212
88
313
75
151
208
153
133
226
277
199
234
229
264
281
204
170
151
141
202
202
182
199
163
428
200
232
174
178
190
215
183
198
195
241
109
91
303
168
169
283
143
172
190
141
190
73
117
186
97
86
215
101
162
152
172
87
237
136
161
136
148
154
92
117
89
136
116
163
72
69
149
226
113
106
107
147
76
130
509
186
