905
1167
1225
1139
1133
1035
1235
1160
115
1132
1116
1078
904
810
919
1002
1017
1178
1090
1302
903
940
785
858
726
708
849
1141
1175
1364
1215
1185
1152
1165
1243
1231
1248
1293
1243
1251
1156
1145
1075
1259
1231
1091
1027
1202
951
1111
1250
1107
1089
1047
1118
970
1017
972
947
987
1007
978
1111
900
992
955
1201
959
1016
1016
1161
1113
1109
1272
808
815
1035
1164
900
1081
607
982
974
699
950
931
880
692
933
1046
1253
1011
1235
1340
1265
1002
604
907
1187
572
646
885
1095
1256
1238
854
816
803
817
814
681
739
811
686
724
714
696
647
752
741
664
650
743
1002
715
802
565
685
837
664
1315
651
665
708
491
677
738
788
617
476
954
780
519
759
610
684
415
751
1059
863
1059
1175
875
692
855
1161
1112
740
739
1052
1092
917
884
1039
1197
1262
1260
675
663
629
610
622
433
449
464
539
494
492
644
517
359
704
643
931
908
573
392
500
359
342
351
413
368
402
440
463
816
815
585
876
1012
651
1172
1173
1002
506
724
915
850
786
1020
981
983
925
393
1063
841
1257
1178
1043
569
1015
868
825
930
970
780
960
748
932
725
1029
919
904
794
1042
1115
837
1179
1095
1085
869
673
583
528
1016
758
785
475
344
516
293
306
542
489
642
824
766
644
234
389
304
472
1386
505
728
225
763
652
1020
1195
545
594
542
1038
759
781
802
800
825
860
930
962
1189
1225
877
957
714
795
583
920
929
462
688
1159
715
1199
592
1070
903
1115
627
633
631
526
613
1235
726
642
730
574
519
576
671
1410
567
897
861
1054
731
1076
1174
1050
898
1008
1225
1063
713
753
641
644
850
1050
713
406
742
825
870
863
442
880
700
896
1389
952
847
597
799
711
648
883
840
904
1352
858
743
798
974
704
1209
1016
1070
995
1392
1206
606
823
772
775
777
918
972
544
580
883
1122
914
809
787
1069
887
993
525
590
797
235
1537
1105
1291
1169
649
685
614
507
510
617
978
702
703
480
975
190
1180
884
883
1041
1144
664
1054
647
950
977
735
1077
457
890
1151
1007
733
471
1006
1014
943
709
848
613
717
529
1201
739
1284
726
480
423
389
435
600
327
573
529
623
852
891
884
399
488
458
409
789
996
493
493
1282
798
498
794
738
1016
801
572
762
725
696
247
671
909
829
261
357
917
562
397
414
617
620
631
609
568
695
565
631
675
703
614
731
643
573
895
851
817
834
942
462
939
773
636
878
1206
1224
1393
1368
1197
1097
1083
980
774
613
1027
766
594
983
1027
1282
246
128
424
1142
561
838
788
712
1065
886
1030
1173
1308
569
1038
1062
837
818
995
659
966
1162
758
710
260
830
765
689
832
792
1057
702
775
508
563
687
881
772
636
636
616
547
521
604
574
718
719
983
874
323
636
854
856
652
731
681
512
506
665
1046
957
714
377
318
1046
668
844
803
851
670
739
507
759
1213
479
198
678
568
551
494
619
544
781
635
1001
1013
751
448
485
297
286
465
355
458
319
453
709
659
612
599
-1
881
601
1085
1047
672
621
535
574
653
530
906
880
1053
910
685
693
585
436
639
819
868
592
930
856
1031
564
840
1004
1153
943
740
554
624
715
470
397
700
595
1410
1164
602
789
428
388
580
194
653
308
407
501
338
735
648
613
544
483
408
397
464
617
599
240
677
840
1007
976
994
1013
976
1140
1091
744
546
482
482
1119
979
656
920
545
614
621
439
550
472
786
786
769
556
576
604
815
642
1031
480
493
516
730
758
573
803
1456
1250
1400
1254
493
573
502
663
740
747
574
817
755
943
912
307
408
518
558
676
500
471
418
267
601
507
655
595
834
807
706
947
297
515
524
269
456
547
610
479
699
675
978
550
595
737
630
384
525
622
609
630
1020
985
487
552
219
862
650
334
331
624
568
459
745
482
911
1036
535
758
589
993
670
553
737
618
606
577
585
601
677
728
482
584
525
563
449
416
525
596
872
541
755
723
641
399
611
809
538
690
613
1239
417
550
367
917
845
545
546
733
841
661
541
669
1156
476
779
831
663
1032
844
641
756
560
471
623
897
835
592
533
370
484
599
471
665
874
822
790
1109
885
864
874
828
662
779
774
594
593
1091
407
564
890
875
434
431
461
395
381
435
380
734
741
706
693
586
449
851
1071
451
777
869
201
947
169
461
474
965
497
978
789
720
705
448
521
852
572
402
734
482
553
769
1036
488
609
492
600
640
572
744
499
570
714
852
514
804
272
667
476
613
1095
636
888
806
454
577
816
808
331
599
590
726
584
541
754
535
821
351
477
767
555
763
748
1003
670
542
590
507
578
465
526
654
588
473
367
462
399
767
630
515
603
580
733
694
652
682
602
1054
693
491
557
411
644
533
640
625
586
581
676
1092
540
754
706
671
540
647
472
451
401
626
420
701
784
741
916
544
644
1070
951
624
612
805
706
624
729
633
854
320
444
590
693
755
567
615
651
418
593
803
712
373
787
466
723
395
727
474
594
777
416
579
481
967
764
304
570
677
549
532
376
712
559
522
545
490
685
698
489
616
498
451
650
727
428
390
638
693
835
702
546
639
433
742
497
573
495
917
486
573
581
307
644
184
292
664
488
594
837
377
722
564
500
481
406
497
558
630
435
607
769
729
540
620
562
503
763
720
358
340
536
403
441
545
287
529
497
766
460
278
178
495
626
429
439
366
589
383
458
468
778
623
629
473
546
457
399
510
448
472
556
470
680
468
492
493
700
668
340
436
431
552
359
587
443
646
585
453
311
519
528
505
529
466
142
169
140
410
356
722
590
470
682
270
614
698
483
647
479
520
456
571
568
559
540
499
384
507
677
672
617
375
522
460
464
569
654
175
692
545
387
305
724
850
873
328
703
600
332
380
340
583
526
429
404
559
417
417
412
457
824
469
735
577
716
682
572
829
785
589
346
492
414
315
523
394
615
397
317
391
544
629
373
433
461
385
398
488
443
637
838
456
530
480
666
472
447
712
621
511
577
459
400
452
643
642
399
640
278
578
816
352
356
438
443
366
410
476
787
592
570
417
594
242
255
157
537
490
375
452
309
473
512
498
356
378
511
433
658
399
437
451
415
347
343
408
349
373
388
566
512
361
971
479
583
441
506
396
476
340
318
400
350
313
346
686
414
390
398
757
578
274
490
290
457
616
465
401
459
412
579
327
350
328
364
748
839
775
473
565
412
688
307
521
440
371
773
782
632
556
537
630
388
420
387
356
329
445
361
366
348
340
645
466
572
574
523
423
392
826
303
416
550
625
501
414
467
443
441
355
629
460
884
516
596
387
399
342
389
418
373
366
584
570
419
323
333
338
338
691
340
344
382
428
489
428
394
815
282
275
486
497
335
370
398
425
352
383
378
416
749
558
488
612
275
526
674
553
323
376
350
497
625
423
445
302
526
365
520
746
429
789
420
563
222
441
386
694
307
342
459
610
377
354
295
606
484
341
342
247
273
404
557
366
288
629
494
500
559
476
412
388
397
328
328
666
360
272
315
354
327
466
443
621
750
800
510
594
365
347
289
613
447
556
319
367
488
458
326
257
440
298
405
295
640
424
464
306
422
381
319
359
304
433
319
678
549
470
644
368
464
342
331
403
378
313
347
167
626
616
448
407
577
280
734
592
713
621
425
394
513
285
321
579
425
330
312
388
386
357
322
382
597
413
291
624
682
356
395
405
407
475
394
387
505
385
639
308
480
217
677
393
461
429
413
470
289
523
400
557
290
327
297
386
324
361
375
256
319
567
278
381
339
374
376
500
335
515
662
343
410
247
379
327
444
407
433
293
305
233
282
262
491
387
370
411
510
251
310
710
272
232
286
344
285
272
275
340
271
307
225
459
540
261
345
268
357
355
100
283
371
290
344
368
441
494
316
350
515
261
557
377
363
390
239
347
416
375
372
363
435
543
477
276
384
327
306
249
299
624
316
249
238
386
383
297
347
450
543
430
225
363
362
523
382
311
442
619
408
387
354
329
361
435
380
326
338
310
347
592
590
288
274
308
259
532
555
397
342
389
335
462
407
431
624
273
390
344
295
402
241
443
408
163
589
295
367
391
245
556
362
360
286
378
318
483
433
286
438
394
270
411
303
248
250
336
219
327
587
264
246
281
362
44
71
520
472
336
379
293
642
307
270
342
236
221
545
288
297
223
332
322
279
327
445
373
318
251
262
288
470
233
295
521
514
428
374
266
367
384
259
368
246
519
412
534
365
392
240
211
315
414
331
543
183
327
378
433
506
282
314
293
456
342
285
360
427
280
439
162
424
440
549
239
261
293
315
285
261
363
333
248
220
210
138
314
229
393
272
501
293
296
238
251
218
272
239
358
121
472
313
164
256
187
173
340
284
239
300
256
197
465
400
269
373
192
214
213
324
190
157
274
575
227
214
202
242
580
267
171
194
203
329
259
279
444
220
296
320
292
201
307
350
131
333
345
384
105
219
193
468
385
228
215
207
381
206
139
184
190
280
292
290
459
301
195
280
214
181
173
255
229
204
345
91
134
208
186
142
290
497
259
299
290
450
322
269
187
212
204
214
224
199
240
182
371
239
271
179
242
180
258
186
296
295
345
125
94
300
173
172
469
152
197
254
130
245
77
125
187
89
115
233
161
137
173
203
75
377
199
153
143
187
256
96
174
78
135
119
142
82
74
119
197
155
93
93
152
83
120
788
250
