269
310
321
326
326
303
336
303
64
327
285
270
240
226
257
245
239
279
271
320
248
288
220
242
242
185
257
288
313
292
334
299
338
303
334
356
398
335
335
333
371
396
316
385
389
371
358
379
315
386
394
427
378
437
358
389
410
387
367
359
434
435
329
295
379
348
367
432
406
468
320
379
345
332
299
234
343
365
246
303
177
402
374
340
335
344
317
224
417
340
351
370
308
309
331
238
244
389
334
231
233
377
356
334
311
333
323
323
363
320
354
292
304
272
318
304
321
281
300
294
272
289
266
353
206
441
143
260
395
297
319
250
277
305
170
292
341
374
299
195
329
313
193
369
294
313
100
305
340
429
283
344
316
349
274
334
349
353
381
287
317
338
356
253
303
325
313
260
263
266
248
257
149
125
186
207
235
213
246
207
99
334
327
370
275
153
192
208
164
120
164
185
182
174
190
252
284
283
93
242
278
245
313
300
275
265
309
282
278
401
319
301
221
284
126
332
266
300
323
292
250
359
374
368
464
380
285
391
239
406
256
285
262
283
331
316
392
337
360
368
296
296
258
288
291
293
327
228
210
179
193
108
152
225
102
110
251
359
284
67
213
186
140
344
251
285
121
295
210
311
355
218
185
198
326
275
297
299
292
370
380
449
367
368
392
304
301
307
287
307
303
319
202
327
329
349
310
250
317
349
329
260
245
258
261
268
344
256
180
231
241
175
212
239
335
124
330
316
336
236
264
385
377
322
409
303
205
344
263
307
333
426
336
325
153
295
430
453
292
80
384
337
349
319
304
335
195
275
217
221
268
218
328
329
273
379
360
237
330
311
298
296
299
308
334
394
296
259
275
267
381
340
209
231
324
300
325
323
361
337
295
287
328
237
444
138
307
316
342
345
356
367
306
283
319
289
274
122
119
228
319
74
288
219
251
327
272
230
407
123
285
298
440
349
202
333
327
319
319
194
313
318
381
406
421
197
293
206
329
282
346
319
186
182
146
173
235
129
266
212
293
363
394
389
172
192
183
167
248
298
227
205
282
187
194
261
245
437
394
317
493
508
469
187
378
256
372
120
132
304
215
135
171
222
211
220
205
225
238
210
243
280
259
231
166
261
329
284
260
373
409
349
269
279
213
197
262
332
300
323
314
303
348
305
294
254
203
306
309
200
380
316
353
111
71
171
316
225
420
234
233
317
283
214
344
325
249
317
240
360
315
357
282
430
306
394
391
107
303
232
223
341
361
313
474
438
258
269
241
269
258
218
215
202
202
199
141
226
249
205
303
310
109
265
292
384
373
472
205
184
201
283
336
354
216
224
175
295
163
348
322
302
342
304
188
322
313
222
11
274
219
205
204
198
194
340
191
301
316
446
193
207
90
145
231
117
214
105
291
272
304
219
205
283
203
328
312
300
214
327
300
368
246
164
310
282
179
264
334
503
421
314
365
306
360
311
377
254
336
168
378
240
369
298
314
207
196
274
170
171
282
373
306
305
234
289
176
154
160
55
225
93
176
166
58
258
202
288
280
205
166
166
184
234
227
104
489
387
320
332
342
333
333
314
304
256
245
200
232
294
263
429
330
178
183
197
205
204
227
404
368
163
209
204
178
371
443
357
199
203
173
234
340
241
277
306
289
325
277
152
176
194
434
189
288
259
197
377
326
352
99
144
348
410
436
395
269
222
143
247
243
201
225
362
348
161
263
162
468
400
98
190
419
398
213
219
224
198
161
151
264
217
166
157
238
216
209
288
263
207
330
93
240
478
103
130
169
218
220
285
159
234
258
197
361
276
318
233
249
344
330
272
284
299
342
443
396
359
187
182
173
185
289
213
322
239
223
131
365
464
181
308
267
211
250
56
274
165
167
126
285
327
227
203
226
295
239
200
228
256
134
357
314
259
300
402
249
316
250
245
333
257
278
179
165
113
169
281
119
260
281
245
276
295
261
259
262
216
288
262
256
217
250
296
156
373
310
316
192
209
235
209
203
189
211
257
295
184
168
206
47
248
271
302
255
319
215
328
66
69
225
313
236
293
255
289
279
264
207
303
188
176
225
183
236
279
248
180
376
214
185
409
418
406
180
171
331
208
237
207
203
255
172
218
299
256
299
365
181
210
243
254
154
260
252
359
238
217
236
169
262
120
189
269
62
208
276
324
400
362
378
442
342
222
169
217
291
389
200
231
178
299
349
243
245
370
341
367
373
441
286
328
260
240
294
147
398
370
348
338
333
223
219
320
263
239
201
221
297
356
230
178
166
271
222
242
238
249
166
234
419
267
311
160
175
258
198
319
417
367
303
170
240
232
200
248
222
213
253
174
193
308
223
127
224
254
277
167
325
287
441
220
166
361
320
235
272
152
312
258
179
351
174
238
306
210
313
216
276
250
235
273
197
195
205
406
310
222
343
246
197
299
237
299
215
320
158
221
205
312
153
245
297
163
273
75
111
263
259
385
380
285
207
276
272
165
194
245
228
270
173
197
324
244
364
249
212
176
210
219
174
163
291
272
424
244
187
289
222
412
160
171
79
318
257
152
172
143
229
162
155
205
219
208
206
172
228
166
176
439
183
336
192
175
349
272
212
199
228
195
298
295
196
159
196
210
220
252
227
165
138
326
171
304
218
452
71
96
79
152
157
294
265
98
216
155
275
292
218
387
360
332
366
294
276
294
291
286
290
271
279
400
219
128
191
155
238
195
359
52
166
149
165
126
208
249
270
273
222
199
138
170
129
214
189
229
230
190
155
154
159
130
239
175
215
272
300
290
268
244
212
218
143
159
184
136
238
158
230
221
139
171
197
202
167
149
225
332
285
287
168
256
294
191
204
230
354
288
167
167
171
145
283
182
184
296
276
284
349
216
108
212
267
137
176
169
156
135
232
300
230
221
224
248
403
239
166
85
299
281
231
193
154
117
284
310
173
261
215
195
234
220
275
333
427
233
246
245
191
219
195
188
250
325
293
131
331
276
333
177
135
102
207
339
287
265
158
250
177
321
165
297
248
276
195
123
270
168
211
172
240
235
450
195
180
170
174
217
221
185
279
110
134
247
127
274
179
186
283
270
270
233
208
448
164
162
154
170
174
193
172
139
303
148
335
249
275
223
211
205
133
350
183
158
237
266
255
270
281
272
192
179
265
234
217
242
248
177
257
157
164
179
191
164
169
167
161
116
115
121
136
212
159
154
146
152
202
130
148
173
161
142
217
192
158
202
145
247
216
202
126
223
203
216
146
350
404
189
139
268
150
215
248
188
231
355
398
134
242
157
250
293
328
184
324
263
46
215
201
278
113
137
165
241
222
191
160
151
140
145
215
143
171
215
229
150
120
206
245
229
279
190
154
155
169
136
132
268
263
116
107
126
141
211
196
238
103
260
180
345
221
420
118
362
156
206
55
164
271
202
141
90
259
153
448
160
207
143
245
187
209
271
218
180
143
145
114
226
235
183
104
59
241
273
153
244
217
289
163
97
212
218
179
219
303
123
204
186
229
387
170
245
265
175
161
221
231
135
124
123
138
204
270
145
191
181
296
187
302
191
136
252
256
167
189
136
160
124
338
101
220
168
284
212
179
146
135
138
140
313
220
238
158
234
163
111
110
192
157
157
81
244
131
328
226
210
213
141
162
326
238
270
244
123
153
138
157
156
175
128
166
134
165
154
160
422
143
299
171
71
131
219
112
110
130
184
208
95
78
133
134
143
103
181
166
114
171
156
243
225
43
-1
326
213
162
128
235
147
182
125
348
349
179
275
129
172
107
120
218
131
135
112
155
312
189
14
227
324
130
147
226
230
183
156
105
141
233
119
201
129
150
211
155
195
101
410
143
219
168
259
140
134
151
128
142
138
131
120
176
142
134
166
185
175
158
127
115
206
240
215
340
237
202
166
179
193
218
181
214
237
103
209
134
253
110
46
213
163
197
232
189
158
146
190
110
181
145
161
147
178
188
155
108
125
99
118
132
171
139
155
223
122
104
129
138
9
35
237
117
137
213
125
206
64
171
280
109
125
292
145
104
103
269
185
185
185
196
120
167
109
101
166
261
93
126
266
198
146
202
137
137
220
137
163
108
228
102
176
145
295
300
158
119
225
147
182
157
280
124
177
182
185
164
99
284
231
116
161
166
136
137
201
151
287
185
103
194
187
123
212
150
209
118
134
148
103
102
209
98
191
130
275
154
156
123
105
144
160
141
149
111
253
142
88
108
73
134
181
89
167
199
97
80
176
187
130
238
168
248
189
139
66
57
93
216
168
101
218
96
156
111
209
87
123
211
103
104
182
86
163
134
164
94
117
245
62
177
172
220
88
97
164
192
150
139
230
95
79
102
67
124
140
122
148
145
181
191
189
117
81
82
84
199
177
62
138
122
188
161
92
105
136
168
122
107
141
163
168
173
118
132
110
93
113
86
110
98
196
88
149
89
71
132
131
104
120
119
131
54
42
135
146
146
141
59
91
135
93
134
52
69
78
29
47
113
110
103
79
99
50
124
74
95
64
86
71
49
73
41
60
58
60
47
55
75
100
107
50
51
126
41
40
187
125
