610
649
613
576
551
470
700
573
21
592
549
529
518
543
466
500
468
509
469
596
477
550
450
567
448
500
528
498
630
612
615
587
622
703
741
799
935
741
842
702
763
825
785
848
869
684
640
802
640
814
944
949
978
885
796
824
908
824
755
834
997
862
772
916
854
809
810
844
776
786
809
796
707
841
675
421
877
794
570
610
826
712
691
631
862
849
730
663
762
588
783
798
635
725
670
666
674
673
722
651
551
835
660
751
625
818
747
770
782
764
487
656
700
665
640
674
670
516
654
694
820
693
512
687
458
818
437
673
551
553
754
670
609
625
507
661
704
799
170
624
708
740
745
766
551
643
637
736
682
804
596
650
656
691
513
743
813
756
758
692
775
738
789
481
607
676
629
766
749
614
620
646
620
694
435
624
439
427
703
464
525
656
460
745
613
483
429
526
361
467
370
458
312
382
369
417
567
570
573
486
705
640
618
555
496
588
707
624
741
665
662
601
636
568
296
678
447
753
726
697
609
669
761
734
840
754
696
789
767
745
321
689
541
600
750
699
773
759
753
796
729
760
624
389
235
681
517
608
404
349
379
295
310
368
621
698
466
701
576
388
321
222
545
634
323
683
234
619
707
952
794
549
644
387
767
634
630
585
592
655
720
866
655
792
753
783
520
628
553
267
600
610
507
599
729
488
584
360
685
979
614
596
561
584
385
524
703
234
374
307
174
263
158
153
619
521
790
622
630
456
625
780
591
694
845
596
631
500
575
610
655
710
619
609
630
909
852
835
725
454
801
674
645
632
651
612
435
551
359
419
547
458
600
618
629
452
693
535
624
580
568
517
609
596
639
434
668
712
576
577
765
808
508
490
734
583
652
567
708
648
593
723
321
499
719
149
562
535
693
741
442
476
580
452
435
618
529
549
546
238
760
219
618
594
615
613
576
740
704
729
536
551
355
665
114
694
650
679
485
516
642
536
680
498
546
141
667
731
591
658
658
659
418
333
415
403
544
580
457
416
567
724
643
622
388
454
420
371
562
535
431
390
589
436
435
409
355
852
601
216
400
426
344
417
733
580
765
319
346
558
434
454
325
505
500
524
491
542
514
411
472
563
433
362
455
433
276
592
412
677
782
725
394
591
720
492
439
605
576
618
640
580
640
625
586
494
498
524
745
573
698
592
625
365
282
211
601
471
753
469
564
652
487
604
728
580
542
690
658
765
788
599
588
698
605
739
643
456
649
465
377
661
580
612
574
546
293
481
501
530
577
428
409
433
321
446
463
418
505
466
624
658
417
547
577
712
620
538
420
388
354
480
636
540
465
562
509
466
488
525
541
536
631
525
389
797
533
510
384
583
292
476
415
407
394
750
491
545
539
602
337
299
341
277
285
399
317
430
236
606
593
410
797
488
617
592
521
516
432
569
492
390
458
915
804
707
565
463
608
370
238
321
529
722
807
503
768
582
766
355
680
374
638
507
683
385
406
624
340
686
492
615
546
562
469
618
393
386
399
288
715
272
287
293
574
566
414
552
534
349
308
364
359
397
312
262
609
676
657
599
632
593
567
597
570
448
451
416
319
489
600
495
651
392
363
391
405
403
327
704
677
503
474
394
384
659
415
686
404
384
557
372
663
411
492
475
460
504
399
328
332
391
485
398
493
437
655
642
531
628
270
362
268
276
501
173
475
198
222
399
446
450
428
659
564
535
574
492
282
233
141
533
376
427
435
384
434
528
309
479
569
349
383
174
475
442
314
498
504
353
512
209
452
447
219
281
317
364
396
481
230
407
431
347
601
412
635
512
376
609
543
117
494
504
543
506
611
319
572
231
671
404
406
398
402
603
407
441
565
524
56
407
417
428
363
488
399
441
385
112
523
526
450
472
473
536
421
354
487
358
372
619
617
417
580
749
541
471
459
402
642
418
398
325
307
371
315
423
349
460
419
392
477
498
391
389
364
485
448
512
471
426
93
461
456
392
376
552
384
364
401
374
326
339
360
520
568
364
385
617
600
482
405
78
432
460
224
559
187
550
387
530
359
574
413
410
390
160
370
502
334
316
464
339
404
420
462
340
458
398
347
417
365
551
301
321
621
393
641
333
149
692
288
508
529
321
704
490
314
486
416
386
175
418
434
714
455
373
318
410
368
258
302
774
562
430
391
638
533
430
521
440
414
325
383
347
446
409
134
347
369
659
460
403
416
458
659
622
633
671
452
595
382
355
593
358
574
347
498
475
474
568
399
623
413
334
431
331
447
482
381
246
164
441
281
339
323
294
465
422
613
384
654
597
358
375
473
676
692
528
437
125
284
308
345
466
335
352
603
330
411
548
294
547
410
379
492
427
373
414
481
338
309
534
465
491
549
189
512
235
354
382
281
337
318
374
419
275
512
428
329
413
397
360
314
583
106
257
453
377
463
574
382
493
498
464
258
266
407
508
303
392
437
390
340
249
225
369
467
515
683
292
368
529
405
272
313
351
282
491
409
343
520
405
336
471
403
375
617
260
303
265
456
346
245
491
236
417
323
685
292
167
213
385
446
494
277
319
348
268
349
387
391
346
345
254
444
381
232
427
249
459
317
286
437
371
396
383
349
313
78
251
302
264
469
456
515
497
299
250
179
417
324
412
354
318
123
137
70
144
250
427
372
477
306
176
395
416
281
505
471
345
301
384
354
399
360
343
223
202
439
575
316
236
228
212
350
325
582
377
337
289
225
164
329
319
339
85
389
367
260
251
239
423
340
341
337
441
336
332
180
265
398
348
352
448
601
566
507
391
390
401
249
332
271
280
436
230
422
334
273
329
304
371
274
389
392
194
172
329
251
386
500
285
329
284
555
349
330
270
279
357
435
243
270
490
385
341
128
223
186
331
397
290
212
228
237
299
343
360
307
277
279
304
490
95
156
102
577
415
259
389
217
293
356
332
163
301
258
303
285
461
366
219
337
194
230
218
228
224
236
386
389
272
454
249
461
390
388
205
239
323
164
229
271
243
530
395
300
125
227
410
431
230
390
329
332
267
52
290
348
232
325
188
200
207
245
405
367
582
354
295
195
372
192
447
283
284
353
330
458
242
225
344
169
247
208
258
239
207
116
182
257
221
483
252
363
350
311
491
250
531
281
255
421
504
378
309
344
328
408
227
341
413
400
280
399
284
299
292
226
338
224
254
303
300
224
152
156
163
298
384
269
274
270
226
263
219
196
415
258
190
266
257
187
252
203
353
280
315
295
239
313
352
-1
316
143
282
315
309
170
297
267
415
505
99
309
199
397
399
284
388
196
281
310
499
169
360
276
487
225
271
241
314
307
293
223
271
236
327
219
305
270
224
362
200
185
241
312
402
385
232
205
258
233
177
168
341
309
206
178
203
172
357
356
396
339
577
273
474
183
261
201
553
236
319
427
262
323
249
385
185
346
329
313
114
277
221
325
212
405
201
189
240
220
481
158
364
288
206
490
186
330
206
227
218
262
92
219
103
338
359
277
403
497
147
349
243
368
444
209
218
401
175
176
322
262
211
217
315
259
208
260
188
255
197
176
324
368
339
220
315
253
666
354
220
288
206
404
175
256
177
433
243
242
189
191
225
153
471
295
434
214
298
225
213
268
255
337
105
291
361
201
306
249
231
208
214
180
211
285
278
301
163
179
170
230
193
433
169
217
102
140
74
247
287
222
332
264
246
210
346
198
138
153
224
222
125
185
183
160
208
135
287
266
148
258
242
218
197
67
146
277
201
268
191
336
243
242
164
354
170
304
287
228
244
122
242
194
185
224
211
215
371
100
161
330
171
232
148
30
316
276
165
146
170
266
142
189
296
390
253
148
312
198
355
264
257
240
382
249
247
190
162
185
228
187
178
268
233
178
328
269
186
230
222
151
285
235
234
117
281
191
249
248
311
343
200
257
338
174
275
153
335
237
0
327
174
311
309
171
430
190
193
167
207
250
344
224
198
280
218
172
196
351
114
157
219
128
421
347
166
121
202
215
56
55
445
520
326
63
260
322
185
127
281
199
190
482
172
145
151
281
204
171
247
344
213
152
209
163
218
307
165
377
369
307
233
194
138
196
309
73
269
104
309
240
219
272
363
92
131
246
298
226
280
49
231
524
305
228
180
179
276
309
354
155
286
166
180
391
99
288
426
226
220
111
189
145
158
131
283
199
194
126
236
96
198
156
418
187
369
127
128
155
112
110
183
128
299
7
334
183
215
224
113
129
154
172
144
181
137
130
485
269
181
227
83
134
108
293
159
77
167
340
163
118
111
134
260
123
22
139
39
209
147
136
226
137
144
198
116
102
274
121
110
306
336
232
67
145
173
235
222
153
140
129
226
159
55
105
77
177
254
255
284
186
128
168
154
87
123
181
132
25
239
87
81
128
119
80
151
198
164
175
187
198
209
113
100
58
53
129
140
122
134
110
317
132
177
106
138
140
169
108
154
152
181
78
68
193
86
85
203
100
202
155
95
134
46
69
121
87
82
170
43
93
103
100
57
139
78
109
103
140
100
67
93
63
92
71
139
42
47
98
138
124
73
73
105
58
102
536
159
