378
482
529
504
487
442
560
508
54
504
507
451
400
368
414
415
435
468
441
513
420
381
354
378
311
302
388
480
493
518
495
581
575
579
689
719
673
586
632
545
588
647
610
636
619
568
518
565
454
553
710
653
693
607
601
592
683
592
677
772
739
632
717
546
613
650
680
605
678
645
677
612
663
635
424
350
696
631
483
601
470
631
711
482
700
731
445
384
613
474
616
583
588
563
537
421
363
481
560
355
471
548
467
543
567
514
560
544
512
571
436
461
475
422
445
533
449
422
452
472
442
406
321
590
321
556
269
474
478
457
564
511
537
556
326
442
466
483
339
326
519
673
315
514
336
427
261
459
584
601
492
507
480
433
432
649
600
436
481
659
644
489
516
538
481
521
583
426
451
359
368
407
280
339
304
351
272
299
425
284
196
412
484
505
469
307
234
301
218
191
213
251
209
281
236
285
439
442
290
414
533
515
495
487
463
293
485
632
631
606
696
710
420
482
195
535
406
692
569
595
385
583
640
625
631
567
552
568
610
560
327
549
524
596
545
696
537
490
624
680
609
595
531
425
343
679
692
371
235
208
215
149
178
238
250
352
348
486
508
179
233
152
367
614
316
464
126
629
452
551
606
336
496
392
742
459
461
460
436
468
497
543
483
583
617
777
450
509
418
398
606
629
384
540
589
542
523
314
576
619
493
572
544
539
402
512
539
316
261
358
238
222
242
269
589
247
622
505
516
401
478
559
533
668
609
602
431
391
369
391
445
482
558
549
336
451
511
573
607
220
593
496
554
531
501
653
259
587
548
377
669
568
590
568
490
439
470
376
389
634
475
440
527
561
513
340
630
473
439
455
543
557
492
526
645
475
491
514
606
581
597
491
304
573
521
144
540
396
555
585
429
457
436
330
304
417
532
309
310
301
659
121
576
393
467
542
536
418
537
330
612
502
477
510
193
525
522
459
493
293
545
430
484
474
508
238
466
445
526
463
567
455
441
417
342
479
487
316
486
355
448
632
637
659
502
533
479
504
659
648
396
258
509
312
455
345
294
629
601
312
471
484
374
231
540
402
604
275
318
438
408
296
304
550
612
579
577
502
633
714
679
495
721
333
382
472
326
518
367
489
522
611
273
402
385
336
379
481
472
569
536
461
582
553
486
430
490
432
471
494
579
526
578
248
124
172
492
656
474
327
374
534
410
400
591
528
460
493
502
527
581
496
411
532
557
516
493
236
703
677
607
430
400
513
514
496
409
452
448
634
762
637
665
640
573
805
464
620
487
540
544
540
215
537
441
638
434
569
583
681
758
624
530
477
591
248
218
490
522
459
439
449
467
438
395
552
528
397
189
560
212
683
610
781
690
474
392
402
376
515
391
415
347
259
484
384
620
228
301
776
434
668
425
488
462
458
434
418
358
467
308
334
435
389
591
532
354
436
604
437
368
327
550
605
560
481
535
548
556
544
573
542
513
496
479
622
610
551
198
319
599
375
459
450
605
594
436
407
544
114
418
136
362
310
369
544
572
477
360
426
379
438
506
512
451
156
482
453
609
623
594
602
604
507
466
515
588
616
612
456
449
510
464
530
568
448
309
359
477
524
538
288
639
608
494
547
456
505
762
639
353
520
515
474
483
467
443
460
407
444
537
771
469
497
437
664
402
489
417
584
277
335
361
374
482
299
304
295
198
541
454
540
669
504
519
357
471
285
294
318
157
324
437
493
672
620
478
399
528
302
475
387
497
217
635
534
411
412
403
589
336
170
436
425
254
444
472
669
476
481
220
529
500
566
612
555
535
436
669
519
456
270
468
445
449
455
525
384
520
237
448
440
241
725
644
446
557
290
616
430
244
492
481
563
394
213
459
243
369
156
428
416
415
625
628
541
702
676
594
363
486
444
460
609
523
463
424
438
484
344
367
502
416
559
591
387
636
610
368
354
354
330
317
426
457
458
476
560
496
569
627
534
272
378
329
422
393
448
350
324
406
354
300
339
319
480
492
534
534
414
238
369
425
248
422
449
159
493
139
339
474
388
595
492
413
361
376
317
613
410
656
593
470
462
376
410
515
-1
470
487
392
381
389
462
474
502
522
307
356
406
180
367
495
372
496
324
504
362
645
364
475
432
368
567
551
416
405
344
364
683
374
233
576
494
288
328
540
551
475
402
419
357
379
509
352
332
437
309
278
339
306
486
503
459
458
418
470
433
445
466
419
431
375
422
369
539
433
375
484
444
382
358
433
545
309
420
361
398
409
475
395
585
439
458
216
333
379
358
340
474
404
403
596
356
357
399
407
364
490
436
350
290
312
379
504
364
394
328
471
443
386
392
357
237
346
385
362
306
334
389
399
398
540
404
327
356
427
224
423
324
433
373
381
440
443
563
457
360
435
389
324
427
562
647
415
503
198
386
469
365
400
536
432
381
320
353
323
360
405
461
339
501
474
191
413
169
221
569
327
393
485
194
423
461
370
532
627
398
409
569
383
406
483
572
369
387
382
327
338
341
330
269
484
267
305
402
199
385
424
485
377
165
105
339
412
250
551
397
401
577
483
380
366
408
412
415
529
298
280
364
547
349
394
405
418
370
349
525
340
357
211
316
515
283
310
406
395
500
360
516
474
339
484
389
397
318
70
60
36
180
521
368
319
228
417
211
426
456
339
415
355
402
305
360
330
349
361
312
243
329
530
443
342
323
377
473
353
371
382
138
373
348
504
415
379
334
326
187
409
481
283
421
326
410
306
345
314
347
448
448
256
389
458
487
303
472
482
445
445
375
330
359
332
366
326
444
381
247
346
333
271
314
322
289
278
332
366
256
274
363
291
345
337
378
405
510
413
355
429
321
301
318
411
329
321
268
505
325
290
337
230
323
372
407
492
430
413
488
262
363
300
344
355
330
370
128
235
144
357
343
324
310
463
393
358
382
259
318
265
361
381
313
383
294
274
360
379
292
507
396
360
308
417
277
407
447
386
335
374
331
339
393
340
278
253
229
233
327
286
244
353
359
306
159
270
213
419
364
195
509
360
322
319
301
311
305
309
340
368
317
365
252
370
360
280
320
373
329
325
321
604
375
374
379
442
407
471
321
325
303
233
518
230
225
371
264
329
315
291
303
321
408
221
432
383
434
373
334
394
343
389
350
381
392
450
373
344
530
247
229
322
456
412
316
250
276
462
367
370
345
347
389
286
390
505
436
299
408
301
365
240
219
289
275
243
352
260
320
264
266
338
288
312
307
340
345
198
286
280
316
245
383
293
340
402
205
282
258
378
206
297
331
272
272
292
403
221
319
299
463
387
415
345
332
268
313
224
244
274
322
413
217
206
303
350
236
211
335
331
317
309
407
315
293
279
286
307
361
297
320
485
489
430
359
355
490
280
508
259
431
264
257
520
359
248
347
264
349
347
313
272
305
311
240
244
227
371
244
364
233
352
228
281
248
224
350
353
391
351
215
278
246
288
250
214
302
240
144
273
127
370
368
277
277
349
431
368
422
358
333
365
349
344
222
201
296
239
214
408
283
353
285
235
458
332
302
212
543
399
231
303
302
292
318
393
343
268
314
328
349
317
159
418
257
257
328
338
360
348
357
271
667
248
266
325
296
351
254
464
203
167
287
209
286
247
264
287
383
212
252
381
226
277
221
317
335
396
274
296
452
218
176
221
208
414
269
377
231
325
145
447
288
385
262
457
248
211
294
319
347
235
246
351
345
291
174
249
197
273
221
79
180
227
219
308
344
259
322
213
345
365
181
347
290
247
270
286
222
438
251
258
429
278
326
195
126
322
209
268
347
200
289
265
226
286
264
257
277
279
239
264
247
170
256
159
352
247
268
309
291
442
244
228
403
419
229
207
278
282
282
279
267
278
346
369
362
240
323
298
249
269
326
187
332
240
347
281
198
308
265
233
333
246
330
265
65
354
338
262
266
206
399
262
213
218
229
355
348
231
194
294
194
406
229
278
339
239
348
168
246
366
365
320
350
303
43
38
365
269
263
193
304
309
164
290
239
187
165
359
349
309
183
266
256
192
277
297
340
211
363
247
229
332
237
263
327
243
208
262
167
233
253
205
315
368
260
173
221
404
283
138
175
323
346
315
310
130
198
283
264
253
199
317
300
334
229
320
330
172
378
268
115
247
312
234
337
206
239
278
168
151
226
174
214
165
165
108
219
345
243
251
290
344
344
320
202
178
213
186
212
67
292
343
169
260
174
146
156
261
163
154
292
297
262
199
216
267
162
143
180
310
164
154
275
336
150
219
135
150
207
204
112
139
93
230
275
181
256
239
185
308
191
249
202
232
111
286
261
251
79
186
138
305
370
168
138
265
133
283
111
112
248
138
182
183
338
153
151
158
151
137
248
158
171
94
260
59
97
151
266
132
198
243
259
183
304
217
234
211
161
173
119
166
191
159
184
123
255
171
218
161
156
124
205
153
325
323
168
120
93
182
151
149
263
102
197
304
82
144
78
109
110
79
132
148
66
109
147
150
80
202
124
106
213
210
146
152
104
61
108
176
102
57
62
100
125
59
111
109
89
105
96
368
255
