172
195
217
206
208
203
225
220
17
213
200
173
172
141
158
180
187
198
186
225
159
204
160
205
167
158
215
198
238
224
232
219
220
238
246
240
278
260
273
238
249
262
259
287
289
262
230
311
191
297
299
281
276
259
241
234
279
271
238
267
292
307
249
253
287
267
253
270
246
264
273
315
260
282
245
121
276
261
195
233
218
254
249
182
270
301
191
134
264
208
272
243
215
252
260
218
178
241
264
164
155
230
243
274
241
228
205
241
217
189
169
180
164
182
190
187
233
146
186
197
189
206
177
248
149
282
119
194
168
175
241
183
175
180
141
226
240
250
107
128
190
220
186
236
161
182
124
198
262
315
242
299
256
249
238
260
265
198
214
233
267
213
210
182
234
246
232
231
211
166
161
175
122
152
122
173
121
118
203
130
102
220
156
304
253
138
119
165
105
94
103
122
96
111
95
116
181
181
129
206
266
196
213
233
224
144
199
215
247
244
259
225
212
238
76
253
183
251
289
256
165
251
260
268
274
275
200
317
233
256
131
285
213
237
278
263
263
225
276
240
235
275
223
119
84
288
191
237
111
86
137
75
74
103
123
163
182
214
198
69
89
70
140
268
98
217
45
216
253
256
283
162
165
133
296
247
253
287
282
271
237
282
242
257
269
248
196
203
256
123
213
231
152
210
264
163
237
160
300
268
258
175
182
180
135
179
276
105
127
125
99
119
85
94
254
144
279
254
244
200
242
306
265
261
273
251
200
136
226
218
270
238
232
254
129
247
283
309
243
95
256
288
216
219
298
212
147
169
123
155
201
170
246
245
243
157
235
206
257
236
281
240
243
245
251
152
277
226
253
254
252
269
151
175
288
275
294
225
236
239
218
280
113
166
283
46
239
237
259
253
191
203
190
154
160
209
237
164
164
86
310
38
265
231
249
280
265
220
244
168
258
241
175
290
79
237
276
246
174
188
288
225
291
189
213
87
299
325
269
184
276
212
139
109
124
137
159
109
143
132
212
308
292
295
130
151
144
116
188
217
144
163
230
142
147
190
171
272
233
121
202
215
174
94
296
250
248
103
102
219
141
126
114
162
178
159
156
175
167
144
147
224
163
162
188
194
114
259
185
309
324
224
131
243
279
220
231
254
251
240
271
272
252
224
239
225
149
215
207
176
274
295
271
79
56
106
258
152
273
169
242
244
184
209
264
247
190
272
244
299
333
277
152
261
237
308
275
104
302
181
178
295
286
308
297
214
124
190
206
235
235
175
142
146
127
166
144
163
222
160
230
255
101
209
272
242
291
251
169
134
148
191
242
216
170
189
166
211
137
290
274
292
307
303
176
240
242
183
86
334
100
156
148
142
137
227
163
250
275
274
114
113
92
82
116
120
130
116
223
277
212
160
202
236
245
353
267
238
228
259
196
134
201
195
287
262
182
251
355
165
163
145
216
246
288
226
269
253
293
143
330
194
264
284
235
148
150
427
86
223
204
220
263
248
161
225
133
127
142
52
198
67
110
132
157
264
156
190
194
120
105
111
148
189
152
68
287
279
251
250
240
237
236
264
258
185
163
162
124
243
225
233
248
156
151
171
156
173
140
339
335
213
180
140
140
278
223
294
159
188
168
177
335
236
309
246
253
262
241
110
125
169
253
148
213
165
221
217
268
266
75
101
133
137
213
134
177
90
74
233
163
168
157
265
260
141
193
122
171
171
45
146
198
234
191
171
195
209
130
198
356
166
138
81
199
207
147
203
182
155
180
53
215
229
69
73
131
203
201
313
116
182
266
154
264
202
248
270
169
304
332
104
305
302
267
254
335
238
274
108
222
131
140
226
211
281
173
152
222
319
142
170
216
181
300
132
212
130
131
50
269
221
246
152
223
282
217
177
240
228
125
262
247
217
261
300
300
288
262
185
208
264
266
142
134
121
130
204
122
211
229
227
194
272
264
263
233
228
246
312
260
266
111
270
168
286
236
302
138
134
141
138
164
124
160
247
297
160
166
161
115
264
196
93
270
261
102
249
47
164
171
269
201
258
217
236
232
104
140
264
148
172
268
135
241
287
197
187
268
165
141
183
187
292
144
157
327
215
200
228
75
166
126
152
258
195
228
259
129
127
270
283
89
371
345
264
235
257
286
147
265
85
182
239
137
205
287
244
333
320
367
320
279
165
153
282
192
172
83
191
96
271
330
353
427
350
286
276
264
263
286
249
288
175
241
173
328
261
308
308
312
216
248
274
150
278
280
300
300
333
394
124
91
333
90
287
313
262
176
428
256
213
248
231
145
290
174
261
224
271
264
75
130
181
171
223
153
273
298
191
155
239
271
137
271
115
290
144
178
365
220
250
125
225
217
247
327
111
347
155
152
238
119
316
138
254
348
288
289
266
238
238
136
172
318
257
134
114
252
257
222
306
348
235
194
257
160
148
260
274
135
303
342
82
218
72
78
253
349
292
274
121
262
290
377
263
213
320
291
281
238
304
273
231
184
188
154
170
209
219
137
130
402
159
155
277
96
322
413
277
137
66
31
247
280
149
207
112
292
171
178
439
263
336
339
111
205
152
302
251
143
233
344
342
198
221
188
136
245
267
110
243
143
282
248
339
284
298
260
194
117
281
129
405
247
212
18
30
20
85
208
274
226
123
295
148
318
279
306
264
194
250
229
208
200
221
227
209
175
202
290
258
302
101
334
237
327
278
273
70
178
115
165
144
231
239
242
81
238
347
319
149
282
266
160
260
200
172
129
128
223
108
213
130
171
343
234
227
173
223
148
198
350
205
243
174
338
256
277
353
296
492
249
222
418
203
377
149
139
279
234
315
285
337
341
150
286
252
198
194
239
156
332
281
407
222
208
279
146
241
210
287
207
164
219
196
198
159
272
392
254
282
276
423
182
110
132
143
204
357
269
124
233
155
191
221
181
279
240
361
215
194
284
171
194
139
131
209
145
141
151
244
218
249
251
111
270
358
321
258
273
126
120
232
305
311
135
250
97
144
157
289
258
87
209
112
202
224
81
155
399
317
197
115
125
123
119
159
238
213
318
145
157
278
255
289
328
426
232
234
246
260
260
157
180
218
181
108
121
259
174
167
281
140
206
209
241
299
274
259
114
238
160
131
334
349
301
384
320
317
226
260
203
261
210
276
229
186
106
132
309
158
258
359
221
240
143
117
114
116
167
192
307
172
138
126
283
95
239
229
137
120
346
288
317
162
214
372
325
387
142
352
205
298
199
183
121
264
190
279
327
155
271
253
219
115
182
323
331
160
294
241
123
171
268
309
88
358
371
260
193
166
227
264
347
226
223
230
226
103
121
125
138
289
259
283
277
199
261
256
245
105
292
354
369
204
190
257
166
142
186
114
164
302
228
307
125
284
279
172
94
187
182
200
216
271
106
153
268
347
202
113
283
174
186
180
253
112
389
318
295
142
301
255
274
212
152
238
191
174
167
102
162
226
122
251
229
99
123
121
189
175
320
196
236
172
197
170
272
250
282
111
282
136
304
213
243
326
127
185
346
96
189
139
270
229
264
162
197
209
324
305
247
205
137
209
235
173
226
131
258
112
260
240
227
153
140
149
235
286
273
205
349
326
280
140
141
179
134
81
188
276
234
272
301
251
222
125
298
102
191
271
258
274
203
155
205
250
182
144
265
100
115
128
170
155
102
206
162
55
171
244
142
124
135
337
325
135
121
140
67
439
180
235
195
147
252
153
279
162
21
109
153
220
259
109
220
127
266
148
234
142
234
236
177
267
136
97
137
284
237
114
271
218
80
88
267
152
155
163
55
238
277
362
161
248
236
265
247
243
165
235
101
267
215
193
202
187
147
233
141
115
245
135
137
213
200
126
401
119
242
223
222
130
144
262
62
213
230
257
144
268
172
301
337
182
266
262
265
286
168
285
144
242
154
20
204
185
125
281
301
195
179
269
272
244
198
162
257
139
236
206
171
220
242
144
101
103
176
164
254
143
113
141
302
10
11
200
154
142
157
202
238
117
101
187
-1
454
275
144
153
223
209
251
207
340
283
152
227
74
148
252
215
161
149
236
220
199
229
196
299
247
141
327
132
281
181
175
134
204
99
301
153
235
323
206
137
196
146
192
213
186
98
115
247
192
107
267
167
164
140
154
190
195
163
98
101
238
162
139
225
151
164
144
130
144
97
223
153
174
150
239
93
93
95
71
213
219
217
210
70
231
168
80
111
113
90
146
120
224
94
160
171
174
156
242
180
99
196
110
116
53
95
121
263
279
158
168
186
165
210
66
252
24
270
124
165
190
122
177
104
168
110
269
119
95
149
176
248
88
203
115
180
139
221
90
133
149
219
77
108
88
120
251
255
192
107
170
158
161
193
155
147
156
33
270
43
105
158
107
68
169
171
152
185
141
170
242
159
159
130
40
192
216
170
216
144
263
204
120
171
160
133
220
148
133
131
184
134
130
196
121
118
161
124
89
119
109
97
55
118
134
118
87
158
22
158
158
149
93
142
99
127
111
106
117
85
91
66
124
107
126
75
64
166
145
55
95
96
69
65
118
198
114
