512
610
643
609
610
524
726
584
74
596
605
572
543
498
511
559
551
572
525
601
555
501
470
486
398
425
509
588
601
623
631
683
743
729
790
876
804
749
755
733
780
810
756
796
772
747
701
730
617
726
905
856
823
745
722
707
795
689
871
909
884
775
841
645
759
732
867
772
823
763
791
691
712
742
589
443
742
706
542
599
552
719
790
597
694
609
643
550
699
623
787
695
709
666
624
521
463
612
684
445
583
759
591
727
667
690
756
692
693
765
630
640
699
571
613
746
607
557
627
700
554
556
440
789
414
662
348
595
653
626
680
686
775
777
461
596
585
602
530
438
710
866
423
609
500
552
348
613
707
661
545
632
660
542
543
755
760
610
597
766
736
647
679
611
572
613
683
559
595
513
510
534
398
401
432
452
408
415
556
424
278
538
637
633
573
407
327
411
313
300
294
355
305
399
339
377
601
603
373
533
623
672
627
612
537
413
609
839
669
695
692
686
567
605
258
649
499
749
670
663
514
696
756
757
742
678
690
645
648
668
410
637
632
670
669
660
701
676
719
802
665
596
641
545
504
641
789
474
327
305
294
226
268
313
335
423
431
623
675
234
324
255
562
667
459
586
188
875
525
701
689
441
551
456
645
588
587
578
552
582
593
662
583
715
731
808
527
683
531
577
587
585
398
517
714
684
624
397
651
779
578
794
765
771
618
720
653
408
361
451
327
279
295
353
678
342
610
651
631
509
552
646
611
595
685
652
554
565
480
488
491
645
619
556
418
571
573
619
680
286
718
495
582
652
601
720
377
932
654
502
843
729
574
662
648
579
557
467
520
679
541
565
608
643
558
443
537
582
556
588
638
555
696
697
598
567
579
536
806
688
551
544
434
676
628
222
610
518
696
654
550
559
582
496
466
556
640
395
392
433
584
183
571
465
510
589
549
461
661
431
585
545
527
564
248
658
606
548
605
379
590
546
620
574
571
292
460
373
596
582
644
616
692
647
523
762
690
314
501
478
562
658
612
593
778
946
704
849
1098
831
656
298
607
409
659
425
364
704
701
412
540
532
467
212
505
522
771
298
475
547
506
348
367
638
730
735
717
751
888
1104
992
599
899
402
470
498
481
549
455
546
582
750
370
492
499
395
452
559
546
640
587
527
619
715
589
546
733
511
621
520
708
551
638
235
136
233
596
1069
594
439
407
613
509
465
700
539
561
596
571
568
584
498
537
620
569
592
585
257
600
1017
869
526
451
569
534
507
587
616
542
560
597
946
1167
1137
1006
1014
751
963
639
729
623
540
282
714
561
796
493
573
849
1054
1113
958
615
548
773
329
275
456
596
536
488
502
442
464
506
665
585
492
201
470
334
1058
1005
939
1088
596
482
485
430
541
585
618
484
417
771
784
1056
314
297
583
534
846
489
521
491
395
468
453
433
482
416
416
544
435
573
519
439
484
461
463
395
364
616
643
585
555
608
420
589
773
559
633
564
495
583
958
1028
447
310
355
886
482
475
478
752
601
715
633
664
153
499
189
456
427
284
481
696
700
505
651
574
693
642
714
538
212
496
531
753
722
711
747
747
608
573
803
728
993
764
508
473
558
545
874
735
721
439
461
540
490
512
384
623
1001
635
525
494
608
922
759
382
651
460
436
487
463
445
504
445
703
783
867
484
636
509
990
504
549
446
587
397
485
374
400
511
317
431
452
313
369
589
747
965
521
533
477
558
246
337
373
220
352
426
439
792
790
535
471
819
374
433
520
829
302
686
439
525
508
493
854
488
262
488
429
356
616
650
634
531
440
294
619
449
857
626
559
630
423
755
449
412
365
420
430
505
438
458
411
400
325
395
736
369
501
719
481
632
341
680
434
225
459
549
603
366
263
512
303
474
222
479
522
366
864
517
472
595
657
471
403
669
503
562
576
529
541
411
421
417
456
451
427
409
639
837
609
853
605
480
488
438
406
432
453
405
381
434
460
451
472
522
392
312
416
350
413
392
512
313
300
368
340
262
332
289
432
433
610
606
538
312
387
469
313
446
426
151
558
202
317
555
481
608
498
450
421
446
416
-1
479
799
701
429
494
349
426
495
613
421
568
514
415
438
451
651
605
467
367
465
376
257
480
726
471
565
367
641
421
682
510
402
390
379
380
381
482
394
329
325
722
340
314
644
506
338
355
401
610
464
390
387
381
351
572
487
330
431
378
386
324
374
523
442
362
331
380
517
508
497
553
418
526
395
368
446
720
423
360
391
395
398
397
381
586
355
351
315
325
319
407
298
562
469
361
330
344
344
328
440
371
473
440
695
384
419
394
445
476
617
387
352
561
272
495
614
492
369
328
418
422
565
419
323
321
367
571
399
279
402
320
423
366
646
417
348
388
414
224
381
325
520
377
496
368
546
422
377
282
416
395
303
386
738
970
308
525
312
452
415
362
416
464
337
390
310
427
395
422
336
527
470
388
400
267
446
232
367
469
265
377
561
292
334
437
328
355
621
362
287
474
308
309
503
469
371
402
395
311
440
308
282
228
379
383
290
367
203
374
298
586
590
250
166
354
370
371
510
564
313
539
451
267
333
385
386
640
529
317
226
381
555
369
304
303
425
352
327
692
353
318
223
277
873
245
262
328
327
399
327
455
404
369
664
317
342
326
115
123
79
242
450
411
363
287
355
203
359
403
238
476
419
353
299
327
323
343
347
320
241
312
407
493
320
556
267
345
294
345
368
167
475
433
518
426
323
339
356
287
385
332
225
426
219
314
378
296
285
361
629
628
225
492
514
684
334
412
526
485
511
393
407
339
231
313
274
420
323
221
353
269
176
229
306
285
205
307
308
264
272
324
274
322
404
277
313
618
456
376
396
291
291
372
352
271
242
321
381
331
279
276
198
289
421
326
358
475
472
478
278
311
317
284
264
275
456
153
206
114
471
279
274
319
440
517
333
308
199
297
281
272
357
329
286
276
279
388
442
292
635
405
351
276
456
256
467
529
433
309
360
260
251
531
431
274
226
204
308
367
399
225
325
397
327
191
298
192
415
321
239
567
285
246
375
344
370
349
382
405
365
397
304
247
442
368
189
328
272
230
344
336
534
300
289
459
423
373
469
381
373
256
222
468
236
229
435
239
306
299
279
261
578
454
182
481
350
384
365
260
343
330
274
284
356
407
421
302
419
690
291
203
230
527
349
241
248
247
537
417
373
378
309
349
233
401
662
412
277
653
213
350
207
179
254
275
181
346
227
289
228
237
347
226
363
316
370
359
188
257
287
299
190
447
248
307
341
288
339
165
344
288
287
396
292
277
289
391
274
258
241
522
308
389
312
336
219
278
194
248
235
239
536
187
172
245
324
205
188
280
302
318
354
669
233
218
221
246
263
347
266
332
473
508
455
312
297
336
327
451
248
530
352
263
456
446
241
304
392
308
276
262
192
324
326
197
279
162
320
292
289
216
292
273
202
259
179
294
386
349
328
241
315
246
310
217
187
257
234
189
226
95
326
332
250
339
351
402
372
425
360
387
294
475
297
181
191
289
234
185
411
245
229
368
273
571
274
221
177
622
404
215
218
257
232
327
438
290
253
352
378
341
261
145
370
221
240
358
362
371
240
341
252
578
194
221
221
322
469
214
682
264
166
295
180
253
222
215
251
582
187
349
340
188
246
163
286
352
376
230
315
469
204
151
176
186
509
311
401
260
415
229
433
326
437
235
383
204
196
276
362
355
273
183
335
292
276
153
229
169
228
230
114
207
258
215
273
362
267
433
219
418
353
207
290
259
245
215
241
187
482
177
212
444
214
331
266
122
288
226
271
447
245
296
187
151
243
186
228
205
209
220
314
220
170
234
142
330
240
216
388
316
618
379
203
437
412
249
201
320
210
393
232
294
297
374
386
315
274
321
282
207
300
274
182
258
227
385
317
172
274
228
221
269
246
312
245
77
327
387
323
285
142
431
259
210
157
194
286
434
232
179
270
176
385
203
228
325
234
486
174
256
340
447
290
362
187
50
60
359
313
225
228
299
304
146
425
236
140
164
350
445
340
127
255
201
154
208
262
357
174
332
202
216
298
297
219
300
265
203
218
145
207
243
159
240
364
280
175
289
483
331
143
131
341
293
239
276
111
224
280
272
261
178
493
335
360
227
348
292
204
490
290
113
274
333
255
397
253
197
301
181
146
221
175
168
142
132
98
184
303
280
245
301
449
450
328
297
140
212
147
213
63
307
463
123
329
209
125
189
267
153
172
305
235
310
221
165
275
128
150
129
457
268
145
372
315
130
217
124
136
231
160
113
121
112
195
276
163
298
194
164
547
166
238
204
211
78
301
307
216
71
142
141
253
467
149
139
307
165
228
120
87
273
170
182
182
347
173
133
160
138
102
232
187
165
120
197
39
61
134
291
103
152
253
262
197
382
237
203
156
123
116
161
121
132
119
124
111
254
131
288
108
132
110
170
167
374
369
186
81
59
167
165
162
255
80
251
317
87
128
94
78
111
60
124
151
82
87
111
115
72
177
121
107
175
241
131
127
110
53
83
126
87
56
59
72
125
87
107
108
81
102
80
462
288
