249
290
348
331
335
299
362
307
43
308
313
288
241
235
239
271
282
336
312
356
252
283
189
230
201
197
237
330
334
385
330
344
312
334
374
360
365
366
380
352
332
365
317
372
347
303
262
330
270
332
398
335
330
335
335
299
335
327
291
315
337
305
329
285
351
326
340
310
332
306
408
350
391
403
222
230
360
370
343
364
230
330
312
224
344
364
244
193
331
283
366
344
333
387
353
296
190
293
365
179
199
275
312
349
365
264
261
277
272
254
212
210
206
211
220
228
223
183
233
236
210
212
203
310
155
261
159
208
225
201
346
211
236
233
128
233
238
253
171
138
264
252
178
245
171
217
130
228
379
294
293
305
273
226
225
389
332
229
242
327
357
258
264
270
352
337
396
224
211
184
175
191
121
144
133
169
134
135
206
134
99
250
187
274
269
182
121
167
107
94
96
119
111
112
121
136
234
235
171
228
377
210
369
352
273
160
242
241
290
289
391
340
292
256
98
322
252
391
413
366
175
327
293
270
324
307
225
320
272
315
231
364
262
283
257
408
313
293
366
350
387
342
232
175
147
402
256
247
128
97
143
83
85
143
141
218
246
272
221
74
110
78
147
384
133
243
53
254
214
310
390
174
206
178
394
234
245
279
270
250
268
325
310
365
389
285
283
248
240
171
305
343
194
271
376
223
352
189
376
298
327
222
217
224
178
207
344
187
180
216
150
145
142
163
387
146
340
270
345
223
335
370
338
374
336
390
358
214
228
213
221
284
347
301
130
242
281
338
293
130
289
254
311
357
338
260
163
243
216
184
303
239
375
386
258
229
261
267
241
378
291
305
344
380
335
182
358
249
255
251
293
369
178
196
341
304
281
271
261
339
326
341
151
193
269
61
410
320
363
374
219
225
200
164
163
207
283
237
235
138
388
50
456
311
334
413
479
225
323
213
397
318
247
342
98
270
319
290
234
156
337
332
278
253
295
168
255
240
406
231
394
268
177
142
149
161
212
117
232
146
214
306
362
346
164
190
164
176
250
318
174
145
360
228
189
239
245
347
298
186
266
268
205
107
317
307
287
104
123
292
196
128
140
200
211
194
188
218
235
196
208
215
231
174
199
216
174
306
252
290
286
309
144
298
258
212
265
347
349
368
461
306
355
309
337
221
196
327
247
214
336
350
459
93
70
109
345
209
282
227
240
347
246
342
366
371
216
366
360
347
311
353
194
353
349
267
237
102
354
236
240
292
277
441
289
284
178
210
234
385
312
235
203
202
184
200
175
215
226
230
319
337
93
224
277
304
227
300
206
189
189
229
333
313
254
126
107
369
200
305
295
315
247
330
184
247
361
184
60
297
154
182
176
230
197
271
212
291
289
340
151
168
108
100
183
125
176
110
204
305
249
243
208
375
376
287
415
386
225
222
176
179
186
186
313
334
278
278
404
233
238
158
234
288
322
209
345
347
379
207
379
343
440
430
276
206
218
380
111
150
243
225
415
378
222
285
156
139
202
50
219
91
149
144
174
265
239
228
195
146
133
145
198
204
230
67
294
272
340
324
343
327
325
378
357
235
203
189
188
414
340
269
337
191
238
195
136
174
185
401
378
225
241
206
205
356
278
339
211
221
189
235
367
286
388
389
375
382
391
171
206
240
330
234
264
217
294
275
347
303
87
120
208
204
279
203
174
129
79
277
182
220
230
364
335
200
280
133
188
203
61
172
226
304
235
253
236
282
167
168
367
207
162
134
234
224
174
317
299
213
186
61
330
273
105
116
225
238
187
389
122
274
498
203
326
259
336
234
213
328
293
166
278
268
229
324
362
242
298
137
264
152
128
252
260
337
205
231
290
327
239
243
269
217
495
183
360
134
168
85
277
290
214
202
313
380
304
233
315
403
188
306
252
294
432
315
267
294
230
178
233
563
474
223
214
130
180
277
162
196
259
242
223
381
516
502
472
354
375
441
379
330
180
390
149
333
353
316
181
180
198
179
217
161
172
324
386
266
255
195
120
345
319
141
340
426
107
340
50
262
191
336
272
321
362
274
270
155
177
288
254
212
285
190
205
305
336
251
303
182
198
249
213
315
188
225
360
285
202
413
79
216
165
213
386
282
288
307
181
167
442
455
115
389
375
318
243
237
589
202
424
107
254
285
178
245
523
333
347
304
313
255
329
211
192
301
236
176
129
156
118
355
364
341
417
356
286
272
277
258
281
326
350
228
214
187
331
320
348
344
255
242
401
383
166
550
489
557
278
334
322
212
184
389
112
397
503
498
276
451
238
387
322
241
202
549
229
232
284
259
344
109
208
215
246
231
227
294
324
219
211
370
517
114
435
177
308
181
233
277
264
534
166
220
201
344
397
152
296
281
215
285
151
552
208
310
344
341
347
392
255
227
194
209
458
329
118
147
325
422
279
344
431
268
177
310
267
181
337
323
155
375
407
93
323
76
101
369
260
264
293
123
423
233
321
370
238
367
501
336
218
414
369
395
285
265
241
235
293
400
178
177
377
140
211
310
115
317
414
283
156
78
43
203
257
142
291
162
362
212
233
337
491
499
495
147
237
223
403
239
254
198
454
394
260
214
223
205
445
530
132
243
180
533
197
368
286
372
349
338
217
323
217
322
341
223
23
28
15
133
232
403
334
158
568
200
350
345
295
252
217
262
267
261
250
247
259
264
207
250
391
283
390
131
538
337
291
386
309
63
241
186
262
221
391
411
401
105
360
481
364
211
357
331
183
244
216
225
172
169
323
187
332
184
250
369
293
291
231
334
217
338
411
278
287
181
291
410
279
277
216
308
423
354
401
177
286
200
194
327
338
405
323
426
467
208
316
274
244
378
476
212
380
462
349
194
326
342
197
458
271
371
291
223
242
286
303
206
214
315
351
476
470
416
245
93
174
164
200
341
300
153
227
208
202
293
292
223
268
419
446
156
291
245
177
171
146
279
174
193
206
285
238
195
333
193
306
255
323
386
452
173
173
245
228
244
133
348
140
208
238
319
306
118
252
114
218
468
124
200
371
409
226
170
177
178
165
216
410
260
267
322
248
420
325
285
405
419
372
378
310
432
424
220
316
307
313
157
163
449
190
292
247
191
242
259
327
531
457
241
138
310
158
233
349
366
328
315
367
314
258
315
301
316
399
383
236
235
122
176
430
201
256
371
297
386
215
245
248
230
191
311
284
214
208
257
470
146
341
387
161
165
480
399
301
223
344
330
279
286
190
411
274
343
185
254
147
448
307
316
393
178
271
276
283
120
175
318
383
115
387
267
144
319
276
274
163
362
280
343
232
203
415
496
294
205
217
336
438
151
147
120
138
347
327
476
311
409
289
264
232
169
566
426
559
358
334
462
157
186
266
201
296
349
253
370
186
365
425
232
129
221
251
244
273
392
125
219
321
345
212
188
308
148
173
295
468
158
331
236
303
195
265
281
283
238
287
402
359
216
196
183
193
217
155
247
210
127
177
166
278
266
407
172
239
310
268
311
471
270
481
168
307
191
293
294
315
380
195
213
461
147
169
237
626
354
214
238
285
177
427
296
386
201
148
285
404
259
330
212
453
113
324
313
367
261
269
251
313
294
298
241
326
233
324
214
173
210
180
119
224
312
305
237
304
414
310
172
368
156
337
219
306
302
353
344
349
477
218
227
308
165
162
231
241
162
175
199
154
59
183
361
199
226
245
308
224
230
186
253
116
321
203
278
351
242
274
169
309
224
32
131
172
216
332
198
261
141
276
249
256
162
341
228
235
369
252
141
181
-1
384
215
426
263
139
204
244
147
178
177
94
326
260
311
213
581
209
330
303
347
198
294
149
310
340
216
270
168
187
305
183
122
367
217
244
362
368
214
323
153
410
323
344
151
155
244
86
321
365
343
183
300
231
579
379
182
360
257
321
233
294
322
165
235
237
36
294
202
178
278
244
252
300
296
362
347
166
206
399
176
331
294
202
423
236
260
149
126
195
172
248
206
223
168
380
12
19
192
175
196
216
180
357
166
140
190
284
197
237
200
242
269
193
302
263
350
319
222
361
105
187
289
293
189
143
260
288
239
332
310
346
268
314
337
219
313
270
308
195
177
117
234
214
276
337
331
198
219
157
203
345
206
144
170
286
181
191
310
220
176
179
132
240
196
225
113
136
249
297
225
236
164
207
166
159
229
118
282
199
163
195
293
146
149
133
106
266
236
331
239
78
262
181
86
155
179
115
208
177
245
128
240
202
175
206
244
213
125
168
114
135
62
189
135
269
204
154
159
350
250
364
92
238
61
278
182
299
236
164
267
140
255
185
230
198
137
166
175
263
89
268
124
271
198
227
122
152
175
206
129
134
141
166
233
235
237
136
138
206
189
267
179
171
196
54
315
54
111
182
126
88
246
295
195
241
166
191
306
258
248
232
62
283
293
261
313
136
209
299
127
253
232
152
286
142
169
168
237
194
163
236
140
138
250
166
102
156
105
146
77
167
145
115
143
194
46
158
205
217
115
249
258
147
115
125
242
111
126
81
156
117
141
100
95
136
170
70
95
96
92
76
128
256
157
