362
422
421
427
425
407
467
415
78
437
379
359
333
301
343
334
355
379
360
442
342
384
316
376
325
278
398
386
456
428
448
419
470
495
511
488
515
434
488
452
459
470
470
493
468
505
506
530
378
577
542
451
445
483
421
474
454
459
446
451
480
530
418
391
457
453
473
480
466
507
550
643
539
528
470
306
499
463
398
474
313
450
435
399
505
505
357
272
490
428
472
487
423
498
536
372
299
512
454
276
314
381
496
534
446
366
339
363
375
351
344
324
353
268
315
336
358
283
307
328
284
333
365
429
322
537
230
290
385
326
429
274
285
319
216
317
381
385
312
245
365
355
236
382
335
302
140
303
510
560
570
557
485
392
459
506
422
349
363
488
524
339
371
358
448
462
477
271
266
267
258
264
163
172
184
208
213
218
259
216
139
319
364
529
520
255
169
222
147
137
145
178
158
184
183
211
321
326
172
422
500
297
448
429
432
295
314
392
416
492
526
465
347
493
153
479
421
491
558
483
264
486
418
421
472
440
345
550
333
432
345
454
422
493
443
574
470
350
478
504
546
403
344
298
262
520
358
400
242
177
256
181
146
213
183
236
370
358
312
115
171
148
192
537
237
301
110
388
402
399
480
232
264
262
539
473
501
477
476
491
405
464
429
459
445
401
383
328
426
309
452
508
361
498
545
385
440
414
573
438
478
287
292
284
258
266
542
322
268
291
276
236
254
300
495
211
497
444
499
407
412
570
559
500
429
473
364
306
435
334
511
481
495
477
215
328
429
505
350
135
386
577
480
418
595
427
280
336
293
352
434
320
552
483
469
346
378
364
399
473
552
449
498
445
492
313
440
393
410
421
384
428
253
263
455
554
505
560
394
421
444
558
297
345
529
126
439
438
426
421
393
417
332
322
310
301
467
232
233
253
580
78
493
374
456
579
473
353
471
193
505
473
401
494
245
432
595
464
364
219
531
400
524
379
399
251
532
420
387
306
439
315
235
225
175
209
268
196
360
249
289
517
444
446
204
237
206
198
329
356
251
312
372
248
204
366
305
431
417
325
438
438
432
156
450
401
379
168
157
456
271
219
231
265
283
272
249
252
296
299
290
391
332
315
283
367
290
509
370
464
575
368
261
528
445
404
414
494
481
455
510
484
528
364
386
440
249
424
323
276
500
527
511
168
48
240
504
283
423
302
432
420
382
341
435
425
266
482
389
500
485
567
287
469
419
564
472
168
540
338
318
567
544
572
510
385
275
367
433
457
383
319
302
304
286
300
249
301
374
269
343
363
114
324
474
375
429
426
310
296
279
331
456
434
310
349
297
440
234
515
477
501
567
636
345
331
478
358
41
534
241
289
241
320
265
337
262
499
482
463
213
226
151
143
250
175
267
119
461
437
290
318
266
403
347
508
377
371
381
430
376
283
360
236
413
367
275
501
514
370
308
293
396
419
403
405
441
423
440
230
417
342
424
392
321
275
275
431
176
306
304
387
440
427
259
431
204
191
254
67
339
108
178
294
144
499
267
277
273
244
218
201
258
295
302
103
513
472
406
397
390
387
385
422
423
347
265
244
256
369
379
388
390
271
296
292
284
371
232
406
404
289
268
262
239
382
356
533
276
262
267
326
426
532
601
434
426
450
413
220
244
278
401
257
464
277
366
456
485
419
132
211
269
348
406
291
296
266
155
412
231
250
255
373
342
254
395
143
381
352
107
306
327
355
266
301
320
309
256
311
367
333
196
211
284
386
298
377
347
236
313
101
318
364
147
181
214
323
309
613
261
297
441
257
391
276
401
415
251
413
426
281
351
363
537
395
456
351
368
277
378
236
291
322
316
456
268
216
404
470
395
360
380
240
482
126
390
171
223
139
457
459
372
251
384
471
427
349
329
339
209
366
417
336
484
478
441
621
501
324
299
471
477
262
234
168
249
299
184
381
427
415
404
433
449
451
403
356
470
490
398
451
371
400
314
340
442
434
271
354
374
339
324
300
379
414
392
257
252
268
106
445
352
258
567
381
159
375
85
180
236
423
259
470
277
369
387
231
257
428
287
234
391
240
527
573
375
302
375
240
215
326
363
563
285
307
400
310
244
374
199
289
271
244
427
331
362
415
247
236
420
415
230
429
410
390
420
373
423
251
474
156
233
330
140
329
473
433
455
410
490
463
354
225
222
435
275
407
204
437
224
360
358
349
556
410
358
388
407
423
453
485
535
393
321
251
420
355
371
358
449
324
338
448
327
402
350
425
476
434
427
231
221
343
224
459
434
371
248
358
429
379
352
261
276
417
229
440
404
357
464
179
347
286
304
445
367
482
327
218
226
465
402
143
383
227
408
223
432
427
372
380
209
446
371
368
473
216
471
381
237
307
235
445
263
275
420
443
300
522
419
501
250
244
431
403
311
194
340
304
318
378
356
489
292
453
184
325
296
406
246
312
372
160
262
67
135
435
328
442
400
263
354
439
342
292
261
309
391
401
331
371
508
383
277
311
270
231
314
326
261
253
390
351
287
341
151
330
345
408
212
157
81
399
534
204
325
198
342
202
210
360
373
424
420
226
280
225
311
463
242
439
371
408
388
466
317
231
311
338
226
288
231
299
282
299
277
348
551
285
195
258
226
420
247
399
67
78
51
227
213
335
299
152
376
230
721
688
526
443
379
361
305
338
331
334
365
375
320
359
458
453
460
186
351
287
332
403
315
79
229
197
265
209
342
368
374
245
321
350
287
206
214
276
292
340
311
303
234
237
289
170
319
219
334
369
282
256
271
336
259
316
245
251
388
204
451
199
368
291
246
329
341
333
248
277
354
270
241
294
327
511
487
317
332
259
345
276
219
278
297
223
337
374
392
310
399
383
228
395
161
441
316
201
305
301
285
189
364
399
361
449
412
326
337
204
248
112
324
328
215
315
220
205
468
453
243
330
442
298
342
426
415
278
311
190
207
232
220
182
182
385
300
341
455
201
335
356
307
376
244
151
186
294
307
294
171
378
197
239
341
382
342
185
275
188
278
294
256
203
409
433
345
170
168
150
178
260
354
301
555
193
202
374
201
380
281
276
309
337
322
373
363
344
266
343
266
160
167
279
275
228
324
245
411
407
480
321
301
254
193
380
271
218
334
348
331
346
348
295
236
198
442
263
351
364
378
253
269
240
263
220
272
247
347
292
232
174
175
168
184
341
205
174
206
225
297
201
233
305
287
233
395
321
347
188
214
325
291
290
161
480
274
371
218
308
260
318
219
538
329
193
282
238
326
301
377
215
277
243
511
440
293
243
270
422
71
331
309
317
167
184
253
360
260
349
237
295
230
219
216
259
295
390
327
308
189
324
493
270
370
217
306
277
370
271
260
380
377
154
196
172
214
245
263
386
211
388
305
283
188
282
200
314
333
328
101
157
549
514
191
160
301
283
308
201
366
191
342
250
252
255
269
221
185
213
178
349
288
289
202
95
398
241
203
-1
341
199
264
127
374
391
333
265
330
185
351
241
372
409
311
205
317
252
340
346
373
331
157
196
247
179
298
230
307
334
250
277
416
326
225
299
398
245
222
204
228
212
305
163
363
269
368
238
297
192
184
198
211
314
295
312
232
328
173
169
159
212
207
138
185
378
171
339
248
311
236
208
320
257
358
281
227
178
249
180
288
263
167
248
204
201
249
200
194
301
191
307
260
120
194
292
158
128
203
273
256
147
130
174
167
320
140
216
264
183
218
199
253
179
50
244
246
263
198
169
231
248
229
183
376
197
270
333
188
304
146
209
241
247
223
201
317
311
244
51
314
280
156
164
182
312
317
292
130
262
300
225
289
198
211
317
220
203
174
322
175
279
218
317
176
211
223
180
216
225
200
154
272
180
274
256
269
166
160
227
140
293
336
398
238
263
293
355
368
262
274
217
238
286
144
230
131
315
196
65
332
234
190
260
251
243
188
357
210
238
223
203
248
226
251
262
157
219
203
187
124
177
142
211
394
158
156
150
219
19
30
383
168
242
247
195
349
207
151
244
251
222
359
154
198
144
272
285
292
235
255
173
291
152
135
201
249
141
226
404
309
226
254
224
303
242
224
245
169
370
151
242
164
334
207
190
151
210
208
256
227
205
189
246
212
189
188
152
300
213
162
189
190
174
267
151
247
279
239
104
169
197
173
217
258
286
185
200
183
151
125
393
121
210
135
261
216
217
155
149
245
163
217
144
128
225
172
179
110
88
186
208
133
253
217
146
132
182
232
163
227
227
203
274
184
90
89
120
321
185
184
189
170
210
204
139
152
119
333
138
166
286
115
251
170
223
135
210
208
118
170
175
329
114
143
108
264
179
176
169
113
120
180
92
188
120
180
195
197
235
195
191
148
157
192
99
163
140
82
181
61
106
145
116
161
182
195
131
166
144
254
232
229
154
188
103
151
165
136
164
145
248
157
172
152
122
107
201
119
143
143
201
93
76
160
109
107
173
81
87
133
91
178
55
103
121
47
60
112
106
117
114
134
50
164
107
79
86
108
114
63
89
50
94
79
69
67
47
112
97
73
63
63
135
48
89
320
128
