1509
1921
2069
1910
1838
1404
2030
1942
184
1912
1875
1747
1588
1464
1476
1576
1589
1658
1559
1851
1537
1601
1335
1511
1344
1226
1478
1787
1898
1859
1794
1763
1633
1798
1833
1680
1791
1596
1618
1658
1646
1533
1584
1624
1585
1607
1533
1680
1422
1532
1643
1501
1442
1423
1407
1465
1437
1367
1453
1334
1373
1346
1454
1249
1274
1378
1542
1297
1337
1370
1664
1638
1633
1703
1231
1234
1354
1514
1335
1380
949
1291
1192
1120
1244
1159
1280
1041
1171
1557
1546
1384
1567
1914
1835
1638
872
1311
1500
868
1044
1297
1596
1691
1589
1152
1149
1140
1154
1167
1056
1058
1098
957
1018
1040
1019
980
1050
1032
1006
919
1139
1380
1156
1221
912
934
1172
926
1651
941
943
982
713
932
983
1068
915
799
1340
1204
783
1027
903
955
656
961
1612
1140
1592
1484
1228
959
1330
1479
1348
1086
1035
1538
1450
1177
1151
1788
1784
1646
1619
913
864
899
837
854
625
677
647
755
650
685
844
715
562
995
1023
1212
1243
1081
560
661
518
484
486
580
502
591
756
639
1265
1259
1013
1466
1538
907
1881
-1
1681
842
1029
1292
1055
1087
1329
1254
1623
1302
625
1498
1484
1569
1593
1462
811
1431
1167
1149
1215
1276
1168
1281
1085
1159
1155
1496
1412
1331
1105
1283
1476
1021
1380
1304
1452
1134
962
864
842
1301
937
1337
734
614
890
524
473
849
760
892
1425
1026
896
383
576
445
648
1677
753
944
393
1001
941
1268
1400
723
859
835
1207
1062
1058
1001
961
1094
1185
1239
1301
1317
1233
1079
1647
903
943
869
1182
1184
704
956
1509
994
1615
990
1399
1086
1501
854
820
853
680
835
1437
1172
1094
1207
946
886
972
1116
1553
871
1101
1052
1487
1306
1446
1414
1462
1086
1167
1538
1236
938
1273
860
937
1206
1386
984
661
1042
1069
1057
1075
780
1172
968
1219
1502
1217
1077
992
1168
1128
1244
1146
1309
1184
1536
1219
1082
1082
1661
997
1363
1367
1520
1475
1511
1486
898
986
1161
1035
1063
1106
1062
771
744
1023
1354
1124
1127
1042
1272
1049
1369
749
895
1044
417
1473
1526
1403
1234
938
943
856
748
683
841
1307
1011
1006
683
1014
314
1463
1260
1262
1328
1279
897
1268
856
1306
1158
917
1236
780
1162
1398
1144
977
633
1220
1468
1145
908
1040
1099
896
711
1064
1006
1192
924
675
618
533
605
822
502
823
768
840
1041
993
956
594
668
627
553
1100
1152
639
736
1395
1246
660
1281
1069
1123
952
830
934
893
897
404
816
1227
1002
422
467
1363
848
620
656
809
813
842
763
765
913
760
850
980
875
905
1073
912
864
1051
1394
947
1044
1075
669
1160
1122
954
1333
1378
1411
1321
1357
1285
1271
1267
1160
1129
870
1506
927
830
1146
1003
1183
392
221
729
1453
731
1058
1382
887
1127
1374
1132
1271
1182
719
1398
1333
981
1004
1173
953
1114
1095
947
939
428
968
1028
790
1011
874
1130
824
844
698
788
917
1002
865
909
871
889
782
725
875
757
900
865
998
824
453
854
1106
985
892
770
946
793
686
802
1298
1140
934
587
504
1111
801
863
846
839
892
1015
776
1009
1317
750
261
752
1071
713
668
787
732
881
955
1211
1072
765
632
661
449
446
650
528
610
453
583
765
804
790
822
1173
994
686
891
849
820
738
775
803
780
682
885
858
1327
1011
699
830
629
673
777
1016
885
789
944
841
1002
830
803
838
955
770
833
687
777
692
858
613
859
800
1114
1114
696
970
565
519
842
273
875
585
521
853
464
867
747
726
667
680
571
576
595
697
652
338
804
1006
1067
995
987
1008
983
1084
1053
883
704
593
576
853
946
787
929
766
713
770
629
691
547
725
717
1102
663
744
794
830
674
1189
589
544
769
672
749
769
872
1085
1050
1082
1142
760
752
596
680
915
1055
650
1098
989
988
951
530
698
566
632
702
527
624
577
388
647
628
736
693
774
799
974
1306
401
613
618
424
562
577
614
550
684
797
1311
736
906
648
782
537
832
766
687
850
1281
1187
530
687
352
1163
636
484
485
647
606
552
835
814
836
849
641
759
573
1135
780
559
741
620
709
588
602
766
653
745
528
649
915
653
563
597
556
593
943
618
917
777
659
420
606
780
567
664
861
1216
518
739
598
889
1148
613
623
757
777
695
633
639
851
637
790
1029
637
1142
921
701
887
659
619
748
842
766
647
589
541
649
583
652
902
1124
996
969
1047
772
732
808
766
691
733
712
630
776
865
545
546
835
964
557
484
550
507
387
511
419
725
713
647
643
735
544
1007
1166
640
888
682
284
943
295
572
530
981
492
1058
626
650
642
474
612
815
652
441
688
611
654
843
911
487
600
551
580
741
618
824
615
632
704
1033
682
704
477
792
607
720
977
544
953
792
569
705
744
720
520
583
609
749
627
537
621
602
733
506
464
863
846
1015
704
1169
668
564
592
563
514
452
582
624
566
659
485
598
572
716
593
479
554
596
784
768
748
842
636
1331
711
547
706
453
627
477
633
579
599
727
549
1037
636
678
689
627
558
620
481
501
416
551
620
647
695
614
1081
487
725
1022
977
606
661
693
719
844
814
619
804
427
460
539
677
902
603
660
590
424
695
815
610
534
729
538
687
502
1034
498
673
693
474
759
558
960
799
300
553
912
632
522
476
628
574
475
526
464
607
725
527
725
565
494
553
740
513
472
581
585
825
633
495
727
549
702
391
742
433
986
530
508
546
480
556
270
403
639
436
581
858
558
595
607
490
435
414
472
511
617
520
529
855
673
534
610
561
472
956
593
372
329
519
536
416
529
390
489
439
902
502
390
297
554
656
598
434
470
493
362
435
428
720
573
572
629
624
466
369
597
444
602
495
446
685
471
500
564
669
581
360
413
453
510
403
480
445
569
587
422
304
520
588
492
489
490
242
262
225
727
324
609
512
526
627
265
668
757
451
732
631
524
443
554
559
555
539
517
387
515
651
728
608
574
427
411
447
556
606
290
702
745
384
304
575
737
788
491
620
504
299
371
301
520
620
419
446
585
504
499
383
469
811
602
773
520
676
649
608
683
1192
527
316
457
434
321
531
330
589
384
300
354
506
635
327
492
458
395
374
493
442
608
797
408
474
511
674
467
439
667
548
585
529
445
387
530
643
550
420
529
264
574
727
358
329
432
432
355
420
454
625
553
545
397
681
312
245
153
690
456
356
656
312
492
606
520
320
414
512
383
582
618
429
436
457
326
359
371
339
348
350
573
504
385
1096
445
548
451
490
381
391
373
306
391
336
325
490
759
563
359
429
643
545
340
487
315
485
552
646
403
433
382
586
313
332
325
366
821
729
858
499
491
370
652
279
519
386
364
580
589
609
486
472
741
367
409
382
357
339
395
383
337
339
329
747
442
645
557
515
433
502
818
308
394
508
568
483
390
447
434
435
319
598
449
892
468
638
393
645
340
342
414
346
341
565
514
428
308
295
305
346
729
320
330
380
425
453
547
355
779
279
262
473
454
306
373
351
409
327
347
334
429
794
574
555
532
337
485
622
571
322
379
350
482
601
500
511
239
472
513
496
732
504
668
404
595
201
396
363
671
290
354
426
599
349
361
277
555
449
358
347
290
299
364
529
350
264
567
510
473
589
541
378
357
373
318
316
626
458
266
299
322
304
429
424
561
780
726
460
638
455
372
287
720
451
490
429
325
484
433
307
220
428
352
453
248
563
472
435
307
419
347
273
322
267
427
299
605
506
381
761
306
599
332
328
429
367
315
323
144
592
587
428
461
636
266
751
477
666
620
407
391
474
275
334
653
439
330
310
368
334
365
387
354
534
367
286
671
657
379
327
374
388
654
475
362
474
346
571
264
457
226
634
346
440
372
365
396
266
512
364
557
252
349
288
346
313
328
412
232
326
543
237
385
336
332
347
449
347
537
579
332
381
217
351
318
399
388
446
287
274
211
277
239
435
486
374
418
628
411
325
747
267
209
279
328
267
235
242
339
350
275
198
377
446
247
330
268
305
328
177
300
416
283
324
341
410
592
306
313
515
271
459
359
363
361
229
356
425
352
355
345
406
564
754
211
401
344
280
221
380
573
308
241
235
356
363
272
290
384
630
377
215
335
326
533
357
320
439
548
393
464
287
308
330
404
361
283
322
322
349
611
629
265
308
287
299
461
464
383
348
388
314
449
410
457
556
260
350
359
279
385
230
458
476
206
577
296
374
382
228
531
324
368
236
347
340
471
403
293
387
364
256
384
297
238
238
373
209
339
567
249
218
263
307
71
113
622
579
333
321
294
599
261
244
338
233
215
644
266
262
201
353
297
281
322
399
349
302
265
247
273
437
221
350
540
501
432
344
259
329
371
241
337
228
529
429
501
347
473
245
195
305
388
316
500
174
317
462
407
428
273
341
303
442
349
275
348
380
295
617
168
389
488
579
226
266
259
282
269
235
365
352
266
227
212
125
295
210
464
252
447
323
321
245
295
208
269
209
329
101
433
274
210
239
193
174
332
247
215
323
240
181
549
472
252
338
175
220
222
359
297
140
265
523
205
207
193
244
610
260
180
187
330
343
252
268
478
196
271
430
263
191
301
342
117
360
366
380
110
193
189
437
360
220
215
181
356
218
125
164
185
280
290
291
431
360
192
264
208
167
165
260
233
302
298
108
133
200
181
127
250
466
237
288
283
474
310
254
169
188
258
204
212
188
213
171
389
216
292
182
201
176
236
185
269
269
329
113
84
286
175
173
402
138
209
214
126
224
82
119
168
84
112
226
215
122
150
194
84
326
195
141
142
203
206
97
170
80
132
116
139
79
75
124
185
176
100
103
156
87
125
1335
241
