163
222
226
229
237
219
248
228
28
231
212
192
168
156
159
185
186
218
210
240
173
205
144
175
161
121
162
208
240
242
220
239
233
227
265
245
258
239
235
231
231
248
234
268
246
223
201
237
177
250
290
236
230
259
232
222
242
221
200
228
255
240
230
190
235
212
240
228
234
239
274
269
301
284
187
160
229
252
196
212
159
222
227
209
249
234
191
123
237
202
257
235
210
257
255
193
153
241
242
125
162
208
241
244
252
201
195
202
220
192
174
164
183
154
185
187
181
137
175
183
170
169
148
203
121
218
97
170
174
169
233
141
167
160
119
169
190
201
121
141
200
175
153
206
160
193
92
194
277
213
220
225
192
180
182
290
241
208
212
229
247
202
206
197
233
235
247
162
160
142
145
162
108
119
100
142
122
129
152
134
78
199
179
200
197
154
102
129
92
76
96
108
110
104
123
117
177
177
116
167
258
160
245
224
205
159
180
156
202
224
238
226
218
191
72
242
194
263
272
236
150
255
224
210
250
218
164
233
186
219
179
244
191
208
189
251
240
207
249
233
253
203
158
134
128
221
167
196
115
91
123
76
88
128
97
148
200
198
169
67
101
87
97
264
124
184
71
188
157
234
263
138
156
129
242
172
179
186
184
200
219
234
233
252
253
200
206
175
171
139
187
206
179
236
303
173
236
186
270
221
236
154
161
154
137
163
238
140
124
156
125
113
124
132
260
113
214
180
274
142
222
276
269
239
236
247
182
177
202
164
168
260
286
236
103
193
230
230
205
84
201
193
211
228
222
171
139
157
141
136
219
155
255
256
191
159
201
181
183
267
215
202
275
251
256
145
224
147
173
160
218
237
136
138
233
214
193
222
181
220
217
261
146
142
221
73
248
232
247
251
159
164
137
129
141
162
200
144
147
118
268
54
252
214
230
266
230
184
259
138
257
217
175
226
97
200
241
228
169
111
221
235
212
180
211
101
170
127
231
133
254
203
119
109
100
108
142
115
164
116
135
233
218
217
121
118
124
102
168
216
132
123
223
152
138
178
163
234
202
141
196
208
184
86
226
185
221
96
86
255
101
96
95
136
132
128
136
138
155
141
148
177
178
138
148
168
141
217
201
207
226
206
144
217
197
139
171
241
231
242
279
238
279
195
212
179
129
233
200
116
273
231
310
96
37
101
239
152
231
163
152
231
198
206
250
251
149
236
214
232
194
299
177
279
235
201
195
83
220
157
163
216
248
304
205
193
124
146
188
218
180
159
133
144
133
146
126
149
161
142
190
204
84
140
192
212
177
207
140
129
127
183
252
255
161
132
110
249
141
225
206
213
203
237
124
177
250
138
23
194
136
128
130
161
140
197
102
222
235
216
115
115
95
85
138
99
116
81
154
189
185
160
170
245
215
195
251
237
134
176
131
164
145
133
224
195
165
209
248
182
171
140
197
195
219
164
233
202
252
147
232
187
255
240
192
133
133
234
105
113
173
193
242
248
149
177
108
112
138
46
171
82
106
111
70
185
154
171
157
116
102
108
124
130
140
59
236
208
232
245
236
239
236
244
253
156
149
126
134
231
235
192
220
137
117
133
102
138
116
233
240
152
138
133
142
245
180
233
149
144
129
169
217
183
217
250
231
252
241
124
147
151
213
143
252
140
205
219
265
211
76
107
160
169
193
155
135
112
76
198
127
139
142
231
212
134
228
88
163
152
35
151
156
200
145
141
151
173
128
114
213
132
110
103
157
149
132
221
213
131
138
56
198
207
62
111
136
147
136
260
102
187
259
131
220
160
232
169
142
214
202
107
189
200
203
233
223
155
176
125
207
113
115
141
187
217
144
139
211
208
94
200
182
147
252
104
213
102
124
60
194
257
136
140
191
255
177
147
187
227
120
213
211
183
280
228
190
207
167
131
171
263
297
141
125
99
134
167
106
136
188
177
174
243
278
262
237
184
234
251
209
178
157
247
120
205
255
191
158
184
194
167
190
140
182
182
230
147
149
145
97
249
192
110
214
256
78
231
55
133
127
219
148
233
178
168
186
102
128
186
155
125
181
120
142
225
213
144
201
131
124
180
169
244
147
136
245
176
164
194
58
163
120
133
251
232
203
246
116
146
237
241
108
207
192
241
159
173
269
131
260
98
143
211
93
178
248
255
229
203
229
225
215
130
111
178
154
158
93
137
121
210
221
177
203
211
195
197
192
216
182
220
200
184
159
118
237
200
219
198
190
172
209
256
172
274
219
246
200
204
191
114
112
212
109
262
258
243
170
210
243
221
224
160
141
275
153
202
215
193
249
89
158
144
157
168
161
153
213
124
136
238
252
74
256
127
211
147
214
184
194
227
91
240
217
215
255
120
216
185
140
173
100
240
161
167
231
192
202
255
185
156
134
137
217
220
110
104
195
199
126
221
202
239
155
208
128
137
198
206
96
193
207
87
173
53
76
250
191
229
213
129
193
187
182
145
140
182
224
200
132
180
279
219
174
175
160
158
198
210
167
150
215
146
163
180
89
190
172
223
113
91
52
146
161
112
139
107
196
132
132
192
237
247
247
111
162
143
170
221
149
179
198
166
187
183
175
138
203
190
88
145
124
187
129
213
169
204
229
163
106
177
146
193
165
198
40
45
29
95
126
210
211
65
238
148
240
228
200
204
197
159
181
188
179
171
178
153
164
147
225
244
202
94
189
134
172
200
195
38
151
120
127
110
210
228
232
106
183
201
160
125
118
182
118
162
158
177
119
120
125
130
202
109
196
217
199
183
155
231
167
185
129
139
147
122
186
133
174
163
119
149
238
203
138
122
161
150
133
173
150
287
227
175
189
148
189
150
123
168
194
129
208
172
153
161
179
258
136
223
97
212
222
105
129
158
142
123
144
204
193
279
249
188
163
79
148
91
195
192
141
192
105
139
184
214
127
144
181
168
222
160
217
166
161
123
115
153
118
117
122
208
172
144
211
128
186
180
197
197
144
100
119
157
149
149
135
241
113
138
131
226
186
105
165
112
143
176
91
116
195
221
177
110
118
117
122
157
238
212
220
124
128
268
102
215
162
146
234
234
196
210
209
174
131
160
143
108
103
178
104
138
142
158
244
227
257
210
235
161
66
225
148
130
201
204
195
203
204
163
147
120
226
174
207
231
166
135
146
158
151
140
117
135
157
188
120
100
100
118
113
191
129
121
110
116
195
110
124
204
162
131
217
184
124
124
152
188
189
180
132
217
168
189
134
173
114
216
159
229
125
117
165
157
198
104
150
117
181
82
216
207
141
166
175
172
64
188
132
211
106
110
172
242
149
145
115
162
168
114
114
138
153
229
191
161
125
205
215
170
159
112
157
160
192
126
121
257
190
98
96
90
133
160
180
193
80
213
204
163
97
169
104
180
132
195
74
110
258
154
118
90
201
146
153
109
218
98
164
123
164
143
186
125
125
144
107
220
181
137
135
79
185
121
121
178
141
103
151
101
225
226
202
122
172
112
178
166
247
233
172
116
177
168
147
236
211
136
90
124
141
111
119
130
204
194
133
157
215
142
142
225
253
147
112
122
177
131
206
88
252
138
215
153
234
126
130
125
113
176
198
181
159
130
122
123
102
150
108
88
124
214
129
166
142
195
136
115
132
121
220
180
164
122
128
116
166
157
131
107
149
119
117
112
131
160
99
155
103
51
101
219
107
99
117
121
146
96
93
125
79
103
80
154
199
134
130
137
141
121
25
134
141
179
131
124
160
112
153
120
191
105
186
191
142
190
91
128
132
146
153
105
155
170
109
32
169
125
96
88
69
216
194
141
96
155
162
100
162
128
123
182
154
126
127
178
137
196
111
194
126
85
151
111
119
166
143
113
127
106
122
174
182
99
107
117
84
199
199
252
129
162
177
206
173
122
179
140
162
162
89
147
89
153
111
6
201
124
134
155
147
149
129
178
123
150
99
122
163
123
169
179
100
145
150
99
89
97
87
135
159
107
106
90
147
14
19
188
138
196
118
105
212
145
102
193
97
91
190
95
111
114
190
213
180
136
185
122
202
109
83
126
163
82
152
200
237
120
152
178
145
159
119
143
103
225
105
165
119
173
138
126
110
141
128
202
161
151
130
135
164
125
101
77
195
164
103
129
136
104
160
109
184
217
143
79
90
107
101
171
153
176
159
114
131
118
100
225
76
129
96
190
115
115
90
82
180
103
163
115
43
155
108
87
98
67
135
134
73
137
169
94
64
128
192
105
137
142
108
125
95
56
60
94
168
122
88
106
126
141
123
76
79
60
175
92
118
145
78
233
97
112
80
98
128
93
102
107
168
79
98
76
136
119
89
122
81
127
90
53
136
79
114
135
134
157
194
146
95
119
79
74
101
94
29
127
40
77
85
73
111
101
142
97
97
111
119
138
118
94
94
40
98
115
105
104
80
136
105
86
103
81
79
123
65
105
104
112
61
40
117
78
78
157
70
71
103
52
-1
45
78
78
33
61
90
55
80
75
76
50
135
73
74
53
66
89
36
66
48
61
53
67
43
42
69
70
83
40
40
115
31
55
160
74
