356
446
494
493
478
496
509
490
33
496
440
413
379
344
337
380
405
466
447
516
364
402
299
394
336
322
375
484
518
535
468
467
447
436
488
456
489
457
432
439
437
465
396
465
445
432
373
481
370
456
505
424
413
416
383
384
425
423
364
411
420
419
432
372
390
396
461
391
399
409
510
530
482
491
351
268
418
439
377
401
338
363
369
310
443
448
359
238
383
380
467
420
410
569
570
478
295
417
439
288
287
364
485
501
455
346
327
369
356
304
277
289
304
284
307
290
324
249
303
298
310
303
300
412
262
394
208
268
271
257
450
252
277
274
216
299
330
366
159
241
360
313
303
359
271
293
234
323
540
421
434
460
355
325
375
483
402
345
350
460
500
335
364
392
551
498
512
333
300
250
243
278
216
244
162
253
185
193
303
208
198
313
266
394
357
296
196
237
144
179
151
201
150
160
177
193
348
346
342
382
534
270
516
514
431
265
290
342
384
367
435
403
502
386
138
467
374
538
592
492
273
443
369
351
429
382
313
432
384
388
282
519
382
381
360
461
482
355
431
453
489
408
295
191
163
435
271
458
219
160
269
157
143
221
249
342
380
354
258
119
147
110
176
622
153
320
94
311
362
378
522
251
294
229
459
338
346
365
363
333
391
424
422
514
522
377
448
314
345
180
332
346
265
355
491
273
506
295
511
396
492
273
257
274
203
259
489
230
259
257
175
179
175
178
580
287
405
381
502
333
481
564
526
411
432
541
559
253
426
298
331
401
496
390
237
375
417
426
352
240
363
340
395
484
479
335
284
291
242
283
399
310
447
586
392
244
324
442
316
517
470
473
562
549
514
246
436
318
362
342
366
412
222
243
403
442
393
341
336
464
348
622
176
259
380
109
605
545
507
467
257
268
284
213
241
285
445
419
417
132
488
87
570
542
663
723
561
347
484
374
444
379
260
462
157
403
536
419
284
232
465
457
379
296
334
176
352
338
517
257
555
343
197
166
178
191
221
186
260
171
263
401
403
388
190
227
213
189
311
401
215
246
441
384
209
378
338
411
329
211
289
296
267
179
404
389
367
185
143
519
217
208
177
247
246
246
231
226
272
238
249
311
269
228
362
267
194
461
419
387
422
361
231
434
427
307
368
523
512
557
722
562
509
398
405
373
237
542
323
272
511
518
701
167
71
198
536
241
416
343
282
428
362
695
431
520
270
547
493
433
364
531
316
490
471
381
351
184
426
315
316
415
472
623
349
333
193
249
330
416
344
290
269
268
218
273
303
267
330
254
404
370
151
270
414
364
327
342
295
248
228
308
493
466
310
254
228
555
294
461
429
477
376
480
232
346
490
286
108
366
243
251
219
315
248
342
228
463
489
404
174
176
153
142
174
196
188
164
247
371
312
282
333
570
486
380
531
523
291
306
234
227
285
297
429
357
557
511
457
266
225
217
308
352
404
276
452
371
469
259
414
532
574
589
340
250
273
441
231
280
309
321
637
523
254
354
192
170
254
101
335
169
163
225
215
348
279
286
264
196
180
179
259
292
327
95
386
419
458
429
426
448
436
488
489
308
236
242
201
547
456
325
458
254
284
258
211
252
185
417
421
460
267
257
282
402
326
457
253
249
282
353
407
316
514
656
513
595
631
201
260
264
387
282
426
260
374
343
521
390
110
189
230
239
332
195
237
159
141
332
226
258
257
414
362
300
377
221
245
234
48
247
285
350
269
370
324
494
242
290
396
298
186
173
273
278
257
466
449
232
260
100
425
327
107
156
257
297
247
494
189
389
610
282
359
276
418
303
243
429
383
134
367
368
330
372
414
275
396
205
345
193
201
297
292
456
242
493
351
377
209
268
393
257
877
414
588
184
263
100
364
471
276
236
350
449
368
258
357
610
194
366
370
344
516
439
387
425
332
216
307
526
720
259
309
214
243
291
224
307
410
368
354
520
583
559
502
364
459
454
376
354
182
668
235
346
558
416
259
300
310
280
305
223
300
360
401
332
302
252
242
636
506
128
434
516
152
437
79
372
218
489
256
410
407
398
435
126
247
371
295
243
366
231
294
504
451
276
353
223
253
278
281
501
242
313
430
486
290
547
83
314
216
240
518
396
361
477
210
218
484
475
140
407
395
508
313
288
663
239
583
156
250
364
342
516
513
454
398
355
412
351
340
209
243
477
264
245
101
237
184
400
374
370
449
395
373
398
396
366
381
487
566
295
311
212
400
287
393
355
350
329
413
534
266
488
498
522
344
380
383
222
185
370
148
637
773
664
443
406
381
592
411
398
231
627
332
352
349
367
550
99
247
314
319
338
266
411
387
237
238
573
641
216
754
179
425
312
385
336
319
699
205
360
310
536
501
189
406
305
280
285
185
494
229
321
386
387
379
650
403
291
215
216
443
372
126
160
333
477
306
398
407
370
347
408
310
223
334
430
224
326
380
168
411
113
124
409
381
412
399
193
395
349
346
329
259
327
432
371
255
380
533
415
275
307
270
289
427
501
274
248
416
225
245
347
156
330
371
384
219
97
97
282
329
214
276
187
360
233
242
355
800
519
516
176
259
259
301
332
278
287
412
386
299
307
282
216
427
494
120
252
223
597
297
375
370
428
490
309
202
319
266
365
290
283
60
84
51
204
222
540
465
299
544
228
448
398
387
343
299
296
306
315
305
287
289
263
244
228
436
395
515
185
382
300
337
575
360
115
315
224
279
233
380
725
779
111
374
395
344
201
261
352
243
328
285
260
218
214
444
262
452
218
371
376
320
328
251
403
351
435
323
304
320
201
330
323
353
308
254
305
659
677
308
237
331
207
190
316
390
567
455
359
387
233
371
271
225
605
731
300
375
411
330
291
326
514
180
445
200
727
352
225
222
345
397
200
251
344
489
505
499
329
287
115
201
137
307
357
239
236
223
353
276
351
230
224
307
336
437
239
329
235
283
172
163
236
209
171
185
422
282
252
483
258
331
334
350
394
330
204
141
232
254
227
253
567
159
173
284
481
337
171
301
192
247
579
102
213
381
447
274
153
162
159
167
304
484
463
374
678
370
495
231
360
349
320
522
554
351
364
365
258
294
363
300
157
155
341
169
292
241
240
355
368
427
439
414
334
166
422
238
245
351
363
306
356
338
305
310
218
427
288
445
378
323
245
235
253
297
236
237
282
620
-1
240
273
239
262
207
305
269
213
243
251
396
183
271
562
243
230
480
337
284
206
259
340
293
326
202
387
474
428
300
280
162
699
559
417
312
206
270
307
349
141
240
240
325
180
499
403
173
473
300
328
228
344
250
372
200
185
405
486
274
279
222
596
415
174
159
210
207
373
358
340
237
496
407
297
286
198
384
329
433
318
309
516
241
165
244
186
271
302
312
375
278
394
587
278
147
232
253
309
443
337
187
218
415
345
272
216
313
241
262
205
414
192
316
219
322
173
229
211
227
315
314
455
361
333
404
377
280
224
201
292
238
113
245
147
323
327
372
217
334
267
325
392
450
415
380
178
324
239
322
525
369
317
188
236
337
138
201
325
578
293
217
307
347
304
302
311
383
324
209
257
530
434
453
173
386
166
385
237
592
296
302
296
231
324
313
316
274
260
225
279
214
235
198
105
364
444
232
291
278
341
220
260
281
171
368
274
284
222
270
252
334
321
255
245
257
158
165
157
273
223
179
278
211
106
177
480
191
179
237
255
228
209
216
222
123
257
159
276
332
213
263
210
236
207
50
167
217
230
246
193
245
205
233
298
298
149
317
266
279
333
176
181
172
386
312
307
355
315
162
316
286
193
179
149
66
391
311
272
159
358
249
244
266
337
259
305
169
238
609
297
257
258
238
315
278
156
238
214
222
374
337
218
265
158
310
450
474
155
182
225
112
302
405
423
170
277
259
430
349
214
388
198
259
292
249
268
132
264
340
2
331
198
204
287
228
308
235
288
249
269
195
224
411
206
339
655
190
494
301
210
136
152
153
239
290
188
170
155
278
16
40
299
336
328
138
212
411
304
138
261
240
192
315
164
310
191
232
277
286
257
408
285
354
160
153
216
286
172
261
301
498
422
233
302
294
286
190
291
193
405
449
427
205
262
143
201
186
260
260
323
172
233
255
205
313
191
136
153
325
257
174
263
287
194
290
145
297
314
281
165
127
201
238
223
220
275
447
179
180
281
132
285
158
239
160
330
171
170
153
106
243
201
238
234
50
269
176
142
143
123
170
200
153
198
186
206
167
268
336
196
219
168
162
163
164
100
135
193
298
206
161
149
222
349
242
79
159
92
284
163
317
298
124
299
175
173
164
251
167
150
186
219
271
110
183
154
245
204
170
161
116
386
202
75
173
100
203
254
253
267
215
151
149
193
202
137
175
151
27
254
86
125
149
125
121
184
323
162
187
174
235
257
186
161
146
43
205
204
179
205
126
251
200
137
176
159
143
224
120
175
174
225
101
89
224
115
116
263
132
111
156
100
188
50
124
125
92
83
168
80
110
147
161
73
222
154
115
108
112
152
74
115
74
119
94
162
69
62
108
123
113
80
78
128
63
127
362
135
