542
639
682
649
641
523
696
617
70
623
636
599
520
461
550
579
534
589
546
623
568
524
498
533
451
404
568
573
643
653
641
694
798
793
854
889
805
705
724
646
727
704
753
740
679
729
709
732
608
680
820
686
717
662
631
661
676
611
826
753
779
691
793
540
652
641
771
683
711
716
792
719
769
746
606
518
712
668
615
690
455
650
669
576
665
595
584
485
621
639
727
656
713
713
623
531
436
628
617
437
599
652
605
697
659
570
614
571
592
638
584
576
643
514
503
606
557
491
504
537
457
487
482
729
500
596
350
494
601
528
635
520
589
596
438
488
502
507
484
418
609
729
335
483
459
461
297
465
758
596
604
624
677
472
581
723
631
531
498
872
737
565
601
626
585
606
689
436
454
445
437
431
345
318
360
347
351
369
425
369
262
444
648
601
611
445
290
343
278
268
248
291
249
319
338
350
562
562
318
588
606
514
665
607
596
379
477
743
609
625
749
676
537
664
257
632
561
779
679
717
432
668
654
693
616
609
654
611
569
567
489
654
718
796
650
604
652
529
657
741
660
564
512
486
460
656
638
466
359
315
332
238
240
340
348
385
481
519
624
221
286
223
410
701
412
452
190
876
465
599
621
385
492
505
629
604
609
556
563
567
504
546
541
598
580
708
551
539
521
562
630
631
389
507
737
651
643
481
673
618
597
572
571
549
476
556
614
460
351
454
362
283
339
419
669
374
547
552
648
559
575
621
647
559
573
696
507
527
489
405
477
577
662
546
373
483
497
550
576
281
577
486
575
572
603
674
414
796
786
559
1026
776
588
637
700
523
450
466
481
743
544
581
606
620
571
399
495
571
574
569
486
484
539
483
537
577
540
576
699
593
534
536
378
645
563
198
577
545
626
581
535
532
506
462
443
431
718
362
362
359
538
162
592
451
525
586
535
433
568
331
603
537
503
513
297
584
630
506
578
311
585
535
574
531
541
339
430
330
472
475
563
441
492
512
367
519
492
257
537
390
496
609
543
516
513
606
532
551
830
680
539
344
573
388
441
425
371
553
622
401
497
484
457
200
417
493
619
299
386
563
496
335
344
522
613
589
568
483
691
794
760
608
730
418
467
548
465
594
471
474
550
585
340
498
488
438
489
547
528
590
516
513
601
580
530
597
524
493
443
442
650
508
532
238
139
285
584
724
476
434
394
529
516
423
632
518
448
599
530
504
510
506
411
508
500
539
500
246
599
1027
820
481
409
517
481
446
635
608
604
551
582
943
891
851
936
932
861
844
635
563
512
412
220
677
505
591
410
478
1163
1198
831
762
575
513
667
308
243
458
500
473
463
456
428
480
646
529
563
544
149
426
356
974
853
855
815
476
425
475
425
438
462
499
372
330
569
508
798
239
315
541
414
743
406
476
445
334
403
381
422
442
390
392
543
321
428
440
413
518
432
450
343
365
548
531
459
513
468
417
497
640
442
605
445
412
434
710
732
374
301
297
726
415
432
440
576
575
468
440
622
131
485
212
377
517
212
514
569
500
392
738
658
594
683
744
576
177
422
452
599
595
595
608
607
524
469
767
532
750
551
418
421
468
449
817
773
754
426
492
424
415
410
392
520
646
527
421
424
537
666
540
348
707
408
459
480
428
405
436
423
600
611
629
382
561
532
690
478
462
431
482
354
429
308
352
437
301
378
511
380
364
405
527
647
384
416
416
570
219
301
335
202
343
392
370
579
754
505
412
977
415
352
585
487
289
582
399
610
461
448
518
436
227
475
352
358
554
537
599
510
455
309
490
394
657
512
406
545
403
511
375
348
339
334
370
493
371
384
375
341
340
361
704
325
425
620
430
464
309
564
364
268
371
524
441
336
228
475
273
438
214
438
494
354
554
460
424
565
670
382
317
506
392
508
513
513
437
362
426
397
406
360
388
360
561
1007
688
1010
503
408
456
442
396
425
427
375
351
431
394
458
408
459
390
361
362
364
333
349
428
342
307
374
357
288
350
311
405
352
487
505
448
239
364
448
345
451
359
117
460
188
244
395
414
428
481
354
352
374
316
726
399
650
550
371
427
392
412
450
495
349
414
354
383
405
406
735
610
390
328
385
313
231
446
-1
364
488
330
474
379
605
396
350
350
509
359
331
365
375
315
292
607
338
288
439
393
271
332
366
571
383
334
318
334
301
399
350
333
330
330
294
327
398
409
350
303
302
316
418
391
412
449
404
517
384
397
374
637
325
276
326
334
330
340
346
509
317
314
293
305
298
339
261
491
420
283
321
288
293
276
391
311
401
375
546
298
353
335
344
416
520
303
353
431
301
463
557
483
384
341
342
333
383
380
286
285
293
441
324
266
467
277
349
290
461
376
266
328
361
190
309
386
440
286
483
346
409
351
313
264
318
360
316
390
541
628
246
437
273
364
350
276
357
377
296
379
263
338
284
473
244
454
456
290
309
259
346
166
287
456
214
306
417
254
303
423
252
303
596
289
256
421
304
269
507
432
303
368
337
287
402
275
277
214
321
381
238
286
210
277
269
444
623
192
165
314
337
291
482
520
249
369
326
248
309
353
355
839
472
257
213
327
430
319
276
249
404
326
310
466
302
275
209
252
611
211
211
255
252
331
302
383
308
287
497
270
260
257
117
126
86
279
329
320
287
210
313
184
348
402
218
405
371
318
236
268
269
286
300
279
226
318
397
419
289
501
225
321
262
292
287
149
386
379
434
340
288
312
307
280
321
272
187
325
166
268
394
276
259
317
619
620
238
367
432
548
311
319
371
343
399
330
408
310
192
272
287
308
276
185
336
215
157
198
254
249
166
281
244
245
220
268
269
290
366
237
293
501
369
316
292
257
237
316
271
268
220
255
397
289
248
249
196
255
344
242
372
482
455
347
265
274
263
258
248
228
389
167
208
111
380
216
217
320
431
386
360
323
188
278
273
226
313
326
234
241
234
280
330
240
410
294
264
250
394
218
435
402
315
260
297
262
217
367
310
244
192
172
228
315
327
197
337
356
277
167
210
179
315
276
282
397
254
239
323
270
272
261
258
339
310
321
278
192
317
333
158
278
240
190
264
273
393
297
280
411
408
423
446
279
273
227
226
378
195
203
372
227
309
269
246
223
405
383
194
396
292
330
294
221
293
284
212
230
350
298
411
247
384
548
317
187
215
386
352
196
235
216
498
398
352
347
250
372
170
288
472
354
240
602
182
328
215
186
234
241
165
268
201
256
194
197
266
223
330
293
288
288
182
220
224
293
188
292
189
273
305
257
304
147
258
291
253
328
265
220
229
321
219
221
205
424
215
288
286
301
178
253
193
186
204
203
470
206
167
209
297
185
168
244
280
228
307
557
225
187
223
275
306
326
237
232
341
376
358
239
255
311
271
396
208
416
270
216
451
366
229
247
267
209
265
234
154
254
256
181
233
152
264
263
257
170
227
210
174
221
144
211
311
300
311
222
277
197
315
197
185
271
181
173
228
105
295
313
220
278
308
323
369
347
321
286
253
361
242
175
186
287
229
185
283
199
190
267
259
474
239
192
157
555
398
196
182
224
225
245
327
262
208
337
285
238
253
135
303
177
232
279
281
316
210
256
226
449
171
193
169
268
330
178
390
201
128
254
147
227
181
211
212
728
199
289
330
167
196
143
266
271
368
212
217
494
169
150
156
193
358
272
346
214
435
250
353
266
279
188
330
166
140
226
263
284
245
175
213
211
248
134
181
169
180
186
104
172
219
180
205
268
218
486
188
329
328
181
250
216
234
186
190
178
488
165
196
408
195
284
275
62
255
206
202
314
255
286
179
128
175
173
183
180
200
159
259
194
141
181
107
302
186
212
395
267
423
405
163
339
338
203
167
237
186
349
232
232
244
360
357
334
241
261
252
190
255
232
149
226
207
336
274
143
227
182
178
217
165
265
245
86
297
400
242
220
131
306
247
203
134
182
288
307
206
181
225
160
315
170
189
344
210
473
141
203
316
276
221
258
168
42
65
338
251
204
210
264
282
113
293
181
126
144
279
278
442
116
213
179
144
158
209
286
143
295
176
175
230
230
213
289
212
176
204
138
185
213
155
216
347
254
132
233
318
278
148
107
235
234
191
254
118
190
252
240
192
148
442
252
286
176
240
215
171
397
315
93
255
274
230
285
208
181
234
156
138
210
162
145
133
139
102
164
209
238
173
232
545
549
401
267
116
186
144
153
70
243
336
135
201
136
136
180
206
112
163
240
216
241
211
157
250
130
122
125
387
236
114
292
261
114
270
118
129
190
148
117
99
138
166
224
155
289
157
149
434
163
193
168
218
69
199
192
197
69
121
108
246
346
117
124
193
128
226
104
77
189
146
141
139
316
170
125
126
117
97
174
165
140
147
159
48
62
121
243
106
148
207
155
164
274
216
189
146
112
115
124
117
126
111
129
98
195
123
261
101
131
101
152
133
280
279
165
74
46
153
129
128
213
83
172
247
81
120
70
75
87
48
103
115
94
75
96
99
50
155
99
87
160
204
110
85
90
44
75
114
80
51
45
64
89
87
113
114
80
104
66
442
233
