680
794
742
689
655
508
826
692
59
720
731
673
663
657
621
635
584
629
589
694
646
584
567
599
489
530
592
613
660
729
706
765
876
877
948
1087
1051
919
995
888
929
990
1016
936
894
856
776
868
852
821
1039
1137
1089
1007
918
968
999
853
1195
1133
1068
932
1028
937
901
903
903
925
955
914
919
820
862
898
723
541
928
847
715
686
787
844
861
777
807
725
888
803
817
782
895
830
844
781
696
673
634
718
827
589
737
1284
705
788
723
1151
1367
1072
1136
1236
925
1058
1089
992
965
1358
989
765
1087
1199
930
923
535
905
518
805
455
970
779
1026
797
1266
1474
1291
830
900
869
919
612
685
921
1188
680
887
705
846
637
912
810
728
622
671
761
810
588
824
920
913
907
838
807
971
989
698
644
701
748
935
993
870
908
888
705
785
746
775
661
678
938
653
500
835
773
692
685
573
539
650
510
490
452
564
469
670
422
590
802
800
532
564
717
1169
670
668
560
585
992
894
841
794
744
758
661
655
379
778
583
815
759
758
837
752
931
891
800
797
871
687
810
736
487
744
676
714
728
719
739
1011
830
856
741
718
880
670
702
732
876
545
433
416
356
295
417
435
510
628
492
907
1085
487
534
425
1088
684
635
910
335
983
636
876
733
719
737
586
677
630
661
601
577
656
682
753
659
736
700
866
602
1031
524
749
666
709
524
625
789
835
636
453
698
880
645
1487
1431
1440
1042
1221
702
500
460
507
366
337
375
401
688
510
663
630
700
543
641
702
644
661
758
687
629
769
571
773
594
729
638
655
683
784
680
717
831
430
857
599
657
673
622
767
445
1055
705
571
837
815
647
661
657
725
667
522
670
671
578
598
644
667
593
577
556
715
561
594
736
630
1471
1162
629
591
620
572
840
717
643
573
630
887
684
359
614
540
776
714
625
621
824
689
666
752
615
451
447
711
604
327
631
512
555
575
563
590
689
532
619
656
594
576
266
662
606
594
748
616
618
570
626
629
665
342
536
482
591
717
648
831
1517
1293
1097
1575
1163
476
533
792
773
685
645
632
1529
-1
1584
1727
1265
866
1047
368
659
463
1144
459
377
720
727
509
562
553
507
358
555
573
875
497
1040
592
672
551
454
810
957
967
901
1210
1057
1350
1403
611
1086
486
557
520
648
549
490
585
609
830
507
520
604
496
514
578
564
638
588
552
654
704
713
545
983
545
811
667
692
536
593
400
229
287
627
1327
619
527
491
639
544
464
749
564
843
683
627
612
623
538
699
642
576
608
627
400
616
905
712
546
442
543
522
529
631
634
557
576
651
881
1090
1015
896
897
720
936
619
848
627
541
480
757
562
882
525
543
762
991
1086
890
623
573
893
428
361
457
675
472
477
468
517
481
523
762
591
572
440
470
399
971
1120
928
1137
816
645
498
456
527
848
811
805
600
972
1000
1036
583
319
569
707
979
672
488
521
404
450
443
485
472
508
593
528
587
588
575
494
461
462
506
375
441
580
702
628
549
604
475
598
888
551
529
520
454
756
863
937
465
382
474
827
635
460
467
900
661
1193
1088
762
246
559
279
573
408
386
481
727
905
612
835
755
841
672
606
459
320
486
533
698
690
686
683
663
598
588
701
857
895
885
477
487
539
506
754
576
703
473
439
615
517
522
391
690
1078
734
525
455
597
974
712
464
514
493
438
480
431
429
456
419
807
816
897
450
696
534
877
602
592
445
556
556
679
360
411
469
322
544
437
372
388
718
825
990
508
545
554
675
296
364
381
349
397
422
405
754
599
494
498
848
451
435
463
1250
355
755
486
463
506
519
915
643
383
535
408
480
777
672
554
485
441
323
622
402
664
614
520
660
473
819
452
373
357
377
395
518
431
470
358
405
357
449
788
423
480
604
489
698
369
663
420
199
450
480
681
337
311
494
471
540
280
471
542
376
927
511
479
575
621
499
347
832
520
621
543
547
553
391
434
422
436
590
432
369
648
690
713
792
630
555
502
423
403
465
448
379
357
409
499
439
458
511
365
337
402
383
376
369
505
333
307
378
353
255
335
278
467
427
575
612
643
481
380
441
380
436
389
164
551
368
378
621
456
647
507
407
390
389
419
946
458
766
540
409
529
376
390
505
533
406
649
498
433
405
434
551
519
459
373
721
339
306
519
606
552
516
341
683
405
748
785
390
359
351
384
350
478
371
317
315
804
318
422
592
537
441
377
399
600
422
360
371
348
337
632
498
310
447
376
443
340
397
487
418
319
313
352
501
517
505
560
364
532
379
370
582
599
390
351
368
407
375
430
378
554
375
336
326
301
354
388
278
553
427
341
465
315
304
305
450
346
463
404
655
377
468
356
444
514
644
390
347
736
273
415
510
463
396
332
410
432
631
404
298
506
328
776
373
286
403
302
460
315
628
478
349
381
413
205
385
323
564
344
555
343
547
403
359
261
417
371
286
391
855
768
281
526
277
554
405
332
428
461
334
416
333
391
396
388
301
507
417
367
382
360
414
341
501
429
272
355
555
339
320
410
314
339
521
357
265
446
328
300
467
477
346
421
402
296
460
300
263
212
355
400
259
353
240
341
270
582
493
351
237
341
361
458
400
588
286
552
465
272
320
353
354
489
508
326
216
390
545
396
287
275
390
359
332
772
330
297
212
236
613
231
271
315
318
367
296
405
348
354
697
301
328
300
199
154
142
282
455
373
319
319
331
183
336
382
233
468
453
350
277
313
304
329
335
317
226
298
393
499
283
515
253
311
256
308
390
266
482
488
379
302
303
308
326
294
334
325
218
476
212
317
359
276
280
392
512
509
206
497
466
680
303
395
525
493
525
362
419
274
227
320
249
435
320
205
368
249
178
217
270
269
204
315
272
284
251
308
247
310
382
266
300
480
450
338
412
259
246
394
347
263
225
368
390
297
248
249
209
268
393
331
303
373
352
528
264
294
288
265
251
262
466
175
189
105
603
292
249
370
394
399
329
310
180
263
265
246
308
364
271
266
271
421
465
283
603
431
390
250
405
244
462
489
406
298
331
237
230
523
469
257
210
196
459
341
487
210
280
341
327
201
278
190
404
270
245
582
275
227
374
390
387
375
422
417
335
410
287
216
328
340
175
314
262
224
311
297
488
289
278
455
335
298
349
428
391
259
198
385
234
201
440
228
314
319
268
276
484
467
171
455
331
385
341
263
322
313
282
288
336
379
409
278
384
525
327
192
215
533
299
221
219
227
486
355
341
346
322
405
227
426
485
404
268
625
197
350
194
192
258
251
182
353
215
278
237
238
377
232
367
291
454
349
178
236
247
270
175
418
232
285
344
278
334
164
329
296
245
351
292
258
272
378
242
249
227
462
336
440
285
313
200
270
200
218
218
238
540
218
180
215
322
193
171
252
284
305
338
528
222
203
209
229
218
333
266
368
384
476
360
314
277
324
339
448
232
577
395
261
336
525
237
280
525
286
268
245
191
287
292
216
275
145
294
280
282
197
284
263
173
230
167
279
314
332
310
218
329
183
303
206
185
237
217
190
207
92
305
312
241
338
368
335
354
410
331
349
275
396
268
163
175
287
226
188
433
242
220
400
249
390
242
200
170
533
365
225
205
250
211
412
498
265
229
257
331
325
258
146
330
199
219
342
344
349
207
347
239
590
191
213
213
302
386
200
806
284
155
275
175
248
204
210
243
460
186
342
305
191
231
162
244
324
300
216
385
341
187
142
182
165
467
305
390
253
381
279
431
318
381
253
362
214
179
247
284
335
315
189
323
269
242
144
225
162
224
223
229
192
261
190
259
351
269
369
206
300
339
204
272
257
242
217
235
193
385
190
204
395
187
356
304
102
260
213
244
371
256
289
196
143
249
167
194
190
196
214
356
216
152
248
135
324
249
225
327
309
447
310
180
355
355
233
185
305
205
352
207
272
267
344
352
247
280
292
257
200
271
253
172
255
212
332
314
168
264
226
209
236
263
303
227
99
316
301
329
258
146
403
223
187
146
204
252
457
218
171
244
160
288
179
225
278
230
425
158
255
327
414
305
366
177
75
101
359
378
224
201
278
279
124
360
231
151
161
360
393
249
129
261
184
148
183
242
330
157
360
178
201
271
238
266
292
230
204
199
125
196
247
147
226
288
284
161
244
488
311
147
119
383
270
224
264
103
219
330
261
251
172
557
384
319
233
332
266
194
390
335
110
270
347
232
289
222
191
268
173
134
211
151
160
134
133
87
172
325
357
236
264
330
331
235
266
125
194
137
220
57
310
384
131
408
198
123
174
279
139
163
232
198
383
228
150
257
124
130
128
473
328
144
276
271
142
187
132
119
208
131
102
113
110
191
269
135
264
180
154
450
165
191
196
205
67
334
304
212
61
129
120
243
451
143
133
288
156
189
105
76
282
166
171
170
317
174
138
140
128
91
220
195
159
142
189
37
68
131
237
103
143
222
239
172
292
193
195
147
113
104
191
112
130
113
129
96
225
132
264
103
123
114
150
152
272
273
164
75
55
142
143
141
221
76
348
253
89
118
100
76
100
54
124
141
75
94
99
108
62
158
111
101
154
227
112
111
101
46
81
111
80
44
52
65
110
95
103
104
88
111
60
557
306
