562
711
767
707
734
669
796
740
84
737
710
642
547
507
600
661
713
756
656
816
579
651
489
528
447
469
557
693
767
874
749
768
660
784
854
775
804
755
801
798
694
710
660
790
723
657
613
689
565
724
832
705
690
693
705
646
660
665
585
630
644
621
650
571
675
628
730
647
637
638
839
760
763
878
485
469
750
737
616
726
404
617
605
487
621
604
546
413
612
624
796
672
741
861
793
690
354
598
736
365
433
528
715
775
781
541
521
528
534
496
411
460
470
430
460
466
443
386
479
481
435
425
449
604
403
534
303
422
522
415
831
426
439
451
295
455
487
520
375
328
620
502
341
520
395
434
284
485
750
569
677
691
570
458
565
816
708
469
489
697
716
556
564
644
783
785
830
421
429
386
374
410
261
280
276
359
291
301
411
315
229
466
417
574
629
373
245
314
217
202
203
259
224
234
282
279
519
524
368
566
720
417
766
729
642
366
480
537
573
518
730
683
625
598
195
669
566
919
885
789
360
638
548
531
619
632
478
646
487
601
469
740
590
604
521
742
641
542
729
672
879
556
458
359
315
716
471
538
297
220
305
185
169
277
308
421
586
517
422
161
239
179
297
842
290
491
127
509
438
650
771
351
378
336
714
524
527
560
553
548
535
628
613
755
743
552
611
479
527
345
651
636
331
525
765
454
828
422
792
576
717
401
400
417
333
405
781
451
375
484
355
325
348
405
827
343
646
534
715
479
742
720
666
653
660
820
637
420
534
430
453
560
719
500
263
469
554
601
582
283
570
490
613
752
674
521
375
480
442
446
625
484
651
805
594
454
548
603
472
799
640
632
721
773
761
381
597
497
476
502
595
654
357
373
589
673
586
559
507
663
664
684
311
403
514
155
885
726
749
755
421
437
411
309
328
414
625
504
505
298
736
116
827
604
591
753
799
442
660
407
708
673
458
682
273
579
700
706
459
311
631
719
618
457
556
392
531
372
740
462
763
501
299
254
254
290
380
238
394
325
399
564
611
610
265
335
290
277
492
655
335
302
740
475
334
529
520
655
531
344
479
479
419
177
493
648
552
183
218
607
364
260
263
403
388
391
376
365
453
386
397
426
446
389
436
414
347
572
570
559
568
651
302
690
529
444
585
755
778
807
895
691
694
609
632
496
384
650
502
418
633
653
883
163
87
263
827
389
550
489
476
693
545
591
758
754
369
792
797
595
541
678
431
641
704
532
468
186
634
492
491
581
515
788
484
502
310
376
539
624
527
478
419
408
353
367
358
397
462
441
619
626
195
402
540
559
447
512
440
340
337
438
619
595
491
270
232
738
385
560
530
553
488
578
342
472
739
316
130
525
355
359
322
425
362
537
370
617
602
552
286
304
211
183
314
244
323
218
320
519
456
433
395
839
579
469
725
705
430
440
364
359
399
356
705
665
587
593
577
442
405
288
419
566
628
402
685
653
689
387
618
605
805
716
538
374
422
606
283
276
450
411
861
796
404
549
284
258
357
115
428
197
249
345
229
497
438
431
367
275
248
254
300
399
380
147
518
558
690
692
653
672
669
823
756
460
361
349
318
719
623
458
657
393
421
419
285
364
299
613
600
489
407
364
375
582
449
652
354
370
339
451
591
462
684
806
802
805
817
292
403
363
503
433
518
396
592
502
683
614
176
286
355
359
473
353
336
275
170
481
324
413
411
634
554
412
574
222
324
347
149
310
355
477
381
440
424
590
350
371
593
413
280
305
414
512
406
645
629
357
361
113
610
470
187
238
395
406
347
605
295
535
848
403
535
420
620
456
363
561
478
352
459
475
425
505
574
371
421
332
437
276
254
399
431
649
378
434
481
495
346
441
503
380
634
347
750
274
360
214
629
614
390
380
618
737
475
378
538
749
332
568
550
472
774
581
474
551
384
319
453
777
761
398
365
238
336
428
281
416
634
576
529
699
771
774
689
614
521
664
656
495
422
764
286
480
608
601
296
319
330
279
316
310
286
595
581
459
451
379
286
604
653
286
633
693
147
693
104
377
317
653
384
694
613
496
484
293
365
622
406
312
558
331
410
584
671
368
470
347
374
404
374
550
369
411
577
539
361
681
155
478
310
405
790
460
643
566
310
346
715
702
238
529
541
504
459
450
763
374
683
216
392
527
387
456
656
685
505
434
479
409
468
324
398
611
408
334
219
329
270
582
517
433
588
492
540
501
480
487
457
697
614
394
407
308
540
440
512
503
468
393
597
775
370
708
609
649
447
521
430
301
271
536
258
679
788
694
529
510
454
761
636
403
412
891
479
429
525
479
591
204
353
396
507
494
459
556
568
333
378
660
730
232
678
305
584
311
503
406
440
700
286
419
352
766
662
241
480
574
381
410
258
642
368
441
488
442
533
542
402
445
346
322
616
536
254
220
492
575
540
561
522
452
295
593
379
388
445
606
331
487
485
189
485
127
181
650
410
472
611
219
611
425
459
441
325
416
518
498
349
554
657
614
407
501
427
415
551
648
283
291
479
279
327
458
188
492
451
538
292
166
106
383
511
282
394
262
502
308
348
434
691
623
612
300
381
369
420
382
372
359
524
453
472
384
426
345
648
617
233
331
307
541
291
546
362
567
495
438
260
450
386
443
447
344
77
80
66
270
322
592
542
288
639
251
517
549
444
446
348
405
388
421
417
417
426
390
321
370
566
506
535
239
502
402
441
506
528
121
482
335
347
268
614
675
705
193
551
550
332
290
334
495
365
360
355
440
292
288
434
326
690
331
619
498
542
526
409
709
520
426
359
403
359
250
448
349
463
350
277
368
496
526
361
320
409
289
305
447
429
607
640
445
512
365
523
379
377
567
585
377
522
471
413
331
501
526
309
618
265
515
607
310
342
411
415
295
365
406
615
622
605
405
428
155
243
157
370
447
336
346
270
370
399
451
342
325
490
436
622
291
403
366
310
243
250
341
277
268
307
535
405
278
638
366
457
368
431
406
441
264
236
324
302
291
238
673
249
310
329
542
486
159
435
220
354
576
287
281
427
428
415
247
259
251
269
484
-1
607
419
438
358
849
310
461
419
372
559
599
471
501
532
409
316
388
381
253
244
400
268
332
311
289
444
437
485
585
533
359
266
616
233
346
531
551
472
387
433
392
375
316
530
438
643
479
417
331
260
289
379
331
327
349
431
484
333
290
280
278
285
509
313
285
300
330
448
291
365
631
241
230
496
509
321
323
436
430
362
388
304
454
527
503
367
455
217
499
492
533
341
286
316
393
509
267
311
288
496
221
463
549
295
557
360
422
173
469
342
565
265
278
504
637
351
318
262
514
493
291
243
211
212
398
485
382
301
600
454
411
433
318
431
376
435
358
343
624
284
251
311
269
303
435
353
514
449
613
468
412
257
299
278
440
404
526
231
312
452
416
272
212
419
232
310
289
618
323
419
291
381
332
305
335
337
382
279
674
485
412
404
254
366
278
260
354
309
238
280
157
511
487
506
312
397
270
532
495
817
446
452
298
440
255
327
441
390
345
277
316
394
249
248
338
579
437
265
452
485
290
367
372
392
326
298
363
512
320
513
258
483
192
531
377
415
368
410
397
279
462
396
403
302
294
311
313
259
320
294
195
256
484
327
321
311
378
339
307
352
324
563
305
361
261
352
325
398
412
342
269
322
211
249
271
391
275
294
351
324
165
235
642
266
229
259
339
281
239
230
300
179
302
202
369
599
305
329
221
309
272
62
221
284
285
310
302
373
322
326
344
404
207
542
322
337
365
234
279
277
410
429
280
445
419
305
206
348
268
251
222
184
586
327
263
242
430
336
296
325
400
344
394
208
337
308
386
342
277
313
527
338
235
422
317
306
451
398
297
310
243
353
578
613
206
209
300
173
519
455
418
270
348
310
480
401
315
539
256
338
309
299
353
198
339
384
86
506
261
289
348
265
391
311
384
304
351
257
392
479
256
391
343
228
383
257
220
208
230
202
287
429
255
237
221
346
34
43
385
356
278
328
238
554
267
212
288
238
204
411
247
300
232
288
345
289
319
383
299
301
169
241
285
380
209
244
438
439
346
360
276
369
357
265
339
227
523
327
413
299
316
197
212
270
344
318
530
218
295
286
388
475
245
225
235
378
302
252
327
324
240
341
160
373
333
460
182
206
256
299
274
282
292
271
245
206
219
126
313
213
299
225
424
238
239
190
167
231
240
242
313
110
377
247
128
212
189
156
322
243
252
228
262
191
330
346
266
306
168
199
183
222
111
162
219
520
203
236
195
304
418
288
138
190
131
335
227
266
389
188
320
230
291
197
272
273
142
261
265
358
99
210
156
416
317
198
163
154
265
213
129
191
159
260
272
272
376
234
180
269
190
185
165
225
197
129
302
73
122
181
164
147
280
397
222
305
227
383
325
259
195
215
102
218
223
206
238
169
299
237
195
195
213
158
243
162
243
241
333
126
103
261
157
155
391
122
150
207
128
238
80
131
164
93
123
198
111
134
182
186
80
343
208
129
117
167
226
95
172
71
134
104
144
95
68
122
166
118
93
95
139
72
109
482
204
