182
225
271
254
254
237
281
256
45
255
239
232
175
162
231
228
228
258
223
275
201
217
149
163
153
139
186
242
255
287
259
251
244
277
296
313
318
261
297
271
268
280
239
293
297
263
249
254
220
259
332
280
318
297
292
310
294
287
269
302
319
275
287
199
326
292
300
302
344
308
298
263
298
306
198
178
359
298
247
304
166
334
325
267
335
350
183
171
326
228
294
267
281
280
255
196
162
260
270
166
242
218
239
280
271
220
210
223
210
223
211
187
210
189
191
199
180
202
188
203
151
166
163
265
133
227
118
166
271
200
271
180
194
205
113
196
196
200
195
131
240
217
94
208
164
200
83
194
288
276
219
246
229
196
208
292
285
204
199
271
286
212
222
240
246
279
287
187
188
174
169
168
100
84
141
144
157
147
162
161
61
198
278
227
195
129
115
151
120
80
119
124
131
142
150
144
198
198
96
189
212
174
272
248
217
154
211
218
264
306
319
323
168
213
66
264
215
290
292
258
168
261
265
241
297
250
204
279
209
300
184
225
230
241
241
326
257
226
336
334
297
286
222
203
166
308
265
148
141
122
111
85
93
115
102
133
187
209
198
58
122
79
118
302
173
199
61
235
153
223
315
165
179
181
344
225
221
235
222
226
250
261
254
285
291
264
208
219
218
208
309
312
195
277
285
278
266
206
283
267
250
188
173
175
181
178
286
184
114
187
171
100
153
167
284
85
322
245
267
175
239
297
285
307
301
300
202
241
152
170
198
251
280
267
115
184
230
324
248
90
261
226
266
289
237
290
143
207
189
166
260
195
317
298
229
261
217
156
197
305
236
236
240
283
268
218
346
205
205
203
232
307
155
193
323
226
225
271
237
292
302
217
180
218
250
65
291
246
292
308
251
264
193
164
147
171
224
123
122
167
343
52
279
190
196
273
283
165
268
116
271
235
290
259
118
221
265
262
265
122
254
237
257
275
327
176
227
200
314
202
294
212
149
145
116
138
171
137
229
159
201
301
376
387
134
145
130
131
211
248
150
122
260
136
162
189
183
289
314
209
328
345
240
119
296
215
266
110
108
215
201
115
139
212
236
208
196
183
200
195
194
205
223
173
140
200
195
269
216
247
277
290
158
234
147
152
206
274
276
285
293
245
277
242
243
200
166
223
195
197
295
278
334
97
82
88
269
183
235
155
163
272
187
180
276
298
156
232
228
275
265
260
192
271
280
241
219
114
291
202
197
239
219
284
339
310
183
198
196
307
290
185
178
178
167
196
117
188
205
188
293
312
93
185
218
276
199
360
178
163
173
226
244
248
189
116
96
246
178
251
238
254
238
208
143
185
273
159
27
254
142
167
147
209
167
219
173
224
218
351
155
183
112
97
183
84
206
88
179
307
205
222
150
295
256
263
298
304
171
220
142
216
176
128
306
300
137
229
381
276
267
206
230
282
298
227
296
293
322
166
343
247
369
339
217
170
189
362
109
111
200
180
304
272
226
267
134
123
170
54
194
77
159
141
177
231
190
189
187
145
138
111
152
173
195
86
314
245
287
277
297
272
284
269
258
206
203
150
213
296
257
316
262
159
182
170
121
173
233
395
395
121
241
172
155
327
320
258
211
206
162
210
347
216
241
292
288
308
290
136
165
227
365
163
218
199
165
250
244
259
102
137
268
234
292
220
144
155
82
272
183
177
187
339
307
169
237
156
261
248
70
149
258
339
227
208
185
168
143
105
340
174
136
109
235
240
177
249
234
209
179
52
211
327
76
159
169
265
192
268
106
215
317
174
298
243
249
226
215
296
290
183
262
247
228
360
335
279
244
137
182
124
134
266
297
242
236
144
289
356
132
304
245
217
295
85
288
129
160
67
238
228
196
181
284
342
244
227
346
291
146
251
244
266
282
267
258
253
231
178
193
335
282
186
174
75
160
243
126
181
197
196
216
257
333
322
346
301
373
416
393
283
208
294
114
374
226
245
169
171
176
155
209
143
162
264
338
208
207
152
69
189
228
152
256
365
128
268
70
175
210
234
271
256
288
241
240
171
162
239
196
216
241
180
177
215
281
227
344
186
170
253
259
300
169
163
327
160
150
241
84
209
152
180
305
193
219
243
161
152
247
255
174
337
362
228
198
195
368
179
258
99
222
215
94
132
403
297
315
277
333
276
350
223
161
204
249
177
145
187
188
334
385
395
356
352
232
235
234
216
277
248
247
198
178
172
333
319
342
338
227
187
389
313
166
390
426
398
256
357
280
203
207
331
123
247
299
323
148
377
220
297
272
134
155
349
200
192
299
254
241
113
188
194
195
199
219
193
256
201
165
228
328
85
238
198
231
166
220
263
239
285
149
175
149
225
237
132
299
226
167
297
157
484
233
313
286
293
288
227
237
208
190
193
340
340
153
171
313
324
186
336
362
198
147
244
185
200
377
275
150
334
367
102
250
81
88
314
235
261
265
106
315
228
321
345
231
330
397
342
181
338
274
362
315
224
222
200
194
282
175
157
310
150
265
264
120
353
375
234
137
103
50
203
216
75
231
143
377
201
175
242
293
330
324
157
190
199
410
255
248
188
368
317
306
222
233
187
390
318
170
270
155
324
200
329
256
353
204
271
202
293
175
350
396
256
34
32
22
81
212
287
259
73
352
176
245
237
236
246
207
305
305
240
230
228
213
202
184
191
298
275
203
116
402
263
319
240
267
49
175
161
222
193
302
273
287
105
265
430
260
234
328
261
175
226
204
239
149
148
187
128
251
152
194
362
255
237
217
314
155
285
332
324
204
195
221
285
234
288
259
255
305
173
362
141
307
204
243
402
196
240
255
371
408
211
271
258
249
186
263
135
399
319
253
138
308
253
228
282
187
230
264
194
244
203
212
217
214
342
261
295
278
366
255
101
154
114
143
300
281
171
207
139
253
272
283
227
222
365
305
157
294
279
219
207
199
370
210
215
227
168
232
235
228
166
262
215
322
329
322
130
175
246
263
251
85
199
165
224
180
262
258
116
158
113
232
232
155
172
295
360
274
191
201
178
173
178
289
156
275
192
159
285
324
231
395
382
248
268
320
361
335
254
240
237
235
165
169
498
136
257
215
162
182
170
175
310
284
192
102
240
132
209
315
325
317
307
320
357
281
330
342
277
244
311
194
196
157
152
357
197
235
319
155
205
159
175
195
199
189
217
277
206
191
203
426
133
375
189
177
166
310
275
231
263
244
299
237
229
182
289
179
264
114
276
178
260
164
215
264
169
265
238
261
145
196
317
330
103
232
209
196
193
265
222
145
298
261
282
211
213
264
317
233
188
181
171
287
195
151
123
89
289
249
316
258
265
218
201
203
159
392
342
349
218
217
342
157
164
204
172
282
297
199
328
106
319
315
231
147
243
230
202
160
289
71
204
275
275
226
155
251
96
203
-1
281
140
296
254
295
227
277
247
257
189
221
293
325
190
88
156
191
252
119
201
192
144
164
133
250
239
270
155
179
222
235
223
312
212
342
186
268
167
263
154
253
223
217
132
436
171
172
180
307
270
275
184
252
164
385
283
314
145
157
253
211
157
251
179
305
97
265
340
180
168
189
212
302
294
253
257
271
224
286
133
120
242
147
138
131
231
236
253
256
382
269
137
231
174
281
197
262
240
299
224
261
398
149
192
260
146
163
197
179
176
189
207
142
69
185
208
230
196
213
227
202
188
161
211
112
265
195
251
281
191
227
137
298
232
35
160
165
163
269
184
242
129
191
179
288
153
296
173
162
283
209
154
197
295
293
130
217
258
115
105
238
189
181
169
125
274
252
286
233
365
196
245
397
207
111
304
121
271
175
257
220
162
155
241
158
106
282
209
211
246
233
177
235
103
225
191
198
154
169
198
115
281
319
213
213
248
168
338
274
165
269
214
316
206
192
287
218
255
169
36
226
168
206
253
233
171
262
226
257
335
189
168
229
146
345
181
154
225
193
217
146
123
180
155
192
158
198
156
310
14
17
216
105
176
187
156
225
65
159
174
180
170
189
195
152
188
166
229
150
271
233
159
208
111
162
217
265
142
135
194
155
192
254
230
197
237
179
249
200
228
152
220
137
150
127
237
174
266
272
206
117
214
133
158
226
281
143
148
266
137
153
261
153
156
135
158
155
156
162
103
137
209
187
193
152
165
108
169
138
183
106
160
191
120
184
253
136
137
124
96
202
192
254
175
98
223
165
70
116
107
94
198
136
190
108
155
204
111
130
246
236
109
176
121
112
57
108
96
233
176
141
148
188
128
235
95
143
89
233
166
203
200
176
144
103
262
154
173
215
172
150
118
218
62
218
145
248
174
186
123
138
77
172
114
122
159
110
144
145
208
96
121
178
117
147
133
152
190
55
254
63
142
171
122
91
204
184
155
150
127
157
216
185
174
163
74
142
155
126
171
104
151
150
118
124
141
124
171
113
126
124
158
130
106
171
140
140
176
85
87
146
127
109
66
90
83
99
108
123
67
116
143
154
84
151
134
83
94
114
138
90
89
40
116
92
84
45
64
112
103
50
69
69
93
55
71
149
169
