161
105
86
83
64
48
96
80
0
92
77
74
96
115
82
69
63
53
58
65
71
67
78
129
118
102
83
65
83
69
83
78
112
114
124
117
128
103
95
91
97
104
89
105
93
101
103
95
146
73
120
135
130
132
85
127
118
95
174
123
131
108
108
135
79
102
96
96
111
115
84
81
101
101
134
147
85
85
102
77
137
100
92
149
98
78
183
245
82
94
85
102
87
76
81
106
144
98
88
164
182
187
91
81
82
141
177
145
151
198
204
227
210
176
160
155
150
254
188
145
170
145
135
83
132
99
158
116
150
159
81
154
152
131
183
104
114
106
143
203
121
123
160
109
140
139
215
142
88
74
59
61
81
92
83
74
84
141
89
100
74
118
108
86
75
83
71
138
125
180
214
155
224
235
198
139
186
213
125
202
209
119
184
70
63
164
191
109
174
223
207
142
192
186
252
241
107
107
193
57
96
131
70
71
64
180
126
104
90
112
73
77
90
60
118
84
62
70
60
65
119
76
90
86
79
74
116
61
105
81
124
89
80
76
70
74
65
114
93
88
78
80
75
150
225
49
90
88
238
278
138
284
426
173
179
119
60
112
112
344
246
363
120
66
178
106
570
112
84
98
76
132
131
159
56
72
66
52
42
73
77
84
72
74
70
78
61
106
41
185
83
96
127
95
88
126
57
115
66
106
77
104
113
111
118
114
56
75
82
59
74
69
62
53
56
148
67
64
76
57
69
67
71
81
76
64
81
157
83
102
73
80
56
74
158
114
76
72
64
199
90
54
69
62
46
87
136
96
90
62
66
86
61
61
61
146
84
63
89
50
54
49
72
63
60
144
54
84
47
47
80
67
101
98
60
43
52
62
93
67
45
59
200
95
70
289
47
47
71
70
99
104
97
127
113
99
55
72
71
236
40
319
59
68
57
55
51
95
76
111
53
38
107
36
81
61
66
56
105
86
57
48
55
87
85
78
39
62
51
81
57
98
101
98
93
80
99
170
74
139
85
56
61
59
78
75
92
69
88
75
109
118
58
63
77
48
39
61
74
91
96
88
87
166
64
56
82
115
133
76
106
118
99
71
70
76
65
91
83
72
103
65
67
105
73
69
169
61
43
51
70
74
199
53
64
50
38
59
61
57
51
46
64
61
63
43
83
55
97
90
75
33
56
193
103
89
51
71
69
72
34
55
72
61
64
42
83
58
63
47
63
55
124
69
44
65
66
208
33
70
46
56
35
49
55
61
89
73
52
54
54
54
70
61
69
55
65
53
48
73
52
55
144
65
50
80
59
59
61
64
50
54
60
44
64
104
98
46
68
30
26
30
53
27
48
101
56
103
44
36
92
64
67
56
67
78
66
52
45
49
91
78
116
113
62
88
55
69
58
53
75
59
103
44
66
46
34
41
35
42
56
115
48
107
59
59
80
38
35
93
48
102
53
67
53
52
52
29
67
49
43
27
46
38
80
58
47
42
104
80
62
66
35
44
50
54
60
66
71
130
79
190
62
42
0
38
52
84
84
90
84
62
42
40
37
85
46
54
56
51
50
52
54
48
39
48
61
55
54
33
50
57
45
55
16
42
45
29
53
44
45
54
54
58
52
56
55
62
40
42
84
32
40
32
26
33
28
39
27
67
55
41
41
50
58
53
78
67
37
27
113
80
59
56
48
38
85
88
115
36
58
53
47
47
60
91
81
78
47
49
113
65
48
47
45
45
42
53
53
65
35
36
70
36
59
38
28
49
50
43
85
105
41
43
43
60
38
25
38
25
36
47
35
40
59
40
61
42
43
43
32
32
31
27
54
48
47
23
33
51
49
57
135
39
38
41
54
65
54
37
0
59
33
34
24
36
34
96
52
25
39
59
27
50
35
20
38
34
38
21
30
44
49
39
40
50
35
40
37
31
59
37
18
47
44
64
55
42
55
38
38
30
46
35
27
28
30
37
38
19
26
25
14
28
34
28
28
36
52
47
46
41
27
47
26
45
38
34
43
75
82
38
44
17
27
37
44
42
240
59
39
34
29
25
32
32
22
34
50
29
50
30
32
28
19
25
41
43
47
42
35
46
52
34
39
46
48
43
90
18
35
76
42
51
44
31
55
30
48
110
33
32
54
26
27
41
12
11
20
37
23
107
24
59
48
35
36
57
33
21
30
32
27
34
38
24
34
39
44
41
149
43
29
18
10
26
43
38
31
43
33
48
28
34
57
37
37
29
31
27
29
69
9
46
55
23
29
17
30
39
22
39
41
24
153
17
17
19
58
26
54
29
53
39
51
16
43
58
71
39
26
73
45
17
35
37
42
22
50
30
51
29
18
84
28
88
30
54
48
19
42
17
23
54
40
41
43
22
31
54
35
31
31
23
57
29
26
24
29
28
21
32
49
46
11
45
26
50
41
26
31
38
22
29
50
31
21
40
29
35
28
28
27
190
24
74
115
33
33
35
46
91
13
35
26
12
25
32
14
38
35
14
40
43
33
37
32
32
63
16
29
28
20
45
30
38
70
27
16
50
35
180
317
34
19
96
12
37
22
25
31
24
21
18
18
54
46
33
6
41
31
39
13
10
54
32
33
53
18
20
3
21
37
13
38
25
28
32
17
28
20
25
40
30
21
22
540
277
244
64
21
20
24
25
18
21
31
40
19
45
57
27
27
36
27
31
34
36
24
31
39
46
13
40
10
5
27
16
25
50
35
29
14
10
9
13
27
52
9
18
17
29
7
32
36
18
15
28
52
51
11
37
33
38
33
23
48
31
57
26
46
46
13
21
22
33
18
13
11
20
11
14
16
21
11
2
25
35
26
23
18
23
31
13
13
36
38
28
21
15
19
39
22
15
9
40
39
20
18
15
19
15
36
21
21
19
15
35
17
22
14
14
18
20
55
15
17
6
77
19
21
62
13
31
34
34
13
18
22
18
18
69
17
38
30
28
33
21
20
24
17
38
31
18
36
32
24
24
18
14
3
35
29
29
21
19
106
26
65
20
15
24
29
53
19
43
31
18
0
27
19
18
42
23
22
26
29
47
34
45
16
22
20
18
13
31
17
13
27
18
33
19
18
67
12
15
18
29
27
14
21
21
18
28
38
18
18
15
14
41
10
21
25
20
21
23
25
22
15
17
36
13
37
23
29
21
20
28
104
28
11
37
19
18
18
16
21
12
19
23
13
25
12
17
24
26
11
36
7
25
26
20
12
9
7
18
12
20
9
12
29
13
25
27
56
33
25
17
27
15
14
20
13
27
32
26
33
0
24
66
15
29
12
15
20
35
28
16
20
27
17
22
20
18
10
20
14
17
12
35
29
32
24
10
12
11
3
17
25
28
24
51
11
10
13
9
8
14
25
22
2
14
11
14
28
24
23
39
17
62
41
32
15
56
12
12
57
15
27
12
31
24
28
22
31
14
16
25
17
11
26
27
11
16
13
27
16
23
20
12
48
17
15
15
21
19
11
10
21
11
39
35
10
30
38
12
27
20
20
21
14
40
23
19
10
26
10
11
21
18
14
36
16
19
17
13
11
33
39
22
16
20
20
62
38
8
19
11
24
9
18
14
30
12
13
17
13
14
13
28
19
35
12
10
6
14
26
23
37
21
16
12
13
21
21
13
20
17
12
57
23
13
17
7
12
12
16
9
31
13
13
18
23
12
20
30
31
25
25
28
23
17
16
12
13
8
7
11
16
15
46
10
13
22
16
16
11
19
15
26
164
9
27
17
15
27
25
27
14
15
35
19
10
27
15
15
8
24
32
12
13
24
10
28
19
5
19
25
19
11
0
20
16
10
11
8
21
5
15
16
25
14
21
13
10
38
15
19
11
20
24
33
12
17
22
11
8
15
12
15
13
18
21
19
20
12
33
9
17
13
18
17
6
15
10
25
21
8
16
19
10
17
11
32
16
0
17
15
39
21
10
34
13
13
4
13
21
30
9
24
18
17
12
9
18
13
18
35
8
38
0
15
13
14
12
-1
273
55
57
32
7
19
22
5
17
16
10
10
24
18
10
7
21
9
4
8
21
15
7
32
12
13
20
11
35
10
20
12
16
6
11
15
11
13
9
15
16
15
19
13
6
7
21
17
7
15
6
7
38
17
16
16
28
31
22
23
15
14
9
13
52
6
20
30
12
20
19
16
12
10
10
28
10
17
13
18
13
14
12
34
9
14
31
31
17
39
11
14
9
13
0
20
12
24
19
9
14
18
2
5
14
10
9
47
25
10
19
14
12
14
43
69
4
19
7
8
11
8
4
23
8
3
6
3
13
9
9
21
6
9
27
20
8
17
21
14
11
27
15
6
10
12
23
20
11
27
13
18
8
5
5
13
9
17
17
19
22
15
9
8
5
9
10
7
3
13
13
10
12
11
9
8
10
12
10
14
10
15
15
10
8
6
5
8
6
8
6
15
6
16
4
4
8
11
7
15
17
3
4
4
9
8
8
10
9
21
13
10
14
7
6
9
4
8
13
11
5
4
6
1
6
4
7
5
8
5
10
7
4
5
8
6
3
1
4
3
40
4
4
7
5
8
71
19
