447
540
579
555
566
533
623
562
67
581
539
511
436
406
478
483
507
529
491
595
437
481
385
423
367
373
480
530
592
616
590
606
611
674
743
784
792
683
708
634
672
696
676
739
717
648
594
717
510
700
816
757
775
700
680
683
785
744
683
764
795
766
668
615
741
726
734
760
753
734
767
722
781
725
516
375
869
769
555
692
499
711
709
534
831
900
487
426
719
532
724
630
633
673
633
524
447
593
662
411
467
605
559
682
650
592
543
600
559
512
470
468
477
459
473
511
519
409
462
535
465
461
404
654
374
651
305
454
538
447
617
472
452
488
294
484
531
564
340
337
532
602
389
541
395
447
266
471
670
726
580
617
577
516
484
726
674
489
544
709
729
538
543
517
579
636
693
499
466
427
383
415
275
328
316
391
305
289
458
309
212
511
434
620
535
297
264
373
254
218
241
309
226
277
238
290
442
440
293
481
576
450
601
609
526
352
498
568
676
681
782
732
471
533
184
629
457
708
724
716
414
660
713
691
752
674
571
726
576
723
366
653
554
608
654
783
672
568
746
712
671
723
539
398
317
810
567
434
266
202
254
166
164
258
328
400
421
565
469
147
234
171
328
700
287
495
115
572
500
632
758
372
440
346
862
529
539
583
584
577
601
706
598
717
736
718
488
518
541
376
662
691
419
587
676
510
612
362
706
653
619
430
428
446
335
428
684
343
294
381
281
222
258
304
684
281
796
579
613
424
570
723
639
780
694
716
496
415
451
466
551
579
670
728
359
571
654
744
644
229
666
673
658
631
639
661
279
514
424
401
608
516
740
654
563
504
599
468
515
680
559
550
609
617
598
423
748
562
541
557
614
703
364
405
884
577
603
637
578
644
689
576
330
429
650
117
638
560
677
706
517
528
482
389
342
488
594
370
366
285
821
87
651
498
539
665
663
495
615
406
656
645
524
654
201
629
632
581
524
346
702
543
614
540
617
268
672
613
648
530
711
510
315
292
285
311
416
332
504
313
477
794
822
833
312
350
324
308
478
590
354
285
551
356
363
412
394
805
651
343
589
617
460
276
766
522
679
240
238
528
402
298
292
449
471
447
443
406
465
420
436
555
486
371
401
504
353
614
435
685
712
684
306
503
499
387
474
606
600
659
654
591
650
604
588
471
389
525
524
529
705
696
704
236
155
205
619
430
626
406
473
663
434
491
670
682
444
596
591
690
751
617
412
644
595
634
592
243
858
499
468
582
547
734
659
619
359
480
503
726
737
446
410
414
344
472
361
430
501
425
627
648
203
493
592
632
550
688
460
380
377
494
581
567
457
297
276
564
420
614
556
557
640
542
411
583
606
416
188
765
282
446
389
435
396
556
471
547
545
724
309
338
219
194
340
232
379
247
412
837
493
456
511
590
573
674
611
603
446
607
388
379
456
500
740
738
385
503
976
509
478
367
562
731
735
532
700
694
744
344
782
526
671
708
563
403
408
832
241
414
521
480
661
603
472
717
324
294
369
131
494
133
301
305
448
621
428
445
436
322
279
292
386
466
419
176
659
595
698
692
670
683
665
628
574
473
448
409
418
624
612
645
655
379
447
431
348
432
384
776
772
379
562
392
379
746
621
669
466
479
446
498
818
542
608
622
616
612
555
309
353
476
671
398
502
464
470
630
587
725
173
279
433
412
575
388
349
258
188
745
389
418
414
694
663
351
512
340
433
421
156
380
536
661
471
461
495
432
343
333
738
391
292
233
501
672
347
459
423
395
408
133
504
592
199
260
341
581
434
619
240
476
643
397
661
515
613
547
446
759
701
325
688
651
566
647
766
534
716
265
543
344
294
694
600
624
461
329
646
646
281
491
551
453
560
268
551
278
381
162
563
508
521
434
650
746
606
525
692
519
326
599
578
557
719
640
637
578
594
399
473
675
570
416
354
267
378
520
284
417
436
414
420
590
648
636
627
632
617
754
749
686
315
572
365
630
515
613
426
418
457
398
397
336
426
699
731
416
454
408
269
493
520
263
594
623
265
620
97
408
413
589
517
616
526
535
506
298
381
557
438
431
575
396
447
547
538
551
702
393
327
503
479
652
368
397
737
403
390
477
193
438
331
397
676
411
611
532
387
350
624
612
272
1160
-1
549
495
505
560
432
543
203
444
629
311
361
787
687
679
605
640
585
599
420
370
484
512
403
232
461
290
657
803
731
715
702
604
604
579
581
598
586
552
510
481
407
686
529
735
655
588
457
616
677
362
626
617
631
589
767
649
359
288
723
244
487
535
559
378
706
558
532
700
476
373
578
426
482
577
607
494
206
385
415
450
490
397
446
640
416
348
589
491
280
519
320
525
364
416
574
540
548
362
488
428
506
643
280
669
402
370
541
343
725
412
632
650
508
667
531
425
547
394
386
676
677
285
280
620
536
496
715
686
506
396
507
328
413
585
616
330
635
696
192
488
171
159
662
479
609
676
255
637
595
609
586
501
568
665
681
492
660
621
602
501
441
403
375
429
527
383
344
699
322
439
607
220
629
754
639
333
164
98
510
595
263
497
312
613
383
429
625
535
569
567
303
503
371
484
511
418
434
648
605
619
488
508
375
526
507
277
485
350
420
517
640
616
753
470
453
314
536
344
680
617
512
58
62
47
194
425
536
449
296
547
303
620
623
474
593
441
569
538
500
496
502
497
453
337
406
705
606
459
249
600
524
618
471
573
165
381
280
397
324
552
479
503
194
621
725
386
386
522
580
359
476
437
408
317
314
351
260
520
329
387
708
552
553
429
508
374
470
555
518
445
390
582
368
511
541
467
491
464
422
510
411
576
321
371
578
400
528
545
588
668
421
622
481
451
368
434
350
683
517
486
400
628
493
379
505
343
460
486
445
537
416
391
375
399
631
483
545
516
583
453
171
308
195
436
577
463
361
431
314
465
525
374
470
424
625
528
376
608
434
435
306
338
454
376
350
348
455
493
419
558
307
501
509
587
451
473
290
288
449
432
415
275
471
254
339
352
529
497
222
423
302
459
459
224
364
612
515
493
305
300
292
295
358
541
401
545
329
297
513
499
532
577
560
483
456
649
541
533
467
404
412
405
291
290
463
323
382
371
343
445
369
444
513
477
481
275
586
333
351
626
653
593
560
543
569
607
465
548
489
540
594
454
420
295
376
481
373
458
525
350
395
321
267
286
272
374
511
483
360
371
349
467
272
467
475
311
289
472
447
365
396
339
523
436
470
335
443
412
463
434
488
275
403
367
449
356
360
436
504
561
253
385
463
581
263
452
444
304
357
458
608
176
535
476
635
370
375
394
512
456
437
366
351
364
348
310
271
284
476
539
375
354
463
429
472
481
296
461
509
445
345
328
536
379
266
345
286
357
563
484
811
294
758
400
477
263
413
385
485
325
561
230
384
498
483
500
249
486
316
409
362
487
292
600
389
556
357
442
401
362
513
268
571
470
305
371
194
349
364
298
410
372
225
351
198
500
500
438
359
513
317
463
404
534
466
468
318
507
332
324
401
379
351
341
379
524
258
333
296
480
449
381
421
506
350
478
527
439
450
356
414
384
288
505
275
460
225
568
460
344
310
316
334
434
537
455
557
394
452
468
272
298
413
319
209
269
460
345
441
441
440
419
288
331
311
513
356
419
355
394
308
406
404
355
308
350
240
284
259
350
361
293
381
349
157
369
449
331
240
322
423
388
235
228
309
178
465
293
462
371
219
423
295
433
329
58
252
336
319
437
294
425
303
391
291
520
258
474
380
307
436
273
314
343
375
368
262
376
481
221
173
465
330
293
269
202
415
421
383
304
392
383
390
451
307
332
388
234
414
259
470
340
389
353
515
307
262
367
306
322
360
314
268
462
276
385
396
397
286
340
419
177
481
457
401
341
487
276
503
424
387
449
311
450
446
270
564
272
462
330
68
531
340
325
436
371
467
370
356
351
393
401
359
364
304
441
278
325
324
410
299
220
258
251
310
533
271
252
257
480
27
33
459
332
348
319
362
427
225
235
339
345
278
528
295
276
283
374
389
271
458
452
280
299
219
315
340
473
219
358
480
359
307
390
271
336
415
247
468
290
407
252
316
321
374
212
310
320
457
530
425
186
352
354
389
356
335
245
262
473
353
255
441
258
289
276
222
324
386
323
228
227
357
292
266
243
376
241
329
236
259
179
376
279
325
281
473
243
249
254
158
290
326
309
334
111
423
276
220
231
167
225
223
254
270
206
233
270
342
290
373
372
235
243
237
277
103
144
190
493
289
249
222
228
300
284
144
278
119
389
225
251
332
223
253
230
346
212
370
302
170
368
322
417
140
320
233
487
314
297
201
216
214
342
134
195
200
200
297
301
394
212
222
249
223
200
218
227
249
106
406
110
174
244
205
194
314
361
238
277
246
311
386
309
241
232
123
257
271
236
276
170
387
268
249
224
226
168
296
218
254
249
259
185
173
283
194
193
323
143
180
240
123
192
87
154
162
149
141
226
91
189
230
209
126
278
178
144
173
186
193
136
135
81
190
142
162
83
92
174
192
80
136
140
156
90
155
432
230
