738
891
835
771
739
610
928
787
80
808
791
757
718
711
703
711
684
699
677
796
710
669
595
654
576
620
663
680
783
826
817
789
934
938
1048
1105
1136
1000
1057
937
1009
1065
1075
1073
996
899
842
974
902
898
1129
1204
1184
1073
1016
1100
1135
969
1240
1312
1220
1027
1164
1005
1013
991
1021
1020
1065
1065
980
872
977
1028
790
629
1001
967
742
756
839
954
980
910
950
847
929
877
945
862
977
942
919
861
818
727
675
785
927
650
878
1366
764
887
840
1212
1396
1216
1259
1348
1056
1122
1129
1048
1092
1427
1065
880
1133
1248
1044
949
628
954
582
873
502
1081
881
1125
896
1356
1361
1317
840
978
978
1057
727
704
1106
1445
732
1063
804
1081
628
1124
876
826
699
740
761
887
686
924
975
1153
1068
927
871
1076
1089
804
735
828
866
1020
1063
935
1005
955
688
791
822
856
718
716
978
722
530
1000
865
763
670
639
627
712
552
516
541
640
584
830
535
693
864
864
512
621
803
1405
756
744
667
729
1212
1030
959
907
870
850
703
704
437
851
625
891
830
847
920
810
1095
957
927
878
868
811
910
870
558
822
740
803
813
818
877
1159
933
963
806
856
1023
765
844
848
960
575
501
514
425
358
550
521
486
657
565
1043
1061
516
666
473
1079
773
760
1078
424
927
678
983
868
827
829
643
791
666
667
624
584
704
853
917
781
837
808
899
665
1104
589
874
727
761
596
698
897
1033
732
511
766
1006
789
1446
1407
1444
1100
1234
831
543
508
546
441
434
463
471
742
494
771
696
797
589
714
821
718
767
929
795
649
894
604
858
642
816
742
713
721
884
777
867
953
388
1067
661
755
803
668
873
512
1038
710
583
785
870
715
758
701
830
849
586
794
738
629
673
720
756
696
710
683
780
623
644
879
745
1567
-1
765
633
673
718
983
832
740
630
778
1016
764
445
666
652
859
847
802
767
891
742
633
869
713
464
463
796
698
407
712
586
602
637
623
613
792
601
672
728
739
697
333
797
693
672
849
639
680
653
715
780
797
425
577
529
668
831
710
1001
1300
1118
970
1243
1240
594
658
902
955
807
779
750
1073
1162
1040
972
1046
836
837
443
773
516
1123
560
451
830
865
603
740
733
666
380
662
646
960
520
784
636
772
649
570
966
1059
1124
1070
1359
1057
968
1140
669
875
582
598
616
767
597
586
701
717
956
572
563
622
515
601
671
671
736
646
619
722
818
776
561
1054
604
1030
805
787
580
675
426
223
303
691
1033
767
586
525
714
639
526
840
671
860
751
679
716
744
632
856
768
646
702
744
447
679
783
631
606
507
635
639
627
651
633
548
663
729
702
818
758
674
725
638
742
633
882
738
628
556
746
666
968
634
683
700
749
821
769
763
645
842
485
384
539
762
542
505
507
575
524
518
890
680
600
395
502
460
815
823
766
860
993
690
608
536
623
780
775
680
511
777
661
722
601
365
616
879
821
706
580
583
481
544
515
525
565
539
770
565
606
671
619
552
506
555
651
493
517
641
781
752
597
711
561
712
639
627
530
629
504
907
702
747
491
439
457
770
726
538
521
983
725
1122
1012
861
326
631
331
631
430
435
552
702
904
662
697
648
722
637
553
463
370
554
630
788
740
756
740
721
664
630
688
1077
707
736
540
566
645
609
630
524
638
494
494
778
595
603
435
839
908
767
630
546
742
723
583
517
490
557
535
516
522
518
534
490
699
622
777
555
713
602
744
649
732
548
665
667
765
522
532
552
433
578
452
367
468
846
824
754
569
663
685
743
331
479
497
400
470
451
503
609
605
550
557
680
521
485
467
906
400
868
556
488
583
577
708
754
356
567
475
497
589
550
552
498
471
358
650
479
569
687
594
743
554
777
505
455
463
459
461
570
525
527
391
462
413
460
639
484
587
580
530
832
440
798
492
259
537
529
784
364
330
561
564
614
312
557
612
416
797
617
515
646
676
596
418
731
607
702
618
637
652
439
508
508
482
756
469
420
689
570
550
639
740
571
555
480
430
501
542
430
406
464
568
472
498
579
411
399
467
389
435
430
574
373
345
419
395
306
410
343
499
488
545
610
667
491
432
542
462
492
487
194
599
433
421
762
530
593
584
470
413
452
549
697
526
662
462
450
648
436
431
556
526
494
813
561
564
495
521
480
470
557
410
781
397
353
583
483
656
565
359
724
481
664
890
445
413
340
430
405
538
424
332
374
757
388
430
506
643
437
439
465
691
517
423
416
411
404
720
561
353
582
458
551
399
481
604
502
383
369
411
579
617
590
703
454
628
421
425
688
490
469
424
492
458
409
518
411
635
399
392
357
348
389
460
319
556
493
409
630
331
357
342
481
402
553
471
772
414
528
411
552
569
770
471
415
541
304
418
471
564
432
362
480
559
735
473
341
517
380
913
427
335
475
355
510
350
705
532
403
454
475
232
444
391
620
435
572
369
651
487
413
318
466
383
319
452
751
633
352
633
372
689
491
384
480
537
397
473
394
459
398
467
353
606
387
449
453
420
472
368
462
484
335
414
658
446
357
457
347
379
495
391
306
509
343
324
535
534
409
453
418
332
543
347
285
236
403
420
342
393
315
413
315
716
457
417
290
393
397
527
386
550
318
456
504
324
349
381
387
461
517
377
256
469
471
428
315
303
487
404
400
702
379
332
279
316
513
274
298
375
376
448
332
452
346
423
599
341
378
373
230
208
166
331
381
426
358
370
359
206
421
458
278
525
534
431
315
405
388
402
396
378
299
372
445
573
317
419
283
339
314
347
468
268
522
550
326
261
349
348
403
320
396
329
217
441
235
373
381
288
300
463
452
448
224
407
517
679
356
441
629
563
628
428
487
337
237
347
300
499
367
216
409
284
208
268
304
307
215
384
307
329
337
375
276
365
447
295
328
489
539
406
445
298
277
442
407
290
265
418
445
337
329
283
217
294
488
390
306
323
333
562
309
340
313
315
303
310
599
243
203
129
665
350
316
472
355
316
401
351
195
303
318
308
339
437
310
321
317
508
578
309
479
460
408
314
430
290
541
429
465
346
387
256
249
410
420
322
269
244
475
390
595
264
295
400
353
276
324
233
507
294
321
573
320
262
462
409
418
397
472
511
373
470
323
230
283
381
199
371
310
281
340
357
518
314
305
609
346
288
324
454
416
298
257
350
262
229
487
264
360
335
307
317
435
545
230
381
382
443
395
279
363
354
303
309
404
406
447
319
411
436
425
231
248
589
310
260
244
243
447
311
346
344
396
479
254
506
378
425
289
455
220
386
236
204
305
302
197
425
246
326
261
264
369
260
372
346
490
424
241
267
272
317
207
503
275
352
426
371
393
191
376
320
289
415
370
311
309
409
220
301
252
478
378
518
296
358
233
299
228
246
244
289
443
267
202
234
333
226
195
297
310
360
383
426
238
247
249
223
215
347
299
340
317
364
290
338
323
359
390
524
258
713
455
295
311
640
251
316
449
374
318
298
216
293
335
246
327
193
313
352
333
231
333
299
200
273
205
310
263
373
353
232
331
186
369
255
212
263
266
239
244
113
377
402
276
378
448
287
427
402
371
437
312
403
335
205
192
291
251
234
395
263
266
452
285
327
272
241
226
495
421
249
228
281
239
493
619
297
257
234
389
369
291
158
427
244
241
327
326
347
215
387
276
640
219
257
263
292
335
243
690
298
159
324
200
294
252
226
298
384
204
447
364
237
280
192
267
292
312
249
450
289
213
172
202
196
398
413
440
295
404
292
449
352
305
242
323
249
215
223
220
301
371
197
264
322
262
171
248
196
258
278
220
231
323
215
295
359
296
393
235
270
390
254
319
271
250
243
216
257
374
196
241
354
215
423
346
91
310
265
296
302
315
326
224
166
282
193
249
195
248
235
417
257
169
279
143
405
275
245
312
349
360
310
204
293
333
240
214
288
225
321
239
289
292
345
332
233
326
321
293
223
316
310
199
274
250
377
363
209
291
247
244
275
306
360
232
97
362
282
411
298
168
435
245
213
170
240
253
495
237
202
319
182
249
216
240
276
272
370
193
305
362
314
282
434
218
98
109
472
394
247
244
290
317
130
310
263
175
176
433
334
227
159
277
202
163
223
278
272
181
368
195
249
313
240
293
348
263
221
237
138
228
271
170
255
230
306
175
275
432
355
185
148
422
327
264
304
116
259
335
268
273
236
451
400
348
262
309
314
206
330
344
136
266
402
271
253
272
208
257
194
148
223
160
180
156
142
104
207
291
417
294
322
259
259
226
234
139
230
145
258
69
354
303
151
376
194
135
228
287
151
209
200
186
467
243
188
314
138
167
163
461
283
145
223
347
164
168
163
141
265
161
139
124
135
214
295
166
308
232
169
360
193
179
217
241
77
402
373
264
71
155
159
285
408
145
150
280
162
194
127
91
241
172
184
184
334
197
158
164
158
105
213
222
172
133
211
47
73
161
212
109
171
254
265
183
266
256
210
156
132
133
255
144
165
144
159
123
266
157
277
126
137
130
186
149
255
254
180
90
67
172
155
154
243
87
343
224
107
138
105
94
114
70
133
168
83
107
112
115
62
173
116
117
165
238
125
145
127
59
79
132
95
55
52
87
132
110
96
96
101
104
77
603
313
