1089
1331
1301
1215
1177
993
1351
1270
136
1351
1176
1088
997
938
1003
1046
1028
1088
1055
1300
960
1132
905
1064
911
884
1166
1140
1326
1284
1417
1203
1282
1417
1439
1533
1818
1554
1586
1498
1541
1574
1486
1724
1730
1623
1519
1801
1247
1757
1654
1500
1435
1374
1415
1375
1372
1420
1299
1277
1342
1505
1427
1212
1282
1319
1547
1362
1292
1300
1471
1687
1434
1532
1243
955
1359
1608
1123
1273
855
1250
1145
950
1254
1243
1164
914
1175
1257
1596
1353
1410
1498
1391
1223
854
1424
1579
815
836
1144
1448
1605
1445
1137
1090
1104
1134
1036
902
1015
1027
940
936
967
1023
835
968
1017
975
924
1134
1423
888
1360
767
912
1079
863
1451
868
844
895
630
1021
1132
1231
745
635
1221
1126
819
1154
893
914
601
955
1227
1394
1400
1605
1392
1091
1162
1319
1408
1045
1029
1275
1525
1168
1146
1048
1359
1540
1419
960
910
869
823
822
601
639
578
797
616
624
869
646
515
1003
797
1553
1354
642
561
752
471
489
476
586
467
507
557
603
1055
1056
644
1139
1165
867
1221
1236
1162
760
991
1293
1057
1031
1227
1153
995
1241
562
1445
1036
1394
1458
1230
778
1361
1154
1148
1222
1295
1049
1577
1011
1259
780
1210
1192
1239
1249
1267
1471
1070
1467
1344
1332
1175
943
735
653
1260
901
1076
683
422
712
452
385
690
805
913
1037
1009
867
317
471
361
607
1356
667
933
284
998
1148
1336
1546
730
783
655
1167
1222
1253
1225
1218
1347
1326
1428
1451
1500
1384
1071
1048
953
1206
712
1127
1098
602
865
1313
902
1200
889
1441
1104
1355
781
764
793
624
762
1559
768
754
804
670
621
606
737
1332
783
1201
1282
1162
981
1300
1579
1348
1103
1257
1257
1053
850
1006
992
1118
1277
1249
945
577
1050
1254
1212
1075
520
1161
1195
1233
1389
1399
1060
754
1025
793
857
1028
976
1134
1298
1194
915
1164
1089
1106
1184
1246
1177
1062
1210
1324
771
992
1308
1219
1261
1146
1154
691
697
1084
1436
1506
1164
1058
1278
1039
1245
711
858
1174
296
1188
1207
1397
1380
918
957
905
750
756
894
1127
800
796
555
1128
222
1196
1019
1007
1200
1181
996
1318
935
1147
1234
859
-1
548
1334
1288
1397
912
739
1518
1093
1439
920
1014
624
1156
919
1257
1039
1418
937
568
504
457
527
742
469
701
681
932
1151
1058
1026
507
576
579
481
941
1153
630
802
1265
749
610
991
795
1185
976
653
895
894
969
392
877
1315
1017
280
415
930
762
524
557
715
721
774
689
716
823
667
739
1037
800
858
854
948
726
1195
968
1310
1269
1118
556
1267
1124
974
1060
1281
1367
1246
1142
1327
1250
1260
1168
973
723
1015
977
826
1238
1335
1216
281
219
557
1272
683
1258
950
1066
1251
988
945
1409
1243
761
1181
1130
1281
1199
1275
878
1278
1255
1136
1078
384
1038
870
728
1332
1160
1195
1036
868
632
828
938
982
938
761
767
754
641
661
653
701
1020
811
1126
956
404
891
1346
998
1061
788
796
632
623
765
1240
1107
774
650
544
990
751
1075
1137
1059
1065
1039
777
989
1162
699
318
972
652
670
597
658
638
987
876
1242
1215
875
527
560
347
357
554
434
554
460
674
838
853
633
824
1077
928
900
1087
1051
1043
875
843
780
878
766
1032
1003
890
1008
814
796
602
519
806
1021
1040
856
1105
925
1179
602
911
717
1140
901
919
634
696
800
526
732
842
928
1097
1060
629
977
517
475
616
272
885
354
431
621
494
969
690
743
718
600
482
522
583
760
692
362
857
1251
1136
1058
1084
1057
1032
1225
1124
860
622
564
532
947
1099
810
1112
670
691
804
668
788
507
849
840
822
644
684
596
918
717
1575
544
527
773
738
904
813
965
1087
1026
1093
927
519
564
558
733
712
909
647
987
1085
1163
1123
388
566
520
606
722
508
659
497
343
661
627
701
627
883
872
837
1105
396
680
641
357
501
602
635
511
712
877
862
543
839
768
702
499
559
758
699
710
870
831
507
783
262
932
688
389
382
553
613
596
914
606
784
814
630
797
596
1159
1022
560
902
828
674
690
700
865
703
831
572
723
627
721
546
591
570
595
1082
601
617
815
831
431
608
881
559
663
598
902
548
612
385
1106
996
818
620
784
829
705
604
703
749
548
876
1253
688
1105
1099
923
1028
783
670
863
865
730
585
492
429
512
601
458
974
1041
925
1081
1079
764
764
789
836
671
769
738
728
646
907
587
591
880
1273
537
433
497
434
360
465
401
859
813
638
651
723
586
870
835
564
1006
805
241
1099
195
610
510
1262
495
1237
728
810
760
471
564
1029
553
446
822
545
813
889
838
510
665
568
610
777
680
1025
536
548
808
854
679
639
494
884
513
735
1030
580
1017
1033
501
649
778
742
396
654
654
859
813
692
600
568
742
351
464
952
594
763
752
1245
783
644
725
753
582
462
603
712
644
760
415
662
513
795
643
540
771
716
943
936
904
971
782
1287
774
582
845
472
763
573
752
654
775
762
636
1080
780
698
686
631
726
818
583
441
383
619
544
634
626
632
731
560
848
791
1091
697
662
666
762
1003
839
799
882
374
504
590
637
1019
591
717
681
438
638
959
547
544
689
516
975
541
869
651
784
657
478
839
671
891
858
285
735
722
552
607
468
635
579
521
597
575
699
725
543
947
534
497
646
800
559
426
652
649
960
710
552
777
679
982
411
736
525
1195
554
528
587
335
632
236
320
645
609
785
1062
497
661
747
602
449
427
492
543
608
630
640
818
683
554
634
591
470
745
629
351
313
587
580
423
603
310
540
490
1088
547
316
237
704
810
606
478
435
547
348
414
586
703
566
566
492
643
493
383
695
400
723
569
526
787
550
509
514
629
568
400
469
482
460
524
588
472
636
657
403
292
581
466
637
512
587
165
201
141
415
327
740
622
663
562
247
777
913
587
906
578
607
521
741
720
736
714
662
467
573
682
824
688
432
451
409
597
605
743
373
556
523
372
263
637
714
736
425
693
548
336
356
337
622
689
563
557
560
488
484
387
352
738
537
774
594
739
717
609
741
798
561
336
487
539
335
720
366
777
469
370
501
476
546
374
666
619
394
346
491
491
686
984
449
513
484
733
474
455
501
489
544
574
455
522
654
727
677
407
553
275
581
790
349
360
413
399
353
559
568
692
585
551
432
727
334
259
155
707
602
377
566
294
390
588
523
337
501
631
439
574
657
494
453
464
322
356
383
340
313
345
700
538
433
1072
374
625
563
551
386
434
357
292
420
436
393
459
671
469
348
423
844
746
310
590
316
525
502
564
385
528
434
711
301
326
288
332
707
682
669
591
383
304
637
307
643
415
394
672
674
649
489
472
774
342
418
374
334
322
389
398
297
438
340
892
517
693
563
527
516
504
997
349
395
564
656
538
448
467
496
485
341
624
465
863
501
818
373
536
327
354
396
375
368
569
462
382
267
286
278
358
793
324
336
383
388
460
415
352
683
271
250
548
526
389
352
351
508
385
427
329
518
674
635
665
558
369
453
453
703
384
400
397
524
692
576
600
298
524
581
561
913
553
515
468
801
164
511
458
714
307
324
387
579
463
401
337
479
390
350
359
268
313
379
632
404
301
495
582
598
853
454
384
404
411
310
309
631
497
244
277
307
273
473
460
648
668
842
443
688
445
397
274
754
483
553
361
359
546
552
393
207
497
422
537
259
557
428
525
395
425
392
329
366
298
487
249
621
514
476
576
228
623
393
323
494
538
348
316
137
595
602
513
555
842
253
814
463
651
828
377
415
605
286
378
533
457
401
302
386
374
360
432
320
468
366
342
601
741
525
352
399
422
674
481
361
429
293
658
276
445
243
826
377
415
341
317
382
273
594
387
576
274
448
324
309
313
355
414
230
378
696
265
457
329
366
364
384
395
544
564
398
430
235
331
269
375
374
460
266
309
224
287
227
421
553
372
519
598
369
296
620
250
192
266
448
351
213
211
295
302
345
194
410
450
227
350
275
320
359
108
349
468
298
327
284
487
532
340
281
579
325
511
413
346
397
203
377
419
342
343
310
446
700
511
213
481
408
297
212
387
582
378
287
227
347
495
309
335
443
690
431
211
397
301
599
381
356
456
696
365
488
322
286
323
382
331
272
398
364
320
550
543
258
298
319
243
499
524
461
348
415
381
427
450
519
655
316
350
403
269
415
223
552
387
172
559
313
396
414
287
580
310
414
278
381
384
496
398
320
409
358
239
351
323
218
252
382
240
318
749
250
212
253
331
36
71
703
603
383
340
296
567
289
249
370
290
268
787
252
265
231
375
316
344
347
477
309
303
212
272
315
459
228
363
676
458
436
373
269
370
425
235
388
205
588
322
373
341
542
277
227
299
440
357
499
193
360
507
540
463
291
338
314
475
433
260
360
368
263
464
189
387
508
557
214
269
280
256
304
267
429
286
255
216
239
124
331
203
592
254
526
259
260
215
218
208
302
209
380
151
476
271
201
245
186
170
340
286
271
395
224
180
573
385
258
375
188
264
250
389
193
141
206
671
244
218
225
254
477
267
189
223
214
417
234
237
431
202
283
349
278
170
340
320
117
438
404
499
109
211
193
447
351
236
202
175
287
213
126
213
180
291
296
297
439
354
200
309
203
223
184
279
238
229
328
85
133
216
174
143
270
401
249
304
276
467
311
247
184
190
242
213
224
201
244
194
489
224
318
194
224
168
262
198
256
255
406
136
108
326
182
182
392
162
239
219
137
226
82
121
224
104
111
230
155
157
171
179
86
303
187
153
146
203
196
102
167
92
139
115
171
92
83
165
218
149
107
106
171
85
129
977
240
