586
658
632
622
606
534
702
638
67
645
567
521
547
488
483
489
466
504
500
562
481
534
526
534
489
444
515
518
635
586
626
608
717
647
732
805
947
727
802
684
765
838
773
863
793
744
690
793
590
843
904
846
811
938
714
864
843
798
756
753
895
836
718
776
768
733
786
789
732
768
792
877
740
770
682
402
774
809
528
590
599
664
649
744
798
730
723
409
693
621
767
935
632
661
733
574
538
841
716
504
538
725
743
685
651
662
618
661
668
653
495
616
602
543
584
581
635
459
616
554
641
659
516
693
403
963
295
620
565
498
672
490
540
511
446
530
694
739
402
541
665
609
610
688
543
593
460
626
765
914
670
705
652
692
559
725
703
738
642
643
743
634
708
504
606
688
654
568
566
436
430
524
405
483
306
472
338
355
511
362
436
594
520
809
659
449
307
430
260
276
268
327
253
273
401
346
562
565
421
473
705
529
572
558
493
521
616
588
662
718
614
601
531
561
226
729
517
640
683
606
456
804
673
643
825
738
651
804
664
696
355
658
558
609
681
696
749
612
750
766
727
704
504
383
337
688
472
598
436
320
376
240
259
379
398
499
518
676
535
269
274
212
372
632
305
575
203
623
638
738
798
398
535
362
669
626
643
574
562
765
748
893
722
727
690
695
562
550
501
369
484
611
583
758
769
475
564
475
693
851
665
486
455
485
343
458
669
385
401
369
335
364
299
339
618
372
700
577
717
484
584
848
736
667
793
590
497
437
621
572
801
987
689
783
417
685
875
767
595
298
675
803
700
566
668
528
376
468
352
423
559
412
704
622
567
563
685
512
603
600
634
483
665
587
647
451
657
481
562
570
714
712
420
403
631
544
627
677
680
678
557
741
371
398
831
230
546
580
620
647
526
517
529
418
527
522
533
362
359
289
683
187
574
518
637
657
535
742
799
468
592
683
489
671
318
627
664
660
451
426
642
568
720
447
543
271
646
604
552
467
637
580
358
288
333
325
424
504
425
351
489
655
568
539
343
349
407
323
475
549
427
379
549
374
359
469
373
672
539
476
548
554
576
352
628
503
620
323
232
692
333
323
268
370
392
397
388
406
442
377
433
628
545
343
387
499
363
542
486
671
847
573
433
596
609
506
461
600
582
575
578
581
737
568
590
515
374
576
584
413
784
585
654
374
123
275
592
408
812
456
509
635
522
522
655
555
453
650
532
814
678
725
672
767
582
689
641
348
558
494
393
729
746
625
570
509
333
465
496
555
485
392
391
384
350
428
360
423
496
433
537
513
241
506
584
570
648
479
423
354
374
507
754
720
412
666
570
495
411
621
576
553
787
682
379
622
568
489
165
527
323
402
372
377
373
591
346
626
597
555
288
286
278
238
306
310
319
268
391
535
505
364
594
481
463
606
512
486
408
549
555
401
458
554
641
558
426
498
598
441
368
475
533
561
606
495
697
471
680
335
558
395
592
482
548
410
357
494
303
579
510
612
514
517
376
497
323
304
338
144
558
233
243
318
377
542
390
467
417
356
304
289
351
390
376
142
671
707
578
547
572
528
534
520
527
446
363
357
336
454
535
467
582
369
361
358
317
398
285
545
517
408
399
360
343
587
414
673
374
359
428
388
541
457
465
480
473
508
427
274
327
344
464
345
695
372
525
772
588
670
175
278
346
424
537
339
453
317
265
508
348
369
365
558
512
392
579
277
454
405
133
424
384
405
357
333
424
418
305
391
485
371
325
261
439
403
368
498
487
322
406
148
433
461
163
290
306
378
396
575
304
418
430
331
506
348
622
485
323
602
499
324
437
467
673
478
585
366
488
290
554
338
451
340
394
528
341
330
511
514
175
496
460
335
437
276
425
275
285
178
525
645
427
346
433
536
433
333
398
363
289
554
576
441
557
708
507
558
531
415
494
412
492
305
297
283
303
366
268
483
467
452
510
508
432
417
407
441
480
516
428
386
404
461
404
421
478
544
338
382
418
426
314
276
354
424
522
323
320
488
383
500
418
280
473
508
241
522
134
357
296
552
316
581
363
382
413
270
348
500
312
286
415
308
475
522
450
327
433
306
289
454
378
740
293
308
577
397
542
328
198
567
266
384
509
453
565
599
276
402
437
434
215
404
428
752
436
370
351
312
412
229
288
620
328
413
433
598
547
503
593
549
413
265
283
334
352
481
207
479
361
531
425
397
441
477
575
530
570
743
456
598
420
431
479
308
572
468
488
417
492
502
402
558
603
370
370
364
546
460
398
247
183
412
299
399
373
365
367
447
803
393
547
483
357
385
388
746
604
536
552
191
308
339
336
438
319
348
452
270
332
588
345
338
422
308
497
345
492
455
532
346
278
1218
-1
420
547
189
580
304
305
365
227
375
327
322
498
312
431
534
384
455
330
308
381
521
327
239
414
405
368
507
418
775
530
532
231
316
378
524
270
366
397
366
344
126
179
414
450
658
607
421
352
538
408
275
310
332
338
469
341
344
538
393
342
459
374
337
460
301
264
231
480
542
339
390
275
377
327
630
289
223
162
383
435
383
308
285
357
246
267
374
386
357
355
229
450
305
285
671
246
676
349
323
424
460
316
335
358
303
216
278
277
294
359
405
391
436
415
260
182
360
298
429
324
469
146
190
133
239
244
454
423
279
326
217
560
484
365
530
669
337
342
445
431
455
446
381
347
308
436
647
349
234
286
257
339
342
492
131
292
250
232
173
358
386
383
348
404
351
280
223
207
371
367
397
413
421
254
255
213
230
335
297
349
421
479
469
383
410
382
333
257
271
266
219
449
246
379
353
269
296
350
367
266
380
375
318
262
323
260
500
502
299
327
304
478
309
269
281
292
279
411
260
324
465
361
507
269
291
172
384
423
227
242
261
264
231
343
420
347
367
345
345
428
255
226
131
639
405
260
514
231
261
427
410
207
316
346
331
326
635
519
284
393
203
213
270
220
221
214
392
365
318
492
213
457
408
410
267
248
228
192
279
312
289
540
444
246
252
245
452
424
302
415
229
313
269
249
266
426
347
400
194
192
192
217
362
352
432
492
208
194
414
208
526
264
283
415
418
419
293
275
412
215
250
221
208
197
269
219
204
334
222
734
397
589
353
332
421
207
543
293
219
382
429
362
451
416
329
325
221
358
332
374
360
414
246
459
252
271
271
233
269
302
310
222
172
157
163
225
411
217
214
246
222
293
199
234
342
265
208
331
306
236
215
217
408
377
370
216
352
296
324
465
343
304
339
265
432
206
246
364
315
469
298
360
235
350
308
419
487
451
264
386
483
122
380
265
447
193
233
252
382
334
316
231
270
242
259
209
325
368
382
397
251
198
284
434
364
392
233
219
273
281
195
195
377
587
172
187
195
175
316
378
397
234
494
325
364
203
357
198
466
257
316
237
220
495
316
273
143
373
508
384
149
332
188
333
249
344
275
333
209
232
329
159
354
279
224
344
143
513
254
209
371
332
229
212
130
380
387
306
327
517
166
314
255
362
612
245
212
433
218
233
415
407
219
173
244
245
206
297
207
286
264
250
301
435
367
225
410
369
585
299
229
267
220
455
157
350
291
504
266
306
194
202
214
207
405
372
388
256
337
216
196
216
245
276
138
266
413
220
397
254
286
226
224
213
304
325
384
340
192
211
182
237
235
319
174
262
164
184
159
234
463
201
360
278
180
207
354
175
133
179
309
308
144
153
198
158
230
140
321
252
166
255
203
247
229
76
320
311
313
234
189
298
272
265
187
428
220
304
407
204
290
146
271
210
201
202
189
230
361
250
93
346
240
183
153
192
325
368
253
139
191
345
190
240
251
360
306
230
260
198
397
229
458
232
409
233
222
217
171
190
240
206
169
268
190
200
307
279
169
214
240
152
331
320
402
257
327
309
270
283
315
331
239
259
382
155
300
147
325
190
28
369
188
215
324
284
348
203
282
202
238
233
237
260
197
317
282
185
209
310
147
143
205
160
314
386
169
130
168
237
40
78
506
406
383
213
228
374
300
152
409
217
215
522
173
172
176
435
308
285
257
351
199
275
166
157
219
306
162
419
503
377
234
250
242
230
317
151
286
146
382
208
287
227
483
255
221
195
291
248
263
191
292
375
259
267
205
176
198
382
393
167
244
208
222
355
191
330
580
266
152
153
215
162
311
211
428
252
205
198
205
151
380
147
347
166
422
164
163
138
134
218
191
198
250
90
318
185
227
176
107
233
205
149
259
463
149
120
370
315
173
220
225
211
250
215
112
84
151
426
243
130
194
155
240
170
131
152
162
348
142
172
276
134
257
210
172
112
220
217
126
226
269
321
119
151
151
230
211
191
269
126
218
173
83
227
119
188
247
246
274
463
218
183
204
125
123
210
160
63
255
91
122
165
120
184
161
227
160
193
188
208
224
159
128
145
104
149
159
142
153
155
319
161
168
149
143
145
188
141
182
182
186
81
60
229
123
121
220
117
140
173
93
217
62
106
141
67
68
164
149
132
121
122
63
187
104
133
115
123
106
61
99
73
99
99
128
58
50
132
145
183
83
83
206
64
97
446
143
