575
706
732
708
685
613
797
671
78
638
698
678
596
555
582
624
623
684
657
735
625
557
515
486
426
471
530
636
704
802
718
800
765
763
877
959
896
858
872
774
804
811
775
884
802
688
660
710
673
677
915
817
858
816
793
694
789
680
786
837
856
686
897
697
745
776
864
730
823
741
814
716
796
851
482
504
801
837
654
760
543
744
793
560
759
721
644
601
704
638
837
772
842
803
709
605
487
596
822
470
573
672
621
727
750
664
687
605
626
690
483
614
636
585
554
622
469
518
585
603
544
460
460
719
421
577
398
557
622
553
817
671
672
702
402
502
506
514
458
420
700
811
353
517
420
502
321
560
767
605
585
618
596
444
529
858
848
540
544
778
787
673
680
666
663
724
868
522
523
487
510
500
369
366
432
435
405
412
551
397
259
521
538
568
535
445
327
377
307
251
293
340
290
372
318
368
581
579
369
492
684
587
708
643
565
340
601
728
746
639
760
811
658
544
307
695
477
868
746
766
476
704
690
640
720
668
580
639
690
693
456
735
589
617
602
811
705
642
870
854
774
650
612
537
443
737
772
488
305
279
281
197
241
337
378
484
459
589
501
208
316
241
591
761
418
558
191
628
497
763
877
438
576
532
803
513
532
526
516
513
628
668
643
841
827
759
574
563
487
466
682
681
408
536
838
611
670
401
697
735
666
611
599
618
480
583
701
437
377
512
341
304
344
391
771
371
646
605
689
459
677
728
700
714
768
800
683
562
449
403
474
596
728
569
349
567
589
664
746
295
712
500
602
794
616
717
385
728
629
426
718
685
658
800
561
546
546
540
471
848
563
601
656
777
652
469
632
558
512
526
682
734
604
610
681
594
593
561
666
797
677
605
358
615
562
194
812
599
817
868
472
490
438
366
339
443
590
475
476
418
709
182
775
575
531
665
803
493
696
523
669
627
536
651
247
623
613
622
614
336
655
591
586
533
614
338
455
373
800
604
878
557
582
496
448
557
694
345
512
520
469
628
659
653
503
612
541
493
850
895
407
299
826
463
624
468
403
715
653
387
545
518
431
209
545
589
708
281
479
611
581
420
404
730
810
816
789
678
1080
777
782
498
796
412
428
460
423
615
491
560
561
824
309
535
517
400
498
657
661
799
802
627
711
738
712
530
834
585
583
641
728
629
787
249
131
219
685
751
581
490
459
785
529
571
804
732
439
677
719
561
584
616
490
693
766
508
473
223
634
692
628
538
492
691
485
564
427
481
497
674
638
732
735
719
624
606
509
651
524
1141
806
666
305
535
522
754
439
581
632
636
669
614
676
619
1212
253
209
618
1132
527
483
537
443
484
410
568
741
383
198
466
331
599
610
866
733
584
483
535
503
541
605
668
535
416
675
428
555
316
284
604
520
883
489
693
660
417
652
641
403
415
323
436
455
432
640
635
541
505
529
496
425
321
501
651
644
464
670
597
698
778
596
622
764
658
574
705
875
546
266
297
574
398
681
621
813
677
477
425
724
176
524
207
545
356
308
505
1149
486
368
464
397
463
481
543
479
214
468
535
721
693
720
689
659
731
666
556
678
536
689
690
652
519
635
550
605
499
345
377
643
568
571
421
768
717
807
586
492
625
679
579
395
532
546
406
487
622
591
644
576
632
860
735
528
1052
521
622
563
557
615
624
357
414
394
395
518
373
325
301
230
452
576
1039
852
587
638
542
639
260
294
348
268
362
386
469
636
592
489
565
591
356
543
470
421
351
606
493
425
628
614
687
415
253
564
475
371
526
1035
480
385
472
299
1123
691
609
623
610
757
421
712
492
413
363
403
411
423
521
508
354
445
339
441
421
308
525
493
562
639
453
609
426
242
480
538
754
449
338
622
306
538
260
520
551
348
692
622
594
580
555
680
555
808
588
558
512
650
541
439
473
360
348
433
575
520
728
602
387
613
614
603
437
455
430
439
613
569
525
552
710
489
582
617
416
382
561
329
426
525
538
346
335
394
343
306
360
293
510
514
1519
-1
505
371
465
578
301
446
564
153
641
191
400
485
528
739
576
639
429
407
409
606
494
836
505
504
630
349
482
670
534
452
535
725
457
379
502
466
540
528
410
433
515
217
479
505
621
701
423
671
465
635
516
555
540
300
466
454
492
397
334
468
775
501
409
653
597
392
458
537
666
460
380
386
331
433
577
545
396
470
314
364
303
319
573
462
392
429
386
530
473
449
494
397
588
416
415
403
443
449
385
470
445
363
458
496
669
355
495
442
439
392
441
325
589
475
450
322
378
438
450
540
430
450
549
686
448
581
472
679
442
590
423
430
289
337
406
627
423
465
369
516
477
669
528
445
279
452
537
448
324
433
326
410
504
480
414
320
510
527
249
401
395
729
417
369
476
564
523
399
351
491
473
315
372
680
504
435
579
246
432
490
446
553
535
424
454
297
410
668
385
423
563
361
498
419
259
490
222
421
516
323
373
547
244
512
396
328
492
437
392
370
511
313
428
531
599
406
437
413
354
529
460
310
268
408
279
297
378
230
378
355
518
377
202
114
327
400
292
426
412
404
575
698
314
448
430
432
405
454
438
276
333
693
332
415
348
487
342
369
756
500
442
223
318
430
319
255
440
341
492
357
527
402
389
778
350
440
318
97
93
89
257
524
466
395
384
436
228
410
465
303
481
386
359
316
385
358
372
352
343
262
377
514
502
363
370
386
372
327
348
454
161
729
590
444
363
498
436
461
233
486
442
239
519
290
422
330
303
277
441
434
430
240
621
576
524
378
449
609
596
555
504
456
429
268
414
281
378
353
286
409
285
219
265
337
400
278
327
316
267
305
374
283
403
436
343
417
451
465
376
546
412
355
569
428
320
280
282
495
410
307
380
263
340
512
505
324
407
388
521
257
319
417
393
380
303
428
155
232
155
362
330
306
336
321
495
363
372
262
295
278
352
407
277
306
330
256
389
394
331
460
517
461
385
414
254
527
667
436
300
368
297
355
573
436
284
231
232
241
441
432
256
292
418
353
183
317
236
352
405
271
476
326
299
392
428
433
416
476
483
451
501
307
322
432
427
248
356
322
284
464
463
564
374
383
441
393
313
403
474
449
332
222
455
239
239
403
291
343
374
343
271
364
527
215
688
385
426
377
288
357
309
337
348
429
389
600
393
376
454
284
259
304
515
328
298
271
302
518
379
417
408
379
470
270
411
450
536
342
477
271
470
246
219
308
322
225
394
285
297
241
256
488
258
425
334
385
410
201
334
401
336
207
353
252
414
410
242
290
226
380
232
304
413
296
365
300
400
245
302
242
514
415
449
358
419
253
285
228
287
287
285
358
216
201
281
381
248
214
404
326
346
358
540
290
287
281
241
256
469
252
345
394
504
398
358
344
440
469
548
298
482
357
252
357
444
272
367
471
388
329
275
245
310
346
208
271
207
420
334
289
208
320
283
236
271
219
358
341
462
419
265
359
235
311
241
239
252
235
204
260
137
434
441
296
277
382
329
449
638
453
393
328
321
358
212
204
329
251
213
490
326
316
421
237
439
383
293
199
704
460
221
298
291
278
351
412
320
303
297
434
368
327
146
445
280
316
597
683
706
258
357
271
590
229
235
285
569
407
260
490
294
163
346
203
254
250
270
320
370
206
335
427
203
296
206
310
533
373
303
340
331
212
201
207
212
612
278
454
254
333
183
371
389
436
301
355
244
174
320
300
480
331
195
307
424
373
185
275
224
291
266
128
168
249
213
307
489
286
339
222
382
405
172
418
280
217
287
347
255
367
255
263
464
262
368
285
196
269
223
274
282
217
386
206
160
321
239
232
222
247
317
343
247
174
266
176
339
274
238
319
391
469
251
246
468
432
264
245
492
250
261
264
338
328
260
269
257
321
387
352
248
271
301
195
301
252
321
374
179
315
246
300
330
281
312
275
84
411
296
370
288
160
542
266
246
182
251
271
589
263
215
348
215
282
257
254
291
258
313
165
244
354
347
363
347
274
43
37
377
324
246
251
257
391
204
266
208
166
146
330
354
278
170
243
239
163
227
293
515
176
361
225
235
332
247
237
371
296
241
277
160
238
275
191
291
275
306
203
318
508
241
156
134
434
332
273
364
144
238
329
281
315
188
348
300
336
225
456
290
236
325
324
106
294
352
280
262
191
228
440
180
156
238
179
202
161
153
122
214
307
291
299
340
309
310
259
260
146
230
176
269
81
349
324
126
337
311
154
190
444
143
139
263
222
294
265
215
288
150
125
122
273
184
259
273
363
138
180
142
170
295
195
97
138
143
215
287
191
270
247
196
352
219
216
211
249
111
268
242
259
77
185
131
336
435
166
138
249
177
193
131
96
255
167
215
214
342
168
145
195
176
123
213
176
173
148
272
44
73
155
207
107
219
274
245
210
261
248
263
203
173
164
125
162
175
166
173
101
221
169
211
133
168
127
190
146
309
308
194
94
70
209
134
133
290
98
256
261
85
149
98
105
120
75
179
176
90
100
135
147
62
226
145
110
151
189
176
123
134
50
94
120
109
60
68
83
136
68
84
84
76
89
87
520
302
