459
543
580
568
576
572
589
556
69
557
511
467
429
382
414
455
468
524
485
571
433
492
393
440
415
356
438
501
580
558
587
531
596
564
621
635
713
633
630
617
629
674
619
696
655
607
552
663
483
687
724
614
591
640
584
577
607
619
542
551
640
599
582
517
583
537
663
598
553
595
670
680
625
653
495
366
583
644
454
529
383
535
517
436
579
584
468
350
572
549
675
649
550
630
648
514
376
643
636
346
376
489
616
653
582
487
445
485
483
443
410
407
439
395
433
417
453
371
406
423
421
429
444
578
361
588
285
414
480
396
616
357
387
395
289
415
479
516
307
281
484
473
354
505
403
416
234
435
648
647
572
627
545
474
448
628
601
479
486
551
639
479
494
448
581
645
621
420
406
375
349
382
249
277
263
344
285
293
389
288
218
440
393
571
511
277
267
348
216
205
224
274
231
245
241
277
411
415
286
438
555
389
573
550
510
349
435
475
479
549
579
557
446
516
204
620
467
607
673
563
371
677
535
513
623
561
444
636
470
568
368
578
498
530
506
608
643
496
652
671
660
525
404
332
289
573
413
483
304
194
304
183
188
307
288
360
432
491
406
132
241
181
253
662
274
438
123
461
471
553
753
341
341
296
614
505
544
537
533
537
607
662
617
711
726
511
524
430
496
323
486
509
331
501
661
416
578
367
662
587
617
388
373
377
312
368
670
345
319
368
308
262
264
307
656
290
566
553
655
415
563
778
678
574
652
621
579
403
477
429
494
652
643
560
255
472
607
639
495
211
528
529
558
589
631
472
312
403
353
351
507
411
602
675
513
400
503
470
477
634
587
533
577
626
645
352
561
444
501
489
533
554
317
337
565
590
579
519
485
680
482
612
316
359
594
138
628
582
631
654
398
426
388
327
349
407
515
358
355
260
610
102
584
470
564
714
622
461
686
374
563
575
413
677
243
583
652
636
424
311
674
556
610
440
497
249
494
408
696
447
829
467
285
259
233
261
333
209
376
285
401
575
544
544
265
297
298
250
431
541
306
327
556
366
284
466
407
620
515
331
444
457
415
171
538
536
541
172
207
603
324
232
259
347
332
336
319
349
401
325
355
478
405
331
368
422
329
582
464
536
643
525
335
578
518
394
442
647
627
652
689
655
725
536
562
469
345
572
460
354
750
758
924
150
101
240
643
341
639
418
419
661
457
641
639
657
370
631
527
645
548
700
400
711
657
558
505
198
539
418
382
660
734
725
513
479
294
373
458
522
471
365
365
347
329
338
325
357
464
393
564
540
184
403
587
534
495
489
381
297
311
435
695
688
388
317
281
602
369
706
644
735
540
544
335
458
625
338
116
467
309
314
290
379
340
479
327
589
602
550
264
279
171
194
269
226
286
218
341
517
438
363
378
642
527
558
743
704
408
470
352
370
406
340
555
535
475
577
598
450
345
279
448
496
578
415
689
512
738
328
577
540
805
854
471
350
364
597
246
315
408
472
773
700
366
472
265
244
316
133
402
146
244
296
227
523
386
382
370
288
256
228
336
412
483
148
570
657
623
602
592
604
603
674
641
437
334
317
295
710
667
464
662
331
387
363
302
388
286
632
669
425
354
350
317
556
462
696
318
321
340
501
598
393
535
699
626
728
621
274
317
338
534
360
532
354
437
570
666
642
146
241
302
360
541
322
351
251
164
441
313
380
365
566
528
358
507
217
342
341
124
290
434
506
349
453
435
445
301
353
520
364
256
241
364
366
340
524
492
312
367
118
471
494
172
190
326
382
359
617
280
497
742
360
573
449
587
434
338
598
616
326
569
598
509
520
615
391
437
286
407
279
313
373
415
594
330
352
491
567
221
405
572
357
692
300
553
254
314
162
589
602
408
314
470
603
441
364
452
598
266
575
532
469
599
673
568
570
482
353
450
582
736
325
332
223
293
421
260
419
517
476
492
670
623
590
618
470
577
599
505
441
389
725
305
521
692
617
262
324
315
290
310
261
324
454
571
441
410
356
257
575
528
270
575
722
134
607
92
369
296
626
392
588
667
544
608
265
331
573
384
326
529
308
429
581
528
325
482
321
350
418
385
738
315
330
661
462
381
524
198
442
289
332
717
595
521
681
271
297
518
544
209
513
493
691
463
439
593
304
644
201
367
480
285
483
570
608
631
595
607
492
559
288
324
468
390
370
200
346
236
525
573
484
586
554
525
553
535
577
537
631
611
430
424
285
605
467
531
553
480
419
533
676
427
568
526
557
474
553
488
279
277
508
255
627
644
664
379
506
602
569
569
562
360
668
427
544
523
533
665
184
315
400
388
446
365
420
485
381
334
750
614
249
659
301
628
341
483
526
488
624
295
562
507
563
590
228
554
384
335
473
242
538
334
379
597
469
547
732
521
443
305
301
536
555
339
274
469
692
525
529
502
585
420
627
390
338
443
578
306
460
534
188
553
126
167
512
555
630
591
240
524
535
433
398
367
426
483
488
341
500
641
489
395
471
395
387
460
567
275
260
558
354
378
469
169
446
445
566
292
172
94
447
483
277
350
254
491
325
333
466
645
519
520
266
353
312
363
492
335
442
508
443
498
426
345
307
504
455
222
418
303
473
325
460
408
528
573
382
271
420
311
544
377
460
75
89
67
191
293
709
660
358
514
246
558
494
477
495
433
406
439
487
445
449
442
425
421
355
528
570
537
218
437
380
432
519
523
127
339
265
315
244
516
668
647
240
542
456
397
289
295
447
350
484
431
393
269
268
374
266
500
303
409
484
458
450
403
554
368
514
325
351
358
249
435
433
498
414
319
383
551
549
353
323
411
345
278
403
385
621
615
446
487
328
537
457
332
451
505
290
496
399
419
390
435
-1
281
458
234
590
506
280
298
383
396
250
416
512
593
557
513
410
444
182
256
174
450
507
373
309
306
319
411
480
303
405
424
411
499
349
473
375
368
246
233
342
268
318
287
456
435
394
593
271
532
500
506
417
407
230
251
371
426
381
277
566
239
311
365
654
500
205
417
215
358
485
268
343
514
523
435
244
237
223
245
383
526
445
516
370
310
574
264
585
411
383
689
699
461
439
411
411
321
346
323
236
231
401
261
291
404
270
587
525
533
470
452
391
248
635
289
283
479
515
442
524
486
409
327
313
501
401
506
486
448
323
243
285
344
317
317
361
408
514
293
280
268
263
303
382
281
262
290
298
423
228
338
441
258
228
494
434
325
305
317
460
409
436
250
458
436
432
341
404
258
525
379
528
320
308
381
421
479
293
365
279
424
242
543
576
327
435
434
446
187
459
349
514
284
275
382
542
394
362
294
432
355
234
263
203
254
484
586
366
257
428
508
408
453
281
371
362
440
327
315
575
371
212
291
264
282
388
451
511
301
512
478
398
236
375
278
441
420
439
180
322
529
420
293
214
468
296
382
253
461
257
418
292
381
316
390
295
266
338
280
478
465
426
356
250
409
347
249
383
387
245
240
151
445
448
417
319
446
254
420
395
490
688
395
264
521
257
352
463
450
331
239
277
370
238
304
332
468
346
337
385
541
370
348
451
470
367
270
341
410
336
648
235
464
217
566
336
547
311
335
338
264
472
419
409
301
382
314
274
245
290
273
181
352
571
272
430
361
423
349
273
298
315
475
472
419
240
312
273
347
329
302
277
327
202
246
212
435
358
263
418
306
140
256
495
244
196
260
402
340
219
214
255
171
314
197
414
367
230
306
254
345
274
59
284
327
342
290
231
363
272
324
314
539
252
444
405
276
385
205
258
376
342
295
266
369
437
239
238
427
276
233
227
205
485
403
336
241
343
348
264
371
347
321
409
229
310
321
409
331
342
303
487
313
210
299
244
260
343
302
236
345
215
293
435
426
215
233
313
164
444
556
508
305
398
366
415
410
318
485
286
342
390
244
382
243
395
265
40
417
266
292
387
310
402
317
408
287
341
288
312
374
266
403
394
229
353
291
228
202
237
211
255
473
237
198
226
326
20
37
395
319
385
294
246
455
289
202
363
279
268
483
220
275
224
358
383
337
329
503
257
362
154
213
277
379
248
304
504
471
349
354
333
312
372
229
392
224
484
287
404
252
387
242
247
270
346
340
384
190
350
267
339
393
232
225
200
429
396
217
322
327
294
295
201
367
401
357
178
195
318
262
359
280
383
296
213
223
278
147
349
220
297
233
477
207
208
189
162
273
290
271
300
159
375
286
148
193
162
181
285
196
281
294
231
168
300
350
230
313
189
258
222
233
119
149
192
494
304
190
229
236
345
239
170
203
118
425
205
258
359
182
360
214
257
172
272
252
148
258
281
388
119
209
171
338
282
236
194
223
299
225
106
242
150
253
268
266
347
283
238
226
215
193
158
248
205
96
300
55
137
186
142
149
247
334
232
247
230
290
332
245
201
200
101
208
224
187
214
181
365
208
203
189
205
171
261
184
249
247
271
115
89
310
150
149
307
141
144
207
131
258
78
129
169
82
93
204
104
151
156
192
76
258
163
153
147
143
165
93
135
79
123
118
163
91
78
136
173
124
107
108
170
81
116
433
188
