929
1022
1053
1000
961
872
1003
1084
131
1018
943
873
888
830
750
829
863
986
894
1068
782
926
796
973
880
807
942
947
1101
1065
1055
883
805
941
859
828
924
923
870
933
874
823
854
876
892
892
821
1051
861
921
878
798
765
699
771
756
704
722
718
650
686
757
785
735
673
736
784
687
688
685
850
1021
816
908
822
728
678
797
788
738
512
692
612
547
615
622
738
576
605
878
847
732
827
1073
1076
1025
531
792
875
497
580
664
1016
992
837
663
603
634
631
562
566
550
584
519
559
556
600
584
564
556
606
532
769
726
748
720
527
488
597
511
942
499
504
517
413
551
624
663
452
421
682
613
486
632
520
585
361
557
799
643
973
953
747
560
859
811
742
600
573
783
791
642
638
845
1128
962
874
526
468
488
440
472
356
373
334
406
341
365
455
384
311
582
484
759
787
530
330
394
274
299
262
332
283
312
409
365
647
644
517
898
914
484
1022
1033
994
534
547
668
561
575
685
615
933
756
351
818
850
862
926
827
451
772
651
636
644
721
590
801
617
658
676
830
765
736
617
702
912
603
789
715
772
603
545
491
396
690
527
897
464
366
623
316
299
545
440
502
867
554
490
217
324
270
348
1001
347
520
215
562
677
775
839
419
471
452
657
619
644
655
625
650
699
724
757
774
774
554
927
542
642
417
657
635
392
503
827
528
967
571
820
621
880
457
484
481
396
459
892
596
696
586
526
609
482
567
979
558
624
654
783
734
901
863
835
586
678
845
854
503
842
559
580
709
765
510
364
624
642
657
606
424
634
559
631
939
820
583
609
581
555
624
631
667
631
913
701
527
670
1117
613
788
959
991
802
925
879
546
504
681
641
661
622
617
424
410
527
932
735
634
591
719
544
937
418
505
612
236
1003
1118
873
765
501
509
478
422
421
495
784
649
651
335
590
164
865
881
794
850
834
490
737
510
684
671
476
854
434
693
947
741
549
398
796
905
758
542
587
555
584
528
741
508
769
560
363
322
283
320
429
231
470
391
523
605
604
583
308
373
338
295
542
616
358
525
872
817
379
837
748
669
555
455
521
505
543
225
547
833
564
225
293
783
476
361
420
444
413
430
401
409
482
400
446
539
463
617
702
524
428
640
858
644
662
618
404
819
835
681
940
892
907
802
909
920
786
748
706
675
441
918
551
486
665
718
798
180
101
555
933
393
665
862
661
686
861
788
754
769
437
833
864
687
699
786
478
719
676
611
562
224
571
556
462
720
623
774
528
511
383
462
566
574
489
489
423
433
393
376
494
403
516
478
607
583
263
490
728
564
536
461
515
394
373
499
724
663
500
386
306
757
439
575
586
606
527
656
449
625
777
446
141
519
653
419
345
400
390
539
514
809
794
495
370
343
262
263
311
305
325
248
365
431
493
421
450
852
652
493
659
639
559
472
444
478
481
410
570
545
982
711
455
486
363
383
474
585
565
447
586
554
646
424
534
628
687
572
515
377
391
499
536
392
515
527
842
783
381
537
320
285
461
169
509
323
326
454
229
539
430
458
441
362
313
278
355
456
448
179
498
665
665
622
623
636
614
766
695
521
379
363
318
639
600
486
625
407
410
481
376
417
320
508
496
884
375
429
468
556
437
804
361
315
420
452
524
431
641
899
765
817
944
374
391
316
462
504
564
376
680
555
744
584
286
383
316
373
431
302
414
309
244
341
388
429
372
515
513
581
734
215
372
380
246
362
376
380
340
435
493
887
407
632
464
470
294
495
432
391
523
813
734
335
472
183
735
413
280
208
405
335
329
578
489
529
598
377
475
392
663
512
354
484
439
378
413
429
475
424
474
356
449
599
398
351
409
360
366
634
347
648
479
503
261
370
506
350
548
650
930
318
454
371
632
709
409
336
442
511
420
361
397
755
389
509
648
415
742
646
473
624
410
367
509
612
581
399
351
319
332
357
389
587
830
752
646
737
523
514
538
496
463
486
443
405
391
703
365
391
614
681
329
302
312
275
256
315
267
521
480
423
410
457
313
830
808
322
608
501
183
640
153
366
332
767
318
711
458
503
480
258
367
605
365
266
486
332
440
607
594
307
417
350
355
468
402
560
380
383
485
-1
390
525
229
444
328
444
660
387
616
641
322
417
481
474
265
392
403
529
444
413
475
332
583
299
283
578
462
807
458
691
478
411
457
444
382
301
402
523
383
392
271
350
246
458
412
329
434
448
546
538
515
548
464
879
572
340
505
276
448
324
421
403
419
502
407
702
415
488
540
432
400
460
361
292
255
406
396
578
576
480
764
341
489
741
601
450
408
523
458
596
467
454
672
236
311
418
442
652
366
543
402
277
402
586
447
331
611
304
609
320
698
371
479
549
265
486
397
806
560
224
419
583
424
354
276
451
342
299
379
326
416
563
408
482
293
299
417
470
333
261
375
464
579
417
334
480
381
564
314
426
288
678
323
340
370
245
412
150
248
404
349
438
589
380
424
415
400
296
271
327
358
340
323
403
557
399
359
390
396
367
602
455
244
239
366
313
261
403
209
361
301
575
334
202
192
414
485
398
296
274
338
231
283
378
672
436
441
359
421
293
260
405
278
390
343
378
398
349
314
323
473
436
215
296
298
436
323
370
331
374
456
301
208
362
334
383
326
350
128
174
139
424
211
468
375
387
444
185
470
528
378
476
385
360
334
412
391
398
391
353
274
355
397
463
511
336
322
283
370
474
443
189
450
380
255
207
395
630
638
284
415
371
270
223
212
353
405
316
311
312
321
318
333
320
557
342
644
389
443
441
364
492
789
422
230
321
334
232
396
279
471
332
255
315
415
531
262
331
367
259
251
336
360
504
631
316
349
327
472
319
293
547
463
410
376
330
340
428
413
462
247
395
205
509
493
226
231
292
317
216
342
356
554
397
414
292
461
245
181
115
420
377
258
369
208
341
347
325
221
295
391
266
437
361
306
279
345
200
230
248
233
225
209
453
350
256
800
276
375
363
351
293
306
243
187
255
275
252
326
586
308
230
304
518
452
221
385
194
348
419
376
264
317
289
409
201
219
214
244
500
539
594
360
441
312
468
201
432
254
269
463
491
387
310
322
432
252
314
268
221
216
283
271
242
279
243
477
333
442
418
398
343
285
571
248
236
355
410
352
285
312
340
313
241
403
313
606
322
453
259
344
244
253
273
263
283
554
486
276
214
209
244
234
472
278
223
238
262
357
276
234
582
199
183
397
339
272
241
272
302
263
302
208
366
697
516
393
374
221
417
453
466
266
257
261
338
391
322
372
187
366
382
429
585
272
607
317
422
171
299
295
452
203
232
310
436
281
272
233
556
365
194
209
200
231
293
384
293
218
431
378
374
450
318
291
258
307
242
248
466
269
158
206
217
213
325
312
405
499
484
394
407
286
259
203
478
396
365
248
234
367
360
214
187
339
258
333
160
385
314
341
246
329
251
188
242
214
290
227
462
354
345
520
270
398
237
243
310
292
216
235
108
341
356
353
317
485
198
567
366
466
463
301
258
370
190
275
468
326
289
188
258
270
216
262
265
431
229
223
401
443
331
254
247
305
399
316
257
401
298
409
191
348
166
461
248
375
271
242
281
186
376
257
364
208
271
215
268
228
238
259
146
289
450
192
320
241
264
239
353
298
358
377
267
272
161
243
211
277
269
316
203
209
163
202
145
314
329
210
344
413
277
216
576
173
149
196
292
223
169
206
223
232
229
149
255
322
174
273
206
216
251
106
208
351
217
225
203
324
373
263
240
361
209
331
279
281
284
154
208
270
285
267
240
339
445
495
209
312
254
207
174
171
459
236
204
153
286
289
224
207
324
451
288
164
269
329
368
289
210
331
424
289
337
229
205
229
322
280
216
258
201
261
513
514
183
231
239
185
324
366
302
208
254
252
367
340
330
460
212
246
307
220
295
160
309
344
102
405
215
233
284
184
403
243
282
210
246
227
322
344
231
270
323
178
343
244
166
168
230
167
218
423
181
149
194
219
43
67
412
384
255
198
233
455
163
172
266
215
186
469
192
215
166
249
229
226
245
349
276
242
153
187
223
317
187
230
380
418
411
255
219
281
285
152
255
171
407
383
441
252
323
165
162
192
272
224
389
109
252
316
334
343
216
203
211
313
265
196
244
375
208
379
138
302
349
535
171
168
178
222
222
195
256
258
188
163
187
89
225
145
331
191
339
198
199
192
186
148
197
162
263
64
309
190
140
165
147
120
271
181
180
226
182
128
405
355
188
242
131
166
161
218
179
112
206
374
174
168
145
206
611
218
109
142
164
267
166
244
367
135
217
268
165
138
250
191
93
269
303
294
84
157
162
328
246
186
157
134
317
159
95
147
122
237
242
240
321
238
140
208
160
166
129
209
166
148
248
80
98
171
124
86
196
339
174
229
220
416
234
173
127
135
149
171
175
152
190
143
312
176
204
148
163
161
184
136
186
185
279
95
71
233
137
136
309
147
142
166
103
176
68
99
169
82
91
189
125
119
120
133
67
257
147
126
101
144
161
82
145
65
107
90
123
74
65
113
167
151
93
93
98
71
113
831
157
