1249
1418
1220
1165
1064
803
1314
1145
163
1246
1132
1119
1070
1042
1020
1017
1010
973
907
1134
1013
1087
1028
1273
1003
964
1207
1081
1215
1147
1299
1191
1352
1579
1535
1664
1880
1533
1680
1533
1646
1596
1738
1596
1766
1750
1677
1855
1536
1778
1671
1817
1779
1519
1549
1757
1593
1633
1777
1533
1539
1882
1488
1657
1475
1543
1445
1601
1508
1602
1565
1701
1475
1551
1585
1177
1530
1585
1425
1315
1259
1483
1316
1270
1402
1324
1414
1428
1295
1408
1517
1331
1424
1363
1293
1240
1246
1533
1436
1324
1226
1494
1346
1544
1304
1376
1291
1330
1337
1287
1180
1298
1337
1243
1213
1155
1244
1228
1225
1241
1197
1218
1250
1582
1133
1663
1075
1011
1379
1086
1304
1129
1029
1074
908
1228
1279
1337
894
960
1359
1386
1049
1231
1179
1192
882
1053
1205
1589
1345
1487
1568
1228
1187
1232
1426
1225
1138
1395
1509
1404
1332
1057
1157
1358
1260
1194
1093
1213
1124
1045
861
902
819
1036
828
809
1088
847
763
1200
1027
1602
1353
891
797
936
700
751
690
786
644
747
793
818
1195
1192
710
1113
1166
994
1160
1161
1047
1092
1145
1407
1173
1146
1278
1187
1047
1312
801
1367
1066
1262
1329
1294
1048
1277
1342
1381
1292
1481
1411
1540
1308
1320
975
1165
1253
1353
1465
1206
1357
1163
1450
1349
1122
1316
1196
1054
855
1235
1027
1082
938
699
802
775
594
816
1043
1100
925
1102
1021
508
613
525
839
1124
865
1016
418
1229
1392
1386
1331
956
1144
900
1158
1286
1269
1176
1143
1361
1355
1381
1253
1193
1048
1208
1022
1039
1088
873
1332
1281
771
996
1157
1089
1060
1039
1295
1151
1209
923
897
910
738
890
1335
777
842
827
738
690
664
745
1136
961
1265
1196
1115
1060
1203
1210
1196
1100
1163
1107
1025
1021
1061
1055
1321
1265
1056
1003
835
1312
1223
1245
1257
638
1224
1240
1259
1136
1259
1271
940
1210
911
1020
1012
1126
1098
1014
1232
1171
1224
1028
1264
1039
1072
1093
1027
992
1046
1035
933
-1
1182
1203
1120
1134
856
780
1062
1196
1308
1167
1222
1194
1021
1061
855
1130
1290
364
936
994
1236
1224
1152
1154
1092
967
864
952
1110
689
685
720
1012
354
1091
920
872
1004
974
1089
1090
871
1073
1145
899
1308
597
1344
1093
1083
1179
899
1262
966
1331
1040
1108
709
1121
1051
942
1314
1021
945
765
683
627
658
908
584
892
914
1077
1241
1055
1029
643
715
674
621
1084
998
752
955
1009
768
729
911
668
1138
1133
756
896
875
1046
566
903
1195
1077
425
609
874
1101
827
827
858
869
903
810
819
913
797
891
1104
789
1140
1007
987
863
1139
877
1296
1330
1166
732
1073
1166
928
962
1031
1100
997
903
1032
1011
1204
1076
897
863
860
1055
984
1044
986
914
394
439
632
1059
787
1102
979
1177
973
993
767
1213
895
858
1035
991
1227
1379
998
820
983
902
1135
1121
608
1021
920
674
1075
841
925
1003
883
876
1027
890
916
927
787
804
806
764
769
793
755
978
826
1009
911
612
999
1168
1000
1182
773
907
788
681
770
1039
871
815
861
717
719
716
803
868
789
1062
837
839
1174
979
1050
513
895
757
804
737
679
695
991
1492
1034
911
837
737
668
490
489
612
543
638
636
724
783
801
686
1067
772
794
860
739
676
976
841
901
875
912
895
951
951
774
794
691
806
514
614
817
1198
946
957
919
838
983
646
803
583
837
725
870
660
711
724
653
956
893
957
745
761
679
1085
633
581
705
436
1035
465
553
690
554
891
665
751
767
792
649
639
614
730
599
501
784
1129
926
856
904
880
860
939
884
874
702
612
618
667
756
811
874
727
669
860
975
726
548
784
805
736
639
710
651
851
677
1279
648
493
1043
598
842
771
787
739
711
766
648
624
550
576
656
696
765
604
1013
1028
843
927
587
785
455
506
649
402
760
649
480
521
666
660
635
740
779
933
1120
478
626
566
525
572
548
575
522
660
805
793
619
944
670
647
571
636
792
667
700
729
650
508
910
433
842
591
556
458
511
572
675
746
676
620
599
577
810
581
943
947
532
760
676
675
568
609
904
626
717
501
659
713
652
711
782
539
540
880
586
530
766
709
376
512
693
564
502
517
725
759
658
484
845
820
785
640
687
662
651
607
623
549
685
787
1121
572
940
963
843
876
705
713
871
656
515
516
500
571
572
609
496
937
825
766
883
744
556
542
594
723
581
637
643
657
595
645
702
505
561
1039
570
399
470
438
299
511
377
842
687
525
558
775
680
639
673
560
822
576
201
816
313
539
512
898
518
1002
542
615
588
437
582
812
523
418
675
561
724
668
610
473
596
571
513
740
626
781
567
536
761
681
798
476
668
754
571
728
796
392
970
707
559
811
554
517
495
548
562
690
718
559
417
593
513
452
475
893
601
641
564
1042
705
560
626
607
495
419
556
528
589
756
455
636
588
658
569
463
595
669
855
849
795
892
669
1065
584
590
885
529
641
398
619
606
667
770
519
837
625
509
559
474
588
732
465
443
407
557
646
455
437
405
632
443
719
583
919
577
557
483
597
1053
805
661
587
434
454
476
553
972
561
558
639
433
685
674
389
814
513
530
672
485
807
565
745
487
481
744
481
701
631
261
659
654
536
526
531
491
553
446
524
419
598
554
463
877
511
506
459
772
519
462
572
495
844
606
440
678
595
692
349
711
406
947
531
470
540
480
452
356
448
500
470
623
960
517
537
669
532
384
411
439
383
522
613
489
660
557
525
509
480
388
666
431
336
296
492
617
339
587
299
511
404
1038
532
422
361
618
690
714
406
461
432
316
416
477
492
452
458
578
670
427
285
600
361
698
432
428
784
540
468
533
490
415
313
381
434
335
508
470
429
541
472
352
270
479
465
557
456
520
232
274
177
449
298
549
439
656
439
205
597
768
408
867
587
529
439
612
606
614
625
610
454
584
616
772
496
512
342
332
471
427
590
660
478
507
353
255
454
498
515
433
567
436
317
334
289
537
594
431
425
527
604
603
307
351
569
545
533
540
654
590
606
511
709
522
257
467
413
324
575
270
646
382
298
398
353
405
301
574
563
300
282
431
376
479
695
368
414
491
659
458
444
357
332
480
505
373
392
602
683
444
300
383
254
426
533
320
322
351
336
381
485
511
472
379
371
397
696
330
233
143
678
493
292
566
299
336
585
461
272
443
451
330
456
762
399
380
437
278
342
321
333
313
318
422
491
380
826
350
520
476
443
314
379
376
259
349
355
327
463
494
579
265
378
574
603
298
420
323
463
391
569
380
428
327
627
303
332
303
344
559
497
513
443
276
270
456
222
547
330
326
443
420
579
371
363
772
318
353
331
368
335
295
405
292
353
289
645
356
513
446
392
443
573
749
279
386
516
628
517
370
381
435
441
302
519
428
655
361
656
391
579
284
274
400
365
316
379
318
341
235
228
259
361
682
300
322
387
374
360
445
259
483
250
221
393
389
289
341
305
427
316
337
331
347
563
482
712
522
306
306
316
507
287
363
315
484
580
534
580
201
456
779
402
662
465
391
391
730
156
401
385
640
288
350
323
458
337
389
287
345
306
315
348
233
266
271
512
294
230
351
417
503
680
461
304
302
313
261
265
484
417
229
273
318
268
400
397
525
618
775
329
662
437
313
274
738
373
433
388
282
423
426
334
224
451
359
451
205
380
370
465
317
376
320
231
336
239
447
226
483
476
335
440
167
549
321
279
393
432
253
264
103
429
439
376
526
720
218
693
368
478
576
293
393
467
237
281
376
324
287
292
344
284
348
386
276
354
263
275
505
639
395
269
324
332
780
469
341
297
230
472
261
329
205
604
292
288
294
269
330
209
499
308
548
209
372
273
251
324
272
429
228
260
474
223
410
300
297
341
376
287
535
432
302
312
190
293
260
327
284
380
256
237
187
263
190
353
481
355
442
556
479
316
497
247
159
229
338
274
191
195
283
361
276
194
292
323
168
325
258
270
291
183
259
432
255
290
285
411
534
293
234
535
284
408
377
282
292
177
276
450
249
258
262
317
626
536
163
413
358
290
225
417
423
293
219
241
257
330
226
271
283
607
303
168
314
195
543
305
241
379
542
301
538
251
283
283
294
240
249
355
327
253
404
397
256
304
303
240
377
432
299
236
324
241
330
350
521
456
225
310
341
221
361
200
513
313
211
466
296
364
373
208
564
286
301
194
287
354
431
287
299
304
221
222
249
255
195
277
401
187
272
640
257
180
263
253
84
77
671
565
279
320
276
392
114
238
266
226
206
756
235
213
171
323
252
214
279
372
277
196
209
255
269
395
236
341
548
344
330
332
170
261
368
164
324
184
419
218
303
362
429
178
163
289
327
302
373
113
318
531
450
304
250
344
380
393
336
246
292
277
275
477
143
270
384
433
199
232
240
226
217
180
347
174
252
191
211
82
213
208
570
225
397
269
271
236
222
128
252
138
308
94
373
247
178
240
155
115
230
265
193
207
185
172
568
289
218
357
131
193
207
417
271
124
193
484
181
214
174
177
377
181
108
164
185
285
197
176
341
191
182
368
221
155
315
238
61
445
377
336
79
159
152
393
304
187
116
164
207
172
97
92
135
235
275
274
366
209
154
206
137
139
150
228
186
273
265
47
81
175
155
108
228
289
191
252
251
339
276
208
147
151
287
163
162
148
184
132
387
169
325
137
177
148
180
160
225
226
270
99
72
239
141
141
286
104
272
210
118
147
75
76
164
82
98
184
108
125
120
147
63
204
125
119
120
181
144
84
132
59
105
95
121
63
60
101
144
80
86
88
107
75
85
1077
212
