1268
1559
1538
1463
1360
1195
1624
1435
160
1441
1366
1299
1167
1111
1175
1231
1207
1278
1214
1448
1155
1191
1007
1115
990
984
1121
1294
1414
1496
1534
1436
1638
1613
1801
1893
2245
1875
2022
1760
1808
1918
1799
2092
1968
1661
1533
1811
1448
1804
2085
1840
1887
1891
1813
1711
1770
1714
1640
1688
1767
1655
1790
1563
1717
1634
1919
1666
1724
1694
1813
1680
1775
1883
1331
1125
1778
2006
1383
1585
1177
1576
1543
1312
1609
1594
1478
1152
1584
1500
1909
1863
1683
1691
1595
1316
1059
1524
1821
1042
1151
1493
1421
1666
1715
1378
1309
1325
1367
1337
1072
1208
1273
1136
1167
1193
1118
1055
1209
1199
1198
1092
1121
1622
929
1406
907
1111
1390
1065
1676
1103
1079
1145
750
1094
1164
1284
917
924
1494
1410
919
1249
974
1090
709
1163
1548
1531
1364
1482
1365
1112
1100
1643
1741
1228
1243
1566
1739
1433
1431
1263
1423
1664
1774
1094
1077
1010
976
1009
742
772
693
904
755
740
1029
800
640
1160
1073
1526
1267
909
627
804
589
551
562
651
559
653
780
707
1234
1235
761
1068
1355
1054
1392
1400
1173
884
1230
1446
1371
1376
1569
1534
1191
1279
717
1669
1054
1627
1578
1484
922
1694
1433
1429
1595
1557
1331
1547
1387
1540
1000
1447
1280
1307
1387
1672
1637
1299
1907
1746
1588
1531
1137
988
820
1527
1175
1054
851
631
752
545
495
834
918
1073
1074
1256
981
428
584
439
784
1587
841
1094
362
1223
1185
1671
-1
871
1077
881
1489
1289
1285
1227
1179
1372
1519
1610
1556
1745
1614
1436
1197
1103
1109
867
1412
1463
875
1152
1603
1101
1328
901
1513
1425
1494
999
966
1011
761
969
1611
892
834
933
709
700
715
808
1528
780
1494
1291
1443
960
1389
1774
1566
1408
1614
1571
1351
1057
1041
986
1174
1478
1513
1257
724
1334
1461
1433
1352
616
1456
1211
1483
1582
1350
1331
789
1243
963
887
1233
1171
1448
1509
1252
1183
1315
1139
1163
1506
1232
1202
1283
1440
1477
1015
1323
1331
1178
1213
1490
1439
894
868
1381
1277
1382
1293
1273
1700
1335
1259
796
990
1292
377
1445
1262
1611
1831
1075
1111
996
811
779
941
1262
857
853
733
1360
324
1438
1118
1142
1392
1422
1246
1567
1102
1343
1478
1102
1546
586
1523
1325
1456
1095
769
1421
1241
1498
1142
1320
729
1162
950
1451
1313
1658
1136
729
648
596
692
970
731
953
849
1016
1320
1318
1258
663
733
722
635
1186
1385
734
777
1485
889
780
982
799
1457
1206
894
1153
1124
1044
506
1093
1237
1328
463
536
1193
932
704
702
974
991
1033
957
886
1138
872
958
1147
1108
898
912
1043
873
1286
1008
1294
1438
1448
677
1197
1176
934
984
1412
1423
1467
1322
1282
1466
1437
1379
1015
953
1180
1206
1018
1550
1252
1493
472
292
558
1378
881
1388
1019
1027
1577
1094
1195
1666
1466
884
1334
1284
1351
1312
1342
1108
1453
1462
1208
1146
511
1206
1046
848
1296
1115
1340
1044
1139
759
907
975
1215
1087
945
941
940
813
834
796
907
1107
1031
1426
1191
516
1020
1303
1259
1088
988
934
796
789
980
1511
1325
1031
719
597
1135
993
1112
1113
1041
1147
1050
782
1243
1397
868
369
939
770
834
788
906
828
1157
1047
1210
1113
1026
694
749
527
515
752
568
692
548
704
1004
976
880
1101
1195
1191
893
1215
1172
908
935
891
943
980
1013
1329
1231
1014
966
956
1043
789
720
952
1333
1242
933
1324
1098
1420
780
1075
885
1416
1101
1056
851
896
954
633
788
1033
954
1239
1130
852
1188
623
598
848
309
1147
458
605
668
672
1015
904
853
783
723
610
653
721
853
827
389
1020
1364
1333
1257
1306
1259
1228
1267
1235
992
817
687
715
1139
1326
961
1305
802
812
857
720
822
675
978
987
807
844
813
771
1128
861
1509
733
703
920
844
1006
880
917
1150
1069
1173
1016
685
744
695
876
938
1105
785
1185
1361
1174
1316
514
698
684
745
958
675
732
589
441
851
807
964
834
1056
1052
1049
1381
547
727
733
451
715
702
768
641
873
1041
1034
687
818
949
758
586
612
964
851
767
1063
1006
652
804
349
1020
859
497
572
731
719
683
856
617
994
1022
725
976
721
1437
961
686
1052
805
823
727
765
958
876
983
629
854
665
921
645
687
663
745
1110
761
795
1007
838
408
845
972
709
738
668
1062
618
712
440
1093
1123
759
776
958
1046
886
747
884
867
732
1090
1276
822
1267
1202
888
1005
831
732
929
962
841
711
648
565
667
750
585
962
970
896
981
1213
921
899
947
986
850
935
931
762
788
995
670
729
1006
1218
684
597
691
612
481
624
516
893
1039
832
877
912
747
872
1003
675
926
1009
324
1241
300
812
621
1137
642
1224
888
791
788
571
689
1019
730
543
806
734
770
867
1048
606
797
681
740
904
741
1070
637
647
994
839
857
735
525
1033
621
914
1259
745
1233
1001
634
837
918
876
494
747
758
1089
795
652
712
748
887
490
591
1223
737
829
864
1401
824
705
758
750
702
559
693
650
732
806
548
703
652
963
752
649
737
730
1009
971
952
1073
778
1345
774
680
877
579
838
666
864
780
773
985
777
1232
920
794
806
744
740
856
598
561
489
749
642
675
706
740
915
683
970
931
1294
893
788
778
949
1069
1059
865
862
423
616
615
739
948
716
652
845
534
792
1044
680
641
791
646
898
663
844
632
894
787
580
1025
798
919
974
346
783
824
680
700
555
770
779
625
690
558
815
820
600
871
695
588
708
1014
578
541
810
807
1049
897
683
919
743
887
528
824
619
1180
615
657
724
515
719
308
447
735
587
812
1145
621
829
780
599
537
520
578
637
824
618
710
910
839
688
803
723
568
914
686
443
429
677
675
530
699
476
638
569
1159
600
403
273
665
779
680
540
537
670
452
567
569
768
645
646
588
811
584
469
784
543
759
642
536
949
604
596
718
751
644
420
516
559
520
556
703
610
776
628
525
361
648
627
635
628
667
186
236
191
541
421
843
685
760
653
328
804
895
550
939
801
638
558
759
723
746
703
680
511
703
849
994
654
499
525
468
561
571
835
394
710
650
460
346
771
760
793
536
819
666
386
450
396
750
690
564
563
749
582
575
381
491
821
674
764
718
904
881
758
856
870
718
408
566
490
403
662
443
730
488
373
466
546
661
442
630
582
473
442
601
465
748
918
518
612
619
835
559
535
600
573
632
711
476
467
648
801
753
492
638
324
588
883
450
434
485
475
468
517
595
718
654
622
523
777
343
309
199
809
575
437
748
361
498
698
649
399
512
541
537
644
727
567
565
538
388
443
485
418
432
432
693
605
445
1064
498
707
540
618
442
495
478
367
462
418
380
577
735
621
430
476
813
713
406
653
433
582
594
612
489
573
495
768
378
396
375
419
785
771
821
585
496
388
724
361
677
500
441
806
806
811
594
557
926
422
458
452
435
405
485
428
392
420
397
944
519
717
628
552
592
561
1007
390
489
644
742
625
514
572
544
593
401
739
576
949
599
764
453
646
413
450
506
401
430
489
522
467
333
323
339
447
873
412
404
450
478
545
523
411
760
356
337
534
521
370
446
417
530
413
458
434
471
701
582
794
716
408
503
583
634
328
440
426
664
826
570
629
349
624
598
548
834
649
568
517
793
234
549
447
869
374
422
461
650
481
436
340
506
480
480
420
364
363
443
701
402
319
612
590
581
766
561
427
452
453
332
335
745
542
305
330
388
363
548
583
753
773
1009
493
810
505
453
340
859
468
613
453
427
609
499
485
270
566
471
535
315
667
456
509
366
515
446
385
410
350
606
305
710
614
456
674
282
699
389
402
480
495
339
398
189
758
751
496
573
825
290
756
570
723
829
456
482
656
350
366
579
450
370
402
464
442
476
463
391
561
455
345
723
811
482
423
487
469
848
573
446
480
383
818
324
528
267
873
448
486
431
444
507
331
647
486
731
350
434
375
407
398
424
481
293
346
622
323
476
398
417
462
452
352
664
666
408
508
302
388
379
458
445
564
333
372
282
322
276
488
600
463
511
632
387
369
667
331
250
334
432
329
267
273
372
406
344
249
550
524
288
415
327
422
415
177
355
499
351
403
387
529
557
377
355
709
333
622
459
371
456
280
484
491
390
418
382
425
698
575
263
506
416
335
267
430
626
394
294
277
391
458
307
399
488
832
454
275
422
309
695
413
459
451
744
437
482
396
359
398
433
371
358
412
372
374
557
550
322
348
366
368
605
569
453
413
509
362
489
446
557
645
330
443
428
319
496
264
587
403
160
663
344
470
477
307
745
378
407
335
418
406
586
422
362
545
367
294
375
398
286
279
413
267
436
700
287
272
321
400
76
70
795
679
469
414
354
644
444
302
437
283
259
811
312
310
262
458
377
336
398
524
401
320
313
286
358
562
263
494
709
503
409
460
271
389
490
282
432
271
547
385
445
423
576
291
232
365
492
409
542
204
399
665
493
499
314
378
360
576
464
339
433
382
334
629
207
461
638
496
265
302
341
334
347
270
468
317
311
257
256
180
381
247
572
291
615
326
331
282
276
262
321
259
419
147
556
309
270
304
223
251
337
335
271
460
261
208
632
430
307
444
257
252
257
421
254
163
261
714
264
238
239
266
512
274
203
229
272
406
272
268
447
238
316
419
342
205
356
397
158
443
424
462
135
260
225
494
409
265
261
220
328
250
153
213
210
296
345
344
495
393
247
307
273
188
202
313
274
243
404
109
152
242
191
166
308
464
285
319
299
392
394
300
242
263
271
253
255
237
276
192
443
276
334
230
264
213
298
205
309
307
323
145
113
364
203
202
426
167
274
278
146
263
92
154
194
116
144
255
182
164
191
217
88
349
203
163
164
227
218
117
161
88
146
140
176
90
87
145
222
170
114
115
180
94
143
1016
269
