210
233
259
249
254
239
293
259
44
271
242
240
183
189
227
237
245
243
238
275
217
242
158
190
177
143
223
249
269
293
276
266
258
290
310
327
343
290
333
295
278
306
279
326
306
259
248
280
235
289
343
315
329
336
310
333
326
304
290
321
352
319
291
224
339
322
328
338
338
349
321
314
346
349
209
218
368
363
256
338
171
352
322
259
360
342
213
206
337
249
309
282
281
300
281
209
187
273
293
169
217
247
254
297
288
245
246
250
238
231
231
186
220
178
207
222
199
206
208
223
162
141
172
274
155
248
128
171
285
213
284
190
197
230
81
221
208
222
237
117
231
252
110
232
157
203
53
203
308
294
226
269
235
192
205
308
307
212
223
277
281
234
231
240
246
283
328
182
179
188
174
167
102
85
139
136
152
127
164
143
40
220
244
256
227
119
118
136
121
81
118
120
137
132
135
156
206
205
78
204
258
175
272
263
218
145
199
217
271
323
372
334
164
223
95
274
221
301
315
297
173
285
284
274
307
273
236
293
205
324
251
270
235
248
272
371
272
266
358
342
305
293
242
235
205
351
269
152
144
127
124
106
99
127
98
130
197
241
203
49
144
109
118
312
197
179
68
262
145
258
342
155
171
181
372
217
229
244
248
258
258
287
260
310
325
268
215
238
217
247
353
363
186
304
302
281
259
195
315
279
271
190
185
180
194
182
318
216
145
197
201
117
171
195
310
105
384
238
280
183
246
293
301
341
297
334
185
246
170
203
202
250
310
295
126
192
258
309
277
68
265
245
328
288
279
321
142
222
219
174
259
226
360
311
234
276
250
184
220
316
247
266
269
303
263
261
320
221
196
211
259
332
162
193
382
257
258
287
253
290
338
237
233
214
241
63
312
252
305
346
275
271
199
179
157
175
223
117
119
203
364
44
293
206
207
295
318
194
265
97
295
288
315
278
132
233
274
251
289
112
255
237
273
296
309
206
254
136
311
228
299
226
158
155
109
141
190
147
264
176
205
304
333
333
134
165
127
148
221
256
153
146
276
142
162
206
199
334
335
241
319
334
284
131
267
237
310
104
105
237
195
122
163
200
212
206
193
201
217
209
201
207
246
207
134
209
239
243
224
278
301
324
151
239
159
167
220
273
279
288
313
247
290
246
281
192
175
242
223
205
301
269
320
101
52
121
273
198
265
183
238
298
207
167
312
302
185
272
243
289
236
291
171
292
271
256
219
100
310
217
219
266
215
334
299
290
207
212
213
312
297
192
179
188
189
222
134
202
206
203
293
306
97
202
223
303
206
325
178
187
182
237
254
239
215
91
92
253
179
254
235
224
285
232
156
216
295
165
9
260
179
188
170
220
180
248
187
226
229
347
174
201
102
116
218
86
194
74
299
335
217
249
185
292
196
245
304
291
178
213
167
239
184
143
312
313
116
231
387
310
277
172
242
276
331
225
332
269
373
172
308
223
344
346
255
189
192
355
126
113
224
203
314
297
211
320
128
120
176
42
195
71
159
135
7
213
212
189
177
133
118
134
157
188
180
77
280
245
297
293
299
284
290
308
294
208
192
158
203
310
267
305
300
169
182
183
130
184
205
387
388
104
215
181
177
298
299
268
196
185
181
206
370
241
270
293
299
310
283
159
170
215
317
197
226
207
199
296
273
302
96
116
262
245
287
215
153
177
88
297
173
192
204
333
321
149
249
122
240
237
86
206
237
310
198
203
185
171
158
119
301
184
138
135
221
254
171
247
217
204
214
61
239
308
89
160
186
247
164
255
131
229
332
177
333
263
283
245
199
278
257
231
242
261
237
338
334
248
172
166
165
141
165
233
243
265
183
142
311
332
184
250
245
203
279
45
262
134
162
98
244
243
236
195
274
333
262
210
307
283
147
316
237
248
330
283
277
246
235
160
224
340
293
186
175
80
168
259
118
160
213
190
187
281
347
336
308
276
303
324
310
256
222
302
135
320
276
265
207
234
243
220
276
209
240
333
344
211
219
157
39
218
235
165
259
335
112
277
68
77
196
268
245
260
296
247
239
184
166
235
208
206
247
152
172
241
263
191
326
186
166
267
271
275
198
193
312
165
152
266
112
165
163
181
321
215
257
241
185
154
312
307
161
365
346
226
173
191
354
192
294
105
208
236
46
133
380
304
300
274
285
250
312
175
159
199
222
193
166
184
162
350
327
274
297
287
260
250
241
243
240
275
241
244
204
166
312
318
282
316
242
225
277
310
181
318
282
341
265
312
270
186
178
316
169
252
323
352
147
370
251
280
270
156
195
347
191
205
307
246
239
138
272
185
202
203
245
209
297
182
179
230
334
94
260
206
255
171
220
211
260
279
134
190
172
233
304
188
241
277
175
277
143
395
269
313
311
273
314
258
195
218
205
181
327
349
176
179
326
303
208
341
392
205
139
231
205
219
285
269
140
321
369
98
261
78
81
325
226
261
280
152
273
219
283
246
198
364
332
366
231
273
288
312
283
210
187
171
208
329
219
213
327
156
264
263
108
326
392
258
131
111
50
201
253
70
207
147
330
181
194
239
247
322
321
159
219
212
298
222
241
189
290
241
346
245
235
188
277
312
148
259
149
249
148
293
195
391
224
228
170
307
179
290
288
239
42
31
24
135
196
300
234
76
311
256
273
300
224
261
222
265
259
267
246
271
263
249
228
283
363
312
206
128
344
226
240
226
288
42
189
140
213
183
287
259
266
124
255
390
219
184
296
286
176
179
170
190
142
140
203
130
278
166
188
337
275
251
234
283
163
235
303
205
207
159
258
232
200
205
129
232
225
187
268
115
208
228
223
309
185
280
259
292
362
217
322
329
203
191
219
158
343
278
216
140
356
257
212
298
229
199
259
164
227
213
204
165
216
281
272
300
295
345
292
89
196
164
170
281
246
161
195
137
286
351
328
224
202
416
292
147
218
288
196
198
175
291
173
190
175
192
238
204
264
148
292
209
271
267
214
124
203
290
216
241
93
224
165
247
173
247
272
141
193
166
192
242
152
177
332
332
309
210
197
175
171
150
291
176
205
136
171
311
272
234
310
310
247
266
282
378
344
295
207
184
204
181
182
329
220
217
256
232
202
177
231
313
270
160
117
287
183
202
306
330
327
247
316
273
197
268
290
264
275
321
190
211
158
224
299
206
225
279
145
173
172
147
154
144
153
262
207
186
194
160
309
135
251
214
222
231
281
264
209
228
255
292
243
229
148
247
186
211
116
296
142
201
172
242
212
158
213
255
254
171
201
202
330
120
217
220
167
189
215
237
72
316
248
317
192
164
226
319
228
215
222
169
239
143
150
164
158
253
230
258
192
267
201
226
223
180
277
275
280
183
173
329
180
153
149
138
184
287
228
363
122
396
227
257
176
238
168
241
150
271
68
167
260
251
142
122
299
115
210
262
309
139
265
196
213
266
243
306
229
193
159
277
313
185
96
62
184
208
179
223
189
166
222
174
283
278
260
159
194
181
218
233
339
223
259
204
275
245
185
187
198
198
181
164
260
205
168
160
282
296
222
201
276
126
254
288
227
168
151
209
199
138
239
128
284
155
313
275
164
184
185
192
235
246
275
238
233
192
224
139
117
195
158
156
64
255
215
234
274
276
338
129
208
223
307
192
230
251
257
208
254
280
169
179
269
220
241
258
200
198
181
208
162
38
144
244
173
155
184
217
181
166
101
166
126
262
167
230
271
186
241
195
296
232
31
164
232
225
226
157
211
140
218
175
327
180
270
214
161
295
171
103
234
255
255
127
225
257
160
15
219
215
169
172
124
237
164
198
165
253
199
188
258
199
134
268
155
226
132
263
222
213
165
284
140
108
278
197
223
214
210
168
259
126
236
195
208
140
121
182
101
248
314
220
222
277
163
305
239
173
292
226
269
156
161
244
142
237
128
50
265
187
222
248
199
181
213
250
211
282
160
167
225
211
326
148
202
187
149
160
143
132
181
173
178
174
166
144
303
20
20
204
90
138
248
123
261
68
170
157
168
132
217
179
135
202
189
204
155
249
219
147
168
131
138
232
300
137
105
201
183
149
320
154
232
274
244
241
171
241
131
207
150
142
127
160
195
236
262
252
150
205
123
173
240
195
176
146
277
155
162
246
175
170
121
131
170
181
162
87
190
227
181
207
164
197
113
209
197
105
146
225
156
107
149
259
179
181
157
132
181
225
212
181
94
267
192
81
125
116
137
212
129
169
112
161
137
99
149
205
263
162
184
151
119
63
109
106
253
161
146
172
167
143
194
102
172
79
192
155
173
200
113
161
132
-1
139
241
233
87
159
123
243
107
193
128
312
186
171
139
146
82
160
121
96
153
120
177
175
222
112
172
180
130
153
125
181
182
67
237
36
102
162
109
121
263
221
156
178
131
164
278
294
221
246
80
189
195
169
209
110
167
201
122
170
140
134
215
126
147
147
171
131
100
174
153
153
172
80
89
152
124
112
79
117
110
75
87
133
63
102
135
167
58
193
137
88
111
110
158
69
98
54
136
81
64
64
61
85
125
45
69
70
97
59
77
183
174
