425
509
556
541
545
507
619
547
58
532
517
495
437
389
445
487
519
536
499
609
448
497
419
418
360
353
454
538
574
600
552
587
589
646
693
678
668
622
640
589
599
650
616
672
624
610
524
645
483
628
738
613
599
583
556
518
626
572
562
617
669
597
622
493
601
578
680
590
594
610
726
668
682
748
467
369
644
628
514
576
386
548
565
417
571
561
447
356
575
506
666
571
596
666
606
500
335
528
577
320
361
511
536
678
583
499
499
504
518
480
413
409
427
401
444
446
439
363
413
477
395
421
359
615
344
514
257
442
456
407
593
414
431
451
281
451
472
464
295
272
505
503
333
472
369
412
240
444
658
565
528
577
540
414
456
706
581
431
449
687
683
500
508
489
560
563
644
414
425
371
353
376
262
262
264
331
280
271
404
298
190
433
391
521
520
295
235
320
211
194
207
248
211
242
209
269
423
428
295
453
629
414
623
573
526
295
396
542
524
515
716
592
478
529
158
610
464
717
744
682
366
593
569
554
605
570
484
616
489
541
340
597
534
581
532
682
595
520
623
652
658
513
437
323
277
720
437
443
221
172
248
139
159
210
249
373
426
478
438
134
209
154
305
714
269
466
106
533
416
577
645
321
361
297
683
482
496
527
515
486
466
539
509
647
680
570
497
464
473
318
555
564
323
457
686
431
610
336
698
615
552
408
400
407
325
402
669
328
316
363
273
252
255
301
684
272
552
516
588
437
578
686
618
601
613
695
506
407
442
388
430
488
634
500
246
436
509
562
495
210
531
441
536
601
595
510
302
449
408
385
610
478
611
672
554
403
443
446
434
673
575
573
630
655
616
327
558
452
483
497
531
574
369
381
571
582
519
513
531
565
531
604
282
399
518
120
652
521
641
631
405
424
407
326
318
428
610
339
339
264
705
94
683
508
556
697
674
414
544
352
620
541
408
566
182
529
689
532
427
301
611
516
531
457
481
266
455
376
632
415
679
478
308
292
257
311
381
227
400
292
406
641
580
562
293
353
320
302
459
543
355
259
560
356
346
447
405
625
549
296
430
432
352
157
506
480
574
193
233
534
325
221
232
369
376
383
360
388
414
368
395
470
432
327
374
430
311
589
457
500
538
564
287
519
496
367
482
573
597
677
763
568
627
547
566
487
359
526
462
368
652
619
727
165
79
192
589
395
485
397
392
596
442
504
655
642
396
613
575
572
512
612
376
604
591
547
468
184
693
468
453
531
496
751
480
462
328
419
477
616
537
431
389
400
336
418
365
393
479
383
551
539
178
439
534
562
411
523
453
378
349
471
549
540
437
255
212
555
374
558
524
582
447
608
375
493
610
358
139
583
267
397
341
466
376
481
371
521
503
527
275
285
196
173
307
236
334
214
395
577
428
426
378
623
500
472
628
597
400
456
322
326
421
332
597
553
415
552
640
384
355
259
468
535
566
426
600
535
660
361
626
569
678
733
488
361
398
648
228
286
474
387
666
620
390
547
298
282
352
108
397
144
239
305
257
530
411
429
407
304
271
269
348
453
397
153
483
508
664
644
650
642
645
634
622
485
384
371
327
663
528
454
538
386
439
415
303
406
314
664
629
401
430
374
349
566
458
599
382
365
340
477
574
587
752
645
624
646
620
310
346
418
500
395
507
407
467
483
609
592
168
237
304
339
468
306
336
256
159
437
322
388
406
601
520
313
500
203
321
334
119
286
425
467
425
485
427
446
366
331
549
422
281
241
426
435
389
530
508
367
356
109
498
466
173
233
351
468
356
647
267
461
770
369
612
450
568
442
371
539
518
290
501
526
447
525
545
417
436
281
491
319
247
434
484
611
362
339
506
519
402
423
548
383
735
290
610
243
334
166
547
488
391
368
526
659
561
449
507
616
322
509
496
515
669
579
515
495
458
344
413
736
707
366
387
258
374
499
276
383
474
419
412
579
805
751
641
553
585
652
611
572
323
631
292
522
561
541
294
319
350
298
356
276
324
521
561
425
430
359
240
583
521
229
591
647
148
599
104
335
339
538
414
589
565
526
533
260
385
529
439
378
552
358
415
570
590
408
484
358
329
374
396
546
380
444
577
436
353
598
163
429
353
341
658
420
536
530
334
315
733
746
234
610
569
517
458
424
804
362
644
176
437
482
300
387
702
626
586
512
510
411
503
342
344
567
383
298
200
343
257
649
573
505
653
538
516
497
487
447
503
587
630
392
390
347
508
495
507
517
445
375
635
726
330
632
570
691
408
522
516
323
295
557
219
636
788
715
400
649
438
632
629
420
342
788
376
432
538
420
548
215
309
435
436
479
408
550
529
368
353
563
744
248
661
315
538
314
403
443
388
673
314
408
357
536
683
232
494
443
361
401
287
700
351
518
547
639
565
627
435
396
362
357
661
563
233
259
496
607
465
609
639
459
311
498
398
363
500
584
309
563
628
161
516
124
157
675
433
457
539
220
573
478
475
508
403
540
605
590
399
587
656
643
404
450
380
385
492
594
323
268
652
292
331
507
153
529
626
521
317
161
86
384
493
262
485
306
489
333
349
541
617
-1
1899
287
439
335
496
352
413
340
606
615
446
382
367
352
541
591
209
389
320
550
313
511
431
588
563
534
312
507
360
524
447
334
59
60
43
213
362
566
477
222
703
266
547
573
536
449
341
439
384
391
396
410
430
421
374
431
589
496
608
265
621
522
452
679
498
111
394
284
430
352
542
582
579
174
567
633
490
322
414
514
369
409
370
390
318
314
530
288
582
325
413
570
495
489
412
558
378
471
474
424
483
310
532
403
525
411
335
482
499
488
452
325
445
292
317
506
532
659
544
553
632
391
536
487
352
467
559
349
548
629
520
330
513
519
292
628
357
561
496
323
439
544
528
328
410
484
564
692
641
532
425
142
259
184
376
509
409
252
369
371
404
458
369
361
482
556
648
279
409
359
297
291
268
409
319
303
298
509
449
316
558
321
515
430
465
543
524
275
269
386
340
345
231
561
250
298
413
567
491
171
404
211
344
619
216
343
523
581
403
271
276
252
264
357
623
493
456
369
400
658
361
473
568
483
526
552
515
648
631
381
447
507
475
269
259
499
328
403
374
273
408
458
487
620
573
316
261
546
257
381
584
645
554
456
561
466
352
403
557
499
518
536
443
428
232
270
477
371
422
440
417
519
359
333
307
312
297
439
364
325
360
338
513
270
413
515
281
256
606
599
454
330
457
508
420
443
280
533
427
501
346
419
215
517
443
530
460
317
391
416
452
255
323
394
551
220
558
458
255
424
365
426
196
504
444
617
328
310
572
650
401
370
301
509
470
249
285
230
205
511
488
486
333
544
463
426
410
294
529
459
551
483
446
592
263
288
386
302
385
456
399
539
320
566
478
426
211
308
386
400
410
527
219
306
500
549
276
276
470
219
298
330
644
258
503
342
442
343
372
403
349
371
358
575
525
352
352
242
352
316
221
424
315
222
269
166
436
447
546
317
366
370
443
478
708
431
584
281
482
258
381
435
412
447
316
313
511
249
257
383
616
504
282
410
486
296
456
408
453
333
291
427
483
415
453
279
571
174
491
375
469
373
376
377
390
439
426
437
389
337
361
296
283
310
326
199
302
552
353
344
394
433
392
311
442
284
522
333
390
331
450
371
529
467
337
368
356
254
263
331
414
255
296
321
344
164
300
536
294
265
336
392
310
299
255
293
174
433
274
389
500
321
376
265
392
304
58
208
271
341
366
299
359
298
396
369
405
203
509
335
383
462
276
247
331
499
425
316
570
398
229
182
373
276
273
264
175
515
384
339
272
502
328
405
393
434
307
429
204
386
326
358
362
282
352
443
335
228
377
317
359
434
366
302
401
259
541
489
514
254
262
396
155
464
475
502
306
427
311
603
486
357
535
302
410
325
325
403
245
363
349
70
443
361
300
408
312
412
395
480
376
382
307
349
432
249
471
356
338
429
334
353
218
248
243
312
470
320
278
262
406
18
33
358
300
281
384
296
541
302
245
271
336
245
379
297
392
270
296
379
337
414
456
310
368
187
272
329
406
296
251
406
420
334
417
312
552
377
340
434
305
539
344
426
317
325
174
253
337
377
407
478
284
298
271
362
428
263
279
278
441
303
289
411
295
335
291
163
378
329
332
205
229
303
323
275
325
294
321
244
226
231
163
377
263
289
257
433
281
282
250
186
288
278
332
321
125
403
298
131
204
182
160
296
252
271
197
296
261
303
299
291
383
209
219
193
260
102
190
263
468
230
307
207
287
314
306
158
243
103
355
270
310
407
226
382
237
322
256
363
294
176
276
273
390
108
253
164
389
351
229
159
212
258
299
148
171
192
242
323
322
433
212
214
252
265
247
215
230
220
104
354
51
126
194
196
134
294
435
254
313
284
333
383
307
241
254
93
251
270
236
279
197
343
274
225
226
231
183
303
223
280
278
315
154
132
280
194
193
351
148
166
248
127
247
78
148
162
96
140
225
91
141
191
219
80
308
212
142
157
198
220
109
150
79
138
132
166
96
63
123
175
92
121
122
136
101
144
408
252
