594
720
792
767
752
714
859
742
90
751
688
665
597
528
614
646
645
706
666
788
649
625
557
566
484
454
587
686
768
789
759
805
808
796
887
945
994
889
961
844
858
937
863
972
877
777
733
851
659
859
1075
886
920
923
863
795
897
852
787
833
942
833
854
806
851
842
907
846
865
828
961
881
941
1021
590
502
982
916
689
860
582
809
829
650
912
918
656
539
881
737
922
942
809
881
842
645
501
743
879
447
513
695
764
851
822
701
660
666
679
652
505
617
600
567
550
603
548
466
601
598
566
556
480
794
431
772
369
580
684
532
861
574
568
601
355
532
595
658
401
445
711
687
423
619
484
517
317
601
895
852
695
770
674
547
570
941
877
598
643
828
868
705
743
640
740
813
885
536
565
478
467
520
332
385
351
442
378
370
548
385
287
563
511
738
682
438
297
406
287
232
259
328
255
327
325
333
600
602
361
570
784
568
737
733
639
400
564
683
764
781
955
869
615
651
275
827
572
940
912
825
444
878
713
726
905
831
643
806
706
809
470
803
656
697
695
1043
822
668
891
998
923
813
585
468
370
1000
640
572
343
275
314
221
211
341
372
506
577
702
536
176
277
198
441
863
386
606
146
660
595
851
935
424
512
444
1111
633
645
655
642
716
721
831
743
958
894
809
667
575
580
412
781
857
510
709
910
562
750
458
880
889
761
541
526
540
415
522
858
485
409
519
387
331
381
431
858
347
873
632
822
511
758
949
829
923
922
839
647
541
581
510
642
783
867
759
386
622
773
877
751
246
775
729
824
782
767
694
397
638
505
488
756
586
905
867
667
611
630
583
567
842
724
692
791
830
830
447
874
637
590
600
787
869
490
498
892
703
686
760
722
838
829
776
393
498
720
155
821
694
829
893
560
583
485
404
394
512
665
425
424
356
1145
126
790
615
674
819
805
660
851
445
794
844
599
769
285
708
789
794
569
381
762
720
725
593
697
358
702
583
804
667
933
636
408
369
351
409
526
343
585
393
521
779
831
787
408
458
433
397
651
744
407
348
768
489
456
544
464
867
699
399
627
674
517
232
753
649
773
249
331
706
461
336
350
525
558
534
534
524
597
528
552
588
620
439
454
540
396
728
594
712
821
764
352
696
618
493
564
814
794
848
910
749
872
710
759
585
524
685
623
534
901
792
989
238
179
250
802
535
755
522
579
899
614
620
892
768
475
834
726
836
800
816
534
877
790
752
609
231
893
606
562
773
694
892
702
674
400
489
605
832
755
558
525
544
459
529
457
517
563
554
748
773
232
568
640
737
587
726
521
496
500
591
805
736
620
347
309
731
554
709
679
704
672
697
437
687
801
443
211
709
351
533
458
562
509
651
504
673
646
779
380
400
303
247
427
329
445
286
472
837
565
572
556
779
724
681
756
720
480
599
469
467
500
519
883
784
532
658
942
588
520
405
601
776
780
559
878
878
914
452
894
645
877
797
610
504
548
951
286
407
581
525
806
770
541
707
396
359
455
141
588
177
332
356
537
758
575
504
446
409
362
363
473
486
476
191
730
725
843
805
799
816
783
816
806
565
478
467
463
742
750
625
733
474
519
464
370
474
432
870
848
464
547
493
468
791
602
799
553
516
456
519
834
594
695
798
734
774
735
418
473
564
714
551
660
531
603
746
754
818
244
333
407
460
714
442
404
309
214
733
441
540
559
821
756
470
649
331
434
436
216
470
524
654
549
546
499
593
449
402
810
496
374
330
566
579
448
672
642
502
442
184
607
672
269
311
495
607
469
735
335
643
866
482
707
576
793
575
511
824
671
459
586
624
600
738
844
519
707
372
683
386
368
594
593
749
509
367
698
693
376
648
616
545
652
355
684
301
425
237
724
668
479
516
722
974
703
555
746
638
512
735
639
654
838
818
662
699
618
431
525
770
741
482
483
363
481
537
346
548
601
570
559
722
797
738
817
852
819
-1
881
769
488
720
421
682
688
685
409
463
521
432
438
382
419
676
851
589
582
552
383
618
641
353
680
782
217
786
126
516
441
663
574
750
613
526
584
350
472
677
521
491
648
449
537
664
700
569
644
424
428
527
481
784
432
465
878
486
469
602
261
601
408
504
814
535
792
657
415
447
764
736
288
771
754
731
653
600
695
506
688
268
547
726
402
488
936
813
702
619
674
561
634
448
427
524
524
422
254
474
339
773
748
661
916
660
687
634
642
665
628
731
654
501
496
432
771
631
724
690
587
559
833
863
498
827
687
732
606
722
609
427
378
750
296
637
660
661
500
788
630
676
744
594
504
735
540
603
715
659
620
243
455
436
527
551
558
516
698
482
466
717
659
290
650
414
656
438
514
587
591
628
435
635
516
629
768
287
708
478
455
551
353
820
481
633
669
589
668
653
525
552
488
473
755
745
334
317
653
653
618
755
733
725
474
629
408
446
706
685
371
683
674
262
544
157
230
761
579
656
733
270
863
597
592
755
488
567
768
755
436
800
744
796
505
565
510
485
639
589
387
360
686
384
443
604
252
597
671
688
344
196
103
448
634
322
538
390
806
457
495
595
637
652
649
375
545
473
510
560
509
502
883
647
642
532
514
460
625
586
291
433
399
513
410
662
608
753
543
554
352
562
474
646
572
516
72
73
74
249
467
668
573
350
653
305
711
698
593
583
505
521
501
571
562
557
525
497
396
485
765
708
508
309
674
614
546
538
614
173
489
403
454
359
736
628
623
272
772
723
494
408
476
630
393
528
462
651
385
381
373
359
651
417
516
703
643
589
534
687
504
634
517
603
482
366
578
448
654
508
426
480
547
517
495
449
506
354
362
555
406
622
660
750
927
435
654
497
477
458
512
404
713
517
624
420
612
599
407
540
306
544
635
435
454
433
430
419
443
569
561
616
605
558
521
184
279
180
490
580
434
448
406
391
579
604
344
449
475
602
574
420
624
427
401
333
348
456
399
386
373
549
501
398
688
394
618
481
604
537
643
343
315
441
401
384
304
598
316
331
392
585
557
207
488
293
439
504
372
411
624
602
495
313
337
322
334
494
664
574
595
353
353
676
417
617
633
522
586
592
700
615
555
496
411
464
441
318
294
574
330
419
379
325
583
490
555
576
551
509
338
723
337
454
607
669
570
565
598
510
523
452
678
559
618
679
477
407
340
361
540
407
413
567
368
454
378
345
338
324
389
569
404
383
435
408
589
357
471
552
332
298
538
489
419
405
410
535
440
477
374
541
491
492
512
540
305
513
397
559
428
380
432
519
646
311
410
448
649
285
561
585
420
456
480
585
205
576
429
699
404
421
463
640
447
400
306
402
429
368
340
292
296
612
712
419
352
511
548
491
519
369
520
546
538
368
357
691
387
303
460
395
416
580
543
742
440
766
501
480
281
391
424
531
390
621
292
395
613
516
429
296
506
360
377
416
574
305
520
335
524
387
479
364
356
480
314
637
520
366
410
246
462
358
325
490
433
266
325
177
643
644
482
366
510
360
567
468
635
561
525
338
561
301
392
490
452
360
362
421
630
287
316
355
532
546
352
524
625
397
540
560
556
467
353
506
436
330
589
356
578
238
675
437
429
376
403
432
400
612
493
609
424
416
428
330
330
372
379
216
303
514
376
445
427
510
392
344
335
377
589
390
483
376
400
369
445
479
411
358
381
254
318
254
416
364
342
416
370
197
375
540
354
273
344
467
367
257
286
361
225
408
275
491
486
268
420
307
441
334
86
262
332
333
438
342
466
342
369
331
557
251
686
421
318
487
294
349
373
441
397
333
416
463
332
237
412
309
281
281
244
542
475
389
314
432
381
400
482
374
406
431
254
459
295
487
399
404
354
547
361
267
416
346
361
407
345
307
424
268
381
454
459
293
294
392
219
692
574
453
351
469
327
548
448
397
493
310
487
434
298
504
269
471
360
98
614
308
321
439
346
524
392
428
360
404
362
412
419
312
566
320
310
355
457
307
236
308
251
357
611
313
298
276
503
19
17
520
361
443
361
343
587
309
244
386
312
256
536
301
297
300
419
541
318
449
517
325
345
245
307
349
470
270
376
666
425
343
413
311
393
416
254
523
330
497
287
408
360
373
227
275
342
449
460
491
214
352
343
419
416
302
319
298
512
378
299
432
324
314
373
207
406
449
374
220
221
375
321
315
265
379
260
283
224
301
141
364
298
352
299
518
280
282
254
188
298
308
354
353
130
462
310
199
254
209
204
289
305
289
265
281
260
349
340
339
377
219
215
216
273
143
190
240
603
272
222
212
271
356
316
157
256
160
445
261
290
395
265
305
294
324
215
309
340
190
315
281
409
114
293
187
437
369
285
196
212
233
281
132
270
199
251
291
296
452
265
221
270
258
215
208
234
258
153
426
70
129
241
210
158
277
378
268
318
267
313
372
295
226
227
133
247
263
239
273
176
372
252
222
214
314
174
276
196
274
272
276
177
133
309
170
168
354
167
197
231
119
251
87
141
164
123
150
226
120
169
231
215
113
314
186
151
163
181
213
124
150
84
172
145
182
89
87
163
196
95
109
108
165
86
130
560
242
