382
429
441
442
430
421
538
445
48
450
438
432
370
345
376
440
416
447
402
477
374
425
321
346
286
310
374
441
469
521
496
469
498
528
541
609
628
575
647
568
552
624
600
622
622
506
464
573
447
572
706
689
688
618
629
581
649
602
559
639
708
601
586
546
716
649
622
629
638
614
590
552
576
670
413
303
646
620
445
511
463
592
601
429
614
640
444
391
623
452
628
540
525
534
482
403
398
477
593
359
368
538
460
573
508
552
512
526
534
454
415
421
462
413
450
444
437
348
445
515
430
408
336
532
299
519
259
409
463
412
519
428
415
453
262
463
461
504
316
290
474
528
340
485
364
409
245
437
522
584
409
494
455
431
382
622
636
408
449
504
546
498
501
386
454
502
528
443
451
386
357
382
279
297
271
344
280
267
437
299
203
467
369
514
442
228
238
320
226
209
219
241
218
227
224
277
408
404
242
360
474
436
501
472
418
307
451
435
551
549
555
506
410
385
152
523
372
586
603
566
372
493
561
553
640
577
472
560
484
595
309
528
420
433
540
623
525
573
637
625
504
559
497
338
275
624
472
349
210
187
206
148
174
198
251
357
341
500
414
129
217
152
296
517
270
479
112
498
391
591
624
345
372
295
649
408
433
467
465
484
507
602
492
635
634
574
394
489
446
325
532
484
298
420
546
457
498
250
549
598
477
414
403
424
327
420
583
266
247
292
229
192
218
234
535
266
590
469
468
336
479
554
476
547
598
532
410
404
339
435
429
450
500
490
288
503
538
636
569
185
591
437
471
545
484
504
247
448
335
316
468
399
524
512
433
423
496
380
440
525
445
479
465
506
472
363
587
456
427
431
562
642
361
376
602
460
480
453
507
547
507
451
294
398
504
111
542
433
602
642
410
422
392
311
297
423
432
294
291
270
654
94
523
415
387
493
531
419
513
345
457
521
451
524
159
483
478
476
440
316
500
459
504
466
537
225
460
433
599
471
606
505
308
268
254
298
378
230
369
297
425
622
677
673
274
329
313
270
441
510
341
209
498
293
340
358
356
664
537
318
472
502
389
194
579
461
597
201
213
420
319
225
221
383
391
388
366
399
421
352
392
404
406
305
306
345
333
454
363
572
530
615
280
422
417
317
405
470
460
555
548
434
514
507
573
374
359
416
473
400
551
525
586
169
110
151
500
346
536
334
410
560
384
384
640
544
406
494
502
564
565
469
351
571
521
543
467
199
581
393
388
460
398
561
537
498
318
396
369
539
504
383
349
355
306
370
294
366
405
380
557
616
184
438
458
628
441
614
358
319
326
457
461
420
385
233
213
401
354
480
462
443
436
410
287
513
513
322
160
510
229
369
298
357
339
520
402
381
420
609
280
293
187
172
311
225
310
216
291
553
483
392
461
526
464
540
591
513
347
457
299
343
361
443
710
665
329
392
632
437
415
323
476
593
701
405
638
532
630
317
771
457
649
663
529
326
368
804
213
320
454
396
527
507
441
507
294
265
325
113
401
118
274
242
277
433
377
417
412
285
238
256
314
373
309
160
548
467
640
599
610
595
588
616
573
403
366
348
339
596
487
546
577
338
363
352
277
323
355
791
783
311
408
330
323
639
542
550
421
423
357
389
743
357
484
527
519
544
482
281
309
442
618
351
400
398
414
485
447
581
141
218
371
353
507
317
332
248
158
435
345
376
371
650
623
286
412
271
349
329
125
284
445
556
425
406
353
352
296
282
749
324
262
203
435
428
302
440
391
411
368
113
457
550
178
211
317
460
347
457
219
423
591
352
627
495
538
440
410
638
585
363
532
554
422
628
682
458
447
231
444
266
253
455
489
520
373
258
522
605
199
409
454
408
466
213
468
273
284
144
517
405
370
393
541
668
450
379
558
496
321
559
463
470
573
567
478
421
395
330
471
565
486
330
293
228
295
478
264
327
384
354
357
474
569
555
531
521
492
649
612
492
256
521
269
633
414
513
276
271
302
273
328
258
287
540
701
377
380
368
228
389
412
218
439
610
193
568
92
327
348
468
473
476
588
419
404
272
344
494
340
396
452
298
324
397
445
378
579
358
302
426
418
508
318
332
650
366
357
437
156
386
258
364
574
344
589
480
296
330
534
532
206
594
581
474
411
418
516
345
444
162
411
570
241
306
592
521
620
555
577
480
590
388
319
384
446
321
205
286
226
664
712
554
558
633
553
507
484
501
445
462
424
352
443
330
670
544
631
651
504
383
617
575
291
581
543
535
438
635
495
296
257
705
233
448
503
526
329
671
454
458
581
409
301
599
410
394
521
520
406
181
289
358
382
388
319
360
637
379
337
434
480
259
479
305
503
304
320
480
487
464
290
396
350
458
526
228
548
311
342
504
279
620
407
538
576
401
700
423
339
363
359
342
533
612
232
249
569
592
411
633
577
364
297
425
393
291
533
522
278
694
711
182
510
146
156
566
502
504
626
227
538
452
622
501
419
554
579
572
368
531
495
537
488
398
387
373
383
430
286
262
639
258
402
597
175
668
586
521
269
161
76
410
464
282
398
266
531
344
373
535
495
551
550
237
436
322
462
400
364
339
559
493
484
349
393
339
483
502
224
435
304
434
397
687
538
643
347
416
288
621
310
554
600
413
60
62
50
150
394
595
474
255
517
263
436
450
381
464
387
499
486
429
420
426
434
387
317
345
503
519
371
230
550
426
505
400
596
137
346
244
356
281
488
451
429
167
506
644
451
322
451
580
297
340
323
322
265
262
311
252
503
290
327
685
608
561
428
535
319
431
489
453
328
330
448
409
460
473
360
472
386
337
522
318
515
326
321
545
338
428
467
534
627
384
614
485
437
343
403
296
688
448
421
334
438
424
329
424
354
361
473
325
364
369
370
371
411
530
441
469
463
611
439
149
230
192
372
648
458
262
383
277
318
377
338
433
339
580
473
255
426
400
358
319
276
512
322
347
342
351
480
362
455
277
557
479
580
419
489
277
269
409
395
385
237
448
229
332
289
481
514
196
386
245
381
427
176
336
519
473
438
306
312
303
290
328
496
402
411
282
291
536
407
503
547
578
437
440
583
501
475
399
357
346
358
285
292
469
259
338
391
289
365
283
342
542
476
450
261
511
243
348
664
721
678
497
591
543
487
489
419
689
445
487
371
394
239
273
480
369
434
530
262
325
292
266
262
263
340
436
466
402
351
296
485
227
406
394
235
228
457
484
360
402
432
592
490
484
332
390
365
423
397
508
226
392
333
344
336
324
410
454
464
224
318
421
-1
221
364
377
265
356
424
440
161
577
467
657
374
339
433
533
440
330
308
327
400
228
258
212
203
417
432
366
388
439
334
487
412
265
432
482
416
326
314
493
237
310
347
250
328
762
417
593
259
636
416
438
213
378
330
461
262
565
224
372
377
386
386
234
628
220
332
330
467
243
590
384
575
390
430
467
427
464
278
506
471
279
297
179
268
376
250
277
329
268
251
180
382
384
477
330
401
316
377
410
575
384
461
309
523
244
311
294
316
316
341
350
531
264
288
287
475
410
348
370
400
257
469
507
384
382
286
418
381
266
465
248
445
159
490
466
295
328
326
305
371
573
490
479
399
379
472
251
272
384
307
221
214
441
388
413
457
405
433
251
314
325
428
384
447
361
360
334
400
420
395
279
430
207
227
287
382
280
271
389
279
124
319
457
294
266
283
419
374
250
218
290
169
392
275
415
445
265
466
266
478
363
53
242
312
355
515
286
459
258
451
298
456
259
532
378
305
406
272
206
326
383
418
244
382
446
213
131
387
282
312
294
155
427
338
327
275
390
347
329
392
369
297
370
185
485
250
423
432
286
297
510
302
209
404
311
317
388
346
287
451
244
368
409
399
266
280
411
145
450
454
336
323
474
248
488
385
330
503
354
509
382
284
535
258
417
258
58
427
325
336
481
319
422
364
320
364
401
328
324
403
230
500
243
295
316
353
277
228
221
300
356
408
282
240
248
468
24
22
344
264
257
362
335
397
175
238
332
331
279
424
338
256
289
340
362
258
515
462
297
280
170
293
495
473
270
274
373
316
276
449
232
375
487
234
509
267
395
283
364
330
299
179
313
355
478
488
428
167
394
297
338
450
319
229
288
496
336
256
541
269
314
208
201
308
352
299
196
238
365
298
285
243
290
219
272
202
222
163
308
295
308
294
481
212
215
215
157
250
351
299
375
97
509
303
120
245
228
160
261
257
274
163
285
249
320
257
369
409
137
258
151
234
107
161
203
488
293
244
250
260
281
272
154
268
95
332
224
240
306
234
261
243
330
202
341
315
153
322
299
347
104
306
229
387
336
293
172
227
209
313
155
157
214
197
340
340
418
172
242
299
239
193
241
273
296
78
417
70
155
254
200
129
305
333
274
318
288
277
372
290
230
219
113
262
280
239
292
180
383
278
208
235
256
226
306
210
264
259
275
208
149
305
202
202
298
162
176
271
151
181
92
157
191
140
153
252
76
185
249
202
125
273
182
158
178
182
207
134
133
93
176
150
169
88
97
166
224
91
131
133
126
89
144
358
246
