643
774
819
772
754
653
865
759
99
773
786
702
621
572
619
693
701
758
711
836
626
636
545
548
478
502
593
698
792
908
815
841
819
903
1040
1082
1117
1029
1126
918
916
970
928
993
978
817
728
893
753
899
1094
1026
1108
932
1010
896
916
914
880
936
943
853
1059
858
926
942
1022
888
933
892
1022
902
986
1074
627
589
1030
1078
832
956
671
911
910
645
976
955
698
639
837
717
1024
858
940
975
813
737
548
715
948
498
641
771
728
862
900
783
742
743
757
737
523
661
696
639
645
647
578
543
659
686
633
576
550
820
458
710
441
635
717
586
914
674
613
656
423
586
646
685
476
457
822
815
480
684
490
587
391
677
839
781
741
818
740
578
572
967
1053
634
675
908
980
766
761
752
754
862
978
618
613
551
548
548
402
416
396
514
406
409
613
430
319
641
542
795
725
458
340
442
304
279
291
367
286
363
364
359
636
636
357
598
769
633
788
766
665
431
672
822
899
751
970
963
668
650
320
774
525
1078
985
987
505
789
792
781
837
805
696
858
881
858
512
872
702
736
750
1074
832
751
1116
988
928
879
701
527
424
1056
727
545
364
285
310
239
233
359
427
647
563
662
586
215
305
226
544
866
404
684
175
714
663
995
986
471
619
477
1054
629
651
659
660
699
774
833
772
947
917
888
635
643
649
427
881
832
447
631
876
613
783
446
888
865
782
591
582
590
434
565
850
486
443
515
406
383
407
455
896
403
910
717
741
491
764
864
775
924
909
940
758
555
526
558
564
698
805
668
401
728
741
828
940
296
834
674
795
910
783
790
397
674
584
491
789
708
928
847
698
613
725
631
589
906
694
702
710
817
804
498
885
723
627
657
852
942
560
568
917
777
759
738
725
867
962
718
396
616
668
182
896
714
962
1047
539
568
534
419
392
563
734
571
570
404
963
160
923
688
644
784
878
623
797
571
798
868
597
836
292
788
716
773
621
444
803
707
736
579
748
399
662
545
975
695
957
672
450
414
370
429
605
417
548
490
567
797
873
889
400
499
450
398
702
844
430
343
871
510
519
535
480
899
713
425
631
611
528
228
670
705
774
263
382
612
586
416
438
647
690
677
684
573
746
570
582
592
728
479
524
576
411
757
553
724
740
908
313
671
611
498
606
767
772
940
842
726
766
829
853
561
627
616
730
706
795
785
887
263
121
258
774
573
730
538
644
861
601
610
931
872
512
758
850
815
785
746
547
749
853
666
579
251
876
618
570
674
581
865
624
648
422
525
598
1007
891
590
528
537
474
532
485
528
587
730
976
911
301
582
688
803
586
645
579
490
482
617
737
668
762
343
270
707
735
651
618
618
608
587
463
715
777
470
273
674
377
530
474
647
546
697
631
651
615
653
440
478
313
279
463
337
444
329
354
765
619
626
628
828
781
590
779
735
520
551
435
461
525
563
893
912
585
581
682
564
507
345
557
837
824
541
849
930
880
514
760
638
911
787
709
518
589
788
299
382
586
493
778
738
638
776
422
393
581
178
650
205
448
367
520
716
659
515
470
410
353
370
520
520
479
211
599
699
854
814
839
823
799
797
725
544
564
452
481
811
743
569
769
471
576
522
398
472
517
710
716
491
705
553
581
757
547
786
560
514
492
533
728
552
643
737
715
743
684
461
524
585
596
646
559
513
685
696
697
835
303
412
412
460
555
414
391
306
207
612
530
653
571
766
740
582
736
286
377
412
268
420
468
571
564
589
581
611
476
415
797
475
375
378
651
694
468
643
619
511
462
203
633
538
314
365
541
569
410
620
331
739
812
478
739
619
794
603
531
680
549
461
498
543
509
566
662
403
673
389
594
384
317
635
523
749
584
443
624
559
320
543
604
607
537
366
733
363
475
277
664
602
506
582
921
847
747
583
864
638
620
706
712
669
916
720
645
639
526
438
562
840
585
559
476
336
483
622
423
524
564
517
513
698
726
722
685
-1
594
852
909
616
438
647
400
483
590
713
424
371
429
346
336
414
341
701
751
727
710
552
382
532
640
345
641
739
195
744
156
540
463
648
576
755
683
495
476
408
460
636
599
476
681
580
500
559
774
560
566
515
544
553
434
638
447
472
677
496
469
598
235
536
394
679
816
432
868
547
485
539
711
693
285
639
632
612
574
519
623
598
569
294
556
782
406
445
769
797
576
463
494
457
497
468
524
474
513
419
336
401
355
712
622
527
658
538
656
632
612
579
549
663
523
450
545
421
605
433
591
554
483
547
796
805
414
681
630
588
487
596
467
519
417
643
341
482
532
562
560
573
548
646
793
556
586
612
683
529
630
572
530
222
378
401
575
539
518
444
703
503
562
640
551
336
545
430
564
405
467
418
506
607
441
523
441
660
678
276
547
464
572
497
367
664
500
612
501
473
628
535
415
514
525
430
714
679
315
361
599
595
666
711
558
632
417
517
441
482
584
697
388
628
572
250
517
172
284
638
446
488
726
300
842
529
495
667
420
471
572
617
428
656
583
783
481
533
512
439
540
581
336
352
524
308
336
561
253
510
504
677
353
197
107
432
578
355
512
342
600
464
590
474
575
553
553
370
569
495
386
444
575
408
611
515
585
398
475
514
601
533
266
381
377
429
362
618
430
651
456
578
396
436
543
483
590
383
71
101
91
287
440
539
438
426
569
235
599
594
452
557
397
453
389
548
546
517
495
460
314
447
586
610
453
314
579
535
444
456
579
196
572
487
443
359
732
522
567
270
758
581
347
410
420
633
395
403
354
558
424
419
316
393
609
458
466
582
740
732
577
655
531
554
378
544
426
380
491
346
573
356
315
384
417
441
379
504
448
294
322
460
373
488
568
467
610
420
567
426
564
473
429
519
553
443
441
360
618
470
333
559
266
436
665
450
423
412
390
457
372
421
497
557
513
389
493
185
222
151
425
467
323
423
350
410
421
427
295
384
408
436
527
359
414
406
325
324
334
371
388
378
397
515
455
309
624
460
483
380
429
372
590
401
302
329
297
290
266
494
417
313
382
492
485
165
418
263
399
523
336
409
424
409
459
324
336
336
350
544
614
571
444
376
354
515
350
479
501
375
497
487
636
473
461
472
376
404
418
360
349
407
327
398
307
295
485
393
428
462
421
380
333
652
261
453
530
595
495
399
422
400
496
370
566
482
687
517
468
399
321
304
372
436
359
389
337
364
408
348
331
333
419
689
350
412
422
476
407
362
404
586
250
237
400
382
336
383
411
399
311
363
462
385
476
441
485
501
232
402
413
429
312
356
309
520
633
304
347
337
521
306
410
507
349
454
348
518
207
411
370
636
407
429
481
506
334
312
249
367
390
349
302
249
233
425
545
300
281
526
427
484
494
384
395
360
348
336
323
544
302
275
441
434
368
491
456
593
550
834
361
512
342
288
380
533
343
545
287
422
451
402
337
336
400
295
310
301
533
328
452
276
420
332
296
332
296
495
305
629
540
311
381
221
423
283
292
356
364
242
315
140
524
539
373
341
528
323
614
543
555
460
423
316
433
251
283
398
326
284
409
395
478
358
265
350
500
387
240
536
506
312
410
368
368
447
410
490
392
290
509
412
435
180
593
358
355
395
432
477
292
459
331
611
277
313
349
357
346
357
382
255
213
416
291
313
318
322
410
334
275
338
488
284
353
254
346
356
398
360
440
353
263
178
225
222
444
310
421
320
369
216
341
450
348
282
341
383
267
257
267
353
267
304
239
518
427
219
323
238
312
294
75
216
302
257
329
386
399
329
287
320
435
204
560
328
295
374
290
358
350
354
353
364
340
478
348
201
356
245
284
247
239
458
306
246
322
361
323
337
312
362
458
329
191
336
235
425
361
305
327
528
343
290
335
365
417
333
304
359
329
262
324
393
392
247
264
344
280
576
454
365
296
382
256
433
348
381
450
228
374
307
303
418
260
388
358
116
599
273
358
315
236
624
327
299
276
327
305
487
336
227
455
265
280
314
335
276
293
284
194
312
553
312
293
296
381
37
33
492
372
300
332
303
451
247
231
264
228
197
503
264
278
231
321
325
244
313
413
337
237
268
264
283
393
259
297
508
324
281
355
217
298
333
219
368
322
366
247
345
383
318
173
175
384
385
360
436
167
263
381
367
403
237
282
300
389
300
363
348
253
310
344
135
315
363
371
204
199
259
323
224
184
309
217
282
168
195
124
285
260
366
280
437
269
271
222
198
193
264
243
322
93
393
257
176
249
207
174
224
399
191
210
275
210
405
279
261
316
160
167
174
275
155
185
227
518
181
213
144
199
330
223
120
197
154
324
265
229
299
247
245
263
276
220
258
276
134
345
314
335
93
206
152
430
334
181
138
197
194
233
125
194
162
204
249
249
377
194
178
235
213
176
191
199
179
152
329
70
84
172
197
122
248
343
227
256
244
299
274
208
162
183
154
180
197
167
207
134
307
202
241
158
240
140
216
169
250
249
253
122
98
246
141
137
339
121
195
224
95
184
89
101
151
82
137
193
109
110
180
165
71
283
184
117
147
175
215
104
143
60
108
113
132
53
59
106
150
81
91
92
124
73
106
562
234
