177
205
252
237
245
239
252
244
31
231
228
203
172
150
171
200
201
247
212
247
164
220
141
174
140
128
187
212
241
269
238
249
242
266
270
266
314
270
297
273
249
292
272
311
286
241
217
281
204
295
348
278
291
274
280
250
276
266
231
276
284
277
272
225
310
275
282
276
272
255
326
298
292
326
177
137
303
300
213
260
197
263
267
182
292
305
191
150
285
217
289
273
251
277
270
222
146
248
291
137
154
218
237
280
272
226
207
223
221
198
173
172
176
159
183
183
197
146
178
201
170
194
148
238
130
228
112
179
179
169
258
186
189
198
109
210
219
206
146
111
214
208
144
204
160
183
102
190
290
270
235
259
233
183
189
302
295
183
210
240
277
215
214
202
250
284
282
189
185
142
136
157
92
111
99
142
100
112
176
121
90
208
172
249
230
122
93
134
88
67
85
103
80
87
96
91
185
184
106
191
261
193
249
236
214
130
196
208
253
239
276
265
194
196
71
285
191
294
323
284
131
273
248
224
278
247
192
276
215
259
146
280
192
234
227
325
266
226
301
278
293
282
205
125
122
341
198
176
94
76
103
55
61
86
112
165
188
208
178
51
67
50
114
308
94
221
28
221
191
255
335
146
153
113
319
200
212
252
253
243
249
279
276
306
319
253
202
208
220
138
240
242
149
234
288
187
263
146
325
270
272
179
183
187
141
171
289
129
122
150
121
115
99
122
291
116
295
220
268
172
239
311
259
284
267
294
221
170
164
196
201
253
264
248
100
203
252
310
235
77
247
220
258
275
289
218
109
177
152
138
243
180
293
286
219
163
225
189
209
265
242
215
250
298
286
143
309
194
187
195
252
280
155
170
299
238
253
226
212
276
281
248
111
154
240
42
290
231
292
299
171
181
179
131
119
197
222
167
169
95
349
36
291
223
241
296
298
212
281
164
285
313
196
278
94
212
274
244
192
135
263
241
266
190
232
121
226
203
306
197
292
216
134
122
115
142
167
93
164
128
192
267
308
315
140
146
137
133
187
245
145
101
254
145
154
175
198
297
227
140
221
233
166
66
276
236
249
78
88
222
135
99
91
173
173
166
164
180
179
151
161
189
196
132
154
175
128
230
192
270
254
256
117
259
209
182
203
272
274
263
297
254
284
239
273
176
156
240
185
154
303
262
316
67
32
76
268
166
259
155
191
253
184
222
307
290
176
288
255
281
262
293
175
291
258
238
212
73
280
196
197
254
240
334
241
219
127
174
185
314
236
179
160
164
135
153
145
171
201
175
256
238
75
184
236
241
211
266
165
159
157
199
268
255
195
108
93
255
149
252
250
253
216
246
127
210
282
146
61
258
95
156
147
180
170
233
159
224
223
266
106
134
83
69
131
106
137
98
165
272
209
184
185
286
249
253
292
296
183
215
157
135
162
169
288
269
196
231
364
175
187
134
211
263
283
188
295
271
320
157
322
249
315
322
225
161
179
347
84
151
214
192
311
288
184
230
139
124
150
41
175
56
110
115
171
247
180
196
183
122
100
109
157
164
162
55
269
253
306
292
299
283
287
291
296
193
176
165
149
284
259
226
305
161
194
166
109
154
141
371
359
159
189
161
158
276
228
285
167
206
157
198
321
207
286
303
289
289
275
129
151
178
271
171
230
183
208
238
246
271
67
104
157
158
218
146
156
101
59
250
156
171
178
290
273
147
215
98
171
168
36
147
182
251
191
198
178
186
151
120
337
151
135
97
197
233
145
232
203
166
144
53
247
236
70
88
163
213
172
267
108
200
345
176
270
201
273
227
177
302
264
142
259
263
202
258
324
201
269
102
229
124
89
218
230
268
183
165
226
304
160
204
227
191
332
114
262
117
148
53
244
256
185
175
301
389
252
208
266
292
129
252
238
241
286
260
258
239
213
149
213
342
326
157
168
111
145
213
124
163
208
200
179
289
334
328
296
276
286
360
349
275
147
299
119
301
262
280
140
147
155
146
171
135
159
271
321
186
182
156
101
250
229
111
265
317
88
303
39
172
177
269
211
269
274
222
218
119
157
249
177
182
249
156
180
239
237
218
277
159
149
180
166
283
164
172
312
210
169
257
56
175
134
155
320
222
265
281
148
126
317
339
101
349
351
263
225
245
363
155
293
66
198
228
116
168
382
268
286
259
272
243
281
178
164
214
186
159
99
162
100
278
350
316
366
306
276
238
244
227
256
267
269
181
200
177
323
289
300
303
257
178
365
293
164
342
337
377
250
300
299
154
128
325
84
297
355
346
184
391
234
276
277
224
148
379
201
198
227
273
265
87
166
179
192
202
165
204
284
186
158
269
339
102
309
126
279
139
167
254
230
329
137
210
202
249
313
130
268
198
156
237
118
385
159
271
303
267
287
280
202
211
157
159
411
262
118
111
246
306
219
283
364
260
124
262
184
142
310
277
142
310
337
71
249
50
74
330
243
224
263
111
322
201
314
291
211
301
425
313
201
364
308
324
215
196
197
182
210
284
142
139
329
123
167
279
57
332
400
236
137
60
22
192
267
129
223
124
302
180
166
307
308
376
371
120
183
160
391
221
199
172
380
370
194
204
198
163
301
313
110
207
158
330
191
378
255
309
245
248
161
307
154
294
284
191
19
20
16
97
206
323
275
120
335
166
275
259
284
218
194
230
224
249
243
235
222
223
169
194
299
264
259
120
440
289
271
273
254
36
159
131
191
174
322
284
282
105
281
408
306
175
307
270
157
211
184
184
132
128
212
129
261
152
197
332
248
244
186
279
171
239
387
258
210
169
250
316
232
257
209
277
278
236
358
165
254
151
163
286
226
286
279
387
391
184
274
230
200
222
290
161
332
323
308
143
229
287
151
304
224
258
256
190
215
221
226
164
202
300
271
360
343
375
189
70
123
142
165
306
275
151
212
161
171
224
226
215
208
357
312
151
260
173
153
141
134
238
150
159
166
246
209
179
246
137
273
234
291
324
315
135
124
187
214
206
102
281
98
151
163
267
254
83
233
97
206
288
101
162
323
305
176
139
137
142
129
168
304
185
269
176
160
320
283
251
355
393
272
278
269
331
300
169
227
227
232
118
119
369
150
217
186
148
216
179
237
409
387
205
120
284
132
159
315
325
318
266
340
282
226
264
267
321
245
325
197
190
112
144
372
181
220
314
184
249
145
160
158
154
164
281
245
199
161
158
369
115
336
249
132
128
319
335
309
187
313
367
301
326
159
293
202
260
167
194
120
282
189
246
293
159
261
197
253
115
132
320
364
85
253
216
123
203
234
236
101
383
261
288
192
171
302
343
281
184
197
230
320
117
125
114
101
349
256
366
325
281
230
239
223
119
398
424
415
247
217
318
151
154
202
134
217
339
205
315
136
298
291
189
98
179
195
199
180
443
97
180
253
251
180
146
317
124
142
257
315
138
305
239
278
193
251
261
331
183
193
311
234
178
143
111
187
175
122
210
201
122
146
141
242
242
367
155
222
228
230
218
355
228
365
121
263
156
241
222
241
275
168
170
394
100
144
180
349
301
195
181
210
132
357
270
291
167
129
247
286
202
261
150
310
105
274
279
230
172
185
169
288
280
300
207
318
225
273
143
133
183
149
103
135
256
286
217
243
321
207
129
250
138
250
230
233
300
264
208
257
322
186
186
315
119
127
232
184
135
132
181
129
53
164
265
177
183
174
269
222
174
136
154
70
323
171
242
266
211
266
140
242
160
27
110
126
183
274
152
231
117
236
198
216
127
297
167
194
308
205
118
143
362
332
154
289
208
103
88
206
135
141
142
73
251
213
295
185
346
204
287
256
262
159
270
124
285
216
198
251
152
145
260
143
92
365
185
176
296
277
167
291
117
281
246
245
126
141
220
74
291
271
239
162
276
189
369
311
157
276
251
268
212
211
276
145
208
172
16
222
182
126
261
226
197
237
231
-1
393
147
156
306
114
289
189
161
259
231
183
103
92
192
172
231
146
173
130
356
4
7
175
142
147
183
171
256
126
114
180
272
201
238
168
170
250
171
253
188
330
270
161
234
84
147
290
224
154
157
238
210
180
224
206
305
257
176
293
186
267
173
225
134
159
97
236
156
245
285
251
140
209
124
189
253
191
113
136
245
159
165
310
177
164
139
120
207
173
181
93
112
220
198
183
215
151
153
144
121
142
110
234
153
156
169
245
105
104
111
83
236
200
272
219
64
249
158
71
126
146
90
179
142
273
113
189
183
150
148
224
179
114
162
82
116
43
133
106
243
191
156
151
267
156
288
82
214
52
257
136
229
196
142
208
119
211
154
204
148
146
141
140
219
78
239
112
211
159
218
81
124
126
189
133
122
112
114
192
193
211
115
128
209
186
218
168
162
179
29
273
31
81
158
116
89
192
222
172
237
146
155
251
191
178
182
55
220
236
220
249
149
189
242
96
209
207
140
248
134
145
145
198
162
152
208
109
110
196
142
77
143
107
123
66
148
143
117
122
187
31
152
233
173
100
183
169
121
115
104
160
102
91
77
155
126
127
86
80
145
145
40
96
96
63
68
130
168
117
