559
665
677
673
660
575
793
651
112
678
616
632
542
550
574
604
560
606
644
657
613
533
494
454
419
419
483
572
657
680
636
662
733
680
775
876
869
741
803
692
741
789
758
820
748
651
586
684
561
706
931
757
795
864
710
809
749
703
718
730
880
712
728
642
770
681
782
740
771
737
847
766
806
897
556
467
879
752
587
662
542
689
701
753
798
720
626
435
712
625
758
827
658
719
683
525
409
627
714
352
573
682
640
668
682
654
608
587
615
701
459
585
626
534
541
592
548
389
572
526
544
522
400
663
342
645
247
551
630
504
730
512
555
573
329
474
535
616
392
498
728
573
411
568
455
526
331
562
800
674
558
625
550
519
520
770
745
672
599
723
718
650
696
565
619
682
740
503
491
452
441
494
329
373
317
405
335
350
473
391
282
515
561
594
506
527
257
342
255
204
238
296
241
298
410
313
596
597
333
474
672
539
626
585
536
464
569
594
713
692
721
690
503
528
195
655
505
773
695
637
419
690
611
612
762
646
582
639
566
663
381
685
549
573
573
814
656
578
732
842
840
692
545
419
344
731
557
429
323
300
257
183
213
275
298
469
547
646
490
255
242
172
422
694
386
535
193
573
402
734
749
376
490
342
809
525
520
482
490
557
602
682
587
738
677
675
570
537
476
372
642
747
637
731
851
492
601
510
683
898
620
497
481
500
364
465
650
445
374
494
322
352
345
367
678
300
696
532
720
430
639
746
662
727
788
652
516
468
485
461
519
735
714
661
327
523
624
687
580
225
656
566
735
611
555
609
338
509
430
417
597
482
686
719
534
537
538
451
458
697
558
537
638
665
664
370
706
527
450
451
624
778
459
463
707
527
526
667
631
687
697
615
336
511
650
183
623
566
643
693
470
472
479
372
380
456
522
366
364
311
880
171
606
443
548
637
577
599
721
354
603
691
515
560
309
578
661
629
489
325
554
586
578
446
573
313
495
382
584
512
670
549
411
354
328
372
485
383
473
393
437
633
620
596
367
392
406
352
521
596
383
263
628
446
417
443
379
674
596
404
567
571
466
196
535
482
659
287
299
604
430
318
296
469
510
512
484
485
516
459
517
484
510
357
342
420
343
576
508
543
705
658
308
562
489
409
449
648
615
689
658
564
688
542
562
494
449
553
572
432
756
550
689
316
137
175
619
497
598
435
421
681
482
421
717
606
395
736
566
650
626
653
658
694
632
610
542
256
640
460
394
595
526
615
510
509
307
432
477
639
523
431
411
417
368
443
340
426
422
495
548
554
218
453
495
621
475
512
419
392
406
468
673
629
507
387
321
487
496
521
484
497
572
554
358
547
665
420
155
450
325
422
372
439
403
592
392
538
490
572
314
351
371
209
380
273
356
268
355
594
501
519
464
559
472
438
476
490
350
446
449
388
399
442
633
627
391
481
568
466
388
390
510
630
594
474
676
567
719
384
582
422
626
511
532
410
436
533
308
336
446
479
548
546
466
579
350
312
406
149
523
245
276
303
357
545
445
441
405
345
321
364
324
342
315
149
566
560
623
590
601
581
564
586
600
438
438
328
373
480
575
446
530
398
392
356
281
361
356
566
578
319
448
390
381
535
410
593
398
383
387
380
525
447
462
512
496
548
485
361
405
463
456
438
604
404
533
616
521
618
289
369
359
396
565
344
373
274
168
547
372
418
446
560
506
455
597
224
386
362
145
476
366
413
405
348
358
449
349
292
467
387
305
272
458
485
340
625
642
350
380
152
446
445
184
381
383
447
338
497
277
507
506
351
553
416
653
432
343
463
463
426
405
401
512
474
539
345
411
315
569
312
299
352
429
532
407
323
560
464
262
534
434
417
372
279
521
270
365
191
492
577
353
417
497
619
489
429
513
409
459
594
567
407
575
595
496
463
466
363
460
496
456
374
321
262
372
447
283
405
421
425
492
520
469
461
518
558
491
651
531
449
467
472
330
397
425
480
339
447
501
432
397
345
381
434
566
417
441
469
373
395
487
310
466
509
167
534
154
376
327
468
376
549
410
353
378
309
361
451
369
365
451
385
405
441
536
347
434
338
366
413
355
514
333
345
613
312
455
326
149
672
317
431
566
400
604
486
349
426
468
425
278
397
408
528
442
372
400
413
412
242
376
541
356
327
471
664
513
443
474
386
443
318
329
334
381
412
217
402
451
626
443
366
464
415
515
457
483
535
386
578
418
388
369
335
472
433
440
427
403
434
485
654
420
441
354
424
406
419
358
310
270
414
291
352
357
347
372
435
571
477
565
418
438
421
478
494
711
427
423
174
320
302
374
409
444
312
447
326
412
484
362
248
373
424
416
296
427
371
428
350
324
488
421
414
523
209
478
329
347
364
274
394
362
376
416
327
422
423
324
410
433
332
397
566
283
290
444
384
384
531
431
583
327
451
264
323
414
475
260
383
402
359
348
112
233
457
381
454
512
234
488
448
328
346
305
376
332
586
311
415
568
550
328
502
415
337
523
336
316
281
414
337
319
403
245
354
347
535
253
189
107
321
396
311
318
322
397
330
338
310
362
390
386
270
411
374
310
441
325
412
433
323
495
384
414
368
364
301
244
281
282
248
235
354
320
463
337
341
181
327
367
394
336
335
89
108
100
187
271
399
378
201
324
216
451
448
334
458
446
325
292
382
372
369
383
359
303
381
502
588
314
264
325
297
319
303
410
132
381
369
265
196
428
379
385
275
524
374
265
282
215
360
332
344
330
-1
297
298
176
255
399
300
402
415
465
422
477
462
430
323
263
299
242
260
379
246
432
269
267
258
285
301
249
327
309
267
271
343
221
391
452
325
420
314
452
328
304
246
260
306
417
248
314
327
411
393
289
343
180
319
456
273
257
270
253
288
331
354
342
395
377
294
443
147
179
114
453
319
251
547
228
260
492
425
198
277
313
318
363
478
363
294
260
213
233
266
245
248
243
439
395
250
468
302
454
313
350
277
349
283
229
282
269
227
297
394
302
197
263
388
342
161
318
216
303
267
342
293
351
320
361
190
203
193
230
441
440
497
378
219
183
415
195
405
294
276
355
365
434
335
301
383
212
249
243
218
208
281
220
220
238
254
483
270
349
319
276
291
205
480
244
335
370
413
350
329
379
289
302
225
522
359
428
382
332
276
397
269
283
318
236
274
226
260
259
173
175
183
253
477
194
227
299
296
317
283
221
360
291
249
290
290
216
236
245
327
242
267
273
293
310
290
441
351
240
280
272
339
200
231
254
372
485
265
284
231
322
223
315
388
404
254
278
375
105
324
261
486
221
282
244
366
221
250
188
210
243
382
241
345
255
305
452
225
194
304
388
309
311
268
236
274
251
181
182
389
339
206
244
300
199
279
357
383
273
554
242
375
238
268
204
416
217
282
269
207
348
267
203
164
312
266
303
239
335
229
296
213
290
288
263
225
203
290
150
388
324
219
282
128
457
207
207
303
288
210
256
127
514
511
280
272
342
171
380
278
383
415
270
217
330
239
202
331
255
203
220
217
267
229
238
204
277
343
205
365
437
240
255
315
273
392
288
260
240
201
376
238
309
187
432
244
240
220
211
257
198
380
306
404
215
246
195
205
207
235
298
149
187
325
222
260
236
249
258
219
189
288
358
277
248
198
225
204
244
241
290
191
227
155
205
132
261
276
267
286
222
207
221
313
221
159
177
267
192
140
172
217
178
218
136
327
318
200
223
156
244
180
109
190
212
197
223
257
265
239
207
158
423
163
402
268
199
268
149
445
299
225
240
207
224
326
250
77
328
218
173
169
250
370
245
184
180
208
272
204
261
243
320
283
188
240
148
340
227
280
218
324
228
184
232
210
204
236
197
171
211
224
189
259
249
174
173
221
211
426
344
264
248
301
227
272
241
267
340
193
265
228
155
271
148
340
257
27
361
194
239
270
154
314
214
262
184
224
203
301
223
164
344
213
175
189
274
151
172
205
138
330
416
188
155
196
259
28
10
537
283
259
248
178
355
232
149
238
172
138
348
163
137
155
271
290
186
218
265
187
160
226
132
202
289
184
274
462
275
197
267
150
233
282
135
260
164
311
140
265
251
313
160
138
255
243
236
292
136
216
294
275
222
177
209
268
334
225
191
222
188
197
398
111
313
360
237
148
150
193
169
172
149
322
168
236
121
133
114
253
182
285
161
304
171
174
132
139
151
175
156
199
113
276
208
187
170
107
181
214
210
150
254
146
139
271
237
181
234
168
131
161
233
120
92
134
349
154
137
124
138
218
168
110
142
188
216
168
165
292
149
184
191
190
108
190
224
137
194
187
242
68
167
104
253
217
140
169
138
143
133
91
188
119
144
170
173
261
236
150
173
161
95
112
156
126
107
214
51
83
125
124
127
150
215
167
162
150
214
211
155
128
126
102
144
161
138
162
121
209
152
138
127
173
79
163
108
143
143
164
86
64
154
104
104
236
77
133
143
99
177
55
98
91
46
87
148
147
83
116
125
53
180
98
90
88
113
119
61
93
59
99
82
96
49
48
95
106
104
52
52
139
54
62
422
157
