221
251
266
266
262
253
290
268
42
263
253
232
200
193
165
216
210
253
246
261
205
192
162
237
205
136
196
257
284
295
242
303
293
270
307
344
329
284
336
295
277
297
274
339
295
264
253
277
249
285
340
319
361
322
311
311
307
281
276
312
337
310
270
282
388
298
292
335
346
326
380
344
370
366
237
240
392
338
306
366
269
332
309
310
396
375
247
213
346
263
308
306
264
304
277
242
293
283
286
262
248
259
251
276
272
252
230
236
247
226
195
175
220
176
212
212
192
198
214
224
203
148
195
259
170
270
177
162
257
193
256
199
219
234
125
190
186
219
168
183
225
237
157
214
151
196
82
204
350
294
237
256
223
202
218
361
305
206
229
301
330
219
235
241
269
277
347
180
170
167
155
164
128
118
122
138
139
126
169
138
68
225
252
251
239
192
119
130
100
104
101
108
114
123
161
157
204
204
114
190
320
169
286
265
216
191
211
197
309
354
347
324
251
213
118
268
214
351
377
352
174
287
265
279
327
280
237
287
270
321
289
347
221
259
263
378
270
237
330
330
317
336
244
228
181
331
276
220
179
153
174
142
129
168
140
197
203
230
190
65
138
111
130
312
159
186
84
238
215
285
328
151
242
242
443
220
221
247
237
267
247
282
271
283
307
293
231
220
201
200
452
428
354
397
339
243
281
219
321
288
267
207
205
196
195
180
276
179
149
181
143
117
146
148
294
159
365
216
308
181
253
322
315
385
297
304
251
208
209
194
245
275
339
366
170
259
262
325
283
92
249
286
300
252
301
314
200
235
202
174
293
184
366
322
229
268
225
214
220
317
255
249
303
307
253
268
368
205
194
192
270
351
179
206
384
246
255
286
236
274
365
323
193
208
270
72
300
257
288
321
238
251
178
155
161
161
212
196
200
154
401
72
329
284
301
357
326
299
266
144
316
289
276
247
123
226
266
261
263
122
267
242
295
237
286
158
287
225
280
183
337
218
172
160
125
169
196
186
385
165
193
342
320
342
176
183
150
167
241
247
160
203
244
193
190
178
169
290
317
230
321
331
268
182
338
234
306
140
126
276
190
173
180
202
230
206
215
212
233
243
225
207
246
224
163
246
199
298
197
284
319
299
155
244
251
191
199
278
284
281
328
264
311
242
272
194
174
270
236
225
311
272
334
169
77
144
301
226
244
182
303
316
215
263
305
294
194
305
309
320
265
299
199
311
251
270
228
129
349
233
223
260
233
368
295
289
205
203
220
294
257
249
207
218
204
240
172
227
204
199
267
321
127
197
221
289
238
301
204
206
206
245
283
281
242
158
148
254
201
254
220
238
315
260
155
219
320
247
12
255
177
218
194
247
210
238
135
236
228
339
195
197
189
167
226
154
216
81
241
295
206
291
275
270
285
297
268
265
160
206
158
207
180
227
362
322
201
220
388
289
252
237
237
288
308
229
304
332
328
210
321
220
307
287
229
223
219
376
142
191
208
211
309
290
248
429
154
139
207
44
300
109
183
137
59
234
228
201
191
164
139
145
176
185
186
65
325
253
285
277
280
282
282
289
283
197
204
175
226
297
263
274
266
186
194
177
124
172
205
361
369
171
218
190
202
299
270
269
234
223
216
220
333
216
248
294
275
293
280
171
207
233
304
202
282
217
287
306
283
261
110
124
245
261
327
196
148
148
122
272
177
195
228
308
292
168
268
173
232
226
69
498
241
297
249
212
182
229
171
150
348
162
161
113
211
255
151
278
247
220
195
103
243
301
88
186
208
230
190
255
116
244
317
195
306
257
280
217
223
317
245
171
232
257
264
344
336
227
304
155
257
158
208
206
226
304
211
194
298
316
127
258
221
225
302
87
262
123
166
75
232
278
195
233
270
407
234
196
255
247
203
311
248
221
372
252
248
310
218
163
201
324
311
207
201
147
203
253
159
170
202
169
151
289
331
314
294
235
330
305
315
250
183
275
229
297
266
250
452
510
552
505
642
447
504
490
330
228
228
190
84
268
225
139
263
304
165
277
77
136
191
257
243
265
244
198
193
151
203
256
234
216
236
161
181
230
244
211
316
191
171
257
231
298
223
212
336
185
168
232
100
175
184
215
309
234
250
258
228
167
294
279
188
316
303
266
179
183
291
239
279
146
220
289
92
186
373
314
301
282
295
292
301
202
156
174
196
197
130
185
185
345
300
279
247
293
269
241
245
258
210
257
240
419
190
208
340
287
285
254
268
276
247
305
172
303
317
285
274
288
246
181
170
285
142
233
277
274
202
357
290
285
250
246
179
342
186
236
310
259
252
134
534
181
227
215
221
182
336
172
179
251
287
116
300
192
253
237
233
237
250
290
137
226
217
259
298
394
295
226
194
242
143
358
249
258
309
210
297
300
216
286
232
202
244
358
139
168
308
275
180
324
324
239
200
217
191
201
245
264
135
252
300
152
226
85
113
314
242
259
264
202
246
203
304
212
198
289
290
318
180
233
301
299
245
218
193
198
265
222
444
426
291
174
257
292
168
306
274
245
147
105
57
190
331
140
203
142
273
218
213
237
304
266
265
158
227
220
277
269
236
235
219
186
318
398
421
197
279
269
112
208
178
261
211
318
289
350
222
230
163
270
231
266
256
246
45
48
33
169
208
274
244
112
288
-1
292
315
198
282
260
256
253
226
215
211
224
203
197
244
434
363
195
142
267
162
230
230
265
57
211
159
207
180
254
240
240
123
230
345
210
197
203
235
145
180
172
216
176
176
149
182
253
166
180
305
251
248
215
283
165
294
213
228
186
178
219
176
193
231
149
189
288
250
225
138
209
228
206
268
162
272
270
237
264
221
327
258
200
222
265
206
319
218
195
186
371
246
162
254
315
239
273
175
195
206
205
179
201
287
248
272
268
290
226
115
354
214
189
265
210
277
174
197
358
454
357
182
211
285
261
198
254
248
240
177
193
248
192
202
183
202
240
222
260
163
271
221
284
243
158
180
193
247
213
205
136
281
161
188
145
228
241
173
230
314
189
227
105
183
306
257
281
182
188
191
185
175
251
264
248
178
202
311
178
275
206
232
224
249
288
296
270
248
178
200
209
178
190
269
147
219
231
470
213
162
259
303
258
227
92
238
433
212
245
266
284
251
283
246
200
207
313
247
276
278
172
218
213
470
270
227
185
224
194
228
189
159
161
164
156
273
216
173
186
174
287
134
202
264
447
454
243
230
154
196
225
283
244
252
174
235
221
241
176
287
136
293
227
238
169
160
200
246
265
124
201
159
263
136
221
201
124
208
224
299
97
294
181
315
152
172
219
326
220
344
331
186
250
178
149
456
366
233
230
213
194
275
225
234
219
189
215
260
241
136
139
324
236
160
130
156
190
251
241
321
97
373
245
234
165
254
156
214
149
237
113
144
279
221
172
159
307
250
223
176
277
129
234
174
269
241
190
229
218
216
187
315
258
174
148
104
213
186
428
230
150
123
475
314
272
283
222
157
224
170
202
216
334
232
195
200
241
490
181
235
229
177
167
291
190
185
169
175
260
229
208
222
293
168
184
246
257
221
154
157
269
187
226
122
289
347
282
219
208
176
182
204
208
226
309
244
212
192
170
200
178
211
169
135
107
245
190
274
249
220
243
142
168
183
270
212
199
210
208
191
228
247
169
167
245
344
349
207
203
199
173
231
135
56
149
234
180
168
181
144
169
166
129
182
147
170
152
240
266
187
236
387
252
194
55
155
217
200
220
164
182
126
211
184
311
164
247
204
168
272
150
141
212
200
229
165
173
236
137
15
230
170
162
154
68
239
165
165
129
213
205
134
235
167
173
210
365
193
164
258
171
227
148
262
182
130
242
209
190
225
213
177
196
125
170
211
231
152
147
152
145
238
286
205
178
251
178
276
233
152
227
195
236
223
146
219
133
241
175
4
291
186
213
236
165
211
193
183
166
244
133
191
264
378
276
197
165
194
243
151
136
150
156
253
162
174
145
128
213
21
19
252
148
184
164
151
246
94
171
185
148
156
230
193
133
173
194
207
160
200
248
193
176
235
104
201
257
149
191
209
231
190
241
167
179
261
178
206
163
255
165
189
189
156
124
139
162
191
181
221
137
206
201
142
196
200
179
110
296
172
172
202
143
149
208
137
235
221
144
122
136
188
169
191
158
216
156
357
349
143
274
249
130
106
126
226
186
190
207
142
189
174
195
150
51
221
176
205
138
112
318
174
130
177
116
144
103
131
222
158
215
174
149
227
137
92
89
143
215
173
122
170
151
174
169
69
122
84
193
145
159
192
110
178
139
256
131
240
191
120
130
150
246
201
176
155
301
180
153
155
133
114
136
105
117
130
134
195
197
210
135
163
135
181
98
136
147
144
28
225
69
86
152
113
230
220
166
139
154
128
154
303
275
210
193
48
191
205
166
217
86
156
200
121
154
116
145
237
85
148
146
129
102
71
165
117
115
173
89
97
147
105
148
85
110
95
73
92
113
61
96
117
162
57
162
110
101
85
88
117
68
88
56
103
79
78
49
60
87
99
67
57
61
113
58
86
191
169
