334
345
366
362
371
332
404
347
50
360
333
348
290
283
335
329
329
346
314
405
301
293
256
283
275
248
281
324
376
384
383
371
386
397
486
457
484
396
463
398
396
418
391
420
396
381
375
378
371
358
503
451
463
431
456
419
446
420
447
521
501
404
517
370
453
417
477
443
457
419
454
395
437
464
305
296
472
432
364
426
278
431
485
328
421
418
334
414
429
330
460
416
380
440
379
324
292
330
360
289
389
383
340
405
362
368
372
344
349
436
348
321
377
302
301
402
267
368
304
342
298
262
290
386
262
349
223
300
420
342
413
367
391
412
250
278
286
296
301
215
405
572
196
312
262
298
175
316
398
398
316
332
304
270
277
453
446
358
338
473
420
342
344
351
330
369
409
297
320
305
320
311
215
201
303
255
284
287
300
250
149
294
369
316
297
200
226
230
204
177
202
220
203
312
224
257
290
290
167
285
357
381
375
374
314
219
370
404
442
409
469
460
311
339
171
372
291
490
443
438
295
372
423
387
391
332
343
372
429
405
304
376
350
378
356
470
372
347
424
506
495
394
457
353
309
425
482
257
209
185
201
130
155
210
207
279
244
313
312
119
235
155
310
421
303
296
128
398
262
407
463
255
379
312
427
313
316
312
299
327
343
408
345
440
474
436
321
323
265
327
496
414
237
366
443
444
362
241
416
427
359
415
414
403
387
358
413
244
216
264
210
183
221
237
396
187
462
329
371
277
334
408
403
396
396
426
321
368
244
252
279
354
433
339
253
312
343
390
462
162
387
308
390
434
366
441
242
419
421
283
433
441
426
429
365
334
343
267
288
450
333
344
335
388
364
320
393
355
286
288
344
399
434
440
387
323
325
360
370
386
399
340
263
542
328
138
388
305
410
443
353
367
289
242
210
253
354
215
216
291
403
133
389
287
310
386
369
272
386
239
353
357
301
372
150
352
389
378
465
196
328
336
369
390
388
217
317
233
405
353
391
311
401
421
304
408
466
210
408
349
287
409
418
433
353
390
307
354
499
424
245
200
362
238
443
263
257
389
414
264
351
346
298
148
351
303
390
187
326
326
510
289
351
556
655
675
645
510
657
560
477
309
458
265
257
278
272
385
294
338
359
505
237
328
275
222
293
399
364
448
387
326
383
392
369
302
575
335
335
427
407
335
411
139
82
142
387
523
374
277
259
388
288
264
412
411
257
414
375
381
378
352
289
386
383
338
322
149
418
420
385
326
264
394
342
359
333
300
331
407
465
404
403
417
412
434
296
379
334
509
413
414
233
303
295
428
255
435
407
433
477
368
369
370
590
160
136
354
509
283
292
316
298
291
277
357
366
287
103
294
222
436
435
554
518
338
322
298
276
385
438
494
282
271
457
270
423
175
231
397
284
570
279
370
323
275
360
365
244
291
194
304
259
241
395
418
222
314
379
332
268
210
315
428
455
312
440
377
421
432
327
344
408
346
320
428
486
338
187
186
341
271
371
345
636
429
376
337
581
118
359
100
424
234
142
329
524
313
246
286
276
305
344
343
288
150
322
311
437
420
426
423
416
391
365
326
651
356
488
360
334
375
365
334
379
332
225
265
535
377
395
201
674
492
578
356
329
368
492
367
295
328
359
299
319
349
335
342
339
470
440
603
383
467
280
408
266
349
319
361
349
375
270
277
353
236
200
203
137
251
505
579
511
396
370
276
374
191
226
224
159
267
294
378
446
397
309
284
465
210
331
282
300
170
450
337
265
335
320
457
290
165
276
341
324
350
446
372
255
299
166
445
349
372
431
432
388
261
533
314
280
258
282
281
296
368
340
263
263
204
240
286
202
493
336
344
590
203
452
327
186
342
297
628
271
117
324
216
434
133
314
305
238
519
513
398
405
482
459
332
511
333
334
422
385
339
307
286
286
217
267
335
320
685
430
250
457
492
435
246
284
260
248
339
391
371
380
421
327
342
462
284
262
320
217
310
287
321
224
248
276
230
231
287
230
351
362
467
454
295
143
276
318
190
316
337
94
366
181
204
544
311
492
336
353
299
306
253
401
289
624
392
326
566
238
268
428
377
327
527
451
344
286
334
332
329
355
210
261
340
145
282
346
432
383
231
421
269
461
283
303
315
210
291
293
320
248
215
292
618
296
264
408
343
156
220
341
380
350
284
298
231
301
625
435
234
397
227
335
190
250
388
332
296
255
282
299
302
290
305
284
329
291
298
251
297
328
257
313
317
261
287
376
405
214
303
324
319
256
314
211
604
596
298
238
236
273
275
264
280
281
326
413
227
351
321
368
275
430
290
260
224
226
264
396
285
310
260
350
484
437
325
277
175
262
392
271
237
273
221
294
285
459
239
201
287
317
217
280
236
519
317
319
334
389
412
302
247
318
290
225
285
597
411
271
407
174
527
374
275
289
389
302
291
176
263
330
291
318
318
231
344
328
154
322
185
233
344
186
261
354
168
289
262
248
324
340
320
251
389
211
258
393
414
290
283
258
243
290
282
222
206
289
197
217
302
127
325
264
319
250
157
74
229
275
167
293
347
280
402
504
204
264
296
294
324
269
330
217
243
508
199
262
216
372
260
279
476
337
303
148
240
312
204
176
290
230
330
249
485
520
269
601
252
317
232
71
65
57
165
348
286
264
166
318
173
275
306
183
293
251
290
241
273
248
257
247
239
222
243
328
361
205
227
231
290
219
250
289
87
436
393
339
311
295
284
299
147
326
256
175
485
214
287
219
199
190
267
396
395
184
343
380
458
242
315
409
369
458
312
244
307
174
281
218
410
211
163
249
169
143
166
228
215
165
176
223
218
216
303
194
247
303
211
241
310
300
297
436
228
211
370
295
244
172
198
375
263
200
262
163
210
335
408
253
288
262
620
227
241
241
252
261
230
363
89
184
97
212
248
219
191
283
251
276
312
203
198
228
234
311
179
214
210
230
407
440
251
434
463
406
190
265
188
303
408
303
201
260
203
225
340
375
183
184
190
154
267
376
195
219
246
275
117
185
173
306
244
176
458
241
240
285
396
405
388
412
267
294
268
236
191
264
284
154
278
251
213
279
283
365
284
278
299
358
245
337
455
432
221
186
356
194
181
261
200
221
284
259
177
208
336
162
552
310
322
314
220
268
244
233
230
327
323
312
252
226
341
182
195
187
608
218
170
154
179
482
355
411
392
382
269
186
521
379
527
238
357
187
272
186
171
210
239
134
359
240
234
203
188
444
188
221
217
222
319
142
216
219
245
165
393
178
286
315
181
224
123
271
190
227
265
217
218
211
268
199
225
181
342
406
530
300
309
167
234
171
189
218
184
291
176
138
203
247
186
139
240
199
231
251
384
222
186
207
184
195
322
182
362
313
469
314
284
224
267
220
379
192
347
344
194
279
298
160
261
207
315
234
235
168
381
238
135
219
189
259
275
235
164
213
211
163
238
169
235
280
311
364
169
174
134
215
212
177
191
164
151
201
96
268
282
222
172
232
274
270
369
326
245
242
286
251
172
174
181
208
153
489
176
214
413
181
318
253
184
165
368
328
148
181
205
219
202
385
294
206
175
278
450
215
118
290
197
188
342
401
385
164
253
196
464
150
160
212
305
275
188
420
305
113
214
170
203
191
216
267
278
163
211
307
176
200
126
243
358
286
202
195
323
159
145
175
172
359
224
-1
211
242
128
403
252
365
323
341
182
144
212
227
336
344
158
247
272
237
169
199
168
228
208
90
143
226
201
212
520
218
231
162
261
319
156
265
224
206
177
234
161
331
175
200
340
188
254
180
74
236
174
283
260
146
256
159
117
332
182
155
139
200
174
186
207
131
201
119
262
199
166
209
278
307
195
165
351
452
171
156
379
160
189
204
213
224
264
231
193
363
270
264
187
213
221
154
218
184
228
244
165
223
175
285
216
326
256
190
52
260
230
370
242
119
325
206
181
132
189
192
495
182
171
245
149
220
165
161
285
403
292
149
184
261
343
340
423
150
31
35
234
163
148
204
194
228
59
256
156
102
117
237
300
192
116
179
164
120
185
225
251
130
354
146
191
237
218
160
239
181
154
223
116
159
211
174
188
236
202
132
197
427
185
106
105
443
234
195
224
98
186
181
189
208
146
328
262
237
156
395
267
165
301
161
97
171
197
197
178
168
177
274
161
115
171
127
154
129
143
86
150
311
177
247
238
259
259
219
213
100
189
108
169
56
225
268
77
254
203
104
167
335
121
100
208
182
170
160
157
236
99
113
117
218
169
164
202
253
103
174
125
123
182
128
84
107
83
149
361
119
212
229
126
232
181
214
157
180
69
208
178
200
61
114
118
241
308
126
101
260
106
143
104
64
199
134
141
142
217
100
122
133
108
93
153
170
158
85
164
36
61
126
150
95
145
193
192
157
192
170
169
135
126
111
97
103
108
95
114
78
158
109
161
91
107
111
127
103
223
224
139
80
54
137
120
118
186
60
219
199
84
99
105
70
85
46
156
131
61
69
92
119
54
145
115
69
138
228
111
135
124
38
71
103
68
45
51
58
108
51
70
71
81
71
60
268
343
