890
1006
859
813
735
582
940
823
53
835
846
745
805
807
694
728
666
664
628
791
686
737
689
921
754
793
793
688
838
768
871
810
986
1075
1064
1186
1338
1113
1151
1054
1173
1189
1222
1141
1197
1122
1027
1178
1174
1094
1189
1440
1302
1266
1158
1286
1318
1212
1441
1321
1237
1231
1137
1303
1038
1101
1063
1121
1122
1165
1054
1077
1010
1063
1038
736
1011
1050
852
751
1097
1043
951
981
1004
889
1249
1211
964
960
1024
982
948
915
888
902
898
960
1006
961
907
1845
909
927
879
1631
1710
1503
1606
1645
1292
1775
1543
1839
1476
1546
1455
1158
1473
1516
1557
1659
950
1090
748
1175
731
1622
913
1404
897
1601
1408
1254
1387
1457
1543
1493
567
1027
1148
1210
1435
1368
1431
1577
1585
1491
879
1025
858
895
996
1289
749
862
1064
1438
1304
901
955
1323
1262
751
755
928
853
2496
1932
2057
2276
1905
1683
1630
1586
-1
1516
1486
1852
1553
1440
1297
846
1003
834
773
1833
2147
1466
1525
1583
1852
1455
1293
660
1316
998
1001
805
663
881
1412
771
755
666
1114
1356
977
886
872
762
747
772
796
501
940
647
867
860
847
1676
859
1095
1080
995
1012
1013
905
945
922
523
864
795
839
996
771
973
1389
954
957
791
910
909
662
747
838
797
810
599
593
603
417
724
624
965
942
637
1211
1118
908
1043
801
1338
756
775
1462
731
930
918
1080
904
1794
920
586
776
813
807
658
677
853
996
1050
896
872
786
916
717
1149
704
749
717
743
634
686
823
899
683
543
798
1018
787
1128
1030
1104
790
1177
833
459
603
508
428
468
398
390
750
764
827
752
806
639
801
866
729
728
961
765
754
957
730
1211
880
918
656
733
900
1152
960
923
952
688
1086
800
705
768
736
831
602
922
563
622
711
746
665
713
747
773
1019
690
1069
719
658
625
744
712
722
763
667
1036
728
748
957
830
1063
856
748
700
817
697
944
849
621
753
877
786
903
526
645
653
881
830
698
769
1060
930
916
1178
690
587
585
779
695
517
719
655
643
634
626
831
833
826
688
723
603
797
300
869
694
740
799
1402
763
701
804
728
848
341
717
716
676
902
711
1122
856
748
1106
734
1038
621
544
1065
949
835
752
725
717
775
936
628
810
738
977
529
760
536
833
595
462
892
778
594
620
597
618
536
715
744
896
446
739
668
742
727
512
726
719
749
728
904
744
590
770
733
631
536
675
559
759
658
546
866
858
860
907
659
783
673
604
674
691
699
609
641
738
810
809
570
751
602
1089
792
750
615
638
485
378
343
700
691
841
697
623
711
675
610
868
636
889
702
679
752
845
663
900
752
662
783
815
670
680
622
469
696
585
642
622
603
580
672
548
565
611
535
578
574
485
534
566
555
655
652
707
624
974
708
734
889
857
578
539
536
501
615
750
622
588
731
636
506
557
557
554
543
677
546
527
990
637
680
1113
561
504
590
538
485
538
1024
794
677
588
596
549
484
470
386
442
542
456
1487
321
566
960
486
917
539
614
544
543
505
582
588
660
768
597
812
717
656
638
506
508
555
368
489
637
777
742
647
717
528
695
472
620
403
626
508
951
487
506
541
474
734
678
965
544
546
604
688
703
679
551
969
730
437
428
399
625
558
502
846
805
588
512
515
463
485
360
1123
594
760
713
691
734
673
664
636
609
571
617
495
456
502
559
601
622
497
427
545
557
490
443
587
574
552
524
571
505
648
504
808
467
417
703
403
560
450
482
482
495
521
458
453
406
455
495
500
567
508
703
696
523
660
479
620
388
437
511
350
784
418
379
391
605
563
517
601
651
679
754
438
411
421
396
382
443
434
424
445
521
559
440
644
496
404
626
369
619
420
435
538
524
449
849
352
569
470
412
330
342
397
429
454
367
483
424
410
603
455
724
596
443
546
473
343
447
433
602
442
542
381
506
396
556
511
533
399
437
570
523
453
638
510
135
416
485
469
335
500
461
1487
456
247
570
591
485
528
499
457
461
430
476
399
493
625
755
437
577
710
542
505
471
553
971
425
357
398
351
457
403
517
412
568
501
502
609
512
394
383
429
514
392
442
477
397
270
473
447
383
405
652
351
260
317
296
201
270
225
463
500
389
435
681
786
485
476
399
452
435
208
607
285
463
453
566
408
611
453
432
409
361
452
519
403
309
433
456
424
435
450
351
465
486
407
543
440
516
337
329
536
406
1362
330
386
677
347
610
571
342
757
506
411
1022
403
384
248
384
391
591
446
355
302
473
364
365
342
722
627
466
370
686
485
411
424
436
385
372
448
339
494
523
329
387
462
543
448
356
378
414
632
676
622
742
421
649
385
345
871
343
469
339
476
454
427
510
377
602
468
357
373
311
413
444
328
318
254
386
633
316
320
290
492
360
558
408
729
477
406
333
499
702
710
494
418
326
219
347
382
549
354
349
483
338
564
468
297
1165
360
540
477
341
478
350
552
315
414
602
472
456
491
148
457
329
379
418
397
336
434
374
381
243
491
387
302
459
444
399
327
591
293
392
449
367
506
469
347
502
422
453
287
387
305
635
337
385
403
500
389
325
346
338
349
437
677
425
364
477
345
273
325
337
261
434
396
320
457
399
397
424
410
324
554
282
204
188
373
448
275
398
310
379
295
829
353
877
470
435
393
754
266
369
307
261
352
336
354
331
337
337
469
312
211
464
255
517
313
289
446
313
316
456
332
288
189
270
325
253
395
356
375
434
316
275
213
381
368
348
330
372
413
327
267
241
249
404
329
472
306
138
398
428
255
574
545
372
309
345
355
352
359
326
240
274
402
545
288
327
239
259
326
291
523
694
370
383
215
169
333
309
339
294
376
324
223
261
215
386
398
309
309
405
363
363
190
263
411
451
369
401
594
565
548
385
492
304
208
306
248
284
403
202
433
277
224
280
279
294
230
426
331
268
228
339
249
352
453
252
308
343
519
350
323
294
253
338
383
234
265
495
392
344
229
232
177
290
433
265
206
246
227
301
302
329
301
287
253
279
587
242
148
98
770
363
238
437
215
274
347
300
173
332
270
271
311
483
309
263
353
225
271
259
260
267
254
361
361
269
537
267
427
332
371
218
255
312
201
251
265
247
646
389
472
220
245
419
383
266
302
219
378
259
219
330
303
233
416
244
254
261
296
507
359
451
302
225
202
350
177
374
256
244
345
336
436
254
234
503
215
241
213
305
280
209
169
205
275
162
526
262
354
308
262
368
334
505
197
243
364
426
371
283
318
324
367
232
344
360
412
282
459
287
450
182
211
320
244
236
263
253
261
168
185
184
285
455
251
286
263
250
247
268
188
381
171
140
265
240
181
288
194
309
241
254
251
248
355
294
624
395
215
249
276
305
193
303
272
341
405
319
357
181
344
491
285
445
368
264
303
451
139
289
277
480
240
305
232
298
251
253
198
242
219
260
277
196
193
220
334
205
159
244
282
387
402
274
212
217
210
182
162
309
312
212
191
236
182
301
302
368
378
510
255
619
287
248
184
676
250
288
389
265
291
242
282
184
315
296
321
144
266
228
309
231
333
211
193
233
180
357
165
330
290
208
425
160
368
244
182
208
238
191
166
71
293
309
248
429
501
163
414
295
345
433
247
281
329
138
190
316
233
196
226
250
223
286
306
193
248
183
196
326
389
265
211
261
235
624
396
236
241
190
394
219
257
132
416
253
244
206
204
234
153
419
245
439
182
284
195
190
246
251
385
172
219
327
160
268
218
215
212
242
202
393
283
231
264
146
195
190
223
189
493
167
179
107
142
114
266
386
255
305
363
346
236
351
185
133
180
240
222
140
152
204
226
187
154
264
265
131
215
171
207
233
186
207
303
192
259
212
306
315
194
193
347
222
293
261
214
207
133
223
241
169
188
213
201
443
275
130
301
223
225
167
216
286
217
159
168
163
228
159
175
254
414
234
115
274
162
393
251
226
261
359
253
309
161
190
222
201
194
172
235
247
181
305
272
201
230
217
195
272
253
219
232
276
195
233
234
344
355
183
257
266
165
258
175
370
215
65
310
207
305
269
151
399
203
193
142
178
245
344
215
155
246
185
167
192
226
139
162
282
147
258
382
182
152
227
186
139
151
459
523
247
149
231
302
165
188
251
173
154
480
207
146
132
255
184
166
218
265
206
155
194
160
219
313
157
294
369
252
203
201
138
199
271
96
240
142
298
197
243
269
386
171
135
251
293
228
258
85
238
439
289
251
187
241
247
308
277
172
257
199
190
386
109
235
385
269
188
188
193
158
167
135
234
178
166
119
156
75
170
162
715
203
324
145
146
150
149
108
206
115
280
53
325
195
161
245
116
92
187
198
131
222
145
122
717
241
167
254
99
141
139
364
191
83
152
345
151
128
130
119
259
138
117
126
105
211
159
133
233
146
145
235
136
108
207
185
70
370
369
226
59
127
141
226
262
149
142
152
195
146
72
101
119
169
204
205
288
213
127
166
124
94
125
209
158
92
201
74
72
151
130
84
163
224
165
159
203
206
180
107
103
78
202
103
122
111
123
107
278
121
241
101
132
124
130
130
174
173
174
63
54
176
119
119
209
98
330
164
89
142
61
68
120
67
78
164
76
97
81
108
63
164
83
118
104
156
96
78
100
62
84
80
111
49
50
83
133
190
72
73
91
55
68
698
179
