807
678
554
523
470
362
608
546
3
541
559
485
568
589
437
467
419
393
366
490
418
471
490
818
728
552
538
428
531
497
536
528
658
750
735
797
828
691
705
663
777
775
756
720
741
778
783
752
1023
678
802
921
849
836
704
847
820
750
1071
840
832
837
744
922
680
711
677
797
746
805
691
658
624
672
904
723
631
632
669
594
864
699
645
745
631
569
1026
1260
641
742
654
625
593
571
567
590
989
731
615
1008
815
1315
600
585
557
1045
1130
970
1083
1156
1269
1382
1216
1333
1113
1053
1042
1222
904
982
1053
1187
884
714
732
778
847
998
813
1133
548
1033
971
857
1359
939
999
886
404
974
683
812
1126
804
1261
1061
1346
853
569
675
534
535
632
793
517
569
673
965
819
621
641
849
837
488
483
567
502
1402
1291
1590
1784
1314
1751
1494
1745
1525
1566
1478
1212
1583
1349
767
826
618
521
645
1815
1414
1523
-1
1647
1671
1364
1318
782
1387
636
638
743
411
564
837
504
484
393
1040
767
624
558
676
529
426
567
506
602
631
471
531
504
542
1260
546
737
694
634
615
795
573
722
581
439
581
509
604
648
454
652
814
590
667
489
567
557
591
577
473
575
580
732
745
667
603
983
677
1026
769
389
698
803
1340
1115
915
893
466
661
858
939
654
672
726
551
1220
808
598
443
522
534
436
417
540
626
633
568
532
483
581
451
742
418
598
558
524
491
467
527
702
459
482
494
696
493
706
674
678
693
751
510
261
466
306
291
328
253
215
444
886
538
501
532
416
500
553
522
424
581
476
542
828
490
714
566
594
429
450
945
830
629
592
586
766
694
478
390
463
466
631
623
649
472
423
484
510
382
442
492
610
549
471
751
469
431
364
496
427
443
665
417
751
481
496
576
507
660
516
507
405
513
480
678
549
294
483
664
558
607
557
377
408
541
504
533
592
722
741
762
724
473
436
433
616
384
713
448
475
453
398
395
618
517
632
458
344
356
489
202
572
433
472
621
949
477
426
543
580
626
239
431
498
402
592
427
634
555
615
755
468
645
554
464
734
623
539
491
479
492
490
605
458
550
438
671
562
443
325
544
363
268
562
594
397
364
359
382
577
521
461
593
511
784
460
628
649
437
468
478
509
455
568
483
411
527
495
351
508
482
386
612
511
333
472
561
542
1006
407
573
433
363
425
427
391
368
386
455
510
476
342
489
397
682
481
480
370
382
606
520
344
429
458
535
487
436
444
472
446
508
383
637
412
435
464
549
392
513
462
365
519
542
895
420
397
279
423
344
390
477
451
506
513
341
333
370
353
367
377
398
385
394
366
402
394
427
366
963
478
470
592
539
425
377
376
317
382
461
399
382
645
587
308
372
317
344
329
436
328
344
677
387
625
878
327
424
395
377
334
350
583
552
416
372
410
475
362
422
409
306
455
364
1107
254
341
589
321
729
342
434
326
310
306
347
392
409
626
375
628
436
400
488
293
288
364
183
356
493
501
454
459
444
305
425
316
389
238
376
308
563
322
337
339
495
604
446
662
321
353
388
460
438
401
378
1089
626
596
318
244
379
331
298
604
523
525
441
362
332
321
244
1039
392
479
442
419
444
434
420
386
349
372
380
334
334
298
353
452
390
331
245
340
418
280
303
363
352
399
305
363
333
392
358
519
314
261
630
266
342
237
289
288
274
303
264
314
270
290
319
307
378
313
488
413
310
377
435
422
212
246
359
173
571
342
494
167
381
347
326
350
373
504
551
486
268
233
374
320
343
293
270
282
354
406
280
447
317
245
387
208
400
213
286
324
327
280
723
381
360
327
385
268
218
242
281
264
251
279
241
256
394
306
458
350
282
336
287
158
294
281
402
312
321
259
351
271
352
406
548
243
274
369
333
363
441
344
27
230
270
299
218
365
284
1124
277
134
321
358
293
363
291
243
258
252
291
226
323
356
484
244
359
444
355
332
304
352
536
219
219
274
231
358
273
304
302
362
307
309
338
298
244
230
267
279
245
232
274
232
78
259
331
254
194
394
311
205
254
217
153
224
180
295
300
228
251
480
609
307
288
201
257
252
192
373
396
350
285
342
223
340
253
264
232
137
300
319
250
197
266
247
246
266
270
191
321
292
240
397
307
330
222
214
338
299
867
183
290
465
268
324
353
199
434
299
264
636
203
194
180
218
218
401
224
203
161
272
227
371
198
490
473
332
184
446
308
262
278
287
248
225
236
177
299
349
162
142
495
324
260
219
199
260
385
426
392
443
260
415
224
233
538
243
288
141
297
276
271
363
189
352
291
192
233
171
234
284
208
219
148
248
450
195
183
142
351
225
372
228
443
337
197
186
321
511
484
299
232
230
157
205
241
351
234
211
326
194
327
293
181
1029
244
414
261
325
358
230
344
200
241
356
276
282
299
105
286
229
257
286
288
221
275
222
233
143
302
250
226
320
277
256
154
391
165
287
313
208
332
288
180
280
333
278
163
266
195
374
226
240
262
670
226
338
332
174
230
266
433
329
205
285
210
172
195
212
130
256
259
179
280
207
266
251
255
203
401
134
168
142
209
349
163
257
224
255
177
494
242
713
776
262
239
665
153
258
190
176
213
201
234
194
198
241
280
192
119
310
131
337
181
151
350
221
211
296
179
169
51
180
203
154
328
212
271
261
181
169
138
225
235
221
191
248
626
483
290
208
162
238
200
381
185
104
213
258
129
397
404
274
218
193
176
187
188
194
141
169
233
359
170
208
107
142
185
186
295
710
205
229
117
94
152
175
198
161
203
180
152
162
131
234
238
173
169
204
294
293
101
193
272
306
209
246
348
321
366
218
326
251
121
179
146
165
224
112
237
158
129
179
174
207
135
241
188
157
130
215
143
214
272
146
162
212
342
270
192
184
159
215
244
139
148
351
275
205
76
117
116
199
261
158
80
152
149
204
175
205
160
150
133
169
439
163
108
63
539
217
156
273
134
201
250
197
118
202
139
155
159
335
176
149
275
157
178
167
182
168
152
196
240
191
314
157
244
217
210
145
115
254
127
126
182
170
592
236
324
115
162
258
256
244
159
235
253
168
54
208
182
155
269
162
163
172
207
283
202
313
151
173
124
207
80
235
168
154
201
189
266
153
147
342
124
162
129
224
209
94
101
135
187
132
317
150
197
173
155
283
217
295
154
163
212
247
233
160
173
205
250
155
254
220
244
138
265
193
353
152
102
217
159
137
181
179
155
92
100
113
172
230
169
163
172
142
137
169
102
231
137
117
141
119
85
165
134
181
133
153
147
140
223
194
467
266
102
169
189
184
100
178
146
253
235
167
262
96
209
496
164
272
178
149
174
281
119
178
150
281
147
187
141
160
145
163
123
162
134
160
206
145
143
98
172
114
89
147
145
242
262
211
121
120
127
97
84
196
184
148
102
126
111
178
182
220
230
305
144
473
150
154
113
416
151
151
316
171
162
159
241
156
203
211
266
80
155
144
181
117
220
99
92
174
112
237
107
217
191
130
327
138
223
179
145
137
115
68
97
54
152
162
129
235
325
100
265
179
191
249
143
192
198
93
107
201
164
105
156
172
122
170
202
127
143
71
135
217
260
176
121
150
155
494
253
135
157
141
226
116
142
88
218
145
147
117
117
135
94
240
158
274
110
182
119
133
184
175
261
77
160
196
110
183
158
125
127
146
116
235
159
129
159
87
121
115
139
99
269
130
121
52
70
43
161
256
177
244
214
284
158
208
132
78
98
116
128
84
103
120
165
104
99
152
168
97
137
152
138
158
192
120
226
137
158
133
184
197
114
124
251
145
150
217
147
101
68
120
141
94
114
130
116
292
119
98
195
137
190
126
2
165
130
86
93
96
135
76
94
148
248
140
74
145
112
268
148
127
158
217
172
273
79
124
137
127
109
111
148
167
106
181
174
145
168
130
118
145
180
129
101
154
110
127
141
204
203
108
177
173
105
149
112
255
129
0
168
136
220
175
94
305
129
110
67
91
153
205
135
131
167
133
115
119
170
85
106
241
104
216
194
109
76
135
108
223
272
257
417
185
48
158
182
88
113
165
94
91
333
133
87
78
169
94
87
131
184
131
89
147
92
136
215
99
245
186
187
116
143
91
105
182
45
141
68
161
157
142
188
212
92
78
157
179
122
155
21
151
369
153
148
117
169
152
198
178
94
159
122
98
278
70
154
240
141
140
119
125
95
94
81
189
127
114
72
152
57
74
109
417
108
167
103
104
120
98
55
142
64
177
0
196
126
144
151
73
62
119
101
57
115
83
80
452
183
103
185
43
90
81
264
214
50
105
152
90
90
85
74
169
66
48
74
42
111
84
78
137
81
70
152
81
71
138
81
33
235
289
124
44
76
128
159
185
94
92
110
158
93
39
42
75
99
158
159
176
123
83
77
77
62
82
140
109
13
123
71
55
103
83
40
104
125
104
93
120
116
117
58
71
28
76
67
77
63
76
47
173
73
172
62
56
99
80
79
102
103
93
45
33
113
73
73
125
71
279
105
76
76
40
38
67
48
53
104
38
58
50
75
43
87
45
79
80
92
55
56
50
39
48
60
76
29
32
48
78
182
44
45
54
39
53
506
129
