396
495
530
472
462
395
550
515
44
501
507
438
360
320
393
448
435
471
440
562
386
471
381
392
326
346
517
450
534
542
545
501
488
652
623
661
768
644
654
600
590
635
668
678
709
632
602
751
460
728
793
740
783
585
633
699
699
713
626
677
669
768
676
580
651
620
636
691
646
646
654
714
648
675
524
300
637
663
453
510
551
627
589
441
715
736
415
384
574
467
660
539
590
636
567
450
384
540
609
377
375
602
551
663
568
586
577
593
589
526
401
520
489
479
496
475
537
365
428
547
490
520
382
598
371
687
274
533
425
443
566
489
418
438
365
602
622
588
305
367
539
549
428
608
434
513
336
510
516
698
583
706
722
591
534
594
656
484
533
571
742
532
505
473
514
616
550
530
513
412
396
412
302
341
265
426
267
293
485
345
305
509
350
780
694
298
260
407
238
241
240
303
215
217
224
242
460
463
245
485
487
521
527
492
530
342
510
602
678
508
592
549
460
603
190
555
428
643
641
591
390
539
703
644
636
604
517
781
589
621
222
543
552
623
723
598
596
589
666
638
575
644
517
246
227
706
454
454
249
186
260
131
162
221
277
385
446
492
444
160
152
124
324
572
226
548
104
556
650
577
630
373
426
271
689
630
659
671
669
632
590
661
543
669
595
613
427
493
636
262
525
477
288
432
549
410
528
358
703
607
523
435
399
450
282
422
652
283
293
299
255
234
198
256
565
372
638
667
491
476
513
640
517
543
611
559
418
366
416
517
603
532
499
447
299
641
599
628
600
187
618
634
499
554
672
518
326
434
329
420
522
436
533
514
607
357
568
416
548
534
534
481
416
498
524
267
602
574
607
622
565
579
377
384
602
654
721
537
562
555
561
576
252
401
627
98
504
503
586
649
409
443
503
349
368
543
567
349
354
216
628
105
510
490
476
477
491
469
520
380
486
569
368
666
282
614
594
573
441
407
653
461
640
399
467
220
612
554
576
437
525
518
271
262
252
297
366
227
321
319
522
677
604
618
268
315
323
258
441
503
343
269
503
283
315
382
326
647
524
292
413
402
395
129
489
527
543
180
197
378
355
302
243
386
357
365
336
370
405
337
367
553
400
343
476
440
238
578
388
691
622
590
234
532
522
425
486
479
497
536
443
624
518
565
524
524
340
374
518
396
562
596
512
143
55
206
504
362
549
351
537
494
388
411
598
519
424
493
478
614
577
535
402
501
517
649
569
185
720
432
400
547
487
551
551
394
271
461
532
568
565
373
349
343
279
396
328
355
527
376
549
499
192
476
617
549
586
406
439
331
319
428
484
414
380
385
297
398
327
579
593
558
533
516
402
532
444
386
255
668
189
370
324
350
317
540
412
504
508
440
208
227
185
155
221
227
261
288
238
542
454
328
490
433
418
552
489
440
528
572
455
296
487
398
575
598
389
490
482
319
302
220
445
539
624
503
566
527
552
286
582
391
522
485
508
304
349
565
166
417
448
473
451
428
354
498
288
295
290
133
459
137
171
328
399
606
329
407
443
310
253
267
353
413
266
170
431
537
582
553
560
538
542
508
453
411
333
360
251
444
447
433
549
355
408
390
354
444
226
485
489
416
348
332
275
503
363
630
314
321
313
399
528
444
501
434
443
441
403
223
284
325
390
311
379
363
469
487
486
628
164
279
252
252
362
268
411
213
160
408
322
327
333
510
505
321
379
163
308
319
111
226
330
358
296
407
463
358
305
411
502
346
275
210
469
455
356
374
360
285
412
120
412
331
163
161
239
390
417
507
267
365
399
353
468
349
492
606
305
510
521
276
468
456
517
369
461
335
496
235
461
283
212
360
384
522
307
234
451
461
248
317
450
299
299
258
427
291
287
133
520
415
570
335
521
468
462
380
395
363
295
417
823
437
522
557
536
488
501
415
466
422
314
273
282
263
292
371
230
458
447
420
436
452
362
356
344
504
397
449
503
503
265
367
378
346
365
605
271
234
260
237
211
232
232
487
434
303
327
358
286
355
372
264
537
384
123
452
61
298
278
525
304
580
334
435
372
240
307
474
285
265
462
331
494
429
372
332
373
312
258
369
351
498
275
273
496
331
372
297
144
383
281
356
472
264
574
421
286
342
409
381
197
406
411
448
558
484
296
335
329
148
291
515
286
317
393
525
457
367
402
411
338
251
335
387
354
396
175
394
240
464
415
448
471
407
660
720
692
512
459
517
404
301
522
326
442
329
417
366
500
319
436
502
342
340
325
314
420
435
396
229
160
362
168
311
276
276
313
412
441
333
561
334
292
328
352
445
434
419
386
148
237
351
341
503
275
376
485
287
283
419
251
324
301
230
435
204
342
431
392
305
282
437
380
355
391
154
484
227
251
315
265
340
249
315
359
324
416
351
290
463
281
314
364
441
255
171
368
332
420
492
336
427
360
448
214
281
283
559
338
328
374
154
341
70
148
379
366
409
606
248
367
540
384
310
297
282
283
405
458
362
404
377
294
333
306
244
353
293
198
173
372
321
207
407
171
332
297
546
295
122
61
377
529
420
328
254
296
228
244
375
324
325
328
241
348
244
222
361
221
419
326
320
346
311
322
262
289
254
229
253
286
215
336
394
324
432
341
257
154
324
231
395
312
301
41
88
70
168
239
350
283
287
293
138
420
446
336
467
301
335
266
354
367
374
329
309
212
226
357
420
358
203
259
281
390
282
448
151
264
227
207
152
377
307
333
190
432
336
187
186
204
352
376
350
357
327
254
253
200
190
375
283
348
360
468
423
330
374
346
278
214
285
301
209
423
207
505
318
276
353
228
260
220
-1
367
193
201
309
264
307
436
282
322
285
416
267
279
219
223
268
334
268
350
343
354
323
241
263
145
293
368
193
234
224
214
221
342
352
302
311
275
254
337
210
143
88
381
352
218
286
227
221
285
261
159
340
351
264
334
393
312
214
234
160
179
218
211
182
178
338
341
262
424
213
326
371
321
217
245
211
139
214
242
197
197
295
211
177
257
404
370
121
308
177
319
249
227
250
334
240
314
133
158
148
166
361
320
295
394
172
148
307
185
322
247
255
294
275
403
277
249
298
200
254
226
161
165
197
162
181
228
187
384
253
323
272
228
283
245
456
207
219
377
425
343
301
275
295
289
201
318
312
370
277
445
240
251
178
222
253
240
239
281
237
226
157
157
156
250
439
215
209
226
191
241
189
233
336
164
146
242
278
220
209
176
304
236
266
191
264
382
305
389
277
219
230
238
333
242
257
245
314
418
268
290
259
318
267
269
417
309
216
255
514
103
301
308
390
166
213
230
283
274
267
185
215
180
227
201
189
177
253
357
194
186
218
347
444
467
179
198
259
219
175
175
308
281
158
206
202
170
284
318
387
264
534
196
356
169
184
192
374
246
330
185
219
292
311
261
126
277
274
248
141
264
218
360
249
294
190
209
206
169
337
119
320
255
228
256
102
320
215
149
277
313
198
180
77
296
293
285
388
445
154
483
222
301
383
230
191
346
154
211
240
204
232
151
232
229
145
288
171
218
215
181
299
282
279
208
248
214
360
271
260
223
170
312
179
241
160
418
201
201
158
165
189
178
341
230
364
198
291
197
162
216
213
250
110
144
347
162
230
191
205
139
223
197
224
287
212
244
172
171
156
215
178
286
178
162
103
106
112
217
254
176
269
338
185
196
279
144
116
163
274
229
117
125
148
109
219
129
279
220
123
185
159
158
174
32
149
178
155
204
144
302
288
185
168
288
146
301
214
191
203
124
226
188
177
184
177
240
362
194
102
328
206
185
139
168
280
220
179
137
162
284
191
188
211
333
205
144
236
158
298
217
234
241
355
213
219
172
161
193
189
160
127
235
223
194
235
231
153
185
228
124
301
249
233
199
278
172
230
230
355
296
187
215
204
150
247
132
307
216
45
327
174
186
229
189
320
169
221
165
166
263
246
194
139
250
173
159
174
235
145
134
174
139
175
489
145
108
167
215
2
12
417
243
199
186
215
270
181
129
197
203
183
395
144
160
151
230
210
163
198
253
163
156
138
182
196
250
137
195
390
209
228
167
148
212
220
104
257
141
301
132
191
188
320
173
138
169
281
228
267
111
178
250
354
211
141
161
168
270
240
152
250
177
205
236
105
201
295
270
145
122
134
133
150
143
186
145
167
98
91
66
212
132
377
146
307
126
127
119
81
128
152
123
230
72
273
151
133
139
90
124
140
180
170
198
141
114
348
166
167
214
91
121
133
242
90
70
120
414
140
132
106
126
201
141
105
132
99
247
136
110
244
142
133
160
115
86
196
173
76
245
259
249
66
135
94
218
207
132
119
102
119
172
64
135
68
127
158
158
266
168
110
161
143
104
102
141
118
73
209
54
59
108
108
100
140
200
133
173
171
259
157
105
75
98
102
115
115
104
115
109
287
117
185
98
139
93
133
134
151
151
199
66
49
143
94
94
199
82
120
130
69
122
34
63
113
62
56
119
78
75
99
83
42
145
85
75
97
120
81
47
77
41
82
83
107
44
31
82
106
67
67
68
97
57
82
378
106
