372
469
485
461
483
456
503
469
60
476
444
420
361
326
384
407
418
464
397
503
400
394
353
335
308
296
340
440
478
524
482
488
523
515
568
597
607
558
617
570
513
573
516
594
548
492
458
500
407
543
644
549
532
571
566
492
531
518
482
514
563
488
543
460
571
502
564
540
540
511
621
524
559
616
356
314
623
592
460
551
329
481
511
372
523
549
419
323
526
441
583
581
493
530
517
419
290
475
535
263
315
443
472
525
536
439
409
422
442
414
339
390
396
382
372
393
372
300
374
377
350
369
312
477
257
431
215
385
428
366
552
372
383
392
236
344
386
402
274
256
452
424
260
403
300
343
196
394
546
502
433
486
417
355
349
552
592
375
403
507
546
438
454
420
459
519
524
354
359
315
308
347
221
224
234
272
249
249
344
264
179
362
318
453
395
232
192
260
195
145
174
217
170
197
195
223
371
376
206
338
470
351
469
461
409
256
385
430
484
472
521
530
368
407
148
505
356
585
568
514
313
517
460
446
517
501
397
508
436
497
305
502
421
427
429
594
504
448
576
574
619
494
373
291
243
586
415
364
199
156
198
108
119
184
215
318
359
435
342
111
173
127
277
569
265
397
90
420
340
519
605
284
315
243
621
385
417
423
418
430
460
538
498
590
578
504
402
403
381
279
492
505
263
432
545
362
498
277
547
531
501
362
353
358
282
344
529
287
251
325
238
215
238
256
553
223
576
415
499
333
457
579
513
556
558
559
400
346
341
330
361
487
511
455
199
369
482
535
475
154
477
423
502
532
461
439
235
398
316
286
464
357
556
535
425
366
407
369
376
546
464
423
465
537
541
281
576
377
382
362
460
563
315
321
538
435
434
460
446
526
540
449
253
331
449
100
557
436
536
580
345
354
317
267
275
351
422
291
292
247
630
83
509
369
429
508
480
432
558
294
468
568
364
499
181
463
493
547
363
249
497
457
472
384
435
233
439
301
550
394
589
428
263
245
236
265
322
172
354
256
342
474
529
518
249
292
260
241
394
484
285
211
489
299
284
334
337
534
436
256
389
397
330
107
436
443
458
142
211
435
304
208
225
325
342
339
335
340
388
324
335
371
392
263
291
331
255
464
391
443
494
526
225
439
378
294
373
529
536
566
550
460
566
463
488
349
324
449
382
341
564
503
626
116
67
149
531
325
487
330
366
555
358
370
572
538
326
538
470
526
476
510
323
545
518
438
388
130
520
401
379
479
439
529
438
441
264
318
373
546
473
337
336
333
284
326
291
320
359
366
517
502
151
354
413
469
366
442
324
275
309
392
506
468
389
208
162
444
330
459
435
448
409
394
244
393
533
281
123
407
224
312
285
359
328
442
310
431
419
492
242
264
165
146
270
201
290
190
241
489
389
350
312
532
430
408
522
545
322
366
278
297
330
282
573
554
324
400
540
376
343
227
373
520
526
364
611
537
588
304
532
428
612
551
428
308
340
568
167
231
361
341
563
526
339
433
253
231
281
86
362
96
219
221
253
430
379
353
316
255
226
230
274
338
301
122
450
487
546
541
557
544
529
540
519
363
316
292
307
540
516
408
553
288
345
322
238
305
283
554
549
281
358
318
303
490
390
496
330
309
310
359
494
329
444
558
539
549
488
249
326
382
489
343
398
343
375
437
471
529
144
198
284
298
429
296
278
217
145
416
289
365
355
523
475
291
434
164
263
281
134
272
347
445
346
355
335
364
259
247
571
309
237
220
349
395
278
433
419
334
307
101
394
444
167
179
322
415
297
454
215
449
555
306
517
398
509
365
335
485
435
314
395
413
384
477
501
345
367
235
389
250
203
341
407
521
337
221
439
443
216
404
404
344
441
228
474
216
275
148
492
438
311
331
539
648
432
373
483
472
342
494
420
421
520
506
420
408
396
276
361
519
482
310
303
203
287
396
236
333
382
377
364
514
536
512
527
576
476
692
602
434
322
515
255
475
452
457
243
275
283
253
284
231
271
437
571
397
387
325
223
374
426
236
431
578
110
556
76
287
277
452
388
498
514
387
398
247
321
456
320
309
453
305
306
378
487
323
444
291
324
355
327
496
273
274
542
324
321
422
138
388
261
349
588
381
509
467
270
289
487
473
164
466
481
491
444
429
490
322
443
155
379
434
247
301
544
535
488
430
446
378
465
307
298
350
375
276
187
259
212
518
498
470
539
459
453
408
417
430
393
488
404
346
336
283
497
404
467
464
404
323
692
580
301
522
485
493
373
467
368
272
257
485
196
412
454
457
327
526
395
457
506
363
326
551
389
370
486
425
431
170
273
311
372
339
343
312
487
314
344
490
486
188
445
261
454
257
327
386
386
447
252
380
331
428
477
195
438
294
299
402
230
550
326
417
448
358
459
429
319
348
340
293
525
504
223
211
455
487
401
533
487
471
257
462
328
309
490
470
265
480
489
137
406
90
150
537
363
428
480
174
641
374
404
495
330
414
467
501
281
552
486
493
351
400
368
339
390
437
255
239
457
247
275
473
142
484
444
444
231
130
61
321
425
213
342
233
494
298
343
399
430
464
462
214
345
338
402
346
326
313
592
405
436
321
319
312
487
446
207
323
267
363
247
540
352
527
369
395
236
426
327
434
451
312
37
54
44
153
309
500
439
209
438
238
446
433
350
400
319
379
347
383
377
375
361
328
283
300
503
473
322
186
455
446
378
362
459
93
345
273
291
229
544
441
455
183
619
457
305
313
330
449
289
351
353
426
257
256
253
244
468
270
367
472
460
446
410
552
320
396
342
376
277
256
354
311
439
340
279
312
366
353
353
301
377
249
270
412
271
404
453
445
556
308
443
364
346
304
374
300
504
374
366
264
412
444
269
407
225
370
484
279
284
313
309
303
326
421
434
432
410
381
372
126
198
139
307
424
316
286
261
265
333
375
286
318
355
404
479
250
384
311
265
232
220
341
283
280
296
335
363
266
440
284
458
342
429
335
452
242
219
280
297
271
184
422
219
250
249
448
440
108
346
170
299
359
225
277
416
389
329
238
258
252
246
360
519
373
381
243
269
522
261
443
404
349
481
474
440
437
417
325
287
318
312
237
232
402
201
294
282
230
398
298
340
465
427
285
233
479
227
352
499
502
440
389
424
364
317
321
419
447
416
443
343
300
188
231
362
327
287
388
261
302
282
252
241
240
283
405
285
292
318
264
393
220
350
374
219
201
367
407
276
308
375
416
344
371
296
338
338
344
285
401
193
332
302
373
271
253
311
405
494
226
272
277
450
174
345
414
277
333
368
388
138
450
311
551
273
288
378
521
313
282
234
295
368
239
217
184
169
393
510
296
280
387
351
357
366
250
366
371
360
246
243
518
235
270
334
312
284
447
372
463
265
517
335
349
207
268
261
361
254
451
174
263
364
341
243
208
401
210
254
281
420
228
362
256
364
303
297
289
327
319
238
513
433
267
251
157
311
265
207
293
283
229
233
152
422
417
392
245
340
261
404
371
503
380
394
244
408
227
277
321
304
249
300
262
389
221
237
253
417
370
237
342
418
239
385
352
350
266
242
434
315
242
466
281
383
142
450
359
304
292
313
333
265
429
396
380
275
291
311
232
239
284
277
191
187
390
367
316
291
352
306
229
256
254
446
282
352
254
319
315
350
344
291
254
328
178
216
213
332
238
270
292
253
135
253
396
275
234
248
342
253
203
190
256
142
271
200
406
391
240
338
202
306
250
44
206
223
247
312
299
359
216
305
264
422
196
615
285
269
351
229
263
274
321
351
230
292
343
189
121
323
232
230
205
168
445
303
278
256
328
277
290
317
301
249
346
167
336
207
327
302
278
273
447
269
173
402
276
294
323
292
268
288
212
298
357
353
197
209
283
156
-1
454
335
241
358
254
384
319
267
396
240
371
283
246
343
200
316
265
55
406
228
249
381
246
379
300
298
291
340
235
324
345
210
442
213
212
272
252
217
210
204
210
231
445
264
213
200
336
9
7
329
219
215
307
221
385
158
188
250
213
195
363
262
229
225
279
356
243
319
408
242
233
166
224
287
361
223
239
444
315
229
350
229
264
355
198
327
209
377
213
313
292
254
155
188
258
331
330
357
154
305
228
322
348
223
218
225
378
275
249
333
238
256
222
143
318
285
286
153
181
257
275
265
205
276
204
195
175
165
111
274
219
260
225
421
170
171
188
134
199
244
229
260
106
347
226
114
196
176
151
244
263
221
194
233
179
258
253
246
310
127
183
145
202
84
143
172
435
194
193
170
226
242
218
117
190
109
304
213
215
296
194
240
191
248
168
239
246
143
229
219
304
90
226
153
320
294
205
117
151
170
188
117
215
153
198
224
228
338
181
161
241
187
152
161
207
195
95
308
27
96
178
149
118
237
297
204
245
224
223
282
212
182
173
93
188
203
182
200
155
260
202
164
165
256
145
225
151
222
220
229
118
95
255
147
146
300
119
157
183
105
199
77
109
155
84
119
177
80
126
190
166
83
250
180
118
124
142
181
91
137
77
127
109
140
72
64
113
158
75
79
79
126
69
105
340
203
