268
319
342
332
329
303
361
335
68
342
321
297
257
251
234
284
273
323
335
347
273
262
238
296
257
189
266
320
335
363
324
353
333
368
407
414
400
351
410
361
363
355
358
409
361
353
326
352
302
362
419
374
470
384
375
405
380
348
369
368
399
388
357
364
454
393
365
394
436
402
465
434
474
444
321
298
485
426
390
448
345
425
404
380
537
492
280
263
416
315
372
346
360
363
360
300
332
335
356
293
309
321
330
363
356
301
284
293
306
276
259
237
275
224
263
259
250
245
262
274
241
209
251
337
222
320
212
215
337
243
338
248
256
285
176
242
248
274
235
228
287
303
197
279
205
254
117
256
413
345
313
325
290
242
297
434
387
267
282
383
408
272
273
293
341
348
404
214
223
207
184
203
147
139
163
166
152
159
203
168
103
266
307
304
324
233
136
153
119
97
115
120
125
163
206
187
268
267
136
286
392
239
363
323
284
224
274
285
400
430
440
446
294
297
138
318
281
447
427
432
209
337
309
341
377
332
289
363
334
398
355
425
292
332
329
501
355
295
410
397
403
430
314
288
222
468
327
250
220
209
210
173
156
218
162
233
264
278
242
92
165
133
167
383
202
244
103
301
277
336
398
196
298
292
538
283
291
309
293
287
303
324
326
336
358
370
287
268
266
232
555
558
438
483
402
304
341
302
414
347
337
241
244
245
216
231
357
260
204
228
191
175
195
217
365
188
435
288
377
247
317
372
358
497
347
364
296
252
255
239
294
309
400
434
199
305
300
369
355
112
318
348
394
327
376
409
237
292
267
243
341
261
454
401
294
331
281
271
272
387
329
310
334
352
308
295
440
264
256
260
318
408
231
244
515
330
307
388
284
355
484
391
228
300
308
110
365
320
371
397
317
323
230
204
188
214
297
247
251
207
482
101
419
344
356
407
407
292
312
168
382
366
336
316
166
311
333
308
331
155
333
303
345
279
349
206
327
281
340
222
393
272
195
186
152
194
233
237
453
222
248
416
429
414
205
207
179
196
283
302
201
232
305
254
222
236
228
377
381
302
393
400
330
199
395
286
339
177
141
319
258
224
247
299
305
304
269
243
278
292
259
266
274
259
222
304
245
366
263
343
370
383
192
270
309
233
275
329
329
350
359
314
359
320
310
270
226
304
280
304
381
334
379
206
80
175
352
255
294
235
344
367
306
288
375
347
233
361
379
366
344
347
267
340
316
319
287
143
460
270
245
303
266
425
339
355
242
271
277
396
362
287
254
257
240
281
204
276
250
247
337
391
132
238
292
339
260
340
244
265
239
272
326
305
308
198
165
301
242
290
289
283
368
301
227
281
364
279
26
340
222
262
224
301
255
282
187
267
270
371
235
254
214
188
266
156
261
92
291
362
239
319
300
347
362
316
332
315
230
262
204
244
232
257
372
358
247
277
399
331
290
267
285
397
377
286
317
412
392
231
378
266
374
332
281
242
249
399
176
206
254
240
365
342
293
640
187
180
251
58
331
116
225
192
80
310
261
239
228
183
174
177
216
228
222
70
361
304
342
328
332
317
319
354
337
239
246
200
273
345
297
311
329
234
225
220
174
221
270
388
368
228
285
228
239
361
298
340
265
250
257
247
381
279
317
329
326
329
316
212
223
265
356
236
305
258
318
339
326
323
146
192
283
294
369
254
179
176
139
352
228
237
270
339
334
228
319
170
272
282
92
580
260
327
273
231
229
268
219
201
393
201
190
158
264
356
206
333
298
237
222
124
273
335
113
232
228
284
224
320
171
269
371
227
364
289
328
282
255
341
288
221
277
288
314
363
375
244
407
217
306
201
224
270
270
333
267
227
357
326
174
298
261
275
318
100
317
130
232
112
303
310
238
264
341
458
308
281
334
284
218
353
311
257
434
304
271
337
278
206
236
400
313
256
237
168
251
291
178
231
253
226
220
315
345
333
340
315
329
325
369
294
227
304
270
291
291
292
573
586
669
567
628
587
585
607
385
247
260
228
99
290
293
170
309
331
154
320
104
153
231
286
290
316
272
226
224
183
226
293
272
243
297
250
256
273
301
273
341
237
221
291
260
316
257
248
365
235
181
274
100
205
228
249
353
247
334
275
292
232
325
328
275
338
351
279
231
228
307
273
301
175
235
345
118
206
437
356
320
294
307
295
306
238
205
235
252
229
172
239
225
383
304
297
253
323
304
269
268
300
268
318
280
520
242
231
338
264
316
301
286
319
261
374
203
341
323
293
296
331
252
210
186
313
187
255
281
274
248
337
323
321
317
252
237
323
240
267
324
286
269
149
605
210
274
275
272
226
363
210
222
286
272
121
326
217
271
234
274
245
268
325
164
248
212
289
328
480
319
258
228
252
196
378
266
288
317
247
328
315
224
331
260
235
288
397
170
197
349
264
207
342
286
277
210
252
184
263
259
300
180
256
301
169
229
100
141
342
225
273
309
236
280
255
276
226
235
277
296
334
232
247
333
337
261
237
215
211
279
249
583
564
272
189
264
304
190
314
258
285
161
112
75
239
354
168
254
180
285
233
241
250
322
269
269
209
250
247
246
301
267
231
225
205
356
469
525
225
285
273
146
217
211
218
226
342
290
366
253
225
185
242
254
267
267
251
52
63
49
217
205
268
231
130
299
475
335
371
221
297
290
267
240
277
239
252
261
243
200
283
475
388
247
172
264
174
254
243
278
52
244
176
221
196
293
245
272
152
262
315
163
201
182
275
173
178
189
256
216
212
142
183
300
192
235
317
301
279
247
316
226
305
192
263
221
198
220
159
228
212
120
179
284
248
197
180
231
238
239
251
195
274
293
225
226
265
320
252
233
243
237
246
300
221
168
211
456
240
194
310
308
275
317
187
232
224
212
203
211
282
250
283
280
239
281
116
361
202
216
238
192
320
170
212
414
456
295
196
239
267
277
263
249
273
230
202
218
228
216
205
174
261
252
207
297
192
271
215
262
231
154
180
208
250
200
172
147
272
190
210
184
270
249
159
259
320
223
253
142
205
271
244
288
200
199
188
198
239
280
286
265
208
180
291
189
271
194
188
229
258
340
279
269
295
187
194
232
201
195
233
185
224
208
532
231
179
255
267
231
222
104
276
411
224
250
267
273
215
258
220
278
191
332
229
366
274
208
239
271
552
216
247
186
198
223
245
199
165
165
182
204
353
214
189
192
194
248
175
172
333
468
518
225
231
154
200
184
245
203
214
196
212
247
254
219
276
166
253
252
251
148
186
185
279
295
157
237
143
251
164
218
235
147
218
212
359
100
236
197
324
158
185
215
300
169
368
291
181
222
237
173
448
410
229
228
166
167
285
253
232
232
214
191
211
204
127
141
318
242
142
131
165
192
233
250
314
133
448
217
271
206
262
173
254
179
257
124
155
284
225
190
166
244
246
236
164
284
156
226
162
245
244
167
200
171
251
173
334
267
175
166
98
252
171
447
264
167
138
-1
260
354
354
198
181
268
164
249
224
319
256
188
218
226
531
142
270
207
172
170
330
184
211
162
209
248
235
172
266
307
161
169
239
240
244
200
159
249
204
240
133
268
376
320
198
191
190
183
202
171
228
245
296
175
173
167
205
177
221
176
154
107
236
162
248
196
180
256
181
171
231
303
180
178
168
188
173
206
203
189
188
197
337
369
173
201
219
201
245
188
81
171
245
164
144
177
146
131
137
140
187
153
145
131
237
242
157
208
338
211
178
75
163
229
178
184
173
200
146
166
179
328
155
229
226
158
237
133
190
239
177
207
191
170
252
190
21
262
203
165
158
106
238
168
133
135
167
205
123
213
144
217
184
357
159
132
279
179
252
163
304
192
153
187
199
192
203
184
185
177
148
155
204
221
168
150
153
156
233
247
213
187
234
146
248
196
178
239
159
217
201
146
212
132
248
226
1
340
205
236
200
140
263
173
170
146
205
148
209
198
365
238
179
151
170
226
154
157
168
115
237
207
165
145
144
196
21
25
344
137
176
161
153
241
116
172
175
123
135
260
175
127
147
193
186
132
178
213
198
146
271
114
170
284
145
188
239
216
174
209
128
162
210
168
181
166
219
131
180
192
173
142
121
169
193
168
228
144
191
224
163
186
185
179
127
283
159
179
181
149
173
232
117
230
230
173
145
133
184
155
150
119
214
141
407
300
119
240
246
109
135
138
217
214
216
218
143
159
145
156
131
64
188
182
234
132
91
334
144
146
146
114
123
118
160
217
154
225
187
137
231
160
108
88
144
226
128
115
131
116
188
141
71
93
103
185
134
148
191
107
172
150
222
127
197
201
112
162
170
218
176
164
151
342
175
121
158
121
108
123
96
96
130
134
169
168
213
119
151
125
149
82
110
116
122
42
194
71
85
137
121
242
200
170
122
134
131
182
262
234
169
173
67
160
169
148
181
78
177
172
127
132
95
116
206
78
150
148
122
85
56
140
117
116
182
73
95
143
97
151
69
99
74
57
82
101
78
77
108
144
45
166
94
74
81
94
114
57
88
44
76
77
60
43
41
66
87
57
51
52
87
47
66
252
156
