1384
1664
1818
1753
1683
1350
1891
1816
158
1827
1586
1567
1523
1357
1375
1457
1405
1450
1396
1577
1444
1411
1243
1382
1301
1146
1368
1601
1758
1532
1544
1547
1433
1465
1540
1438
1522
1399
1373
1413
1425
1379
1362
1453
1333
1419
1340
1477
1211
1327
1442
1297
1251
1338
1190
1257
1228
1231
1284
1149
1253
1198
1214
1107
1106
1134
1350
1166
1160
1177
1442
1543
1400
1552
1088
1066
1200
1290
1107
1245
793
1105
1027
1038
1128
992
1140
883
1064
1440
1314
1350
1318
1596
1703
1381
810
1219
1313
762
871
1173
1527
1425
1328
1065
1025
1011
1056
1115
956
1014
996
889
931
929
932
843
980
903
910
871
1002
1243
971
1170
769
873
1110
872
1478
833
853
877
657
830
912
990
776
736
1157
1011
723
954
877
868
593
874
1414
1101
1354
1347
1089
890
1288
1326
1113
1038
939
1310
1256
1068
1097
1452
1666
1437
1417
865
809
805
794
802
579
619
602
717
629
668
807
666
530
876
946
1093
1124
911
537
630
492
451
492
582
478
547
670
598
1137
1136
901
1295
1477
819
1566
1647
1486
788
873
1158
941
984
1200
1056
1335
1163
538
1325
1315
1264
1329
1179
712
1257
1015
1053
1123
1176
993
1101
854
1017
981
1241
1246
1159
974
1167
1254
918
1195
1180
1307
998
837
782
725
1095
853
1232
672
542
797
472
453
739
617
765
1335
969
791
362
508
421
612
1417
681
855
362
875
832
1121
1197
681
741
685
1063
957
954
848
819
1027
1055
1103
1136
1114
1032
923
-1
827
809
750
1025
1136
703
898
1401
873
1408
927
1186
1012
1397
752
744
760
622
755
1223
1093
1022
1157
870
876
852
1052
1281
756
998
936
1412
1086
1448
1269
1347
1031
1025
1219
1044
847
1202
779
882
1207
1279
941
556
881
995
961
891
664
1022
968
1144
1175
1059
912
851
972
983
1022
992
1039
985
1324
1050
930
939
1425
876
1104
1305
1332
1315
1362
1385
732
855
1022
909
906
1033
972
718
665
849
1144
998
1082
1017
1120
869
1251
669
824
956
380
1224
1384
1143
1017
818
823
805
684
646
732
1125
854
850
620
927
281
1186
1070
1111
1132
1078
877
1172
702
1111
1050
815
1048
743
998
1240
1041
893
600
1055
1411
1014
803
924
961
841
649
845
928
1029
791
626
556
487
549
744
474
753
718
728
884
854
806
560
602
587
532
914
962
610
637
1130
1120
602
1258
918
974
835
730
829
776
821
361
724
1060
889
398
452
1250
747
555
540
696
737
741
680
666
839
658
776
857
814
762
845
755
762
910
1299
854
981
896
638
1141
1022
905
1155
1235
1229
1093
1153
1155
1212
968
986
997
758
1366
797
682
1009
873
1011
392
196
657
1286
707
968
1203
793
1030
1356
939
1087
956
655
1232
1055
905
929
1104
851
1016
950
864
895
409
788
948
693
962
818
957
707
766
633
703
827
804
718
765
742
778
704
651
727
691
771
800
800
696
420
739
946
852
804
682
854
690
616
726
1147
1029
806
591
481
1021
705
751
747
761
811
937
696
924
1200
669
254
644
961
674
614
699
680
807
795
1152
988
687
587
593
428
384
560
495
574
437
553
695
700
685
678
957
810
593
747
711
726
673
691
736
700
607
786
719
1044
904
626
774
520
594
723
846
755
702
824
737
890
769
679
683
806
630
748
646
683
595
772
574
754
764
971
977
603
843
518
475
709
286
740
546
456
773
386
781
666
668
588
626
551
518
527
590
532
337
751
940
827
818
840
846
804
923
960
759
624
520
545
676
857
677
774
649
573
657
600
618
488
630
636
934
557
650
654
693
589
1097
526
487
682
567
602
677
739
914
893
905
991
657
686
535
606
835
1015
580
922
877
920
810
444
600
488
549
670
494
572
535
348
550
561
651
637
668
669
819
1063
362
576
549
380
496
500
522
474
566
648
1108
672
788
546
718
476
741
662
561
785
1132
1075
496
642
325
1016
570
451
429
606
521
483
740
760
708
708
526
652
507
974
673
504
671
547
631
518
535
728
585
676
459
536
807
593
508
567
472
527
762
544
736
695
563
359
575
677
508
576
715
958
478
610
534
803
1108
537
546
604
670
623
568
519
708
565
704
902
542
946
823
609
841
588
571
689
689
696
559
522
498
573
506
521
825
1053
1003
948
912
635
615
681
635
622
667
588
513
762
756
494
488
751
815
488
443
465
444
324
435
364
617
613
565
574
656
482
897
1015
586
749
588
266
779
251
446
443
849
446
898
516
555
563
422
527
723
551
376
558
522
650
763
812
450
521
492
500
657
524
729
508
494
642
927
668
599
440
760
551
643
835
498
771
730
517
627
613
584
432
496
488
685
606
456
515
541
670
459
401
718
731
917
551
992
576
508
554
510
470
396
481
531
478
577
445
558
524
613
482
414
489
503
683
669
684
800
543
1208
636
537
632
417
553
453
549
503
522
648
475
885
627
586
520
552
540
566
433
440
346
455
537
592
607
494
934
422
690
800
810
526
595
553
607
824
752
589
742
382
398
485
589
761
542
632
542
352
628
773
527
488
619
491
635
436
1043
435
647
551
427
749
562
807
679
238
495
804
531
435
426
518
496
389
489
385
509
665
442
668
516
446
462
646
447
423
498
473
681
549
425
710
487
657
327
621
391
812
458
439
452
444
450
244
383
536
414
574
748
529
501
543
405
359
383
399
423
538
459
455
753
561
473
598
486
410
829
470
295
266
473
525
376
444
335
424
383
826
445
378
257
500
555
538
374
425
444
320
378
385
605
497
499
571
514
405
313
551
364
571
435
405
629
470
413
523
534
472
302
349
401
428
330
389
370
490
565
372
262
425
497
421
374
469
225
257
209
588
275
534
471
446
515
231
598
690
388
640
619
467
401
516
484
494
520
450
393
448
573
680
507
513
344
333
389
452
505
265
596
708
331
250
461
707
680
493
496
422
253
315
246
432
581
382
397
570
460
463
328
403
622
505
739
470
566
544
516
576
932
427
260
365
379
281
477
276
509
324
264
308
463
533
281
427
398
371
304
402
372
572
698
354
390
440
589
402
354
536
455
447
438
370
335
487
574
524
376
456
225
516
603
314
290
378
369
310
381
394
547
494
483
345
618
302
232
137
655
404
296
643
268
411
567
468
273
358
439
348
501
571
419
374
404
273
320
323
296
310
294
514
445
320
997
387
507
394
430
341
321
316
250
353
301
294
476
661
515
299
401
569
494
312
382
234
429
415
629
358
419
356
505
268
297
260
317
696
611
743
446
364
312
592
219
464
309
293
512
514
524
408
394
627
298
356
341
317
293
336
289
280
321
262
742
442
612
447
433
399
413
743
274
351
413
486
416
369
418
367
367
273
533
371
735
422
564
353
563
264
299
348
291
271
475
448
351
246
252
259
285
638
249
286
346
373
399
492
287
629
254
244
400
394
257
308
292
357
299
311
298
393
639
475
520
458
333
434
475
551
270
330
312
391
518
474
475
215
394
488
464
706
487
562
363
500
164
351
303
564
231
303
337
520
293
333
255
458
349
311
306
303
264
335
472
310
213
455
463
402
515
496
307
295
329
258
261
552
434
226
249
289
276
354
375
482
641
604
424
544
363
359
256
660
383
416
383
267
468
396
275
186
383
339
412
208
463
397
369
243
338
313
259
272
211
342
239
517
403
340
657
234
560
301
278
383
311
263
287
133
514
534
352
405
605
227
636
415
543
567
331
353
439
243
291
618
394
286
255
292
278
316
347
303
416
314
254
555
657
344
264
340
343
577
422
294
396
300
509
231
425
203
582
272
392
332
301
331
228
443
341
482
224
303
225
315
263
265
360
195
280
478
211
353
281
303
285
378
298
477
518
305
315
187
292
253
335
318
363
246
240
194
230
191
360
493
321
365
528
366
293
642
230
180
236
290
251
202
205
299
295
238
177
319
372
217
286
224
270
280
155
301
380
255
272
289
347
523
255
271
482
249
401
352
278
306
184
317
363
283
276
259
349
508
656
166
350
316
235
200
350
525
295
211
193
297
321
229
252
303
512
352
210
296
291
503
291
306
369
488
344
399
246
256
284
326
295
247
256
259
269
486
505
241
261
252
249
402
409
385
319
334
308
360
352
411
480
218
294
321
208
315
191
408
364
194
478
257
305
338
209
427
268
328
202
295
288
391
326
267
349
321
214
306
275
207
209
341
172
281
497
217
187
231
238
61
86
557
528
341
274
230
573
245
227
321
196
195
584
237
236
173
345
285
277
272
354
294
264
230
213
235
373
189
321
509
463
398
309
225
280
329
202
305
202
474
326
432
297
457
238
178
269
314
261
404
166
294
433
355
337
225
297
273
395
317
227
270
335
247
575
168
367
485
548
206
228
228
233
259
211
353
294
203
186
191
106
283
172
428
202
388
275
276
235
230
193
224
197
266
111
369
242
200
208
153
171
313
194
207
325
195
153
492
437
208
314
181
203
199
327
260
119
226
464
182
176
180
207
566
221
168
152
324
330
202
230
417
158
245
352
215
153
234
297
101
303
313
328
94
165
168
356
307
196
211
162
306
182
102
164
143
231
228
225
378
372
195
204
173
150
147
217
189
282
239
99
126
189
170
131
217
362
203
227
248
401
257
209
155
172
242
173
186
176
180
164
336
190
242
161
180
155
210
150
223
224
285
95
71
246
140
139
326
127
208
194
106
206
71
107
148
68
93
182
221
119
138
169
73
277
158
131
123
176
183
85
148
73
113
91
123
70
67
109
157
190
94
95
143
78
104
1226
196
