195
209
233
227
209
214
242
219
27
223
230
201
188
176
168
190
201
215
191
230
180
172
166
208
173
141
188
229
216
231
230
248
263
268
272
302
276
261
278
250
252
277
264
271
277
267
244
237
237
242
307
292
299
286
272
253
304
246
302
329
326
291
296
233
303
276
298
290
319
301
286
248
250
279
201
179
267
265
221
266
216
293
338
219
261
288
228
218
293
229
252
247
256
241
229
192
193
244
244
193
238
272
219
253
248
263
285
260
261
270
256
246
235
227
238
264
222
227
219
245
208
211
177
272
180
235
145
226
263
257
247
255
289
304
164
230
213
219
200
155
234
323
133
230
190
221
115
219
272
245
191
214
222
196
196
287
282
232
227
288
262
231
249
233
217
225
248
214
224
205
213
210
158
145
193
167
189
185
211
180
93
218
255
223
190
126
159
164
149
126
140
148
150
187
115
179
178
180
118
187
242
252
233
221
201
143
226
260
258
312
302
272
198
220
98
233
198
290
259
263
212
246
289
298
291
257
246
239
255
271
165
262
230
261
255
269
254
265
280
310
244
233
269
220
193
265
366
173
129
112
132
73
106
120
128
151
151
254
245
80
152
98
215
266
182
227
71
306
181
241
267
203
226
196
277
202
197
208
212
211
228
248
206
272
290
317
200
266
196
217
261
257
148
215
294
319
247
147
254
298
233
299
300
290
271
273
256
152
145
159
130
114
118
126
250
140
237
232
260
196
224
262
250
255
269
265
218
248
168
177
184
230
260
213
174
201
223
300
289
107
284
185
197
249
241
307
154
314
272
200
298
254
235
263
238
246
198
192
193
275
213
218
243
252
236
191
259
225
216
211
258
248
260
302
265
211
214
220
300
255
221
221
180
307
241
82
244
209
269
271
257
266
223
190
182
209
225
119
121
164
267
76
254
197
197
251
243
169
256
128
238
200
269
212
84
244
250
217
259
143
222
212
231
300
288
126
193
170
244
217
270
249
289
273
218
298
274
120
228
203
236
333
311
338
301
371
282
365
376
320
242
133
238
153
282
168
157
307
345
180
276
288
199
101
293
203
324
166
215
229
236
173
167
330
355
334
324
321
330
503
395
224
339
169
168
216
194
228
180
236
237
331
170
176
182
145
189
228
215
275
259
219
257
269
240
191
276
224
243
199
273
243
274
114
76
105
243
425
250
179
192
276
196
186
268
250
240
236
225
239
263
209
162
267
246
265
230
104
279
316
323
222
196
273
306
316
250
255
217
243
285
343
397
396
386
361
241
371
244
292
284
281
129
282
205
355
188
383
289
348
427
368
230
229
309
113
98
221
230
220
215
221
174
209
209
237
247
201
56
223
143
380
354
381
402
262
190
191
187
345
267
299
215
191
374
269
626
116
153
328
240
354
192
249
211
237
246
236
177
247
136
210
199
164
285
243
173
209
308
252
254
179
300
291
287
256
277
242
298
300
332
282
282
302
278
378
402
315
121
128
324
203
245
239
394
261
258
238
280
74
211
58
263
168
128
216
285
299
236
243
220
239
273
272
223
101
279
215
316
303
306
300
300
276
244
282
361
366
449
284
207
361
236
290
285
257
163
182
360
359
394
153
317
354
286
291
350
235
510
433
167
258
299
210
252
247
237
238
233
254
306
510
345
256
206
499
183
223
212
250
166
177
223
216
314
202
179
184
122
197
279
310
396
290
301
155
236
155
189
213
89
180
301
363
505
331
222
194
304
133
264
201
307
103
293
219
216
211
194
519
216
113
199
347
151
263
289
358
273
242
127
257
261
367
409
397
258
163
455
268
279
162
307
297
218
348
292
305
217
143
155
294
146
333
457
216
355
136
350
307
132
253
248
374
241
84
239
139
211
84
225
204
174
389
268
276
282
307
287
221
282
290
216
300
252
241
234
202
184
181
214
239
247
300
348
204
337
381
217
181
183
179
152
219
269
257
266
247
268
281
325
272
141
230
155
342
195
225
152
152
184
157
184
171
170
243
296
274
282
203
91
189
218
141
198
280
119
238
82
133
371
224
464
204
301
226
229
240
447
224
347
437
239
247
148
199
236
347
309
326
228
236
275
239
294
308
316
174
206
222
94
175
314
213
270
203
259
215
324
202
229
237
190
294
269
218
182
189
235
341
225
136
436
210
118
159
282
243
328
302
276
233
328
417
218
202
285
170
213
121
139
295
344
282
255
291
238
232
235
225
228
221
222
201
219
364
269
249
277
336
231
173
243
271
142
247
221
251
175
282
230
299
272
306
140
223
239
228
178
321
228
228
287
203
183
264
190
181
295
240
198
222
149
248
295
197
207
191
255
339
233
211
241
135
223
274
198
156
194
263
242
221
285
161
153
194
242
161
249
182
261
332
260
298
332
329
315
211
293
225
204
186
367
474
227
316
183
291
326
274
187
319
270
177
134
196
268
181
245
234
193
377
358
99
286
118
142
272
245
225
259
120
245
239
256
303
444
327
223
281
161
238
275
287
294
198
185
192
187
192
195
144
340
163
262
238
130
300
272
237
244
104
46
216
204
130
348
230
249
408
325
256
217
264
263
267
235
189
228
212
347
162
265
254
231
204
179
338
224
232
135
324
367
191
169
250
256
265
189
334
304
295
291
263
278
228
36
34
30
106
446
246
213
98
270
154
187
219
169
248
214
305
270
176
173
187
178
175
166
192
253
253
192
217
248
299
221
218
241
58
228
174
368
331
212
198
214
122
226
278
248
348
199
231
162
183
156
169
263
263
166
238
250
279
130
339
296
270
285
229
155
219
235
229
201
306
188
226
181
200
157
219
207
171
236
139
221
215
227
299
183
207
202
254
268
362
289
390
320
175
207
180
296
245
202
139
257
227
222
191
188
181
234
240
286
318
303
383
189
260
204
204
191
287
267
88
171
112
193
276
323
119
429
270
194
214
188
268
156
246
219
117
206
251
203
393
330
301
554
411
322
134
305
257
216
254
294
264
295
240
231
258
429
285
266
278
114
202
201
212
189
221
221
107
155
120
273
212
94
409
250
229
237
318
314
321
293
183
222
160
204
142
297
247
176
216
283
279
222
224
347
255
241
237
299
262
333
291
301
221
164
392
281
144
184
156
171
217
204
173
194
226
123
319
269
293
292
258
316
285
196
314
214
359
212
210
180
511
126
143
220
380
378
239
132
149
311
296
279
269
299
166
260
351
374
258
217
236
193
190
147
136
207
196
164
356
211
257
206
211
247
190
183
204
148
275
143
188
172
193
184
331
216
235
184
143
180
173
294
121
196
187
139
170
226
209
174
223
244
308
347
340
245
232
188
194
157
168
190
145
331
108
111
202
193
190
172
216
178
208
180
299
222
194
210
218
208
232
124
302
387
309
371
299
180
251
111
242
185
304
167
242
401
227
144
227
145
280
203
208
155
277
266
97
195
169
219
146
279
167
245
210
226
244
168
178
290
222
258
142
135
142
153
265
133
164
156
138
158
110
159
165
194
167
156
348
188
292
250
201
259
323
242
147
148
167
165
166
293
157
240
248
164
372
233
176
278
312
221
112
210
257
203
141
235
229
173
230
231
252
223
92
212
218
170
250
250
235
229
267
203
373
201
196
270
210
288
211
363
220
91
187
179
215
311
199
273
261
177
167
228
206
224
174
236
290
280
205
199
347
173
116
137
174
370
181
260
204
187
81
367
207
374
226
353
207
188
237
258
230
148
190
418
230
200
128
212
142
343
211
51
147
167
206
275
243
216
186
174
298
289
173
221
212
157
187
231
90
330
177
183
259
179
231
122
60
220
181
234
-1
107
205
157
150
281
177
149
196
212
183
124
163
118
224
115
224
195
146
209
207
335
160
167
339
265
181
154
217
220
218
201
185
183
318
276
320
176
205
237
158
258
251
119
214
181
225
229
174
282
180
194
224
311
269
137
28
183
372
236
237
163
238
228
173
142
166
235
235
179
123
206
132
319
144
169
269
196
233
176
171
166
431
260
307
203
11
14
165
109
130
183
213
197
59
390
169
163
136
184
424
239
128
181
183
117
238
179
230
144
218
165
222
248
282
111
150
158
129
235
122
178
209
143
253
314
185
123
189
315
146
117
150
310
260
264
194
94
185
127
141
191
183
269
171
287
162
238
258
138
380
128
125
183
163
140
307
187
268
262
155
124
139
113
125
124
114
87
152
368
150
248
233
254
253
244
170
145
248
160
186
59
239
530
55
241
168
87
158
188
111
75
257
272
148
153
189
222
97
155
97
238
114
137
249
187
166
199
159
114
136
159
100
131
39
142
206
147
182
199
140
250
172
252
159
188
62
178
169
158
69
145
142
206
343
135
118
369
101
213
118
64
359
117
165
165
230
85
130
117
109
108
240
163
188
45
182
47
81
167
261
88
146
173
213
146
244
152
184
150
137
119
65
112
138
110
134
94
168
129
165
107
117
126
159
125
261
259
115
90
67
130
175
173
159
76
163
297
97
88
97
77
92
56
117
132
34
90
107
117
78
130
98
97
148
187
107
130
85
42
83
131
70
49
60
77
95
57
98
99
62
94
56
178
285
