994
1133
993
898
869
696
1112
966
91
1026
971
918
933
914
848
888
813
789
768
951
816
960
820
1032
809
844
1071
860
957
941
1042
1002
1109
1300
1263
1381
1523
1231
1346
1242
1365
1357
1421
1339
1575
1531
1446
1490
1294
1368
1408
1700
1506
1383
1300
1517
1464
1384
1761
1519
1450
1747
1324
1333
1273
1359
1259
1481
1368
1457
1234
1305
1222
1245
1369
856
1171
1198
1032
926
1190
1345
1223
1088
1139
1037
1264
1181
1206
1130
1231
1091
1211
1097
1023
1004
967
1129
1196
1000
995
2024
1109
1201
1062
1809
1957
1868
1922
1742
1484
1739
1553
1738
1687
1685
1969
1239
1526
1794
1578
1711
1051
1384
962
1488
710
1605
1126
1588
1085
1619
1516
1460
1256
-1
2042
1703
854
1002
1334
1374
1477
1602
1536
1751
1196
1543
1021
1315
1101
1220
1430
1734
1045
1048
1245
1508
1489
1125
1228
1468
1392
883
938
1067
1026
1737
1622
1530
1477
1444
1199
1200
1056
1457
1011
985
1391
1157
1013
1527
960
1397
1204
828
974
1429
814
939
855
993
842
853
697
1033
1213
1204
735
921
965
1465
962
932
904
1098
1440
1292
1029
1063
985
908
865
1102
496
1128
954
1024
1046
989
1336
1013
1393
1346
1218
1219
1325
1274
1025
1154
634
987
1143
1192
1394
972
1164
1635
1170
1197
925
1028
1093
813
991
1000
968
935
646
667
667
495
697
646
790
924
785
1281
1462
701
823
656
1069
942
903
1512
543
1245
1224
1174
1094
1245
952
650
894
1119
1143
999
1014
1138
1145
1202
1032
1048
921
1108
830
1435
1009
976
864
874
672
777
993
1084
871
770
1049
1147
939
1248
1260
1267
968
1380
1036
616
686
624
592
562
500
558
921
888
935
1165
900
977
917
981
883
840
1131
903
797
1098
908
1616
1095
1026
841
824
946
1291
1110
1106
1061
574
1305
930
825
962
1031
1038
766
1142
687
914
872
900
769
849
1069
1072
1150
853
1477
868
868
858
820
846
860
950
756
1228
1107
1129
1125
881
1133
978
843
951
1135
827
1308
1061
786
907
1090
926
1176
537
804
810
1054
1028
1112
1146
1548
1422
1361
1722
985
586
580
947
842
426
860
737
713
752
736
912
930
760
855
873
928
1021
462
1157
910
880
955
1260
1043
830
1073
983
1031
515
881
831
825
967
854
1333
894
783
813
812
1055
600
621
1004
1439
1137
968
940
815
900
1033
753
989
906
1217
639
908
619
836
765
594
1063
1081
840
906
833
982
499
833
909
1131
524
648
727
810
714
582
820
765
823
762
933
807
722
917
1055
802
815
853
832
1035
854
713
1100
1020
1074
916
836
912
806
786
805
831
819
729
860
852
992
927
825
794
712
1224
808
893
847
761
515
332
495
828
787
1007
803
781
812
822
649
1017
780
1200
832
823
888
1008
807
935
859
805
1112
1193
608
828
862
645
878
697
751
910
795
791
985
803
740
773
727
738
735
651
692
662
711
933
719
865
738
644
1011
1019
1064
1111
753
769
692
650
822
844
724
669
844
714
607
594
778
801
770
766
730
716
1128
765
833
640
791
561
777
712
563
655
1253
935
814
737
778
629
567
488
400
571
572
588
875
457
728
1132
600
959
677
643
671
678
632
892
893
974
960
889
771
862
779
698
743
589
763
573
612
900
925
918
995
878
604
817
561
806
586
750
645
1132
623
633
658
514
859
951
1194
669
652
648
828
774
745
612
505
783
436
431
587
587
802
564
1121
1164
759
622
676
568
650
528
638
733
880
913
830
912
854
841
775
765
790
688
663
555
626
662
791
781
654
591
792
781
695
485
718
741
697
576
677
555
771
683
1004
530
498
784
562
708
639
704
626
622
648
598
535
491
523
634
578
673
674
829
842
679
845
482
674
549
610
634
521
1185
628
448
477
637
599
620
707
809
702
850
431
709
697
410
464
667
591
492
604
746
627
556
830
603
599
750
447
791
580
631
646
618
537
1174
389
711
606
371
411
442
525
638
668
548
560
517
514
838
578
868
824
541
641
661
528
602
608
861
603
688
569
544
528
647
698
647
494
628
693
573
478
809
697
277
571
677
516
434
469
626
897
533
337
741
704
682
639
616
567
582
548
541
521
564
708
1018
588
736
856
699
652
656
744
1111
560
452
472
465
482
509
607
435
820
728
662
770
643
505
486
510
586
512
532
588
580
409
546
599
524
497
851
425
347
406
369
281
376
319
615
557
476
502
761
671
558
583
680
694
561
262
750
273
459
523
721
460
763
527
611
570
538
596
715
477
378
631
488
576
569
573
442
600
557
436
710
718
644
488
449
615
551
1002
423
505
718
488
616
685
391
889
604
511
1096
490
456
359
504
484
652
629
532
403
525
472
349
394
773
569
505
450
853
659
553
572
586
504
434
509
488
599
787
422
545
539
664
588
434
507
576
858
908
876
895
615
792
530
445
1188
466
575
449
586
564
587
537
476
745
612
444
450
404
506
638
446
369
308
502
739
449
404
384
571
428
637
538
935
476
500
450
579
810
832
590
524
490
331
511
495
828
450
514
572
384
587
580
376
1036
457
629
569
335
617
507
681
410
460
670
530
556
557
215
537
468
461
518
494
432
573
443
475
393
565
463
421
620
528
549
417
714
506
416
590
475
570
619
413
536
506
628
321
559
373
858
502
481
534
478
508
269
370
464
449
541
923
618
420
665
482
358
427
420
342
510
601
397
577
487
505
531
497
385
579
400
291
234
476
636
388
511
408
483
395
1027
511
533
542
639
567
947
387
468
378
315
363
446
445
451
453
446
598
330
282
574
331
638
381
407
541
417
401
529
398
362
384
414
455
302
503
411
422
508
399
348
228
511
420
489
396
494
323
410
283
325
278
518
407
473
413
190
488
576
381
806
579
574
426
448
456
478
449
441
310
396
505
664
467
425
305
323
458
423
606
576
405
388
286
226
399
415
437
393
461
426
260
332
260
449
598
445
436
474
472
471
285
318
548
517
477
505
704
650
606
479
581
366
262
337
389
323
528
283
577
388
312
390
337
339
277
602
457
376
358
442
369
413
586
321
376
498
679
485
390
335
309
369
441
347
361
671
510
415
397
349
236
378
520
285
324
355
317
341
460
443
395
362
333
368
726
388
190
124
952
462
348
523
316
317
404
350
234
508
418
322
400
566
347
408
454
295
342
345
324
308
317
405
517
425
667
328
487
484
468
287
298
333
305
395
356
341
606
451
492
339
373
571
504
343
409
240
500
339
379
413
389
302
610
293
289
284
321
577
455
484
381
245
245
449
221
436
332
306
418
406
584
351
328
685
284
353
309
326
323
283
288
265
376
230
603
290
424
370
347
376
442
662
226
335
482
557
504
323
384
447
375
320
406
447
540
347
656
392
637
232
266
388
359
286
333
299
325
230
228
234
321
582
292
332
344
289
342
367
255
435
203
195
332
372
292
342
258
396
289
299
279
323
519
433
661
499
347
291
332
409
277
382
342
395
466
561
566
234
463
622
349
557
487
338
386
637
162
331
436
601
247
319
305
371
325
332
260
301
280
354
396
238
239
259
421
271
231
326
417
553
578
394
271
262
284
264
251
425
356
242
262
269
243
395
366
463
427
624
305
772
370
352
248
816
338
410
396
305
350
368
305
195
409
292
455
196
354
311
473
327
401
330
237
322
226
397
211
419
390
310
428
178
441
362
218
317
346
339
242
105
390
393
374
573
592
232
580
347
438
522
311
397
436
201
267
368
293
276
274
278
276
329
460
253
322
265
291
451
465
350
269
306
284
638
453
309
308
256
469
236
322
175
546
286
267
254
243
270
214
502
294
537
224
382
252
235
270
296
468
211
234
433
208
363
309
259
263
340
263
505
379
275
315
191
284
244
314
267
530
231
228
172
199
188
334
462
278
413
519
439
300
433
215
160
228
319
270
167
188
236
251
250
186
299
335
175
285
200
278
329
191
292
436
218
327
265
399
481
261
250
446
321
359
316
288
248
179
282
358
233
248
246
315
617
398
117
435
389
282
230
379
383
253
200
185
225
375
223
238
297
543
301
168
341
184
547
296
242
384
458
305
458
234
233
260
274
233
218
345
379
244
355
358
286
307
284
214
344
331
274
378
349
221
306
312
548
456
237
327
300
194
322
199
515
272
117
407
286
340
361
190
447
252
263
210
247
350
375
280
206
316
222
221
235
249
204
200
368
215
302
521
215
178
268
234
104
156
607
469
278
271
303
403
181
261
309
226
206
578
253
221
182
306
211
208
301
315
256
192
216
222
290
389
211
292
426
308
287
278
161
297
340
161
301
201
421
229
281
306
507
246
171
270
390
285
342
109
283
452
415
306
280
327
306
394
300
227
303
263
261
437
155
304
422
357
202
277
247
203
215
182
267
207
212
144
167
89
217
196
795
227
383
232
233
217
187
143
262
147
320
101
448
256
186
262
144
136
258
232
182
273
174
161
714
275
254
354
139
215
159
537
208
113
177
420
190
189
204
172
300
188
212
164
164
261
196
184
338
187
193
319
221
145
269
311
90
459
447
317
75
151
175
312
322
193
207
180
203
202
110
119
173
211
239
240
397
257
171
213
158
135
160
260
219
164
249
96
125
194
177
119
193
287
223
228
279
344
245
170
151
133
322
166
179
161
182
159
401
175
337
138
162
165
194
171
222
222
266
100
71
221
194
194
263
111
274
216
135
169
68
104
161
70
99
204
130
125
133
127
76
217
133
140
138
200
144
97
112
63
101
102
133
70
68
100
173
209
96
95
107
85
87
767
211
