582
684
657
628
607
528
720
636
73
653
602
577
551
514
542
562
536
543
530
645
522
579
502
592
489
436
654
567
645
627
680
675
772
817
814
880
914
781
813
775
827
851
852
848
887
870
839
949
715
902
927
918
891
858
791
856
873
861
982
912
946
1031
852
737
848
823
875
959
882
976
807
879
779
797
821
508
808
773
594
624
603
810
800
697
773
767
665
546
822
670
813
764
701
709
674
588
586
767
715
541
605
825
724
815
663
792
761
749
781
747
694
711
666
655
666
708
778
643
662
721
648
716
566
917
585
927
455
618
702
635
703
591
639
639
507
744
787
785
470
482
718
742
565
789
639
637
397
609
721
915
731
781
925
814
684
706
764
727
692
785
835
699
713
569
604
675
673
665
647
640
599
582
451
452
442
553
467
442
607
454
395
653
642
913
762
425
396
556
373
352
361
441
346
381
371
457
636
633
365
618
649
594
647
619
629
548
642
768
662
793
685
676
555
860
330
726
593
672
736
699
578
721
918
1096
879
826
762
864
660
793
450
658
786
854
917
653
801
698
781
848
687
669
589
511
442
690
625
577
391
328
391
289
299
400
418
477
489
695
725
231
346
281
445
711
455
597
214
914
716
727
732
519
552
423
690
877
885
789
774
818
695
818
646
708
658
764
571
721
767
575
612
672
428
591
690
698
628
507
741
768
616
587
566
573
453
573
779
405
392
419
344
329
310
379
661
459
687
855
655
662
602
768
691
622
770
675
512
585
638
676
814
722
650
623
481
759
758
781
666
314
774
756
638
640
737
761
453
680
478
648
679
616
646
625
916
636
638
525
797
655
697
618
618
601
603
539
591
713
849
862
686
630
502
482
637
711
800
646
893
691
567
634
506
527
922
206
574
555
702
704
882
915
830
806
625
673
778
382
380
405
641
173
585
499
547
608
550
569
698
420
614
598
586
670
329
898
710
638
628
582
758
563
839
631
686
322
680
597
580
633
608
634
430
394
338
412
490
338
483
440
763
998
724
692
373
436
431
403
625
605
526
417
583
383
417
477
386
754
767
458
608
618
597
281
612
577
772
264
298
537
435
354
337
493
500
499
483
473
510
524
537
1026
557
497
540
627
508
702
477
723
816
708
464
615
609
571
547
592
599
617
531
632
654
650
593
698
451
525
656
458
704
684
580
239
180
287
608
508
697
463
549
600
549
453
685
566
625
593
525
716
703
624
512
656
577
977
898
326
708
621
489
673
549
570
695
575
579
919
668
572
587
518
506
502
467
499
426
511
851
450
589
512
271
757
737
683
767
562
601
485
478
567
625
583
442
562
461
447
418
654
636
602
645
615
691
787
594
665
201
635
371
574
532
457
464
640
542
588
539
612
369
375
267
259
393
347
452
350
417
593
555
452
555
471
460
519
461
430
604
898
680
494
925
507
604
566
447
585
463
564
434
419
788
674
604
818
604
463
566
384
568
457
543
483
605
438
468
476
335
588
682
680
472
473
470
576
381
380
385
216
567
220
293
528
307
647
416
573
666
577
474
499
503
632
506
261
620
675
642
626
632
640
638
553
533
640
440
500
415
436
466
610
544
488
445
647
864
841
370
536
526
463
401
460
364
572
494
749
398
409
499
555
513
710
608
456
461
448
426
347
358
383
487
387
527
500
517
625
510
617
263
354
386
437
531
373
656
503
358
379
383
404
432
507
541
421
590
287
484
458
231
352
623
443
374
525
672
425
426
562
419
537
389
278
540
410
558
457
417
385
621
208
458
465
240
296
315
491
569
553
341
413
397
419
600
408
574
614
400
492
509
406
468
509
824
442
504
571
429
352
444
523
452
377
521
567
400
294
608
496
265
443
586
369
339
269
471
405
347
192
586
531
568
425
456
442
487
454
397
366
349
539
718
522
537
685
547
511
618
-1
558
415
361
360
376
307
391
428
265
622
513
498
528
476
365
356
399
438
420
431
450
505
357
384
539
404
388
631
352
309
353
315
241
293
301
467
440
342
348
496
328
403
460
365
560
426
187
515
133
282
342
519
328
574
376
513
524
326
456
556
368
307
448
335
588
516
426
344
478
361
312
484
598
567
400
365
479
367
488
309
317
491
406
416
497
334
554
453
366
468
365
348
324
417
399
530
554
459
291
375
365
216
282
543
307
379
366
622
534
442
470
494
387
324
336
404
410
527
242
503
369
452
438
388
400
444
571
658
655
665
595
603
436
366
611
393
420
342
455
422
508
429
380
539
432
343
330
314
423
493
357
287
244
371
358
311
335
297
364
333
536
394
632
347
318
344
383
639
634
431
424
293
277
474
383
686
335
432
405
284
362
475
280
444
326
395
410
284
488
423
496
316
367
524
415
383
386
173
461
328
321
373
462
326
418
313
394
324
401
386
364
518
388
408
318
593
407
301
444
347
439
463
320
463
405
483
231
590
280
622
432
324
434
258
349
162
232
408
327
443
650
315
312
680
371
283
367
318
276
420
487
314
461
386
391
394
362
294
414
320
243
182
403
621
314
354
244
387
292
707
460
257
178
563
503
387
337
340
305
238
281
335
321
344
342
367
495
263
226
508
271
580
286
302
473
391
321
363
284
269
284
313
361
226
398
302
329
398
352
249
197
341
310
372
277
413
131
165
115
247
213
382
321
321
294
163
429
469
294
631
458
416
320
358
347
362
356
342
269
349
417
533
348
305
237
282
340
336
436
273
285
272
261
195
309
320
348
305
374
312
190
248
179
315
497
365
361
363
365
363
267
235
400
383
336
402
448
445
408
355
393
307
191
242
390
239
446
185
436
309
217
310
254
264
218
415
366
264
238
354
355
349
441
262
306
408
493
382
275
245
220
265
357
318
279
453
420
353
286
247
166
316
372
207
313
295
262
245
405
369
322
272
261
286
496
231
175
102
504
328
258
361
281
236
414
319
191
424
333
242
316
450
300
281
373
231
273
284
277
253
240
275
476
334
500
246
382
402
358
232
194
232
209
321
290
255
347
338
316
235
359
409
357
235
280
222
402
251
285
293
310
271
451
211
224
215
240
359
319
339
351
177
203
323
149
335
278
236
294
306
440
264
268
521
259
364
255
241
228
226
269
217
289
186
486
260
379
281
248
295
333
480
221
245
378
439
386
290
310
389
281
224
351
342
399
289
552
322
372
204
204
287
322
220
260
216
273
191
193
195
231
385
218
225
274
236
252
280
218
295
207
171
260
272
228
262
189
317
227
241
201
271
334
319
402
390
277
233
224
361
211
278
282
333
405
379
461
174
330
607
330
440
399
252
320
499
126
266
326
436
184
235
226
296
257
301
225
232
192
243
323
191
218
233
332
208
166
236
354
363
427
295
212
228
229
243
250
321
341
193
206
205
195
269
262
381
287
469
244
481
246
277
207
504
270
273
209
223
318
303
220
150
320
265
380
178
275
246
363
251
288
268
188
243
167
272
167
303
304
267
288
117
408
268
166
324
272
226
206
83
321
304
284
513
459
185
386
255
319
432
252
347
330
182
217
277
263
229
194
216
205
240
382
212
227
211
254
351
402
294
197
264
245
417
327
256
233
201
347
168
258
159
411
219
224
203
201
215
151
392
264
410
172
309
181
164
221
214
311
157
176
335
152
305
242
218
223
309
216
361
316
234
240
130
199
180
240
193
288
210
177
140
166
164
250
394
217
309
573
316
248
302
167
129
184
239
228
127
148
196
188
225
143
243
234
122
234
194
230
250
78
245
315
192
237
197
270
418
210
199
383
239
269
283
216
195
112
208
323
178
177
193
222
418
274
74
392
314
203
181
259
271
208
172
152
176
254
221
230
186
321
244
145
242
135
428
225
237
368
334
231
396
168
185
213
193
155
158
252
368
213
266
270
256
265
285
167
276
278
229
281
283
188
241
252
488
310
194
264
248
148
263
163
361
212
82
300
278
235
309
167
307
199
230
149
199
373
247
202
195
247
180
182
194
188
167
144
329
156
218
402
175
144
191
166
31
63
483
317
227
226
286
289
145
212
244
185
162
460
197
217
114
261
197
176
209
250
182
174
167
197
207
316
149
227
370
248
215
213
143
204
271
129
227
164
324
163
226
230
523
194
140
200
273
220
259
117
240
321
331
239
200
271
187
314
274
169
225
196
213
285
128
227
355
246
172
285
186
161
180
148
256
155
168
145
136
88
186
145
413
157
304
210
212
179
152
128
189
131
200
86
305
202
149
165
98
128
172
160
156
218
143
135
369
211
176
282
136
198
178
368
156
71
128
342
156
235
172
119
200
133
206
115
129
224
158
130
310
139
138
248
160
123
216
225
68
284
285
250
76
117
143
236
227
144
162
128
146
223
78
106
126
172
190
189
296
208
153
145
110
98
119
175
157
110
177
59
95
134
132
100
152
229
158
172
188
254
208
161
123
109
165
117
132
103
148
125
319
134
439
104
118
113
158
205
162
160
194
68
49
151
178
177
199
68
170
180
114
131
56
68
128
45
61
129
97
94
88
93
50
151
88
79
109
149
93
58
91
43
72
89
101
56
39
67
108
94
87
90
106
61
66
483
159
