269
316
329
322
331
299
363
322
35
311
304
307
254
257
266
290
287
298
294
336
288
258
250
248
221
224
227
296
332
340
335
337
357
354
415
429
382
365
395
356
354
374
335
399
366
346
310
307
305
319
416
391
377
387
374
347
384
347
386
404
410
346
410
346
374
353
433
386
389
376
394
348
374
378
260
241
381
368
318
357
245
370
413
286
362
343
308
323
381
284
401
383
366
350
339
270
235
291
332
225
281
332
303
335
353
317
328
315
316
371
274
279
307
259
285
330
252
275
288
291
274
227
225
353
208
313
178
261
335
289
388
335
333
356
188
265
274
275
241
185
357
447
167
288
224
264
139
289
369
306
278
295
275
220
239
372
392
294
283
417
355
312
321
330
303
328
366
251
269
258
256
267
171
168
231
212
219
222
250
226
112
262
274
261
232
187
180
194
163
133
155
174
164
216
176
215
255
251
167
242
325
304
325
341
276
185
299
352
320
339
399
410
296
284
142
345
254
458
362
359
251
306
355
343
368
291
308
319
318
345
242
330
316
322
293
402
342
327
378
424
433
317
322
297
260
359
397
241
167
145
158
104
128
171
149
255
218
298
283
99
189
136
294
375
237
278
91
339
235
365
387
222
305
244
388
260
254
241
246
251
290
314
304
392
392
377
289
295
230
264
358
355
218
306
366
338
316
190
357
376
314
349
335
333
291
290
335
216
193
250
180
162
180
198
370
155
345
303
327
236
302
354
311
350
366
389
300
280
219
223
233
301
375
274
191
255
301
340
381
133
342
244
335
389
305
350
192
377
344
247
353
354
360
367
301
308
272
259
241
390
296
291
321
355
317
246
364
285
261
259
309
340
349
359
317
291
269
290
347
343
341
312
220
352
289
89
372
289
357
392
294
301
264
205
189
248
318
202
204
261
370
95
366
262
279
347
327
241
360
207
325
308
266
284
117
328
325
312
332
171
293
296
313
308
333
192
244
195
351
282
370
298
337
293
245
350
400
181
305
265
267
350
369
359
305
351
275
304
419
368
229
155
349
217
374
231
221
342
338
220
333
313
251
115
297
272
360
151
249
306
333
217
245
429
505
509
526
386
591
447
405
258
419
219
228
248
221
308
253
283
309
404
187
282
225
187
251
338
333
394
367
288
338
357
319
273
463
315
329
346
369
314
396
115
72
113
332
469
313
235
215
350
285
229
367
370
237
348
348
315
337
302
240
354
364
285
258
111
329
358
330
280
238
338
295
310
259
258
288
343
355
371
346
374
324
335
274
327
291
494
376
375
167
262
252
392
212
366
337
351
371
311
300
293
613
142
112
312
474
271
256
290
242
247
232
310
325
233
68
252
190
342
375
490
419
314
255
261
245
319
341
407
274
240
404
235
327
141
184
347
285
535
242
368
339
257
316
331
204
251
166
234
232
197
359
339
231
269
338
278
240
202
291
363
346
272
384
359
373
407
322
329
374
339
316
399
416
327
146
150
300
238
351
328
507
334
305
275
471
83
302
105
358
194
157
285
548
282
236
249
222
264
298
285
259
114
275
261
386
356
368
368
359
326
329
278
467
304
418
353
288
298
307
287
333
286
186
215
445
382
373
202
511
426
507
333
282
305
416
323
239
285
307
271
287
335
336
340
317
381
431
491
345
448
250
329
247
286
284
302
208
252
245
261
306
214
173
176
123
223
384
515
460
357
340
244
315
149
190
214
144
236
253
325
398
349
280
294
363
172
312
244
259
158
334
291
237
326
332
422
228
117
237
308
200
305
462
322
245
268
149
473
350
337
384
393
347
219
463
293
253
196
252
242
254
330
331
235
256
185
219
254
162
357
296
288
454
216
347
286
156
359
281
513
277
134
318
170
334
110
279
270
198
416
399
354
342
379
420
306
464
310
257
362
324
309
244
243
228
197
248
341
315
508
357
198
379
379
377
215
238
235
213
299
371
356
379
386
316
342
399
270
207
300
198
309
253
271
176
217
230
204
210
229
184
308
318
502
489
287
146
256
280
174
286
340
105
322
118
233
384
277
514
299
354
250
276
235
362
261
555
354
307
419
202
234
404
344
293
388
388
270
243
289
267
304
327
203
236
322
113
247
268
348
340
216
355
243
399
286
288
283
179
287
294
277
219
199
337
510
271
238
415
287
175
201
344
328
322
254
275
198
301
473
351
219
315
196
268
167
201
356
333
272
264
282
281
257
247
274
267
296
266
254
228
257
280
280
284
296
213
241
361
372
168
317
325
332
223
293
205
459
429
324
200
242
270
278
245
291
235
304
357
219
301
340
331
234
369
242
251
188
196
242
361
239
275
228
311
348
381
271
281
146
262
334
245
185
226
196
245
293
347
204
189
289
286
188
245
199
423
277
235
359
357
386
274
236
296
272
185
209
527
335
302
361
159
354
329
273
258
367
290
252
159
237
374
229
308
280
217
358
314
129
312
139
219
350
180
240
316
134
317
246
235
361
308
303
283
343
169
270
332
411
242
272
241
255
265
253
201
178
292
165
220
261
121
268
255
290
213
130
65
198
249
137
250
288
272
419
510
216
284
299
294
248
250
306
220
214
497
185
284
249
258
232
234
445
361
314
143
215
288
239
163
285
227
302
232
515
424
271
595
216
301
216
53
49
32
142
402
269
244
152
330
164
232
265
187
256
235
249
227
223
191
227
217
196
174
208
287
296
190
213
265
304
222
251
253
71
403
337
339
286
280
270
295
124
302
279
204
510
235
266
206
182
161
257
287
286
193
359
337
370
208
308
361
348
387
308
213
264
187
284
201
328
183
184
226
186
143
174
268
214
186
144
200
193
224
296
192
240
255
249
274
269
270
268
416
233
260
321
308
255
177
190
297
231
181
290
166
219
314
381
243
298
267
481
192
233
228
273
281
235
279
84
156
88
195
230
218
169
277
283
221
248
186
194
207
229
289
153
210
206
175
321
333
241
389
437
394
181
242
145
252
445
294
183
252
207
251
328
346
188
178
177
141
247
300
178
213
244
226
111
199
136
229
246
147
365
208
233
242
370
373
356
369
238
302
267
211
216
307
267
174
252
252
213
274
253
326
284
271
247
374
268
357
371
366
252
156
402
177
160
229
186
200
286
255
186
179
296
145
516
280
282
271
216
278
236
213
252
277
316
299
266
209
288
155
164
210
461
227
202
164
193
440
354
405
375
304
218
202
418
324
509
251
296
190
254
184
166
227
230
153
350
250
213
187
193
435
191
202
210
191
281
135
220
246
214
161
292
197
234
265
155
190
144
286
139
204
240
186
232
224
243
225
225
172
312
401
410
321
310
166
215
148
198
234
182
260
150
131
204
220
189
150
266
201
199
205
313
243
203
216
194
186
324
151
374
322
453
368
277
216
255
219
309
211
281
274
191
271
264
157
263
201
305
218
201
155
319
232
122
175
184
275
216
233
139
247
221
172
198
176
213
321
304
299
154
169
161
200
166
150
169
165
142
173
97
244
253
208
166
201
324
238
441
309
224
270
236
227
155
164
210
200
136
481
183
234
318
148
348
272
194
156
325
263
148
216
205
225
175
284
261
213
193
273
371
253
103
262
226
199
419
464
488
177
270
195
408
170
162
217
350
253
204
359
266
122
194
185
201
182
206
239
248
155
192
293
158
228
148
245
434
306
236
226
290
145
145
171
152
390
185
520
172
200
109
326
238
388
370
357
177
126
237
260
428
244
164
252
248
233
159
189
152
227
193
57
128
191
179
220
-1
209
193
164
278
245
146
264
201
184
204
304
140
253
198
227
355
179
220
157
106
184
146
218
243
123
247
175
127
340
196
166
163
207
192
166
200
128
202
131
219
204
146
203
236
300
144
180
395
389
188
179
418
165
196
191
226
219
217
205
190
250
299
262
192
187
207
151
236
183
217
208
153
230
178
273
216
292
213
179
49
250
201
293
226
110
294
195
180
152
191
179
415
198
152
228
153
199
186
167
304
270
242
128
176
207
313
427
320
181
27
22
225
156
153
187
187
239
75
207
158
109
111
197
278
206
125
177
180
128
183
213
313
145
295
159
182
227
203
147
208
206
147
212
134
178
195
166
189
231
191
147
216
416
152
103
104
399
236
190
196
96
184
151
172
206
157
275
216
225
138
405
237
160
248
162
94
195
195
167
177
150
175
324
156
111
149
129
141
120
130
83
158
312
164
258
221
223
224
154
189
123
145
140
162
43
215
245
70
273
214
92
154
317
121
100
215
181
161
159
152
197
96
103
111
199
126
196
217
222
100
158
112
117
161
144
70
104
63
143
321
142
202
243
149
186
157
215
143
179
89
180
160
170
60
140
102
224
282
126
93
229
106
150
110
76
208
124
147
147
222
106
111
136
120
93
172
148
135
68
192
32
59
117
157
80
139
197
183
140
173
135
164
115
113
105
73
101
112
96
118
82
147
102
147
88
102
100
123
107
209
210
121
75
61
126
107
105
181
82
176
185
65
124
94
68
91
64
184
124
40
76
112
114
64
133
106
76
128
195
122
135
120
47
73
106
72
45
47
61
106
54
77
78
69
81
58
261
308
