241
271
282
274
278
265
320
276
35
287
265
281
245
227
241
253
266
273
253
294
238
256
252
238
193
205
246
292
296
308
294
315
327
343
353
389
391
333
356
317
342
361
349
362
381
335
297
358
275
346
415
382
387
354
326
343
404
355
367
416
414
406
361
330
372
374
398
372
369
371
375
355
345
370
294
189
362
356
287
320
282
331
365
265
384
415
256
197
338
263
352
318
307
323
300
269
230
306
325
215
264
341
287
352
303
316
316
332
327
287
253
278
269
266
268
266
312
231
248
291
262
278
202
389
208
353
143
263
269
258
314
264
262
277
197
284
294
293
175
191
299
320
209
288
230
255
151
264
344
354
270
334
351
284
259
363
350
268
284
369
364
303
295
263
284
321
318
282
269
229
211
229
171
193
166
217
163
168
244
190
132
296
266
346
289
172
165
214
141
130
125
159
129
145
136
167
244
243
161
244
308
262
315
287
276
195
251
341
339
343
372
320
253
308
74
319
256
368
366
382
232
328
406
424
386
351
345
366
336
347
172
347
330
359
399
360
342
315
382
367
330
327
316
189
167
397
323
249
126
119
134
80
101
130
141
206
219
311
365
86
129
92
204
345
147
290
73
464
278
324
366
218
236
185
412
324
338
354
348
299
313
343
300
366
370
427
252
329
314
198
289
318
205
282
331
282
324
174
357
364
309
270
260
272
196
272
356
164
167
184
142
149
141
141
347
141
352
345
306
275
304
372
307
350
364
343
262
223
243
243
277
299
298
306
171
300
323
371
348
116
347
292
299
309
329
342
143
317
249
261
437
290
343
331
362
253
277
252
279
366
283
309
346
303
308
194
347
303
342
347
324
351
227
233
367
313
331
287
407
341
300
301
162
294
343
76
312
276
341
343
264
275
312
257
212
288
338
183
181
147
387
59
343
258
289
343
352
254
320
186
326
307
267
319
103
351
335
296
270
222
349
267
309
279
318
132
283
271
352
255
333
289
221
189
191
220
225
137
254
182
290
446
398
413
205
247
242
228
323
349
278
135
301
212
213
232
201
399
370
181
282
305
211
92
376
281
382
169
149
271
227
166
165
268
272
253
241
248
279
318
324
396
315
185
247
289
182
312
226
344
334
331
159
267
264
233
245
296
297
332
359
280
329
331
307
298
218
280
302
256
346
347
353
115
60
110
308
286
329
210
259
322
262
249
366
322
315
317
303
367
370
287
220
330
318
368
332
122
438
377
359
302
282
375
356
292
283
405
322
351
394
340
315
311
282
406
284
349
386
249
330
349
112
444
330
373
294
368
399
312
304
387
296
273
285
178
147
249
197
363
337
338
274
323
344
344
321
295
118
397
143
389
292
313
296
313
271
266
287
374
167
192
158
123
205
174
311
134
217
455
283
298
249
308
288
357
321
279
271
361
201
191
340
227
378
354
228
292
431
231
256
201
399
368
361
340
362
322
398
257
446
389
346
425
306
291
281
508
135
211
408
253
324
298
285
327
222
207
231
68
254
81
181
226
228
357
261
301
288
277
241
252
326
473
400
93
341
322
388
393
397
397
400
336
317
392
252
332
257
341
285
363
311
355
404
383
245
313
224
448
456
200
279
244
250
410
360
341
401
346
218
473
436
322
412
317
302
320
289
209
254
371
358
231
259
352
232
296
304
378
116
172
206
219
316
197
239
248
184
299
218
240
291
381
359
186
266
149
204
211
76
157
340
356
402
398
322
235
272
203
367
332
232
133
333
273
303
249
231
301
214
79
264
307
105
184
237
513
427
365
178
269
367
329
476
362
331
282
304
356
404
173
421
417
306
319
389
366
340
157
274
307
142
362
478
324
268
163
341
357
195
250
404
260
323
155
278
148
213
92
297
248
303
272
344
371
390
356
347
284
231
329
319
396
327
345
367
268
316
285
270
353
344
245
323
212
307
375
176
241
251
226
238
298
368
352
321
344
321
392
397
441
153
305
235
350
273
315
186
165
200
171
185
166
187
313
402
250
257
236
147
270
268
146
328
344
112
312
64
213
252
292
370
307
303
293
299
183
315
296
281
471
336
225
265
309
274
362
364
247
198
261
320
339
348
357
391
239
231
276
88
239
334
202
341
228
335
287
258
212
339
338
226
453
419
305
338
352
327
283
302
113
386
312
166
218
353
326
412
396
352
309
358
269
218
324
271
196
128
209
146
358
443
382
433
418
321
341
330
303
375
287
319
237
267
424
363
325
374
365
317
223
384
365
198
317
311
348
264
388
391
232
201
425
144
325
337
329
210
441
298
291
366
279
199
352
226
265
310
315
270
128
162
402
319
275
208
306
333
344
217
285
302
160
292
186
292
164
205
400
285
297
237
252
240
268
360
145
371
219
224
321
280
373
226
355
431
358
371
305
273
249
251
331
386
361
173
164
344
345
261
413
371
265
237
271
229
234
349
339
287
447
474
103
326
71
115
426
361
316
354
124
366
431
357
372
495
383
361
352
297
398
359
344
299
251
246
254
234
284
201
164
490
204
240
337
140
371
395
321
380
92
50
300
295
171
483
221
354
352
274
447
280
396
398
229
405
210
263
252
296
244
419
412
275
231
235
226
285
299
160
339
308
248
243
357
347
396
301
332
245
321
233
395
336
238
39
47
34
93
357
302
271
156
348
152
318
309
308
300
225
319
275
264
271
296
313
284
234
293
320
310
316
208
369
399
316
329
316
86
200
152
377
326
293
264
256
116
345
385
370
238
262
361
235
313
259
221
258
256
275
201
279
232
184
438
291
281
227
288
231
256
316
297
323
285
329
251
317
366
260
364
258
235
320
228
383
204
206
365
315
292
292
366
402
373
359
387
269
217
259
201
410
354
365
218
280
313
229
283
216
258
250
204
478
476
441
299
277
352
255
309
285
379
257
105
159
116
241
373
319
160
470
245
202
240
201
345
254
341
305
184
282
270
221
211
215
271
288
245
224
268
413
251
267
221
317
368
358
312
339
205
233
306
272
269
137
299
157
214
304
332
277
104
238
125
273
280
113
321
343
316
241
183
184
187
169
207
300
226
284
181
246
304
243
313
437
378
252
258
397
313
307
226
344
455
424
170
181
261
254
326
266
163
239
257
248
296
267
270
186
299
149
251
430
430
381
375
405
367
273
340
281
380
265
337
300
461
140
157
297
254
593
369
200
225
246
239
211
223
274
232
323
271
348
223
257
190
279
258
149
135
307
287
302
279
256
355
312
318
208
305
237
284
222
256
145
226
204
280
263
248
276
307
267
150
194
283
411
171
298
256
169
214
270
301
148
315
384
394
313
280
323
297
303
239
197
228
228
163
251
140
130
306
292
223
215
271
273
301
271
215
288
294
275
381
405
286
166
218
396
244
308
345
261
354
158
359
237
282
141
222
473
256
254
288
140
236
265
293
216
234
315
153
200
198
293
149
441
252
342
212
350
264
226
249
250
292
286
207
189
160
184
258
150
227
253
163
153
110
221
229
287
247
228
322
245
277
332
246
334
253
310
153
196
207
213
243
242
190
349
153
217
317
296
255
232
299
240
198
329
346
273
214
215
327
226
305
266
212
286
101
291
257
208
229
217
213
303
332
287
353
257
292
331
170
251
232
231
124
165
284
215
254
291
262
292
304
217
162
246
254
270
211
304
250
356
229
204
306
219
112
143
185
301
161
193
215
262
123
296
267
285
189
294
340
275
197
231
210
111
297
288
273
238
134
260
150
308
189
43
127
180
231
270
190
249
316
280
268
280
158
293
259
234
254
201
131
379
244
212
236
257
258
116
98
315
187
193
320
121
264
268
235
251
231
223
337
243
207
177
201
107
256
161
249
233
188
368
258
260
235
226
234
227
217
190
183
320
277
259
239
249
262
278
-1
124
283
273
249
235
303
169
304
244
333
278
223
286
229
185
334
218
274
197
38
269
459
173
304
251
266
279
247
220
213
417
198
213
147
264
180
347
198
236
274
165
191
170
166
297
270
210
219
317
12
22
219
159
186
247
312
254
149
215
198
262
180
247
243
405
167
224
277
176
328
258
211
201
166
249
225
281
331
157
250
203
171
284
158
233
246
148
387
314
261
160
233
260
235
125
218
247
298
387
253
131
203
160
259
224
214
202
201
307
209
203
301
161
386
166
129
208
234
166
238
184
264
226
169
161
170
157
165
141
145
90
208
300
202
198
264
222
222
258
111
196
232
205
219
69
259
322
80
148
118
92
142
165
152
107
248
286
198
162
237
242
108
161
125
239
79
107
201
286
200
335
152
142
172
179
99
178
61
222
183
161
211
199
175
202
182
217
205
192
99
220
224
210
85
180
143
212
265
167
108
214
118
362
82
95
175
125
236
237
330
121
161
143
142
140
203
162
157
50
254
41
87
141
225
96
162
198
186
179
248
185
226
171
145
132
54
148
156
130
173
129
252
157
221
130
144
130
185
182
237
236
175
119
104
169
177
175
194
102
107
220
90
117
65
87
110
79
111
154
49
114
131
110
89
152
100
99
169
144
113
99
95
56
110
141
102
65
62
108
115
49
142
145
73
105
83
221
164
