443
551
554
550
544
508
640
537
66
568
524
531
450
413
496
503
522
547
504
618
453
524
407
431
366
388
494
517
581
605
607
558
608
676
704
727
805
685
761
679
689
722
720
745
750
659
599
714
548
754
896
793
801
691
727
707
763
736
714
790
844
798
731
624
782
730
744
796
733
757
739
699
692
771
558
365
791
711
546
621
521
698
694
489
731
756
523
471
705
541
761
639
628
663
587
501
458
611
661
482
471
624
574
734
614
621
606
622
624
556
496
501
536
516
510
550
542
445
496
598
485
508
413
663
399
662
303
503
530
481
650
489
494
519
330
557
575
601
368
337
613
642
405
586
450
513
324
493
636
743
539
627
654
532
497
737
736
508
567
664
704
591
614
487
552
613
621
537
535
456
460
471
321
341
326
426
346
322
504
344
264
533
470
673
584
270
290
412
275
247
273
314
252
283
261
316
492
493
299
460
575
515
598
568
523
365
536
600
689
667
723
642
471
553
190
636
466
737
741
740
448
635
745
719
743
651
605
740
597
698
346
660
559
573
686
688
653
624
773
779
633
654
632
384
324
751
525
436
276
214
253
177
178
240
336
433
444
560
490
157
243
161
365
647
315
549
124
623
519
695
742
422
446
326
751
589
608
643
633
620
623
714
604
753
774
702
486
588
605
386
649
587
351
534
663
540
606
326
713
743
581
479
479
492
381
480
740
332
318
367
294
241
263
290
650
318
733
614
585
440
557
728
614
640
728
650
482
483
448
517
556
588
593
583
342
588
642
721
688
239
667
567
600
623
632
639
317
518
405
416
607
507
661
622
600
467
575
456
552
642
549
592
546
611
595
433
635
628
555
561
618
702
435
443
729
587
632
565
630
649
621
585
356
490
662
115
623
552
713
761
515
531
490
393
372
512
588
356
356
289
747
109
609
494
484
622
616
524
633
410
571
619
492
656
194
629
638
625
589
371
668
542
684
560
624
260
625
522
684
541
691
557
370
313
305
341
431
293
463
335
539
795
724
752
319
385
352
316
521
594
381
282
602
361
372
436
407
782
686
321
528
537
463
228
643
569
719
226
255
481
424
295
289
454
437
442
443
448
478
433
450
556
486
366
407
464
358
621
461
691
713
747
314
521
535
427
500
587
599
677
642
590
610
605
623
482
401
516
560
499
695
660
698
201
140
195
624
434
653
413
533
631
474
465
770
662
478
611
609
720
695
604
424
646
611
674
620
250
759
482
463
608
544
687
671
553
375
507
504
644
675
415
400
403
344
445
350
396
529
441
660
637
232
528
625
688
561
681
439
388
387
485
558
525
429
312
279
482
403
620
581
578
565
513
414
623
576
437
196
678
278
464
397
399
381
579
493
503
517
675
327
324
215
183
348
253
360
279
370
676
525
424
542
625
491
645
669
626
446
587
382
399
475
509
796
791
403
496
748
470
413
313
594
710
860
554
766
591
778
344
818
514
728
775
612
379
406
843
235
444
518
497
637
605
486
623
340
340
384
139
504
137
283
313
314
573
411
485
483
349
298
318
380
454
375
198
618
604
790
768
739
727
729
707
647
491
454
416
362
676
549
626
681
376
436
446
369
445
352
811
809
376
485
388
381
712
609
686
445
413
419
466
826
522
655
606
595
612
572
310
325
476
647
387
457
450
475
589
563
703
199
309
384
371
560
338
411
296
185
496
400
419
412
736
646
339
510
308
366
357
155
342
542
604
444
468
478
432
343
365
732
391
309
258
549
574
374
507
449
416
457
120
509
576
205
252
329
531
412
576
281
467
619
363
767
554
617
565
416
667
689
362
680
693
565
637
701
502
496
280
544
340
300
512
557
622
430
312
621
670
288
437
565
446
555
288
555
326
367
180
610
491
482
433
633
704
573
472
601
539
397
624
601
589
645
695
673
517
547
439
531
606
557
382
356
275
367
576
283
459
472
436
473
601
637
625
550
595
568
669
696
592
296
624
344
642
497
638
335
295
349
302
326
309
375
655
720
411
426
437
299
467
491
264
600
643
177
654
97
382
418
580
503
630
632
562
537
284
384
606
393
376
580
356
419
493
503
434
647
416
343
475
520
624
363
367
794
410
441
487
206
479
330
430
686
404
682
563
363
385
592
585
237
680
653
588
559
541
547
426
537
193
442
612
315
375
658
691
765
644
670
551
623
395
412
525
527
379
229
405
325
737
755
611
676
662
680
656
652
580
617
579
520
428
531
383
672
537
657
670
614
442
686
698
382
567
551
567
502
708
596
321
284
680
257
503
550
553
379
681
557
539
700
476
373
647
458
537
627
575
501
198
340
450
432
544
407
463
717
489
389
562
517
338
540
336
591
353
408
580
521
507
353
464
429
535
628
266
658
364
377
555
344
588
436
550
667
524
703
500
404
490
399
372
572
712
275
288
637
592
498
731
619
467
388
545
378
414
510
655
343
678
771
220
567
158
165
695
580
623
730
248
602
645
672
538
478
619
544
650
454
588
621
561
493
469
410
402
425
496
319
275
783
342
398
711
190
765
627
625
331
179
102
484
589
334
431
342
528
352
386
629
510
645
650
297
514
381
440
476
385
431
592
547
605
444
427
370
511
505
257
495
343
418
424
666
519
691
446
467
289
618
330
673
553
451
64
70
46
170
380
646
542
301
551
266
536
564
464
591
437
543
489
536
522
515
523
499
401
477
618
629
470
248
521
479
574
472
631
176
379
283
361
285
511
481
486
195
607
597
444
334
402
644
376
462
449
413
328
328
360
257
561
364
397
691
638
606
488
573
364
458
450
428
402
339
557
392
628
507
428
527
417
402
461
425
581
306
325
573
416
526
575
514
611
452
705
581
452
348
396
337
669
474
493
422
533
515
361
450
337
417
550
334
420
423
402
408
512
619
485
502
480
598
537
152
274
180
418
636
503
325
424
299
408
445
351
489
442
542
534
357
462
425
426
325
307
459
343
329
335
427
546
410
557
296
579
564
579
452
488
281
283
445
432
418
286
492
259
307
341
614
615
181
430
273
455
450
223
387
565
485
506
288
308
298
289
402
551
444
479
315
280
572
349
579
571
570
496
498
607
541
514
494
369
410
384
309
295
426
362
353
444
319
465
358
411
574
513
442
277
640
303
392
1042
-1
844
603
617
591
492
449
511
638
500
492
489
441
287
314
405
456
465
504
317
363
342
276
272
278
373
459
413
424
366
315
468
252
390
462
286
247
482
520
370
400
444
683
563
556
325
448
431
467
504
528
249
379
342
459
359
387
412
533
548
273
419
385
721
292
435
499
342
383
454
574
171
605
520
740
376
363
463
551
497
416
354
369
373
295
304
254
235
445
540
355
336
426
397
546
525
279
417
436
439
371
338
536
332
310
375
297
315
611
467
639
308
678
396
519
257
376
374
512
334
560
242
343
470
455
400
251
621
270
393
325
493
311
668
387
523
410
470
626
390
496
272
535
530
346
332
178
353
359
251
348
422
299
267
170
430
434
512
412
490
302
467
411
606
505
478
344
575
266
340
342
354
346
343
358
507
271
316
303
470
435
355
401
501
317
464
493
421
432
368
503
396
298
509
291
444
201
577
413
355
308
314
316
325
633
499
541
379
438
434
255
284
362
347
211
263
506
396
434
470
424
469
289
337
325
506
415
433
328
380
313
430
367
401
310
422
216
244
289
381
335
322
440
386
182
348
489
303
230
285
459
378
221
209
269
189
408
275
461
475
272
448
286
424
364
52
266
365
389
459
282
478
305
532
288
567
286
553
410
367
401
221
274
368
366
389
258
408
494
246
141
496
332
363
293
205
495
407
383
302
363
397
353
403
356
325
430
207
437
258
441
408
346
352
557
311
260
408
288
338
377
328
274
460
296
371
452
422
299
294
430
178
502
487
396
333
536
281
476
407
409
549
348
461
396
283
526
252
490
321
77
454
378
364
546
344
469
371
377
325
393
379
367
380
279
493
269
307
321
303
277
262
266
330
328
544
302
228
325
416
23
24
460
346
294
455
351
433
200
259
328
349
281
518
315
284
254
374
401
289
465
462
276
299
194
296
423
491
271
296
480
348
302
500
229
393
505
239
527
255
462
261
339
340
392
191
297
359
464
503
498
201
378
357
448
424
323
273
341
513
398
267
501
278
343
265
196
325
390
334
238
274
358
277
301
272
336
241
285
217
235
151
349
297
391
263
510
242
244
243
156
249
383
282
368
126
483
324
164
249
180
178
279
288
263
202
260
256
349
285
354
454
187
270
195
298
115
141
196
550
296
311
258
252
315
247
163
284
105
345
263
238
363
230
279
230
330
191
375
319
142
382
346
391
114
259
206
412
348
274
190
239
217
301
146
177
193
214
348
350
497
204
244
292
215
195
211
287
275
107
380
56
139
244
190
161
294
386
264
313
292
305
372
280
221
218
116
267
265
222
279
191
427
259
256
211
260
198
293
240
239
236
279
155
131
311
200
198
332
148
190
262
154
204
82
146
174
106
130
242
91
158
187
208
93
272
176
156
174
226
183
105
144
79
159
142
190
90
78
158
225
100
129
129
169
97
139
428
264
