1081
1220
1107
1024
940
741
1224
1049
97
1062
1090
996
1034
1026
918
951
853
886
857
984
940
869
864
1004
862
863
843
897
958
1017
1025
1113
1288
1308
1443
1617
1629
1358
1467
1296
1418
1486
1483
1413
1411
1310
1214
1326
1448
1177
1513
1829
1691
1637
1430
1624
1663
1400
1940
1746
1679
1458
1542
1539
1348
1425
1374
1396
1490
1446
1328
1173
1316
1324
1159
937
1303
1293
1091
1029
1330
1331
1315
1304
1297
1120
1554
1504
1232
1225
1261
1257
1284
1129
1032
983
1101
1090
1197
1084
1244
2317
982
1099
1107
2083
2408
1881
2073
2195
1533
2076
2014
1993
1878
2097
1658
1415
1900
1963
1843
1674
967
1317
852
1261
857
1902
1319
1868
1146
-1
2153
2072
1461
1619
1639
1579
1017
1260
1495
1690
1393
1443
1469
1748
1357
1823
1142
1113
934
974
1071
1302
842
1118
1340
1628
1570
1189
1150
1641
1577
1032
928
1071
1069
1834
1828
1795
1907
1755
1505
1518
1515
1601
1323
1337
1748
1480
1188
1492
1241
1055
943
993
1119
1269
1070
1033
977
1142
1020
1262
853
1193
1253
1245
831
809
1029
1905
970
941
804
1185
1685
1340
1252
1146
1043
1023
954
872
650
1129
816
1107
1032
1053
1592
1052
1358
1256
1233
1220
1266
1044
1200
1146
738
1074
987
1022
1108
1077
1126
1723
1212
1236
1029
1143
1179
1083
1338
1103
1196
811
752
819
633
525
897
771
929
1018
725
1530
1462
940
1045
861
1921
944
1197
1810
734
1216
974
1317
1103
1439
1185
898
961
904
888
752
756
897
1122
1164
1013
1063
974
1178
833
1475
724
1191
969
1004
802
872
1093
1273
887
660
939
1312
944
1686
1616
1665
1277
1686
982
706
732
720
565
591
612
619
966
781
989
862
987
754
913
1002
928
935
1243
985
910
1313
774
1285
905
1074
891
899
1075
1291
1056
1081
1234
705
1410
845
900
957
819
1127
709
1357
902
759
970
1106
895
907
856
1164
1145
756
1142
925
778
804
915
884
867
980
862
1129
791
852
1191
947
1628
1356
946
771
837
879
1215
1070
848
806
1160
1110
980
740
812
755
1045
1068
949
957
1239
1068
992
1367
854
592
587
1433
861
806
909
717
750
749
758
941
1030
857
865
921
891
868
427
1007
825
817
1100
1082
830
806
874
973
1038
554
731
698
836
1185
878
1402
1327
1156
1197
1197
1661
767
781
1467
1140
968
974
922
1175
1266
1427
1028
1258
1031
1257
598
968
650
1375
689
528
1075
1034
935
902
868
833
559
822
828
1216
657
1041
804
956
887
692
1026
1131
1150
1136
1404
1173
956
1254
802
996
720
751
685
1167
778
667
891
913
1168
968
713
855
677
674
800
792
855
763
695
853
1051
1023
649
1171
721
1315
990
937
671
786
652
386
426
829
1028
968
792
697
918
792
664
1067
765
1152
875
839
856
947
726
1141
895
782
857
913
716
804
918
684
756
590
755
731
772
887
821
653
802
833
839
906
891
784
793
774
865
764
1056
908
778
945
904
818
1186
855
764
787
833
790
868
918
761
973
693
558
594
867
615
604
595
709
606
579
1159
815
796
952
604
613
824
847
763
886
1310
988
696
613
756
904
861
787
653
811
780
742
1107
410
711
1221
820
1003
651
710
534
605
603
605
642
700
1045
677
873
842
776
736
589
627
807
578
720
775
971
898
770
847
665
862
757
776
577
748
618
1179
779
804
615
601
675
923
942
600
617
924
944
1062
993
854
591
846
525
674
509
643
641
811
1099
891
900
786
795
665
648
503
678
654
812
922
876
916
863
831
750
714
766
914
732
725
629
647
759
737
737
597
741
641
538
749
704
723
559
799
901
764
770
632
852
726
606
777
548
673
528
562
590
559
595
535
757
680
721
660
793
692
767
846
866
596
828
667
843
602
647
652
515
853
562
527
541
815
884
812
733
852
838
973
497
555
590
602
540
531
566
633
630
643
671
711
632
616
538
941
531
901
633
560
690
669
708
981
493
699
569
599
597
610
576
547
556
466
733
550
605
819
674
931
603
723
635
515
542
499
501
676
586
648
450
558
543
633
720
670
544
597
613
768
510
862
546
244
611
555
770
400
473
652
972
627
402
650
702
493
817
683
620
643
648
652
498
765
730
838
609
714
766
546
551
529
591
1057
501
449
615
542
635
628
703
632
671
533
541
645
597
492
474
525
674
517
574
645
480
442
519
476
498
470
691
429
388
440
425
284
422
321
600
589
615
671
913
807
467
585
670
518
556
253
736
513
493
648
600
625
696
551
453
471
634
686
589
608
461
497
648
470
456
614
511
565
679
601
680
540
593
486
503
624
499
1171
416
522
761
520
760
698
371
956
532
640
1459
511
470
391
473
472
629
491
386
389
716
404
583
524
838
653
513
480
854
547
465
458
454
455
583
575
367
631
587
575
461
623
691
545
421
425
474
723
710
653
839
487
755
416
448
913
499
548
449
543
536
444
595
489
744
506
426
425
394
442
535
352
520
423
504
891
375
390
370
601
462
625
515
930
519
584
428
687
725
901
545
429
615
326
405
535
623
466
389
564
465
787
535
364
922
420
982
482
374
545
386
626
379
590
697
490
485
548
226
498
443
643
511
571
428
697
523
439
312
581
433
335
492
691
610
404
725
398
611
584
467
599
639
420
569
423
480
426
520
364
687
429
543
493
684
524
426
591
493
352
457
796
562
426
512
385
421
453
425
343
546
401
375
561
575
482
527
491
382
670
364
278
230
443
533
371
452
375
435
373
886
477
656
471
438
429
780
380
555
350
404
534
341
394
414
414
501
580
397
264
508
437
519
366
340
562
407
420
767
404
352
289
341
476
282
380
419
446
533
337
407
314
481
577
420
454
396
392
354
310
400
383
479
394
513
394
199
427
504
275
638
629
483
371
427
427
451
446
414
292
417
489
664
346
474
322
332
367
341
562
527
548
588
311
246
445
365
417
446
471
407
238
426
276
454
445
315
314
512
485
480
236
431
569
665
382
502
795
757
757
483
615
365
258
405
285
401
408
254
465
317
245
297
303
326
269
489
358
366
377
427
283
362
478
322
396
493
615
448
495
334
296
477
461
297
282
509
514
357
349
301
233
320
531
383
290
341
328
459
313
366
342
341
306
332
704
326
173
115
835
384
310
544
323
363
433
367
211
345
313
328
389
534
323
353
364
386
464
361
402
418
402
352
473
293
602
429
527
371
446
286
304
462
382
340
298
243
663
416
717
307
293
438
394
333
382
240
463
344
374
476
340
268
531
407
407
404
466
614
426
553
322
263
302
422
236
388
336
297
386
384
626
327
314
674
307
309
312
487
454
285
268
320
297
226
556
262
359
369
335
356
467
615
202
379
402
489
439
288
379
385
408
328
428
465
501
352
458
405
568
215
260
478
316
295
271
252
394
262
273
285
360
574
300
399
389
379
328
494
250
421
212
207
286
314
211
421
256
341
249
280
398
259
398
345
670
505
257
291
332
337
218
408
280
416
446
419
437
240
428
471
294
454
446
346
335
493
196
326
279
585
353
413
328
376
256
302
247
263
260
350
414
271
204
254
370
228
204
302
324
436
425
452
265
259
241
230
209
390
308
314
292
326
282
396
364
431
514
631
289
810
473
311
269
787
245
381
518
368
311
289
286
251
372
277
335
180
336
345
350
244
383
308
218
292
215
421
246
404
383
227
431
177
416
276
209
274
269
261
248
102
400
406
286
430
502
260
488
435
420
441
311
405
373
193
214
327
234
216
355
312
276
461
332
299
304
245
207
535
466
253
258
295
263
638
529
297
280
259
458
297
306
143
455
288
250
332
328
371
216
456
288
656
212
281
269
282
326
292
574
295
174
335
206
286
267
225
301
368
208
563
376
224
321
192
291
303
321
249
591
260
212
167
215
192
428
447
367
321
468
390
362
405
276
207
260
272
211
232
215
315
370
211
218
336
311
163
263
203
272
314
342
250
345
207
323
335
348
409
223
259
430
243
384
295
251
249
215
283
384
211
255
334
243
531
427
143
325
266
284
255
375
366
216
168
237
211
259
214
228
284
505
262
153
314
161
440
302
236
334
402
349
354
219
294
309
246
213
281
260
327
226
332
344
289
311
264
297
372
308
216
342
343
184
292
273
408
408
205
332
256
206
305
262
409
260
135
399
290
438
307
169
499
263
212
186
228
285
475
244
187
323
174
242
225
250
223
219
383
172
307
426
274
231
315
240
154
169
514
512
268
234
296
341
172
284
252
183
167
515
308
215
167
276
194
150
238
284
304
166
285
198
258
393
225
328
378
280
225
265
136
226
299
160
290
200
311
196
290
414
384
201
132
383
363
269
311
109
279
482
306
297
231
404
376
367
279
319
328
231
296
438
124
271
425
280
240
254
239
248
183
133
234
163
216
136
147
91
192
234
587
265
370
253
251
227
238
119
257
131
327
67
427
275
173
383
190
125
201
295
161
207
197
162
702
247
205
338
140
141
136
486
313
129
227
389
143
164
152
137
270
158
157
136
155
215
239
152
320
199
166
365
190
158
232
291
74
451
425
243
55
155
165
310
394
165
155
205
173
192
113
93
213
178
212
209
357
213
146
185
155
116
187
221
194
166
246
59
87
168
193
100
172
290
245
213
263
260
231
157
119
122
336
135
154
140
146
115
273
149
285
119
155
143
174
157
253
253
182
87
58
191
137
137
271
90
389
231
101
141
88
83
119
66
120
181
96
101
102
125
58
180
114
126
137
197
124
108
112
53
85
109
106
46
51
85
131
143
82
81
83
90
70
855
283
