277
298
328
316
308
281
344
292
11
286
316
264
274
245
207
247
250
299
285
325
250
238
234
277
229
208
249
291
292
355
320
357
364
348
398
458
417
373
385
359
400
398
392
397
360
346
307
361
325
349
456
399
448
391
363
349
403
335
366
424
452
398
396
381
384
381
433
371
401
365
384
358
368
394
308
241
403
397
328
370
358
361
397
293
393
402
315
290
371
301
403
349
372
378
333
298
323
310
366
300
289
356
288
373
341
345
348
332
334
316
254
297
300
284
300
328
289
262
299
314
312
274
240
368
235
330
235
268
297
276
339
326
351
364
234
270
277
304
167
257
307
409
262
285
247
264
209
311
370
353
290
307
308
269
256
425
402
287
293
389
416
319
353
294
288
318
372
293
288
259
268
271
245
255
215
246
207
222
304
204
172
287
261
314
286
229
209
209
165
184
158
194
156
203
162
223
271
271
222
242
345
316
325
313
250
206
278
336
387
362
387
408
352
285
177
321
241
439
381
383
279
350
366
368
411
349
310
363
495
344
229
388
311
345
349
404
357
322
406
433
364
388
341
249
175
400
415
289
205
147
195
132
178
194
217
317
193
322
306
114
177
138
269
382
166
318
99
382
350
412
398
238
410
277
414
302
306
310
305
274
305
325
285
389
413
425
263
320
254
203
332
330
220
262
391
294
341
185
360
434
296
334
321
317
245
319
351
149
193
172
132
135
121
120
402
248
330
307
329
240
306
374
329
378
375
383
339
258
258
239
262
297
362
289
251
351
340
346
396
197
357
279
323
341
344
357
251
388
298
238
432
311
368
385
322
255
271
274
241
408
289
269
337
354
325
232
371
324
298
298
345
401
301
335
386
313
326
266
383
381
328
338
179
363
319
83
358
282
406
378
232
246
269
221
219
252
330
277
278
178
355
100
352
320
309
346
357
345
323
292
330
325
237
313
88
315
325
277
277
208
344
300
325
268
305
116
269
299
358
282
434
310
290
241
254
296
321
213
274
205
284
370
336
353
301
386
338
350
496
504
309
219
336
227
306
206
183
419
343
193
241
256
193
144
336
271
417
186
265
324
302
250
226
343
385
380
368
317
455
509
434
309
511
226
288
296
207
391
206
306
329
377
198
261
341
207
238
299
309
385
358
314
398
352
319
296
299
292
320
310
402
364
414
149
94
134
322
440
319
232
244
387
249
350
377
370
295
313
355
388
355
277
225
362
340
321
273
166
378
464
429
307
283
352
295
289
240
306
282
389
360
542
556
543
484
496
395
582
329
353
383
374
176
357
282
443
257
325
377
412
487
560
313
309
441
204
161
294
355
326
298
322
268
294
268
362
355
364
125
302
166
414
407
484
460
309
301
269
269
328
269
270
308
276
322
410
451
182
172
373
304
476
340
324
405
317
349
307
219
297
179
215
271
302
379
390
311
301
313
243
189
200
307
345
336
283
355
315
368
422
395
392
394
372
323
581
575
415
158
225
402
247
339
312
407
358
265
247
365
96
393
114
251
190
207
301
394
313
258
261
205
242
325
373
288
116
283
289
408
411
410
400
405
342
322
359
358
396
373
348
296
292
331
423
423
307
192
238
281
354
353
287
395
408
379
333
299
323
582
556
309
359
348
254
277
314
300
305
285
287
405
504
321
304
256
548
310
284
276
357
151
193
178
208
299
173
210
167
181
218
287
391
532
336
336
257
285
185
152
182
103
229
267
266
656
408
300
313
319
225
372
280
302
121
317
244
253
291
272
504
247
137
292
277
197
286
370
435
303
297
144
387
342
539
420
406
363
265
443
318
267
161
265
263
261
301
310
262
347
144
329
341
211
332
383
348
323
241
373
277
96
246
338
384
270
172
305
168
265
89
270
269
229
447
387
349
353
319
383
270
397
322
310
332
348
317
301
257
260
221
249
341
284
374
408
327
396
382
311
238
229
219
195
282
335
327
338
346
319
330
356
285
130
287
255
278
253
287
224
212
245
221
226
212
214
289
323
395
407
337
197
275
293
111
287
330
102
354
96
285
310
284
494
277
337
247
258
146
469
263
482
560
323
300
194
263
317
351
290
314
243
235
242
315
356
405
342
228
252
269
119
240
330
249
353
239
349
275
330
239
269
293
180
289
298
323
241
233
267
420
251
193
598
352
222
268
337
338
329
282
264
236
262
340
270
202
245
188
137
157
151
347
310
301
261
273
320
301
298
286
250
286
255
242
255
469
276
235
294
277
241
264
342
387
183
280
300
250
223
284
246
364
316
325
174
230
244
233
287
321
294
281
383
349
214
279
249
277
335
267
251
167
201
302
423
247
231
199
367
330
239
274
259
209
293
247
252
288
212
244
246
285
300
250
216
288
286
152
287
172
327
240
237
292
265
303
273
210
322
281
241
223
384
403
278
341
134
226
292
302
265
349
297
272
252
235
267
207
272
318
252
328
296
163
305
153
177
336
206
259
325
168
293
273
244
298
389
266
252
309
211
262
316
344
228
254
260
256
297
212
243
185
289
194
180
313
161
252
231
304
297
113
82
199
245
219
407
244
285
497
384
283
283
283
284
249
443
249
195
227
467
208
253
236
267
219
212
373
294
264
75
195
406
217
219
309
305
319
235
343
311
231
393
238
284
193
56
57
30
151
479
279
244
211
289
178
252
269
191
261
262
233
188
257
260
240
228
214
181
214
302
315
229
257
253
255
208
257
279
104
277
196
505
434
265
231
247
107
335
252
273
272
194
287
222
206
202
207
371
372
151
391
310
293
181
301
325
307
290
283
222
348
202
246
216
272
233
190
274
239
178
214
258
254
206
216
233
168
159
247
203
239
265
239
264
399
309
257
317
239
246
257
299
231
192
236
265
245
126
217
175
253
280
243
242
362
368
361
183
244
204
236
227
223
232
104
150
105
226
234
198
147
319
476
206
217
160
222
193
236
269
157
213
190
205
217
220
208
374
279
239
178
315
171
281
328
292
234
254
211
233
572
265
176
168
164
186
261
183
151
222
268
265
121
261
180
229
254
69
356
221
202
216
204
217
216
202
231
259
288
218
194
345
265
139
283
249
215
246
252
375
234
234
217
261
258
399
225
225
207
141
363
178
166
228
181
219
252
225
217
311
277
158
370
276
284
263
210
273
223
222
267
252
325
296
251
237
456
129
176
207
344
259
214
197
214
329
280
249
254
279
239
230
313
564
266
225
250
195
299
164
147
216
213
153
242
226
226
180
229
274
187
235
243
268
227
88
247
235
208
147
237
210
348
296
117
181
155
272
180
209
239
105
209
211
264
238
214
174
420
275
304
263
279
193
201
153
195
211
143
241
126
143
198
253
172
149
230
218
226
207
339
209
175
184
207
200
272
157
266
340
396
414
272
299
249
215
316
208
288
162
188
369
253
191
232
256
247
219
183
177
321
241
155
181
120
252
169
224
153
258
161
167
188
157
254
297
289
278
152
246
221
180
183
185
159
191
80
177
104
212
229
193
211
216
285
245
320
257
231
244
256
230
147
145
232
183
148
324
223
222
188
171
419
261
144
156
466
275
166
200
210
207
242
253
231
227
314
234
249
229
116
261
171
212
270
263
267
219
229
215
385
174
180
197
275
-1
194
314
129
160
212
172
197
181
169
206
283
137
166
253
177
190
141
224
289
315
184
219
311
162
133
135
125
395
172
275
193
208
96
283
215
379
241
311
179
171
250
394
271
215
145
269
317
216
142
187
162
192
161
44
110
183
186
211
253
178
224
185
336
271
122
238
217
186
198
239
133
382
173
180
314
189
213
116
99
215
127
194
288
56
192
182
132
214
176
153
169
154
184
220
153
128
165
139
211
173
179
241
232
429
202
163
364
269
205
172
250
179
196
179
226
230
200
221
251
133
239
242
178
140
224
161
218
174
245
215
153
202
186
200
212
178
209
155
17
230
291
185
202
138
470
218
151
133
156
227
264
196
161
262
158
285
182
210
225
195
235
122
229
258
463
251
242
180
26
27
180
247
194
170
244
224
108
239
177
141
136
231
313
233
126
187
185
144
188
316
319
157
240
139
161
221
406
193
220
224
151
208
121
166
191
116
221
298
194
169
203
482
181
89
120
284
217
214
213
75
165
220
167
195
134
217
214
252
174
286
217
154
337
219
89
235
228
154
299
127
170
271
145
119
190
149
123
145
156
110
155
283
186
168
236
244
246
260
186
131
177
132
168
10
230
372
103
220
150
107
134
232
118
102
290
229
230
186
129
173
80
93
82
208
137
116
321
208
123
183
109
112
183
132
56
98
28
159
188
148
180
166
138
314
117
265
178
125
82
193
224
166
73
132
130
183
314
122
109
198
137
173
83
70
171
136
185
183
235
117
106
109
166
87
209
135
124
36
194
30
44
115
182
68
128
172
204
133
234
143
177
126
109
93
44
108
120
110
121
96
194
108
166
101
114
116
140
116
291
292
124
64
51
138
109
107
178
94
169
265
80
102
72
77
85
62
115
120
25
84
93
94
50
141
81
92
116
135
101
84
71
53
68
111
71
36
42
61
88
69
89
90
70
76
84
254
197
