533
579
549
527
487
398
546
510
25
516
489
434
419
430
311
426
372
485
406
521
354
470
336
509
444
380
441
449
559
574
587
480
540
616
661
680
883
710
759
666
692
759
665
716
787
632
596
762
676
724
802
803
791
701
738
687
674
677
687
651
646
658
722
742
646
648
729
655
613
617
694
653
613
657
587
440
638
725
529
541
675
598
581
443
680
673
665
655
587
548
746
688
624
651
578
583
640
629
676
616
490
608
546
669
588
607
536
562
568
545
474
496
570
474
517
504
489
514
488
514
599
476
568
650
414
600
591
432
513
443
598
513
435
486
389
473
487
575
258
423
621
629
552
549
452
508
398
491
541
614
532
601
577
516
435
587
744
551
535
576
701
611
592
453
545
647
634
533
525
528
498
481
451
460
364
472
355
323
494
346
357
519
369
648
535
351
361
409
314
381
317
389
297
315
310
352
475
474
399
424
535
441
531
526
449
454
522
546
637
519
543
528
566
472
507
623
385
620
662
648
454
567
583
563
575
595
574
653
719
603
382
599
463
527
576
575
679
564
742
712
605
672
547
387
310
600
477
496
467
270
402
366
324
460
582
564
371
493
433
219
299
234
363
566
348
462
186
470
646
775
760
460
607
413
533
535
534
517
513
539
753
750
653
780
749
573
446
470
492
301
588
503
269
424
521
449
480
280
577
600
512
414
413
427
322
403
626
240
346
276
196
242
186
187
559
498
652
600
503
366
531
686
536
511
650
555
762
435
444
449
527
609
492
420
498
718
690
639
622
357
557
495
559
626
579
533
391
563
326
350
445
465
547
512
490
380
580
474
512
541
485
455
477
484
535
465
525
656
526
540
575
585
391
370
565
505
578
435
520
739
489
572
359
434
519
116
531
474
661
721
382
400
442
379
333
393
491
501
499
256
486
164
575
564
507
583
594
606
647
690
468
482
264
663
138
608
490
599
493
397
598
456
610
453
493
218
522
571
666
650
692
454
312
311
291
313
408
315
394
368
437
517
515
519
284
319
292
263
471
497
279
437
537
367
352
313
302
614
452
255
320
309
315
280
527
565
484
173
274
440
424
424
367
409
403
416
421
411
417
312
359
453
349
385
448
408
308
565
351
541
560
606
330
489
596
415
405
527
535
563
527
512
537
616
559
385
421
445
547
486
572
550
694
140
189
258
531
333
656
448
521
571
433
732
636
587
410
499
603
595
605
488
376
574
591
499
465
290
492
396
293
532
492
546
401
417
325
392
383
483
468
345
345
341
280
304
384
312
476
423
644
506
339
414
546
495
480
353
366
314
266
362
565
479
405
380
326
503
456
450
486
455
464
399
370
584
462
441
298
405
312
338
313
347
308
512
554
452
470
399
321
302
207
278
217
314
246
306
286
371
416
303
633
470
641
401
603
608
417
406
321
388
420
582
527
494
626
402
365
327
149
223
369
575
552
389
613
489
562
283
425
389
702
515
443
309
332
396
291
467
412
441
518
445
360
505
310
270
367
241
615
200
269
274
354
412
337
381
332
308
249
248
347
391
401
247
422
619
556
509
522
504
512
561
471
391
349
311
283
576
537
370
619
313
326
341
372
342
262
412
433
464
339
322
353
470
301
631
270
255
480
356
462
349
384
436
384
452
375
263
274
263
311
381
343
290
502
542
458
528
233
321
189
182
306
113
335
199
215
244
363
400
325
431
408
545
522
297
200
193
237
330
255
282
276
448
449
444
273
436
439
286
263
198
364
303
294
385
381
253
398
223
397
298
309
125
255
273
308
351
208
387
451
306
383
310
511
413
281
435
327
215
319
326
395
303
426
233
448
237
428
308
364
312
237
490
327
444
370
331
85
241
422
311
363
401
390
357
346
141
442
393
359
345
398
370
346
279
352
359
309
439
561
334
480
579
394
411
365
321
433
385
414
299
261
302
231
274
313
396
378
350
337
472
370
371
377
426
298
350
360
307
137
435
341
248
419
545
300
219
252
190
158
270
202
416
418
384
384
429
439
432
378
117
369
422
136
479
158
435
288
489
267
472
439
395
397
116
287
397
301
225
354
316
338
362
384
228
314
327
334
341
260
443
248
254
399
387
394
374
310
339
210
449
508
272
568
424
249
362
335
311
151
295
296
587
352
264
334
287
408
223
225
586
383
482
335
545
324
256
311
276
261
246
381
300
316
302
168
201
180
365
302
306
307
295
440
471
430
477
328
518
329
263
422
240
399
165
361
312
327
465
314
480
291
306
396
261
288
345
262
232
180
302
262
303
319
371
430
282
404
356
535
504
291
344
440
527
406
396
338
145
236
286
329
399
266
266
417
239
365
515
318
417
422
237
383
359
329
277
400
392
247
384
279
431
417
140
332
262
320
280
253
281
262
232
269
212
365
377
283
371
264
232
302
402
176
229
295
362
545
330
252
361
483
422
300
293
255
497
304
258
308
214
391
218
212
248
261
317
526
262
333
302
278
230
204
225
246
274
285
290
349
309
250
255
286
230
427
385
173
177
258
249
126
314
136
272
214
469
274
160
128
287
351
361
208
199
260
205
250
268
425
222
228
228
323
283
134
301
201
325
232
211
323
246
242
286
319
288
23
184
261
257
358
334
312
336
283
191
164
271
268
266
267
241
108
94
53
235
185
488
379
-1
273
112
287
320
220
385
282
245
205
355
365
345
324
301
223
237
297
407
302
196
190
185
223
265
407
316
296
258
186
136
283
378
369
134
329
258
178
173
176
297
292
234
230
201
276
276
202
233
341
305
252
288
423
401
342
327
335
406
152
264
215
184
305
194
306
210
141
230
320
390
178
287
254
111
105
200
234
311
372
210
231
207
354
216
239
332
296
330
288
190
193
338
330
358
49
212
112
289
339
204
117
207
201
198
218
247
269
236
215
208
361
106
86
68
329
294
146
169
152
240
221
223
122
211
194
196
233
264
226
130
243
137
154
149
154
163
169
271
228
167
407
174
296
247
246
154
212
258
91
104
183
163
294
304
265
90
203
352
330
210
295
228
253
316
75
212
220
178
280
148
154
149
187
344
288
346
230
335
200
250
140
296
200
196
403
410
322
195
185
301
177
184
178
196
183
149
129
163
172
141
354
251
290
263
238
335
308
482
167
178
237
301
254
177
190
209
289
161
237
232
396
214
330
178
115
180
149
210
178
174
276
299
176
171
173
159
240
303
207
190
184
216
203
149
147
340
120
105
196
181
146
181
153
221
163
213
208
174
315
235
477
260
56
264
267
247
134
201
164
337
389
132
238
123
255
355
254
374
134
260
204
354
167
233
185
331
165
200
210
241
204
205
174
282
174
148
177
66
123
170
276
142
117
243
199
267
344
212
161
191
163
171
155
304
190
137
155
155
147
238
218
273
457
387
241
364
198
130
139
413
240
264
232
210
227
215
265
174
250
236
213
73
225
205
242
149
259
101
110
175
141
364
160
316
277
255
354
210
242
159
177
152
211
59
130
53
198
232
170
270
432
122
325
255
246
403
170
164
262
127
146
244
195
160
161
264
184
180
180
197
240
106
122
273
283
214
168
187
196
476
285
193
214
203
435
154
178
92
328
180
283
172
199
235
107
309
188
293
124
191
191
193
211
164
225
90
223
278
144
208
152
157
149
190
122
235
212
174
207
109
133
144
175
150
293
156
141
68
105
61
216
229
166
248
269
163
170
267
117
109
117
204
172
104
134
150
186
143
100
250
182
88
166
185
141
160
54
98
204
141
168
152
234
222
146
175
269
140
221
222
166
160
101
97
149
158
144
222
176
306
159
264
200
124
168
98
36
188
178
128
119
156
175
119
107
221
347
144
64
196
207
267
181
120
200
322
211
256
140
144
156
157
139
150
186
154
133
244
224
128
162
156
111
209
237
166
71
178
154
185
171
250
251
130
168
218
157
192
102
222
144
6
265
131
187
205
136
400
161
130
120
142
176
284
180
157
215
208
118
211
191
112
133
199
95
207
287
113
96
151
174
25
30
255
381
215
70
186
223
154
99
159
123
125
394
113
162
109
165
117
144
165
269
194
135
125
123
141
193
115
233
255
244
214
149
120
127
203
76
171
102
219
191
201
196
238
48
87
170
197
153
220
30
181
355
220
203
113
147
141
179
244
128
184
155
135
185
70
147
226
231
114
91
116
139
130
92
166
119
114
101
185
45
93
107
293
128
261
96
97
113
103
63
138
82
213
0
213
104
102
154
96
44
102
150
116
107
113
90
369
168
97
156
39
95
85
205
170
76
127
273
101
80
91
98
227
85
17
86
3
164
116
102
157
104
131
160
76
90
165
51
22
267
246
161
54
92
120
194
158
93
43
87
196
98
36
49
40
127
183
181
184
103
75
108
99
70
82
140
98
26
153
6
33
84
81
31
119
175
106
123
141
157
144
84
68
43
133
87
96
84
101
66
217
97
162
81
88
107
98
89
128
127
132
55
49
153
56
55
175
80
151
109
62
65
40
41
90
64
60
107
1
68
82
81
40
112
77
72
82
92
79
56
72
49
59
57
84
36
38
51
103
42
54
56
39
43
63
518
109
