479
352
271
266
238
179
317
287
1
272
269
260
325
338
254
250
224
206
211
234
265
234
304
399
392
305
248
221
246
228
266
247
328
319
312
332
340
278
268
282
325
318
301
297
296
309
322
311
487
257
329
376
329
360
268
357
335
292
455
346
348
323
301
377
243
268
271
287
296
333
256
247
283
286
406
375
219
242
257
221
373
279
244
412
256
211
524
553
244
344
267
284
258
212
270
291
416
291
240
468
450
519
280
234
247
399
483
372
407
508
544
517
586
462
429
440
433
663
463
403
437
402
395
296
378
315
450
402
389
479
247
392
437
346
628
323
360
332
507
560
362
316
483
307
494
370
449
390
252
239
213
206
223
288
244
244
263
433
303
244
231
350
339
250
235
234
221
412
413
537
605
478
660
587
604
413
605
602
407
657
499
344
487
186
187
475
579
316
470
626
514
401
580
583
719
681
334
333
337
186
267
365
240
242
206
556
359
253
241
315
227
213
305
187
410
276
230
214
211
217
393
238
272
261
249
240
346
191
298
218
356
231
213
215
210
206
262
312
212
266
241
215
217
377
607
183
220
274
635
754
434
632
1018
503
377
296
229
328
358
781
794
982
275
217
501
326
1326
284
245
286
186
371
324
382
136
163
181
122
135
224
248
258
234
216
171
230
225
324
126
525
184
189
280
228
263
338
210
311
174
305
206
322
329
328
339
324
194
228
286
201
258
233
237
223
172
393
190
179
273
199
199
218
224
152
234
192
238
398
251
293
222
274
196
167
388
334
240
207
214
351
276
163
223
199
154
220
380
326
275
214
194
244
179
171
193
371
221
229
296
182
168
166
242
180
181
405
168
232
153
167
242
184
298
230
169
144
146
175
286
214
138
190
494
255
228
867
169
175
208
175
291
291
295
315
329
314
182
199
199
586
132
820
184
184
183
156
141
260
215
253
195
171
269
165
299
198
203
165
280
287
167
195
178
247
254
282
106
150
146
210
167
271
281
267
262
213
256
311
211
322
242
176
158
160
235
199
254
199
227
189
315
323
191
226
195
185
133
185
207
357
263
258
267
281
166
150
230
317
316
222
263
284
240
179
205
197
183
210
221
177
259
181
205
274
203
192
481
175
166
166
193
197
517
156
207
144
154
173
172
153
159
138
199
208
203
153
199
193
278
184
212
113
146
406
189
299
180
197
204
252
116
163
234
181
199
130
259
208
184
173
189
163
371
182
136
179
204
365
108
188
124
156
122
131
154
171
256
190
130
158
121
157
173
152
167
143
188
170
147
192
151
136
367
176
162
219
194
157
156
164
167
160
213
190
170
350
340
135
156
109
93
111
148
134
130
297
182
273
15
82
323
175
195
147
165
239
195
168
136
159
247
194
290
287
190
216
151
226
176
119
239
137
278
142
173
107
97
101
118
140
199
332
135
216
148
128
256
115
88
266
143
306
180
170
150
165
168
87
152
143
141
87
132
89
219
151
139
105
332
226
180
220
101
127
155
159
191
181
191
347
243
490
172
121
0
88
135
240
196
261
251
203
155
116
134
264
163
181
167
156
165
172
162
131
136
157
162
145
145
103
132
167
132
158
63
145
124
98
156
119
118
187
115
180
155
150
144
181
120
102
230
87
96
117
89
115
88
104
97
192
137
106
122
148
198
134
224
206
116
110
281
208
182
204
173
152
225
287
352
114
147
150
136
129
144
240
238
142
185
167
297
187
128
116
107
113
132
179
163
185
101
114
179
160
186
90
128
178
186
101
256
304
126
137
184
153
105
93
100
83
153
110
78
108
146
95
180
109
99
117
88
176
88
86
156
131
102
99
105
180
104
169
344
73
108
116
128
178
172
115
34
166
94
111
67
82
115
261
138
134
106
190
74
123
91
80
104
122
92
72
98
133
155
117
122
157
84
118
109
131
177
86
80
119
111
169
145
120
154
146
124
121
151
106
88
79
95
71
120
72
72
55
90
86
116
87
102
116
130
135
142
133
82
134
102
87
108
94
97
208
108
124
142
193
102
92
147
119
561
100
113
111
72
103
80
82
97
122
115
104
110
67
74
95
70
77
120
70
114
123
115
161
153
130
104
112
116
128
275
63
178
125
117
144
126
97
174
102
105
302
69
78
110
56
58
146
44
37
58
104
73
269
58
180
93
137
78
155
106
96
97
107
85
88
107
59
110
152
154
115
267
116
78
67
42
82
125
139
142
172
87
156
77
96
164
89
104
77
97
74
91
180
40
138
130
63
79
61
78
81
73
98
106
73
400
58
53
56
181
63
173
103
145
123
133
62
132
195
210
101
84
227
112
66
79
126
97
67
97
82
139
93
47
300
85
206
86
157
172
63
128
57
51
170
146
109
101
58
99
150
106
83
118
57
166
58
84
56
81
85
68
94
110
100
49
151
152
145
115
60
95
101
46
100
168
95
50
129
65
113
71
79
75
495
78
151
254
85
74
95
142
301
43
81
58
33
69
70
45
91
68
30
122
101
101
86
76
66
196
57
83
55
74
168
118
93
178
64
42
181
101
541
694
92
57
294
35
113
57
66
68
71
60
59
62
133
136
92
24
135
59
141
39
47
158
86
80
125
48
46
49
55
89
42
89
61
101
82
60
58
54
78
117
77
56
100
-1
853
867
241
40
77
84
108
54
45
92
96
56
137
183
80
78
88
68
81
83
95
81
115
75
144
53
116
42
31
66
58
91
134
87
126
43
31
49
61
79
213
39
33
44
59
28
56
99
32
33
89
131
131
37
101
89
151
95
78
128
110
136
79
193
116
29
48
52
76
55
32
47
51
21
55
49
66
36
41
57
123
98
71
42
82
89
46
38
86
115
89
68
62
51
91
81
46
32
142
82
75
70
46
34
59
103
44
47
47
47
67
59
64
41
55
44
50
172
141
42
15
228
55
58
146
48
66
109
83
37
60
56
51
47
194
50
97
95
71
97
60
61
57
48
99
75
50
116
70
86
72
71
46
10
90
73
80
60
60
267
90
159
86
58
87
75
188
85
91
90
46
80
64
54
61
123
59
61
61
75
151
77
145
57
55
43
65
27
97
41
39
72
62
89
51
45
204
45
48
37
72
74
34
90
50
74
60
135
59
74
49
38
106
62
99
66
50
67
64
59
61
67
69
53
48
101
59
92
58
79
59
270
54
25
94
58
40
67
60
67
41
46
46
55
105
45
54
49
56
36
101
28
74
65
59
44
33
33
51
35
56
51
48
63
39
88
63
123
104
79
52
66
59
28
60
39
77
83
142
117
18
60
160
47
85
99
62
68
91
49
57
41
86
45
61
45
53
46
60
39
51
34
69
88
101
66
42
39
32
19
37
65
75
69
115
35
29
32
30
31
62
80
42
21
32
38
50
84
46
93
82
42
152
133
100
34
164
44
44
97
42
85
48
50
57
68
77
104
34
54
65
49
35
75
83
36
45
31
53
42
58
60
35
109
64
96
63
65
67
41
74
52
25
88
102
42
78
98
37
87
49
57
96
38
97
68
49
38
95
50
24
43
46
26
105
82
45
38
43
48
91
98
79
29
56
62
201
103
28
47
36
85
26
50
45
73
44
49
41
37
44
23
80
56
86
34
53
26
42
56
63
93
54
41
55
32
62
54
33
62
61
31
219
68
51
61
24
33
35
46
29
89
37
34
50
61
34
47
133
71
98
73
56
54
63
29
29
45
24
42
31
39
51
145
31
30
51
50
28
49
50
51
67
483
71
116
49
45
53
61
84
49
34
101
64
39
93
44
38
23
42
77
23
27
53
25
102
115
6
61
86
60
36
12
68
36
19
27
26
66
15
43
37
139
42
42
44
37
123
46
55
48
63
62
101
32
39
51
34
29
39
43
67
28
54
61
58
66
39
116
37
54
47
85
48
34
37
37
65
50
38
54
59
30
43
35
81
38
0
54
39
87
66
31
98
38
34
19
33
39
78
39
54
42
66
36
27
49
30
49
110
27
107
35
41
32
40
24
540
593
157
137
73
46
58
57
13
46
64
18
30
98
34
31
21
69
33
22
38
56
43
26
77
23
40
58
32
84
51
75
38
53
22
33
41
37
41
32
50
48
56
55
97
61
29
44
59
32
41
25
44
95
30
44
54
95
52
71
68
37
40
39
38
172
33
49
111
49
40
71
42
27
45
26
61
48
38
39
47
22
44
32
89
32
70
70
70
41
97
29
40
23
36
0
65
39
50
41
18
29
57
15
24
57
26
16
153
79
34
57
40
52
46
84
173
15
37
32
29
31
45
16
66
15
32
18
52
33
30
27
64
27
31
70
42
24
35
74
19
56
93
39
20
19
67
40
55
21
77
32
44
25
19
14
38
39
46
45
62
69
44
23
26
11
24
59
37
14
38
44
44
40
25
23
23
30
30
21
39
34
29
29
21
23
64
11
15
13
14
22
50
11
49
13
10
36
23
19
41
41
18
12
12
30
33
33
24
17
56
35
34
40
17
8
22
12
22
40
45
17
11
18
13
24
9
20
22
29
14
13
19
10
11
18
7
7
14
14
24
112
13
13
16
16
13
244
32
