705
825
786
742
701
627
790
716
104
793
745
680
613
583
642
640
653
666
622
772
590
666
553
625
599
531
595
677
756
794
851
699
806
848
880
928
1085
901
950
871
900
964
910
983
965
834
819
925
873
852
1017
1102
1060
1020
987
1087
1063
983
1088
1010
1082
983
943
857
1044
1011
892
1098
1117
1159
833
802
875
904
744
656
893
935
754
787
758
1146
1057
888
928
888
835
820
1032
802
917
875
845
867
789
656
729
803
892
734
752
912
746
824
834
881
825
848
901
831
820
769
837
775
802
773
750
789
730
762
738
637
652
829
567
875
503
639
917
755
828
680
655
746
518
710
742
786
681
665
865
887
488
751
647
805
407
739
785
856
692
727
702
688
614
817
1005
822
836
794
786
849
826
662
736
836
766
697
675
697
662
649
508
456
528
543
598
569
646
582
388
840
800
797
607
473
491
514
456
397
441
469
480
492
573
548
676
667
322
530
690
626
761
741
619
707
785
760
805
1025
805
793
628
663
413
857
619
775
797
757
658
822
1010
906
997
861
781
857
748
1079
595
737
652
724
784
790
838
861
977
932
763
828
728
722
612
788
881
535
530
557
454
336
403
518
488
504
558
784
630
272
483
378
460
787
617
715
316
770
600
847
904
601
634
561
789
622
636
645
612
729
924
993
833
891
801
798
657
742
586
665
869
790
513
698
819
956
699
532
723
798
778
638
618
637
602
633
769
518
481
492
449
383
422
476
746
435
872
700
740
516
654
828
773
727
893
786
616
771
510
620
639
837
756
714
674
852
864
1061
886
330
964
662
690
815
667
890
479
738
577
519
646
662
727
735
648
933
932
598
698
723
635
622
681
724
742
875
723
740
646
622
851
826
538
564
790
648
682
734
791
858
720
631
632
674
815
288
691
706
836
884
829
882
646
585
537
613
655
446
448
508
707
238
697
579
575
662
642
593
805
470
702
684
911
777
361
761
681
699
867
461
685
666
776
1029
1089
453
618
500
759
714
752
746
446
450
381
429
581
444
656
571
669
854
965
929
411
433
426
371
617
700
450
443
724
435
497
553
497
972
990
724
1000
968
878
496
792
649
866
403
402
613
634
484
534
697
661
659
638
558
619
567
606
626
600
561
448
569
656
656
579
818
826
933
530
586
551
457
549
698
691
728
623
628
700
773
767
567
554
617
758
603
772
638
726
380
270
340
713
562
851
617
609
726
639
539
841
752
568
672
663
725
765
654
611
794
713
725
771
403
706
545
468
619
563
692
828
991
594
580
512
648
661
479
476
489
463
471
416
476
574
562
805
769
383
610
640
892
669
871
494
465
438
604
712
695
551
489
405
586
504
621
565
508
610
490
425
772
698
541
183
518
471
541
517
485
460
768
646
613
576
843
525
564
326
364
521
318
503
334
470
563
680
522
654
640
559
588
698
659
509
648
537
752
533
537
777
739
483
497
622
863
722
602
766
793
835
690
784
597
792
412
754
460
738
619
734
444
465
583
436
442
632
680
609
584
624
719
394
374
466
253
667
310
510
349
272
539
519
574
551
474
414
412
439
472
420
312
742
733
745
709
774
700
683
688
636
537
581
427
565
617
656
917
750
392
425
515
451
424
587
761
743
421
543
494
451
789
785
736
449
458
533
474
678
502
505
603
552
630
531
398
404
485
704
503
580
529
586
769
613
746
338
433
616
701
808
587
486
436
345
484
564
515
485
741
854
560
739
522
660
636
307
450
709
744
400
468
531
526
396
417
615
393
379
348
657
497
436
525
501
467
622
244
605
806
321
363
399
449
421
452
323
546
507
405
749
609
742
516
530
699
581
551
565
576
608
701
703
536
480
417
408
443
515
464
574
551
580
382
804
700
278
604
525
553
405
264
586
473
439
264
573
614
457
545
581
556
523
460
575
468
448
737
656
560
695
709
519
526
483
484
699
520
450
456
383
322
400
603
361
512
526
500
510
611
496
492
501
553
479
527
579
434
434
518
397
589
455
630
469
435
462
404
348
435
384
551
645
440
457
547
299
452
542
542
493
581
394
669
220
317
550
598
445
621
515
524
527
569
415
572
443
336
470
423
404
455
547
381
653
528
443
-1
671
616
390
368
649
468
538
402
368
552
383
572
642
387
738
560
436
570
456
426
356
478
503
583
441
373
419
447
483
339
376
747
281
457
488
763
649
560
536
591
558
469
442
359
674
638
400
366
451
607
592
436
404
558
608
623
608
727
467
670
395
470
597
342
636
490
628
647
495
522
438
638
449
442
454
380
514
622
364
375
346
538
527
372
367
382
459
422
731
477
712
397
407
432
557
596
788
667
457
293
418
393
415
555
447
361
539
424
498
494
365
416
400
501
494
378
551
415
747
410
384
582
454
515
534
259
491
521
417
660
438
454
634
417
521
343
599
440
365
567
473
416
403
789
490
482
684
465
483
599
403
491
390
510
361
515
402
667
305
543
536
416
457
254
309
446
464
573
743
555
418
482
436
346
354
445
345
516
386
408
549
490
713
460
435
377
475
413
309
322
452
455
535
465
481
472
375
773
356
332
207
496
461
452
338
328
407
304
402
386
414
374
373
400
485
368
311
602
316
522
358
333
706
407
411
475
414
368
368
496
344
297
406
442
404
481
340
353
259
545
413
438
446
592
161
187
141
325
301
471
402
341
396
257
444
501
306
679
697
527
563
475
446
463
450
469
374
501
515
718
337
273
330
293
385
338
681
215
372
368
287
229
407
411
436
379
447
413
262
369
279
458
383
318
314
413
382
382
245
283
470
414
386
507
634
612
590
477
495
410
246
330
305
297
385
310
415
346
232
292
331
351
268
369
382
509
400
503
270
391
512
326
353
436
643
517
399
334
299
367
503
309
277
486
613
418
489
342
213
331
546
304
283
273
271
321
362
443
393
369
344
381
682
334
259
136
510
457
403
470
250
278
473
482
303
402
322
337
401
435
368
560
539
402
404
428
332
398
367
329
449
435
576
291
530
429
509
277
282
280
364
486
406
397
394
399
466
465
283
466
443
480
328
330
521
344
373
383
363
318
724
339
369
359
379
456
404
421
373
267
240
410
224
448
326
329
485
444
553
396
371
775
282
286
273
376
374
296
323
272
431
293
522
310
403
362
338
403
298
597
296
316
434
475
492
348
457
401
385
334
474
421
503
352
448
336
559
313
269
368
321
286
287
278
276
211
238
237
335
507
333
307
302
310
332
278
286
386
272
260
321
302
208
408
278
382
306
301
295
300
374
344
417
583
416
299
290
364
215
425
336
427
451
455
572
199
426
443
311
463
522
321
451
511
133
326
325
525
272
313
296
386
313
314
246
295
275
344
399
273
272
279
381
242
208
361
319
427
468
357
268
293
291
224
205
393
363
239
212
253
252
422
348
449
345
639
289
685
436
468
221
678
237
343
230
396
375
344
325
209
419
307
545
253
343
292
425
290
394
401
279
352
246
373
203
421
437
247
299
149
446
445
314
326
290
383
291
154
398
412
298
353
620
194
480
356
424
554
277
392
441
260
244
337
282
217
273
269
281
386
404
244
313
293
354
402
522
294
263
363
344
538
412
293
278
213
490
227
335
202
522
353
269
261
262
301
220
512
331
561
240
326
292
245
235
383
330
251
156
363
208
407
370
288
394
256
236
547
442
326
434
196
258
235
294
259
351
224
248
206
232
217
312
603
344
445
367
224
304
382
227
171
221
287
268
184
154
242
288
220
192
356
325
194
301
261
417
458
109
409
476
292
343
270
442
341
261
224
586
355
338
440
245
260
184
292
387
249
255
237
249
644
355
93
375
370
323
236
371
374
244
199
226
246
343
202
299
253
433
295
205
341
188
649
322
312
291
497
269
347
226
230
293
251
233
234
289
271
235
311
343
311
265
261
271
355
378
270
402
344
235
289
293
382
387
273
353
338
210
358
261
474
254
94
421
278
419
351
202
416
269
266
180
264
298
386
255
271
338
221
197
238
249
174
232
316
242
316
395
211
190
265
259
46
67
537
321
268
304
266
335
127
256
359
183
178
537
247
179
189
384
251
209
310
315
232
200
246
212
290
457
188
304
398
315
236
333
169
228
371
206
293
167
340
206
288
293
385
297
186
270
446
272
367
154
357
417
290
313
305
311
216
431
322
226
320
248
220
322
211
261
473
316
230
276
325
214
266
195
330
191
269
217
204
135
246
194
380
272
440
244
248
229
195
165
300
179
329
115
407
264
214
215
153
203
240
213
184
248
166
141
426
292
258
391
180
260
198
314
196
121
160
403
204
165
238
157
315
168
222
159
180
259
202
176
300
189
200
258
267
148
250
392
97
342
321
306
119
164
259
405
300
195
272
204
174
180
119
142
194
172
266
266
346
246
250
229
141
129
154
255
285
132
254
136
149
264
180
137
243
280
251
215
215
259
264
216
189
164
248
173
185
148
195
132
321
184
279
148
153
212
204
146
195
194
232
111
86
230
211
208
262
107
225
218
156
180
98
111
141
76
114
205
123
136
134
157
86
229
127
141
121
153
147
112
109
66
111
99
110
66
88
99
179
154
90
91
147
68
81
557
249
