594
726
785
737
751
703
832
739
77
752
760
668
553
515
601
657
675
736
668
807
622
612
526
590
472
461
551
734
765
872
743
856
771
782
900
888
884
805
872
800
790
820
754
899
802
741
699
768
652
756
903
772
773
790
774
677
766
715
675
727
793
702
762
641
746
739
888
738
746
747
907
843
944
959
575
530
807
880
714
903
503
731
737
535
753
728
610
492
725
676
859
755
791
883
783
692
461
688
824
435
503
595
682
800
779
619
596
597
606
577
489
556
570
519
534
530
498
453
532
545
478
477
498
732
441
595
365
521
615
508
818
492
473
509
366
505
531
555
412
369
624
584
388
551
459
497
309
524
811
656
669
745
607
479
571
863
802
536
547
768
817
624
612
673
770
770
1039
494
489
456
444
466
342
329
338
394
353
350
463
378
270
494
485
640
645
412
306
369
266
244
254
311
268
285
302
341
533
535
382
579
858
487
813
772
641
369
494
622
644
638
902
818
646
592
246
725
611
948
906
825
426
721
636
608
717
704
565
716
629
689
524
800
635
650
585
978
743
619
918
883
899
701
506
415
368
870
554
553
321
235
343
204
205
333
383
499
543
546
453
170
258
193
340
904
353
523
145
581
522
733
921
426
520
406
957
566
582
605
573
591
645
700
703
893
904
672
635
550
553
409
749
774
423
616
858
531
797
470
845
701
747
466
446
456
385
446
801
488
427
494
387
342
363
433
879
375
693
599
763
487
748
856
817
791
779
895
842
498
536
452
490
642
895
599
309
537
633
686
640
308
632
549
697
846
767
646
407
573
510
461
705
566
805
939
608
531
560
632
500
937
680
683
803
880
827
435
711
556
549
550
676
769
411
430
746
707
664
663
598
826
686
790
352
516
575
163
934
690
852
889
495
511
429
363
372
481
666
495
490
343
891
134
960
674
689
924
997
550
741
482
798
735
529
764
261
676
758
730
540
333
738
664
677
549
626
388
542
432
856
533
1003
553
325
322
276
320
444
297
506
368
451
685
723
708
321
379
337
329
554
722
390
347
790
513
374
536
488
745
642
414
572
556
463
206
592
632
655
221
266
691
449
316
344
458
475
474
454
429
525
456
479
530
555
463
449
487
394
794
572
609
659
719
353
666
552
449
549
773
764
866
1042
726
823
674
694
525
443
692
559
485
798
813
1053
205
102
272
782
453
647
548
519
826
580
708
847
852
421
779
773
692
615
747
438
783
851
594
539
233
717
547
526
652
651
990
588
606
374
431
529
783
637
519
470
455
436
478
413
443
524
502
795
674
240
500
605
651
483
614
454
427
393
523
722
675
573
290
251
835
503
671
665
665
536
699
417
532
824
435
149
631
371
430
381
584
452
562
468
617
646
666
355
368
232
228
388
277
400
243
481
636
502
523
469
885
777
539
847
830
468
466
371
425
450
407
731
745
594
664
743
514
475
335
524
625
708
477
817
699
841
440
694
675
956
868
543
433
469
736
310
320
527
455
920
830
472
653
315
309
454
146
565
227
322
354
293
595
521
465
445
341
312
300
373
483
510
188
582
659
754
772
769
740
726
783
781
511
434
399
396
892
763
560
760
414
524
441
340
425
387
690
683
480
517
443
447
680
552
751
450
412
473
540
680
602
817
863
804
829
820
363
446
473
647
518
587
466
620
613
788
735
213
297
410
450
577
402
360
297
184
559
384
483
494
710
610
462
675
272
399
391
172
380
459
590
456
559
511
616
398
377
672
458
302
323
493
498
399
691
651
417
424
157
599
587
242
278
465
491
368
741
326
644
1088
439
685
521
738
510
439
625
527
411
496
531
507
636
649
457
537
388
580
326
300
489
507
686
423
512
621
627
462
505
635
445
815
356
776
312
412
236
668
595
434
456
658
814
639
497
619
797
425
648
603
559
865
695
566
635
486
365
490
930
942
485
467
276
413
554
337
441
586
525
494
742
-1
1403
1201
726
658
797
716
612
425
828
326
575
740
658
383
425
463
378
442
362
402
639
686
561
569
425
319
720
683
310
650
819
175
735
129
442
384
676
488
723
703
547
572
338
405
634
517
408
631
454
467
682
750
457
572
388
445
496
444
682
424
502
649
523
417
789
201
541
375
456
857
531
680
644
389
421
1039
1055
267
659
648
655
547
489
980
460
877
259
478
602
367
507
905
770
642
530
559
481
563
399
431
598
472
391
270
351
295
715
592
505
679
558
608
567
545
517
540
703
659
497
446
359
584
498
590
574
498
444
730
845
441
827
806
822
482
593
517
419
385
648
285
720
869
803
564
669
527
773
711
574
465
913
505
512
649
498
640
231
443
431
534
538
541
614
653
414
421
752
925
275
805
380
603
421
527
458
493
932
330
480
432
701
812
284
511
612
451
488
320
837
441
547
596
609
675
782
511
480
440
394
789
663
289
312
618
698
601
676
661
563
386
614
442
440
545
684
355
620
622
234
607
144
218
719
450
512
664
275
802
478
498
576
403
541
754
609
405
715
770
771
476
549
465
435
587
702
367
340
651
319
388
530
212
525
562
597
331
191
123
418
524
310
522
326
605
391
417
526
722
805
796
337
476
434
484
458
492
378
671
581
602
434
458
407
736
795
265
408
382
604
336
588
435
642
698
574
381
456
451
512
529
427
88
91
64
297
369
714
593
370
838
331
680
715
568
551
450
495
439
540
513
533
528
498
448
544
723
617
681
288
733
558
451
657
563
148
498
382
455
360
744
723
702
227
718
662
470
355
411
614
364
445
419
469
384
384
508
355
672
377
507
580
615
565
495
708
507
704
441
485
483
313
555
395
565
380
315
437
619
641
431
362
435
357
357
515
540
777
641
555
650
436
596
505
419
658
648
443
592
580
490
369
624
623
354
910
313
626
638
369
384
606
559
370
377
455
618
837
790
470
492
175
313
178
428
497
373
348
342
436
485
555
399
392
523
528
693
329
443
437
377
302
315
417
348
337
350
616
460
324
685
417
524
401
476
571
567
344
318
417
331
333
278
649
310
352
488
620
566
223
474
273
393
755
290
367
523
571
496
304
330
293
338
488
771
624
477
517
435
740
357
524
536
463
657
658
590
701
717
477
512
485
491
323
325
481
388
427
364
337
510
572
590
678
607
367
302
673
317
483
546
637
544
422
527
434
398
389
621
502
756
644
476
436
293
360
466
413
401
420
478
583
395
363
354
355
323
566
350
341
391
432
523
311
420
688
341
313
625
555
404
358
479
481
399
411
351
566
529
502
391
514
249
603
566
613
415
317
351
508
562
286
379
355
569
253
627
550
338
534
381
491
214
496
370
696
342
334
574
696
383
371
293
566
511
300
291
280
248
525
576
479
299
753
519
433
474
374
552
464
532
505
455
803
307
298
407
343
420
468
463
606
487
673
569
503
301
367
381
490
519
604
258
333
570
500
332
345
479
265
360
333
781
335
484
290
416
380
367
384
322
415
385
684
603
432
440
274
411
323
302
449
348
268
345
203
549
582
523
316
454
372
548
572
790
519
604
346
487
321
386
559
435
425
351
375
504
320
291
440
775
546
282
511
614
322
451
429
537
392
338
424
521
427
636
314
608
228
599
401
580
429
441
449
346
453
463
481
353
327
358
363
335
362
338
239
309
531
317
378
373
455
466
320
435
377
672
333
399
290
459
410
557
491
378
439
345
305
300
332
426
331
391
375
368
183
308
594
327
274
342
413
301
298
278
375
245
368
249
461
592
333
379
305
383
325
72
261
347
381
354
371
400
323
358
385
506
237
576
412
346
490
269
297
374
516
421
405
558
475
355
232
393
306
281
269
205
553
381
299
278
539
366
373
376
436
388
413
251
336
354
453
357
302
363
539
357
278
396
380
432
453
386
350
369
250
480
548
547
234
251
368
219
536
571
562
320
410
384
580
458
359
554
292
406
357
340
402
228
402
366
89
570
359
367
400
308
529
387
423
334
391
296
429
448
317
499
437
303
428
351
351
281
269
225
325
563
320
292
279
418
27
51
400
350
372
432
269
642
453
259
312
264
228
461
294
379
254
336
456
383
384
469
375
405
225
257
315
471
281
295
475
536
381
499
312
469
390
357
426
295
522
351
458
376
329
207
241
337
396
378
539
329
314
350
373
452
281
288
284
463
312
309
375
333
322
340
160
407
392
402
195
246
305
348
300
319
386
357
274
260
275
163
434
271
326
242
471
317
320
268
218
294
286
325
310
127
424
303
168
232
207
195
304
309
271
247
298
229
351
387
286
369
265
216
227
257
136
173
245
514
224
285
208
286
382
316
151
206
151
368
253
304
372
222
429
279
347
236
296
338
159
294
288
412
126
236
184
511
342
215
199
189
275
256
145
205
188
261
333
335
422
259
216
276
250
257
191
246
228
142
345
77
116
206
166
161
328
422
237
307
265
365
407
344
266
294
122
255
269
242
304
170
329
277
236
233
260
189
311
184
253
252
298
136
128
300
174
172
389
146
171
236
118
278
93
148
148
86
136
207
119
121
175
240
77
336
211
132
146
179
263
97
146
72
128
127
135
83
72
112
176
115
95
97
175
82
125
534
254
