1224
1475
1386
1352
1331
1151
1427
1361
144
1407
1209
1187
1089
1003
1056
1111
1093
1175
1124
1385
1077
1187
988
1142
1052
943
1131
1194
1439
1319
1458
1268
1410
1392
1385
1355
1535
1388
1351
1407
1409
1396
1349
1450
1361
1396
1316
1560
1167
1514
1463
1254
1194
1258
1202
1177
1174
1221
1136
1079
1174
1187
1205
1099
1085
1112
1301
1165
1139
1177
1415
1531
1301
1463
1091
954
1185
1294
1007
1184
753
1042
988
881
1060
1017
1123
813
1063
1333
1373
1306
1281
1474
1588
1273
749
1307
1343
717
770
1074
1514
1615
1314
1015
919
982
1002
936
848
870
911
818
869
867
844
790
885
888
844
837
1074
1202
909
1145
762
769
973
776
1472
755
779
814
590
792
919
1000
702
595
1097
974
706
982
817
842
527
830
1311
1137
1305
1439
1122
899
1090
1306
1173
949
931
1258
1245
1012
1048
1106
1400
1464
1306
826
783
777
735
754
547
551
539
649
578
557
755
597
442
870
755
1187
1098
699
485
624
434
415
417
511
430
472
542
573
990
993
675
1088
1252
738
1292
1331
1202
724
831
1031
892
948
1159
1025
1112
1227
535
1352
1020
1268
1349
1217
711
1260
1026
1028
1097
1112
890
1209
903
1044
883
1239
1132
1097
982
1171
1342
917
1203
1143
1277
995
820
685
637
1088
757
1110
663
480
809
459
395
739
644
758
1091
923
757
295
474
378
531
1436
606
809
285
898
880
1152
1345
634
678
632
1083
1042
1026
961
961
1092
1092
1249
1230
1231
1169
933
1208
835
931
673
1019
1082
590
862
1332
819
1259
801
1264
1020
1426
720
696
712
560
700
1486
823
818
817
720
706
646
791
1343
742
1057
969
1342
988
1327
1495
1363
1006
1134
1207
1023
781
1080
783
945
1207
1226
917
501
920
1119
1051
901
548
1019
980
1181
1269
1145
900
811
941
782
863
950
993
1057
1335
1113
857
977
1145
952
1088
1291
1235
1192
1263
1424
770
893
1065
971
992
1025
1059
646
628
929
1299
1152
1078
937
1125
919
1248
686
747
1010
303
1204
1276
1247
1153
839
870
767
673
641
719
1099
779
778
539
1014
225
1189
1041
1096
1199
1101
880
1246
702
1048
1144
759
1287
596
1060
1387
1328
839
611
1168
1192
1177
851
913
680
954
711
974
906
1162
800
552
506
470
506
676
395
699
632
743
979
896
853
499
532
537
466
851
969
576
712
1173
849
541
1065
857
1030
867
663
831
833
859
362
770
1201
910
293
392
1106
695
489
536
662
646
701
630
620
754
620
689
877
733
780
790
781
678
1003
1079
1002
1144
966
580
1258
1178
868
1057
1375
1392
1186
1183
1305
1251
1055
1029
994
705
1172
845
714
1112
1054
1160
273
196
608
1377
627
1044
1063
889
1106
1090
995
1218
1114
651
1293
1124
1079
1016
1269
782
1152
998
989
911
365
899
854
702
1137
975
1101
859
783
563
690
842
848
821
686
705
720
634
602
662
638
838
724
901
848
371
739
1092
886
873
704
784
639
565
711
1220
1105
733
568
462
974
644
899
914
878
928
1002
690
932
1168
653
251
760
785
640
535
619
615
842
790
1289
1172
814
504
533
348
359
503
446
495
397
635
724
712
640
690
1054
866
723
895
865
799
718
750
737
761
628
850
826
947
960
711
769
555
520
737
911
875
729
953
867
1047
596
785
728
962
766
772
584
666
684
603
586
759
793
1149
1101
593
890
478
416
629
245
784
374
439
646
371
814
662
652
611
551
474
462
544
648
592
290
828
1120
970
893
910
928
879
1111
1128
790
586
514
502
810
931
714
934
633
592
688
605
700
476
787
745
852
590
613
578
773
634
1333
504
471
607
637
771
726
875
1074
1083
1114
997
568
567
503
672
714
962
579
954
1000
1075
894
360
521
497
554
708
505
585
482
323
607
563
633
597
773
730
762
1114
344
607
583
342
530
515
543
474
627
663
923
589
831
647
695
440
578
634
600
693
964
916
461
669
267
890
623
413
374
548
558
510
834
641
745
767
558
700
523
1068
742
487
763
672
634
552
577
793
648
727
491
595
713
654
504
612
517
546
954
573
640
730
692
424
607
756
510
672
613
973
457
579
423
949
1147
637
554
672
795
651
577
591
790
525
821
989
591
1018
1021
701
910
650
603
738
756
762
544
469
450
500
548
463
871
1061
981
1032
1117
703
690
737
663
672
731
634
613
751
914
558
517
863
970
481
473
501
466
367
472
410
716
741
572
588
650
455
943
926
542
845
704
250
934
227
508
461
1085
447
1094
600
667
668
428
526
897
537
397
646
508
737
859
795
431
623
520
526
670
594
884
506
526
734
879
649
633
468
767
517
662
959
591
889
899
475
560
696
691
387
571
586
777
673
547
596
524
779
376
421
785
619
865
649
1117
698
573
666
643
546
435
544
627
538
624
395
594
465
726
582
502
639
617
785
777
762
882
672
-1
765
536
689
430
708
524
643
556
648
785
573
995
635
658
668
607
597
658
488
421
361
537
519
669
692
622
799
510
771
812
909
639
629
681
647
890
800
675
908
360
485
516
615
910
589
724
589
405
617
942
581
472
712
477
825
458
954
523
723
619
419
798
598
955
847
281
635
810
540
523
400
594
535
452
540
469
565
736
512
772
491
462
539
754
508
396
562
575
831
622
507
787
536
831
375
663
442
936
463
469
536
354
507
228
347
606
501
678
858
500
583
654
504
395
390
435
476
618
486
546
855
605
511
627
542
446
864
558
331
316
540
532
403
536
296
490
453
921
481
331
233
577
709
513
404
413
494
307
380
448
699
587
588
516
593
452
359
630
387
624
502
459
675
543
473
487
611
558
334
380
422
505
397
500
428
561
614
387
264
527
475
542
442
541
156
208
158
490
303
654
566
518
573
257
720
819
489
720
592
503
452
599
608
599
596
563
455
504
653
758
581
465
407
372
456
551
631
272
565
533
348
269
532
763
775
419
606
502
306
342
314
510
632
478
477
578
465
461
379
387
737
503
829
545
643
605
542
682
849
557
321
439
406
300
612
336
620
401
311
385
514
591
335
517
486
384
341
461
414
712
978
416
467
446
672
439
386
517
513
506
525
423
428
563
657
631
386
496
254
573
695
327
331
399
386
328
486
509
706
543
538
424
679
320
250
138
667
493
328
554
284
410
644
551
333
392
538
402
553
579
488
411
466
298
335
371
314
307
313
635
486
385
1229
361
596
468
513
370
375
340
268
367
378
361
461
759
451
326
396
679
621
324
485
292
468
461
658
360
475
419
606
299
311
290
328
675
697
776
535
370
319
661
262
563
382
364
633
643
562
478
436
714
333
378
328
325
302
389
353
304
392
325
782
490
662
569
513
460
452
903
339
351
515
579
499
426
458
455
419
304
590
431
753
479
657
385
463
326
338
392
322
337
522
487
355
268
269
282
339
664
309
311
348
370
496
416
319
695
306
271
524
489
342
335
343
454
361
399
304
479
670
580
595
526
350
478
464
634
326
348
369
435
636
497
577
265
462
506
553
856
538
562
421
624
164
451
365
656
279
323
382
600
365
384
312
511
409
328
330
265
326
394
573
376
268
476
532
472
619
476
369
388
414
305
293
641
450
252
265
282
270
418
439
567
672
695
481
606
388
379
261
710
468
497
355
310
558
472
322
205
467
356
496
248
497
420
433
341
389
357
308
332
280
407
257
602
486
414
687
226
640
329
313
485
411
307
318
131
564
559
455
472
675
240
675
455
649
676
373
364
528
274
369
584
465
358
269
345
342
338
365
291
470
353
327
571
723
412
326
398
425
575
436
340
455
314
595
250
477
248
672
338
418
339
317
381
240
531
400
521
254
381
278
309
286
304
391
217
334
621
263
452
338
380
319
377
393
548
557
365
408
221
334
280
362
363
407
257
308
233
299
249
392
526
329
454
573
352
294
691
245
192
259
372
310
219
226
290
296
319
187
360
435
240
329
285
320
333
113
328
435
293
307
296
429
532
330
263
559
275
485
386
344
377
203
347
386
326
334
282
385
552
572
189
395
380
259
221
373
618
346
277
207
350
387
276
310
407
580
435
224
371
329
580
349
310
418
604
344
435
322
257
304
395
336
268
354
292
312
589
572
243
287
287
250
488
512
424
322
382
358
428
460
452
601
287
344
380
268
385
200
456
361
167
512
266
343
389
265
482
313
428
267
379
321
438
413
323
393
359
234
368
296
213
225
355
208
319
605
241
197
236
289
48
74
614
551
365
329
270
606
246
236
380
249
241
673
255
246
205
364
310
314
311
432
301
299
222
225
281
420
219
331
601
517
416
352
274
361
383
245
335
201
573
368
438
332
495
259
202
277
363
318
481
191
348
416
432
414
250
304
310
428
385
247
332
420
267
510
187
409
497
577
208
258
263
245
304
287
398
295
233
227
214
127
318
201
465
235
489
283
282
222
238
205
246
218
329
143
409
252
180
227
177
164
358
239
251
355
212
172
522
459
231
345
202
238
242
342
214
124
219
595
225
213
209
246
530
261
159
186
234
363
223
256
462
180
285
343
275
176
316
291
112
355
359
416
107
190
186
429
336
228
214
172
327
209
128
194
156
273
282
280
418
370
207
276
196
179
161
286
214
235
295
94
134
205
164
129
271
416
222
282
267
427
324
264
184
203
214
208
216
186
227
193
399
220
270
176
208
181
237
173
245
246
345
121
92
304
162
161
381
150
210
208
137
220
80
118
191
86
103
224
177
131
147
184
80
300
180
145
130
182
198
88
166
80
117
106
154
87
76
138
188
160
104
104
163
83
119
1072
236
