826
981
961
925
908
783
1043
947
122
963
930
881
766
694
809
841
877
899
864
1005
782
853
723
794
650
697
898
895
998
1024
1078
960
1004
1115
1105
1218
1306
1209
1225
1148
1201
1213
1155
1280
1355
1270
1188
1350
968
1306
1324
1224
1119
1023
1123
1019
1090
1110
1063
1023
1053
1223
1187
909
1071
1042
1279
1139
1071
1079
1133
1170
1069
1184
1019
710
1034
1184
909
937
674
979
945
724
961
973
841
695
946
950
1278
968
1078
1081
1019
870
675
1050
1228
676
657
938
991
1251
1073
911
859
906
892
784
714
794
819
755
786
780
836
713
745
795
722
763
806
1179
728
997
548
710
841
715
1074
687
689
726
515
858
880
936
589
503
961
867
615
928
688
741
460
720
946
1050
967
1173
1204
878
880
1070
1158
780
831
1042
1269
947
922
832
948
1055
1048
762
723
686
639
642
463
476
457
635
482
478
687
513
379
808
643
1184
1073
512
429
599
385
374
374
467
361
394
425
485
846
848
457
865
855
676
1000
986
907
555
769
1065
846
843
996
911
823
994
414
1062
832
1111
1114
1019
635
1037
970
959
1035
1030
865
1281
803
975
634
950
1030
1028
1089
926
1174
902
1197
1076
957
912
733
593
524
1013
747
766
483
351
493
321
299
498
528
631
754
803
713
229
391
286
495
1050
502
782
205
856
913
1005
1180
580
604
495
964
998
1031
1082
1114
994
948
1048
1020
1199
1143
887
812
817
1118
597
878
852
432
666
998
766
993
600
1193
920
959
661
661
663
563
649
1217
607
567
627
543
468
479
558
1103
612
906
1130
886
814
935
1130
990
844
1028
1050
797
739
782
778
824
907
948
722
471
860
921
954
910
387
969
838
898
1075
1113
885
591
846
591
756
901
766
875
1022
996
756
882
849
899
1006
933
918
849
973
969
632
791
947
1094
1099
930
871
558
606
850
1070
1167
825
898
1075
836
907
570
600
930
225
1014
923
1252
1132
788
803
780
682
644
743
1015
603
599
442
905
155
984
820
803
947
926
721
987
651
909
925
720
1195
413
1096
1058
1018
754
604
1235
859
1166
809
851
460
839
698
1152
757
1100
790
481
429
372
448
595
312
588
540
808
1057
962
940
419
507
495
422
773
927
544
574
1008
641
495
750
628
1018
924
576
744
764
762
250
750
934
890
244
331
730
557
398
435
590
583
593
563
575
666
567
627
874
700
709
734
786
604
1002
764
1011
986
956
469
886
817
686
840
955
971
1041
913
990
965
1071
1012
868
580
796
795
618
985
1085
1007
216
162
423
977
575
898
702
764
964
755
728
1205
1047
691
879
909
964
936
938
638
988
998
922
897
284
948
735
659
937
791
988
875
768
525
710
818
851
761
645
627
618
529
549
553
566
916
641
970
798
304
780
1128
872
851
731
698
539
504
688
947
848
631
481
407
722
569
974
944
918
785
797
635
841
938
611
243
835
517
583
493
565
548
831
715
905
888
829
442
458
268
279
446
353
478
362
502
733
712
550
677
917
733
715
932
848
891
770
670
627
812
563
928
907
730
868
690
673
570
433
735
852
907
749
909
736
981
503
865
698
1021
874
787
548
607
764
428
537
793
735
883
825
577
805
422
415
520
223
695
255
376
531
364
785
561
664
681
512
414
427
512
695
586
280
725
932
1063
1000
1052
1003
1000
995
900
773
544
516
452
908
825
737
914
555
616
692
568
736
447
764
752
716
546
576
528
846
693
1161
496
502
584
681
768
696
848
877
869
882
789
458
471
500
659
564
713
587
777
776
852
956
313
429
505
521
634
471
612
443
288
558
511
578
557
808
785
621
828
303
568
564
271
404
597
589
460
696
784
730
491
694
701
636
431
435
653
596
645
732
669
491
704
205
774
619
295
305
456
547
522
793
478
677
748
560
759
550
991
847
499
771
769
575
627
670
743
658
735
585
583
499
605
470
482
511
574
1002
507
483
718
699
375
530
837
482
609
432
866
441
497
310
959
744
699
553
673
744
654
502
619
693
467
734
1062
678
965
929
800
764
645
622
721
745
598
487
469
370
479
541
392
843
815
735
799
833
684
676
688
697
603
685
703
701
479
744
483
584
674
1089
438
384
401
381
330
394
370
741
687
540
563
565
428
676
726
478
867
762
186
990
140
484
455
997
470
1004
684
802
737
431
527
944
511
399
771
456
617
725
712
461
624
497
459
667
668
812
491
517
730
678
560
547
359
655
454
588
929
517
867
863
447
561
692
656
339
617
616
753
752
644
552
513
619
266
456
791
453
561
640
1004
712
608
618
654
538
419
523
634
573
594
352
523
363
719
667
525
648
640
891
854
804
772
719
936
676
471
761
415
651
501
707
602
679
581
619
963
541
603
595
561
557
735
536
388
348
624
416
577
562
594
611
528
667
706
957
556
504
633
623
755
736
629
700
318
421
628
607
906
504
605
620
401
512
727
517
461
633
440
757
420
653
557
648
589
417
639
524
724
715
265
695
553
481
549
418
605
532
490
535
541
650
601
523
730
453
472
565
764
523
355
602
638
772
680
520
603
565
741
419
627
456
-1
525
522
583
272
612
192
251
615
518
646
960
403
601
682
569
441
411
464
465
582
586
562
709
610
555
576
521
435
609
592
343
301
574
491
419
591
274
563
476
899
535
267
194
623
687
530
455
360
502
326
380
530
620
584
589
443
604
393
385
560
388
579
536
502
676
473
440
459
536
533
407
463
436
428
441
535
440
596
553
401
277
557
412
567
477
529
113
172
112
326
319
700
575
497
559
264
619
690
488
807
503
578
466
590
569
574
561
534
411
501
611
693
612
363
446
393
530
569
668
268
503
416
359
296
553
572
620
343
671
518
320
330
315
562
632
496
495
475
421
419
375
331
706
475
601
569
712
689
546
675
658
501
347
431
493
299
580
372
684
465
354
436
436
466
358
559
577
380
342
503
477
559
772
425
510
504
729
512
396
446
456
454
554
481
461
549
609
578
413
489
291
523
707
319
359
405
378
346
489
523
578
500
498
440
617
288
244
157
583
532
402
412
298
384
487
461
318
482
516
424
594
443
424
405
445
304
322
407
337
311
330
522
561
416
863
360
555
542
528
366
418
321
281
415
374
355
339
594
375
341
422
818
617
271
518
288
502
501
437
377
478
426
644
308
331
305
333
608
606
548
499
361
323
592
262
560
432
390
599
598
636
496
494
669
344
421
382
330
318
384
364
343
390
312
681
413
536
528
489
413
403
867
315
341
568
655
530
445
448
502
425
346
567
459
728
460
800
383
416
301
366
383
382
373
452
430
354
285
277
280
347
673
318
325
361
349
451
349
352
595
265
248
490
526
358
355
334
467
350
396
299
430
656
611
508
548
319
404
425
561
371
361
375
501
608
478
558
283
522
514
492
712
437
483
430
666
180
465
435
731
293
316
396
542
409
392
303
401
400
303
335
216
240
360
574
342
303
467
519
597
718
390
382
376
379
345
327
555
384
248
308
304
299
468
428
590
490
770
408
640
369
360
285
694
429
508
285
340
451
494
352
210
490
287
446
275
500
388
521
369
415
391
318
360
282
440
283
580
513
438
484
210
461
388
316
406
445
353
300
148
489
509
463
546
675
276
730
438
605
646
401
404
534
261
318
454
397
367
288
321
386
326
420
318
467
339
321
550
592
420
375
401
365
512
406
388
425
308
604
272
407
202
699
357
359
339
340
352
289
566
395
552
292
393
312
276
318
316
408
235
284
588
263
415
348
339
352
371
351
517
533
359
393
245
370
299
395
373
432
278
311
213
256
248
423
443
318
442
551
304
284
562
263
195
273
381
304
237
220
299
242
335
215
395
439
244
347
259
314
361
100
312
439
269
354
280
465
489
343
312
540
287
505
369
344
344
201
324
410
323
343
290
428
628
424
177
450
413
292
234
315
538
333
282
239
347
418
313
363
397
573
408
195
394
258
532
397
319
460
638
372
457
311
283
310
374
316
277
361
341
353
482
478
275
302
339
220
470
479
372
350
399
311
440
430
542
597
272
370
339
245
409
217
506
369
131
519
312
359
399
244
512
343
379
277
357
386
432
387
279
422
306
259
359
300
220
242
360
237
292
668
263
215
258
317
35
59
608
492
320
380
306
482
229
277
332
274
245
662
285
263
216
349
298
296
335
441
310
269
217
284
305
472
235
304
565
387
350
364
234
364
387
235
382
234
503
302
392
338
490
247
217
291
410
364
487
167
333
410
505
459
293
300
269
471
381
269
368
340
291
393
176
398
437
464
213
289
288
258
290
249
327
277
246
196
205
122
299
233
497
242
484
267
267
237
210
193
284
218
362
143
458
275
162
249
186
158
304
264
246
309
240
197
488
335
286
389
165
238
217
365
159
136
222
612
239
216
213
240
422
250
197
214
190
354
228
234
431
186
258
326
269
190
305
339
103
414
402
419
108
221
186
416
358
239
197
189
248
232
127
165
179
250
274
275
471
280
203
281
194
185
186
276
245
159
310
77
129
222
183
130
262
433
271
304
304
448
317
258
186
188
199
213
217
210
234
207
459
220
317
192
223
185
252
214
284
285
350
130
96
316
196
195
382
152
208
238
147
206
82
127
206
97
98
251
157
148
173
172
91
324
180
150
132
194
192
93
145
96
141
112
170
94
78
130
196
144
121
122
154
86
118
704
221
