1534
1752
1599
1581
1476
1191
1782
1511
166
1582
1426
1363
1374
1311
1276
1293
1199
1220
1240
1421
1297
1232
1225
1279
1164
1048
1157
1259
1478
1442
1532
1536
1874
1689
1930
2115
2350
1898
2087
1808
1967
2095
1924
2117
1881
1735
1702
1819
1638
1866
2118
1882
1915
2261
1788
1838
1836
1802
1817
1750
1942
1716
1767
1846
1653
1655
1857
1676
1715
1687
1914
1816
1865
1962
1465
1284
1834
1893
1423
1560
1244
1540
1518
1591
1625
1478
1837
1342
1551
1667
1838
-1
1695
1646
1768
1341
1205
1724
1725
1150
1318
1669
1595
1637
1696
1492
1451
1356
1457
1690
1241
1418
1496
1269
1305
1360
1244
1211
1432
1245
1419
1226
1282
1663
1053
1719
1028
1290
1640
1182
1733
1257
1252
1258
947
1091
1286
1401
1083
1127
1645
1530
1051
1310
1177
1217
859
1299
1775
1693
1452
1485
1334
1222
1165
1698
1688
1526
1379
1677
1628
1492
1579
1303
1458
1673
1644
1192
1182
1147
1129
1202
881
942
843
982
888
877
1165
940
775
1192
1281
1502
1284
1089
738
900
694
625
660
762
637
749
988
856
1423
1424
871
1078
1620
1179
1346
1384
1154
1100
1311
1490
1410
1530
1502
1491
1254
1293
859
1824
1131
1537
1460
1396
1028
1793
1372
1415
1628
1655
1474
1483
1378
1438
1098
1469
1367
1380
1351
1610
1615
1287
1665
1749
1761
1467
1133
1143
1002
1412
1202
1172
1087
792
859
663
649
1015
1066
1184
1119
1471
1141
547
727
600
940
1481
1036
1183
509
1358
1237
1715
1863
942
1216
1021
1424
1360
1380
1100
1080
1473
1510
1660
1611
1552
1410
1447
1350
1160
964
1041
1348
1555
1146
1455
1780
1125
1270
1084
1433
1612
1558
1108
1064
1105
851
1063
1459
1012
964
1068
823
799
812
926
1369
895
1487
1175
1698
1096
1414
1706
1629
1429
1568
1411
1249
1139
1215
1065
1407
1841
1617
1418
883
1332
1587
1434
1293
744
1426
1360
1625
1379
1207
1272
959
1386
1086
971
1233
1168
1423
1439
1257
1342
1280
1129
1193
1324
1311
1148
1452
1411
1499
1107
1290
1331
1101
1106
1487
1413
1017
942
1219
1114
1231
1458
1441
1567
1233
1323
962
1100
1435
502
1220
1165
1428
1482
1180
1172
1062
909
969
970
1165
801
799
909
1295
447
1300
1059
1193
1279
1170
1451
1737
1056
1376
1514
1124
1353
714
1363
1308
1465
1140
836
1275
1292
1388
1084
1263
808
1148
959
1129
1379
1348
1110
862
779
710
792
1104
958
1072
984
982
1156
1122
1088
792
830
851
752
1244
1280
846
883
1318
928
854
999
753
1308
1149
1019
1137
1124
1090
598
1042
1191
1269
562
641
1369
1001
813
777
965
1021
1074
1030
984
1177
933
1058
1218
1133
958
886
1023
1008
1126
1066
1122
1488
1289
877
1226
1209
985
990
1391
1350
1281
1203
1187
1525
1245
1350
1051
1094
1198
1151
1016
1495
1070
1346
618
346
633
1304
984
1378
1081
978
1448
1220
1085
1479
1191
864
1456
1149
1295
1304
1341
1341
1428
1240
1226
1165
615
1044
1109
819
1329
1132
1125
978
1010
815
982
983
1052
994
967
1034
1015
901
896
868
981
1023
1091
1139
1049
612
1051
1147
1186
1052
921
970
929
902
953
1543
1359
1042
904
744
1071
988
986
983
979
1190
1104
819
1282
1309
1025
398
818
892
900
857
908
904
1139
994
1242
1071
976
783
807
685
591
804
694
766
653
796
948
972
926
1105
1011
1015
816
917
926
825
869
1035
1015
918
1008
1154
1014
961
955
901
1037
708
856
958
1253
1112
971
1264
998
1317
867
932
755
1118
811
1005
889
930
800
783
825
1047
1012
1009
1015
836
1149
726
659
897
389
1157
584
632
687
680
998
953
842
759
856
741
749
744
748
710
455
1025
1321
1149
1057
1116
1074
1034
1083
1122
1000
846
690
753
890
1152
885
1077
871
732
847
774
764
709
872
855
789
799
855
788
991
755
1408
770
674
963
720
865
857
839
969
916
993
866
805
814
691
822
956
1306
743
1168
1440
1033
1152
597
766
626
792
972
655
818
714
523
854
770
889
860
920
927
1102
1517
517
745
716
542
811
615
684
670
704
818
953
743
833
811
760
677
672
938
737
773
1040
1069
661
842
459
956
780
585
662
718
659
690
909
681
922
837
693
906
639
1378
807
651
951
708
829
634
661
1000
840
929
579
760
730
900
714
867
614
670
986
748
691
949
757
392
896
789
693
644
600
894
651
737
505
952
1218
672
788
850
940
795
737
772
698
780
1037
1105
738
1080
1188
727
968
831
764
881
769
794
702
615
634
694
690
623
982
907
876
1055
1027
755
726
833
858
794
942
781
634
1038
824
733
647
877
990
671
640
702
674
461
595
509
735
924
727
772
1043
781
835
904
738
815
846
327
1053
381
700
574
952
595
1069
723
648
670
572
695
898
675
519
705
692
822
812
960
583
699
649
699
875
682
1024
619
613
903
732
1004
651
650
1204
656
943
997
673
1114
870
658
889
787
725
549
642
630
1013
726
559
588
738
736
613
533
1079
760
824
732
1259
784
659
730
697
635
517
608
542
661
806
552
748
838
873
652
597
646
653
878
848
852
1075
705
1306
675
695
782
573
805
644
766
701
672
984
644
1074
966
695
645
639
730
721
523
553
446
633
754
600
614
594
826
592
1035
795
1098
788
781
660
817
1147
1121
808
808
522
583
528
676
878
740
605
725
476
874
954
599
671
649
722
806
613
959
577
855
611
588
1268
935
784
951
304
706
758
669
606
556
621
716
551
672
466
680
772
551
821
765
593
586
968
573
556
703
668
896
790
593
1023
701
854
431
754
574
968
553
584
613
674
597
353
535
654
540
790
974
691
694
721
515
485
466
526
549
801
550
576
903
756
575
840
692
540
945
536
422
396
608
815
490
592
461
576
514
1043
586
512
340
604
669
666
482
589
577
427
540
487
596
571
579
613
752
558
412
810
494
863
565
452
870
599
539
718
657
559
384
423
522
447
476
604
560
666
608
468
294
580
653
563
507
631
284
333
256
637
386
743
622
688
555
306
773
841
519
854
879
547
505
713
679
723
682
670
507
650
754
981
513
555
458
433
456
482
751
428
650
714
412
304
604
663
687
716
682
544
351
452
354
596
682
524
542
827
573
570
334
477
718
674
668
637
782
774
763
752
865
558
354
499
431
389
622
374
605
435
348
386
496
569
384
539
506
466
376
531
387
670
836
471
531
548
766
510
485
472
464
590
654
407
416
642
721
649
436
501
277
526
766
443
379
425
402
414
490
544
582
549
536
448
775
364
291
172
916
524
384
893
331
467
740
641
327
447
508
467
541
920
549
463
519
355
434
425
392
409
393
615
564
406
979
459
717
493
571
377
436
463
352
418
396
361
742
672
682
378
449
677
625
422
561
375
551
453
696
447
529
438
675
363
365
341
413
741
672
811
570
361
357
654
319
610
399
390
698
679
722
495
461
854
358
406
379
417
381
433
384
363
406
334
1003
500
724
530
496
567
544
922
368
457
570
639
535
470
524
491
496
351
629
513
803
553
658
421
755
375
403
472
356
391
419
420
420
300
309
311
377
760
334
366
425
449
479
555
359
652
340
322
468
451
304
388
350
492
391
405
410
467
579
461
798
652
407
475
439
610
285
414
392
540
741
575
624
294
540
638
514
806
723
482
477
697
186
517
374
743
325
399
379
608
416
402
296
431
392
455
422
392
385
441
645
369
264
484
574
508
653
555
370
392
413
310
289
646
649
305
298
363
328
471
536
624
674
837
449
716
514
458
290
874
415
504
527
382
579
452
388
237
515
502
522
267
525
421
447
322
456
418
376
340
319
484
277
595
519
387
628
224
798
352
354
487
442
333
346
176
671
696
422
540
751
268
650
493
601
765
395
449
583
336
328
602
441
330
342
407
365
432
475
356
461
402
319
672
816
455
356
482
438
913
567
376
418
306
722
296
505
284
792
402
414
381
375
431
283
616
474
662
307
400
307
367
349
372
477
263
326
559
295
473
354
391
390
431
323
684
612
404
480
253
345
326
410
383
511
300
347
233
315
237
447
626
416
485
570
436
341
575
296
227
286
401
320
241
250
344
416
302
218
458
428
246
373
292
367
367
213
370
461
302
345
383
459
559
347
312
670
339
574
449
336
402
233
448
436
344
326
325
370
594
589
201
452
394
297
247
498
580
369
280
256
330
401
280
328
403
744
430
256
405
284
667
377
438
399
644
386
469
351
313
314
385
330
324
361
343
310
485
464
290
314
318
355
581
507
420
376
437
348
418
409
537
559
292
419
454
276
426
240
511
365
143
580
295
407
421
281
620
331
390
273
374
372
513
365
339
472
324
269
319
371
253
266
425
235
420
599
262
251
304
337
102
94
811
649
473
350
308
580
318
279
433
243
249
764
296
257
237
448
375
307
367
475
341
305
305
257
307
476
220
475
703
474
358
416
258
349
434
240
395
224
525
304
415
402
594
263
215
350
414
355
469
206
395
594
424
430
283
397
361
525
430
302
375
348
293
667
196
460
641
452
231
268
319
288
344
254
476
280
269
239
248
151
367
227
541
274
564
324
325
259
278
231
284
252
374
133
494
294
298
293
200
246
309
303
259
480
237
180
610
437
258
390
246
240
248
415
328
152
248
629
240
211
221
243
442
243
172
210
308
380
269
242
450
228
285
437
282
190
300
324
139
395
378
414
107
227
202
430
363
251
258
197
285
218
134
219
195
282
312
311
434
494
218
281
230
180
189
302
251
238
350
83
142
229
193
151
264
397
262
279
285
342
337
263
197
208
273
220
233
208
240
186
406
233
278
208
243
193
259
186
279
277
286
129
95
335
170
169
383
158
268
240
133
235
94
127
183
97
131
232
238
157
171
206
92
303
177
172
146
193
206
114
169
86
134
114
158
83
83
147
211
176
109
109
185
79
112
1141
262
