1095
1276
1326
1275
1241
1103
1354
1284
139
1355
1115
1097
967
927
984
1016
1008
1089
1098
1267
994
1105
878
1034
925
833
1123
1098
1384
1237
1284
1213
1285
1307
1370
1360
1518
1283
1344
1291
1332
1310
1335
1373
1309
1300
1254
1469
1029
1484
1512
1192
1202
1253
1158
1202
1154
1188
1108
1078
1200
1214
1187
1039
1104
1052
1281
1156
1142
1116
1474
1742
1383
1552
1081
901
1242
1289
989
1180
751
1038
982
901
1101
1077
1004
753
1036
1190
1300
1341
1162
1411
1453
1169
737
1288
1284
687
763
1030
1480
1426
1223
979
923
943
945
927
808
835
875
754
828
827
869
716
841
863
865
800
914
1136
811
1205
640
807
940
773
1375
726
765
778
553
807
967
1036
666
599
1033
908
731
1000
812
844
510
857
1366
1267
1284
1481
1160
932
1131
1331
1099
953
925
1227
1339
939
1000
994
1314
1373
1335
807
770
707
696
706
498
555
485
663
518
552
721
570
432
785
755
1254
1272
705
469
621
387
392
403
486
388
453
528
517
980
974
625
1056
1250
769
1203
1173
1105
702
837
1000
948
1003
1186
1061
1030
1191
457
1279
968
1312
1439
1162
649
1216
978
989
1097
1124
849
1255
909
1024
861
1258
1093
1112
1041
1243
1224
901
1164
1157
1440
1050
822
663
602
1158
754
1116
645
435
695
445
376
656
611
739
1061
919
745
315
410
371
526
1349
578
803
283
915
910
1107
1342
583
691
616
1144
1097
1127
1034
1024
1219
1092
1265
1178
1229
1187
933
1104
816
976
697
996
1127
699
998
1432
770
1226
952
1441
1009
1345
683
661
685
537
679
1370
822
750
818
717
677
625
774
1331
688
1144
1033
1377
940
1302
1513
1458
1120
1104
1227
1030
715
1151
854
1050
1293
1355
1038
501
868
1155
1086
893
472
955
1183
1284
1132
1315
862
762
857
743
816
1038
882
1192
1322
1107
798
927
1002
930
1186
1303
1151
1190
1252
1366
699
993
998
994
1012
960
1105
657
632
969
1268
1181
1169
940
1091
1015
1368
659
721
1063
298
1171
1287
1158
1126
812
812
756
646
702
769
1063
750
752
543
1137
234
1136
1071
1144
1363
1151
1004
1225
696
1110
1210
757
1275
602
1089
1341
1275
812
615
1263
1166
1259
779
855
686
1109
868
992
845
1185
800
518
472
439
483
666
461
737
611
750
1005
901
874
484
538
507
451
840
981
612
719
1087
803
536
984
771
982
856
668
854
846
927
373
810
1167
905
317
383
1147
665
527
521
647
696
687
658
618
762
596
661
886
737
776
758
812
643
1084
953
1016
1167
914
577
1390
1223
932
969
1367
1332
1156
1192
1384
1365
977
1000
1050
666
1151
808
705
1213
1077
1238
348
169
583
1353
639
1076
893
897
1134
942
962
1170
1064
645
1287
1101
1160
1037
-1
821
1215
1004
1055
899
364
947
849
665
1265
1109
1295
890
745
539
713
942
945
845
746
662
697
609
638
662
643
885
710
885
834
364
761
1076
858
934
727
759
631
557
706
1210
1119
781
666
541
1030
700
964
947
961
1126
1174
705
872
1176
705
198
854
684
624
559
658
587
829
651
1301
1208
811
479
509
386
353
517
421
512
381
722
808
726
671
688
995
944
843
896
861
758
760
819
637
771
669
910
838
857
1014
809
753
566
558
728
882
906
712
993
877
1040
576
789
738
956
770
743
593
652
734
546
685
747
843
1069
1072
612
888
478
456
608
224
765
371
400
636
390
927
648
648
615
543
481
486
557
667
619
270
833
1095
969
923
948
929
921
1054
1091
764
577
517
499
815
942
734
937
662
621
674
602
716
464
777
741
835
625
603
584
788
620
1300
515
468
632
681
764
830
928
1014
970
1052
940
535
572
497
670
707
1054
564
986
1047
1326
907
368
507
508
597
704
516
610
484
325
724
548
631
593
749
749
744
1059
335
660
601
300
610
544
552
480
604
669
893
582
766
708
728
445
537
694
682
680
965
921
454
698
274
819
618
369
394
551
578
554
966
588
720
878
579
681
521
1024
839
462
790
713
612
602
627
829
649
784
494
683
651
764
493
602
569
538
1019
540
590
750
693
450
665
794
539
771
569
925
435
583
402
983
1177
696
548
746
906
731
598
656
752
492
825
969
627
1091
1037
765
1133
736
624
722
825
816
552
505
425
519
542
466
900
1072
989
1053
1115
747
743
766
746
769
816
705
671
815
894
609
523
1006
995
513
559
598
560
450
534
513
753
742
601
616
645
461
997
874
542
990
734
289
927
214
536
452
1060
457
1186
597
669
684
448
498
906
578
412
674
538
833
985
828
496
614
511
524
654
587
956
527
540
787
786
641
613
458
776
506
690
955
609
838
949
467
587
751
725
406
613
617
861
754
601
645
551
866
406
422
785
557
859
701
1066
714
573
684
671
532
416
535
674
509
678
385
727
491
722
605
523
741
666
826
785
768
921
704
1269
828
589
711
451
738
573
644
576
707
842
559
1037
783
722
685
654
738
690
537
429
359
523
508
721
703
682
733
544
868
834
881
671
681
710
638
994
805
693
1011
357
556
519
615
894
609
705
620
415
592
1068
616
432
752
475
878
552
1033
583
725
646
428
933
725
921
869
330
743
770
539
507
393
639
557
458
598
550
564
887
577
835
490
455
573
744
513
379
562
557
799
641
556
918
609
932
363
646
511
938
492
477
545
381
499
203
308
672
562
741
862
520
610
718
552
426
412
441
523
652
571
534
915
651
468
647
525
435
805
622
385
353
570
601
439
605
300
532
474
872
479
331
236
574
758
536
447
432
525
348
424
496
724
612
615
492
614
488
407
701
421
733
530
482
683
614
514
488
618
542
363
392
424
483
433
499
444
597
717
411
266
482
476
593
430
566
163
218
153
517
327
673
574
488
594
299
913
964
637
743
616
521
457
658
653
645
649
613
496
543
737
803
661
432
431
388
508
570
638
245
572
521
354
253
603
772
787
406
615
522
337
343
304
511
586
524
532
653
461
458
365
382
716
489
819
565
615
616
531
699
738
567
328
427
481
334
691
331
686
436
339
406
558
647
339
535
550
426
350
447
438
830
1023
466
478
421
672
438
392
497
507
552
535
448
462
591
682
700
400
592
246
629
706
359
378
413
389
352
494
556
650
638
624
423
649
326
283
164
703
524
311
662
281
429
680
640
323
416
657
445
615
709
566
436
454
295
328
347
320
331
300
764
516
422
1058
389
567
519
512
405
374
362
291
421
393
343
487
774
446
335
431
709
656
346
542
333
454
455
582
356
559
521
608
293
305
269
304
631
678
788
625
365
311
716
285
640
379
382
636
651
584
499
472
666
350
419
354
298
292
431
372
321
403
357
895
617
862
579
541
474
419
914
392
374
552
604
487
469
477
444
418
311
698
421
786
556
682
345
562
365
365
412
322
349
554
531
389
274
269
271
336
693
298
302
339
371
514
404
342
667
352
301
593
539
379
332
330
479
389
428
323
591
667
606
599
511
397
533
442
764
364
349
397
436
667
526
555
267
469
514
651
904
584
530
463
706
158
526
406
641
283
320
388
656
407
431
338
490
401
350
341
378
433
451
609
406
286
495
692
482
679
460
350
394
454
299
292
724
583
235
270
301
280
411
480
608
615
759
492
560
395
403
273
696
468
514
334
312
680
536
342
209
479
497
490
260
523
406
460
319
403
390
336
308
272
427
247
647
477
471
623
221
702
326
344
567
482
303
347
172
672
694
525
510
742
234
713
436
659
762
367
361
540
336
417
649
549
427
285
339
352
333
391
288
481
433
339
553
761
495
336
404
457
640
446
333
435
309
586
264
519
322
704
333
499
331
318
371
262
552
414
526
297
399
285
300
277
307
395
221
419
725
271
467
330
406
339
376
380
514
595
402
394
244
354
271
388
396
400
267
313
265
326
245
390
537
352
483
533
302
295
651
259
200
274
402
319
203
242
297
323
306
195
383
464
255
346
323
324
305
125
357
431
298
299
302
416
512
358
269
589
294
493
404
337
428
210
396
402
353
343
304
435
518
539
157
427
397
258
209
342
663
391
298
220
371
430
267
366
377
570
470
282
374
320
558
344
405
385
590
344
386
367
276
317
415
349
267
349
309
322
545
547
250
298
287
272
510
533
522
337
396
429
465
500
456
583
297
329
405
250
366
205
479
372
150
554
271
329
393
297
486
280
492
293
406
331
430
430
339
424
397
234
361
346
219
227
346
207
349
627
241
210
248
308
55
75
692
577
416
329
295
610
389
235
368
277
254
666
238
246
223
403
349
393
318
462
296
364
256
227
282
395
219
420
699
546
452
337
320
393
393
274
335
235
636
326
395
320
519
288
219
277
363
319
483
229
338
432
460
397
267
318
308
440
408
251
317
392
282
604
192
437
512
573
199
250
258
238
303
304
475
312
280
240
221
143
429
202
471
217
486
286
288
229
257
254
246
260
299
140
397
241
257
224
167
260
343
237
319
435
205
169
466
478
239
327
270
247
300
332
201
124
205
597
256
204
218
278
493
276
186
193
231
440
227
260
448
183
346
315
291
163
315
300
143
333
325
492
132
196
173
409
319
216
231
181
329
226
125
229
167
293
285
282
394
450
221
261
226
214
161
270
203
229
302
110
141
191
162
170
247
387
216
282
261
422
321
266
203
219
202
227
236
196
241
193
403
234
261
198
223
147
255
186
242
241
351
127
97
293
169
168
348
142
189
204
120
299
82
137
197
89
103
207
188
150
161
182
78
298
185
144
124
172
176
84
154
83
129
115
165
100
82
133
175
167
98
100
205
78
142
989
223
