1370
1530
1574
1437
1350
1065
1713
1550
171
1533
1449
1712
1488
1566
1917
1636
1563
1289
1214
1267
1614
1424
1569
1173
1153
1236
1336
1334
1324
1263
1207
1356
1283
1334
1349
1354
1288
1192
1226
1281
1239
1139
1192
1168
1084
1231
1203
1140
1139
1124
1221
1131
1092
1081
1041
1076
1007
977
1143
1011
1038
992
1047
888
927
923
1068
988
1015
995
1230
1246
1188
1354
914
1004
1051
1021
958
1052
550
896
824
876
867
755
981
858
849
1340
1121
1068
1172
1231
1237
1036
609
993
1017
551
762
957
1249
1156
1045
855
848
789
828
912
837
823
920
696
729
839
719
831
887
736
667
637
887
1022
919
853
652
664
1015
704
1240
720
755
757
531
624
700
748
984
601
1071
854
457
689
645
656
351
651
1161
837
1024
1042
910
669
1146
1113
933
794
716
1127
1021
854
872
1253
1158
1062
1154
572
610
645
628
640
393
429
516
508
534
592
594
585
314
668
876
871
1003
801
432
455
428
306
397
435
426
489
617
520
1056
1057
564
1144
1067
657
1207
1207
1130
666
764
915
795
778
971
934
1035
965
487
1044
1098
1107
1016
942
535
973
799
817
851
956
855
854
656
788
935
1015
1066
926
778
929
939
714
974
952
1073
801
688
735
784
917
697
880
597
497
647
390
394
661
381
506
1093
777
657
277
493
430
492
1051
731
633
340
770
575
883
933
478
540
621
828
770
764
655
660
838
780
854
828
861
763
759
1157
675
603
817
909
975
556
705
1153
760
1196
868
988
771
1030
640
631
652
570
627
1017
1850
1385
-1
1383
1105
1425
1691
1034
550
776
695
1126
911
1041
910
1005
773
836
948
757
758
918
604
645
915
960
720
379
590
710
705
700
438
821
728
939
935
840
762
747
928
1074
914
896
1006
799
1004
823
898
710
1005
693
897
882
1108
940
1032
948
657
649
827
650
693
762
742
615
546
658
858
751
892
804
860
777
814
652
710
711
383
939
981
885
807
723
731
589
562
524
540
813
517
516
673
740
289
862
707
712
801
812
615
852
388
920
914
696
804
882
729
870
798
785
419
786
1184
812
699
755
1066
637
400
673
782
804
624
570
540
375
474
628
301
643
609
581
666
664
640
452
507
472
438
850
839
492
521
927
958
495
1212
862
705
688
694
713
670
728
225
484
870
696
299
406
878
686
403
469
596
624
622
592
535
743
611
669
667
718
711
642
616
717
652
1174
646
704
779
501
882
723
665
853
869
900
859
833
825
852
776
839
708
693
918
629
540
751
619
760
253
132
641
1020
590
679
1090
587
793
987
544
939
740
488
990
794
668
685
818
684
743
676
610
602
260
610
834
612
682
559
747
571
578
598
578
655
631
586
719
677
695
678
566
550
617
556
731
643
559
309
593
674
695
605
547
690
598
531
585
850
728
757
419
296
704
586
519
538
526
600
663
518
711
910
510
123
478
1038
523
512
596
562
662
666
795
661
537
535
585
376
366
571
376
508
299
481
519
542
611
439
730
569
403
518
502
537
440
544
618
532
379
593
565
689
644
468
645
475
473
526
663
581
524
651
577
636
681
546
550
615
490
582
526
617
426
886
317
615
535
680
668
511
688
438
375
583
213
496
410
420
618
178
558
577
489
409
535
503
459
413
463
445
251
511
633
705
657
674
671
668
743
745
618
490
418
470
518
562
526
590
609
478
616
439
446
436
469
461
571
467
549
520
525
458
785
425
374
431
434
441
526
541
703
639
643
712
626
608
426
440
725
773
446
694
668
660
604
448
531
416
485
504
425
426
517
291
434
434
554
523
512
531
632
862
190
457
470
458
381
368
393
382
457
484
714
561
560
416
543
368
1236
608
489
590
902
836
412
503
283
802
437
404
418
537
429
361
537
1040
604
551
444
475
393
779
525
424
444
381
677
336
365
499
441
466
350
330
1154
361
368
442
347
415
582
433
466
531
408
357
534
473
412
381
347
776
343
508
995
606
830
382
469
510
534
461
458
424
537
483
542
720
425
710
612
404
645
397
419
473
566
499
457
424
345
497
386
391
623
843
735
775
652
494
485
546
515
476
519
487
383
787
514
349
373
524
609
332
334
368
355
255
332
268
517
427
490
512
506
270
538
744
615
592
488
166
654
246
256
345
590
359
722
395
395
405
397
451
560
458
304
399
423
470
526
595
358
396
374
424
492
414
488
449
397
455
586
471
397
481
561
454
502
668
380
601
500
439
515
446
443
424
353
381
442
441
345
413
482
472
460
349
497
415
552
447
775
420
364
374
375
348
308
405
382
380
432
399
417
460
493
383
289
381
349
515
481
489
580
401
817
460
389
438
329
374
344
398
378
384
470
391
653
466
467
377
405
382
411
266
369
340
340
528
408
399
378
605
304
478
651
614
311
506
449
460
537
601
386
525
385
335
358
483
599
497
413
369
272
561
557
395
298
433
457
444
258
799
308
449
393
341
527
369
565
448
189
367
668
419
344
332
412
473
325
350
315
351
463
313
520
446
347
329
511
431
357
375
361
512
409
314
480
300
481
287
556
282
627
329
311
347
338
366
176
411
444
249
363
560
385
375
376
295
284
266
310
310
438
307
331
522
467
336
442
393
316
609
377
229
202
316
406
302
308
235
316
272
581
361
381
196
331
421
367
307
364
328
254
283
236
391
363
366
483
398
299
251
411
315
389
322
293
499
369
346
436
402
336
283
268
323
278
178
292
226
353
382
288
208
342
406
308
300
330
201
227
212
517
215
426
339
276
387
181
437
513
280
481
420
349
288
348
345
369
341
330
293
435
452
470
345
506
291
267
282
321
363
142
509
656
285
206
351
478
486
493
394
314
177
279
196
318
421
265
267
494
311
314
218
310
505
431
523
350
453
409
435
449
704
301
192
283
252
219
348
209
398
218
167
203
308
335
198
299
285
310
257
307
250
402
509
265
305
357
453
324
255
342
299
340
331
287
243
324
468
368
318
366
180
321
509
231
238
292
277
254
277
284
377
367
349
245
479
248
179
99
448
268
247
465
200
265
443
371
212
249
343
252
408
437
275
287
288
225
271
259
255
262
248
304
334
235
703
329
371
257
311
260
247
239
235
259
204
212
273
456
429
245
284
387
328
224
288
145
306
313
686
276
283
267
424
243
259
239
280
541
484
554
317
233
227
446
158
306
233
205
356
357
426
352
327
541
240
245
268
274
257
279
278
243
234
208
504
292
406
343
306
229
378
561
180
315
327
367
322
245
309
280
224
234
425
276
569
304
400
267
443
188
235
281
237
213
268
257
292
190
203
210
195
488
164
198
253
305
320
518
215
403
180
189
326
309
191
225
231
265
205
232
230
300
508
329
307
409
258
278
284
386
201
234
222
261
388
407
357
149
292
322
319
480
419
378
261
371
86
269
221
452
178
225
263
382
192
233
185
263
262
227
244
195
185
233
358
228
173
355
356
290
391
444
228
209
239
204
201
417
296
185
190
245
222
267
270
351
471
448
294
437
327
267
193
483
271
306
264
183
349
311
149
126
286
200
290
187
359
348
271
186
215
299
197
206
158
204
178
386
339
265
341
130
416
214
201
291
236
245
228
93
427
422
262
293
400
195
518
325
418
391
273
305
279
173
219
369
282
212
205
187
200
285
250
228
307
276
192
453
482
211
201
240
253
325
309
226
254
207
349
176
320
165
415
214
244
271
257
295
185
332
227
363
160
202
168
225
172
184
285
201
161
328
163
268
206
217
265
308
216
457
411
192
216
137
248
214
272
261
257
184
189
173
222
195
289
364
264
278
403
306
200
441
183
150
190
207
160
169
150
233
275
161
141
229
302
181
198
144
210
216
165
231
290
178
212
250
257
388
208
203
375
203
341
256
196
233
149
241
316
216
212
209
242
347
934
71
223
252
171
159
385
412
192
150
156
226
238
166
229
222
373
253
159
209
149
367
227
221
251
347
242
305
198
224
230
257
221
215
179
199
222
311
357
175
183
184
215
325
311
245
273
233
209
286
267
294
339
148
221
207
160
220
137
302
238
407
359
213
264
229
136
287
235
252
150
236
195
323
248
190
252
202
163
201
159
159
162
248
129
192
376
177
162
164
175
59
77
437
315
188
255
143
372
132
199
209
125
137
394
203
169
105
234
200
181
194
210
221
173
184
172
187
292
147
182
359
310
234
243
140
215
230
184
221
156
327
161
332
223
281
201
128
207
241
200
344
151
208
210
272
258
181
275
235
288
205
202
208
236
187
386
113
271
319
422
111
190
178
193
188
156
228
164
153
138
101
81
185
134
270
150
265
230
231
171
221
122
173
143
176
110
271
194
94
156
114
123
266
180
155
232
158
127
286
288
155
249
138
148
164
226
249
98
151
363
125
144
140
152
337
165
143
94
385
215
173
172
351
135
188
313
197
137
160
249
66
236
213
259
70
117
122
304
236
140
141
123
169
130
99
111
136
175
134
134
288
258
150
171
118
104
117
156
153
496
175
59
78
141
121
85
176
270
155
175
205
289
213
183
130
154
212
128
140
115
143
119
208
139
188
114
139
114
160
109
172
172
215
67
42
158
119
119
235
75
132
142
81
156
65
86
111
35
80
131
206
72
91
116
53
210
120
85
87
124
150
62
107
38
75
63
53
59
52
77
114
124
67
67
90
52
44
1073
173
