417
474
459
468
454
432
528
472
57
480
437
412
393
364
377
388
385
416
392
463
373
430
356
420
347
319
440
428
469
431
497
465
527
506
559
571
633
521
553
510
596
615
554
599
655
604
560
653
445
632
650
657
591
651
550
611
647
616
646
620
714
752
547
538
613
586
581
671
614
697
552
595
526
567
542
294
550
575
375
401
439
566
545
498
557
562
490
327
593
462
560
594
457
506
562
420
407
556
502
349
381
596
528
558
493
561
522
574
550
512
467
488
438
431
448
481
563
372
461
477
471
528
386
587
367
770
243
476
476
423
486
384
432
457
326
507
584
585
315
377
502
506
442
588
461
462
293
470
572
699
535
562
609
634
480
543
539
564
562
535
579
520
542
393
454
504
481
471
445
395
372
418
283
330
240
386
304
272
432
315
262
488
461
675
513
277
251
375
216
212
226
272
230
227
249
299
431
437
272
426
501
412
449
473
440
396
442
510
479
586
465
446
411
564
196
529
433
490
515
458
389
557
622
657
722
585
512
657
441
586
288
473
472
537
654
470
601
527
562
621
497
470
413
347
269
492
434
443
273
236
273
164
195
283
258
324
372
541
511
164
245
176
273
507
288
463
156
544
528
529
576
342
375
255
514
592
593
565
576
635
520
632
511
540
523
527
457
504
546
351
390
442
335
491
517
433
476
327
559
604
491
422
405
424
315
405
547
280
275
281
235
231
212
249
498
265
497
552
526
478
412
617
516
459
610
493
372
403
524
484
642
602
504
521
332
581
600
631
455
202
593
588
503
458
555
467
293
423
279
409
465
371
445
477
567
459
515
398
575
483
518
451
496
452
493
396
470
429
537
563
568
528
345
355
476
518
571
483
621
546
406
540
331
327
726
141
428
443
506
491
535
544
545
444
486
498
503
274
274
240
508
113
457
375
449
484
398
420
588
309
463
451
450
542
225
591
573
483
417
410
572
451
620
482
493
198
520
451
447
425
470
478
303
255
263
308
337
261
344
260
516
674
524
506
278
311
321
282
399
427
385
308
424
285
273
393
320
616
513
324
473
495
449
237
525
434
604
227
180
515
268
230
201
306
339
337
330
341
353
331
366
574
390
301
332
417
355
496
381
585
627
498
343
456
477
416
404
461
442
456
452
463
553
448
437
470
305
436
502
310
592
554
514
207
116
229
470
373
562
365
370
464
428
388
516
455
423
490
381
551
555
519
452
585
456
815
767
254
517
404
352
584
555
464
542
478
322
487
462
401
388
349
327
330
295
351
306
339
485
312
410
413
166
443
567
560
626
464
381
326
336
430
516
500
323
495
421
395
280
616
563
586
554
561
380
579
459
414
139
530
254
393
351
315
326
490
319
471
487
526
240
244
184
171
255
238
285
229
311
461
425
319
407
392
339
497
384
362
438
627
527
384
492
394
481
432
336
492
462
444
353
335
566
489
495
506
522
324
494
268
478
338
463
416
477
324
304
394
236
456
441
557
402
411
332
407
295
274
282
121
411
155
199
331
239
520
292
434
440
343
280
292
318
361
324
148
583
580
475
481
480
475
478
449
436
418
352
340
269
374
419
478
449
312
296
338
386
433
259
484
443
358
311
310
267
514
427
557
304
302
326
377
435
470
499
387
389
413
383
251
238
296
428
270
481
351
390
512
446
526
155
252
314
370
497
316
499
288
217
361
298
304
321
446
455
288
419
225
409
369
117
286
441
402
304
342
397
344
273
385
366
365
295
183
378
287
335
398
352
290
448
117
351
444
144
195
232
331
380
531
260
314
328
301
495
331
478
476
304
461
512
273
437
486
701
440
483
412
374
223
386
325
365
301
420
434
303
249
489
486
180
367
431
279
356
229
367
250
266
134
473
464
433
329
352
383
364
308
310
299
242
494
513
386
441
571
469
449
515
523
454
330
356
266
269
233
275
370
218
458
419
419
423
410
329
323
330
318
388
373
343
361
266
366
369
393
364
487
261
274
303
303
227
225
298
356
391
234
241
366
242
390
355
263
455
379
155
425
92
253
299
456
276
458
308
412
463
224
331
455
272
246
397
259
483
507
366
283
426
299
228
385
464
568
276
264
427
323
427
287
204
385
278
290
408
353
458
469
262
303
316
315
192
363
374
521
456
384
274
287
342
150
237
445
230
328
325
484
534
515
527
509
376
256
260
380
343
494
173
410
265
427
418
332
372
448
504
526
575
605
528
495
428
357
525
276
456
366
439
398
456
333
300
441
406
290
273
297
430
449
378
216
181
353
255
359
309
290
291
333
565
330
495
340
239
318
304
578
546
437
423
188
229
339
304
507
262
405
343
231
274
441
281
281
328
283
402
253
403
489
488
296
283
527
483
331
391
153
490
277
238
322
269
287
306
272
434
316
372
400
398
424
293
297
296
490
342
230
376
321
299
421
325
459
440
457
198
308
275
490
286
300
379
220
316
125
129
334
343
489
570
288
289
584
345
224
291
299
252
379
363
295
467
314
353
344
270
244
354
270
215
174
425
553
315
321
224
344
309
603
285
183
128
498
422
300
256
262
269
206
213
342
313
325
328
238
352
205
233
533
205
585
290
292
392
387
269
285
279
246
248
298
268
226
356
287
344
360
387
222
170
344
239
383
245
437
97
112
94
173
194
360
336
238
260
156
412
394
322
526
473
388
316
319
293
325
329
308
288
276
365
520
337
218
224
222
322
328
405
148
235
198
204
156
272
318
322
255
328
294
231
220
171
295
369
407
404
313
239
235
230
184
301
280
305
374
390
373
354
314
314
256
218
208
314
202
429
211
380
351
246
304
295
275
229
320
365
293
200
322
292
365
448
251
292
307
462
333
216
229
241
215
370
253
308
485
320
387
297
236
158
353
316
178
224
233
229
211
400
379
287
277
270
300
419
198
203
124
557
337
252
292
226
212
339
333
186
393
342
275
291
413
357
264
372
202
219
229
219
189
201
281
383
362
441
190
420
436
404
223
198
182
169
301
296
274
361
358
209
232
281
447
328
229
287
170
341
221
203
262
368
281
402
170
169
177
180
304
316
322
394
179
176
352
144
366
251
256
313
330
362
268
234
430
218
247
207
178
179
214
199
182
314
176
502
312
412
268
271
291
224
435
244
188
332
392
332
337
386
376
266
209
286
321
305
300
454
247
329
195
227
241
247
213
274
262
208
155
160
168
188
314
206
209
220
195
251
187
191
292
193
158
289
284
242
207
183
343
287
274
166
304
286
322
363
319
273
254
221
383
224
248
338
252
348
311
432
202
299
359
386
432
344
234
340
442
111
285
328
386
160
200
212
304
279
310
205
237
203
220
239
202
244
295
367
219
172
238
388
341
388
213
214
216
255
190
196
308
408
176
174
175
153
259
291
330
198
395
264
388
196
311
175
437
272
251
171
204
355
288
186
122
335
306
399
150
255
168
361
286
275
240
265
206
186
245
139
272
254
243
268
103
345
278
161
334
304
211
173
91
268
273
270
398
413
162
298
228
298
450
212
236
353
169
220
330
307
237
148
193
208
188
414
193
230
199
276
275
374
305
189
327
283
386
268
209
230
193
362
147
270
201
380
231
271
179
178
185
164
369
291
338
204
357
198
156
181
205
259
130
209
372
171
329
261
246
199
229
207
293
276
308
254
159
195
156
227
196
286
178
203
121
151
132
214
413
185
291
301
162
195
307
142
120
165
238
267
115
132
174
129
246
133
215
203
127
219
172
225
230
43
295
313
253
236
152
295
278
241
166
353
252
263
330
198
229
119
197
222
177
185
167
226
380
184
84
400
329
178
146
176
293
280
218
134
164
306
178
220
200
274
260
162
251
160
411
202
329
251
317
197
248
177
161
172
204
173
146
261
244
172
242
242
200
228
235
126
254
264
285
266
303
267
255
256
360
299
211
253
304
133
252
136
320
182
41
284
214
190
306
216
269
206
254
159
198
273
211
232
181
246
228
149
185
217
138
133
221
184
231
398
149
119
180
175
13
42
427
271
268
182
207
302
165
175
349
204
214
439
160
169
144
350
245
249
237
278
164
238
143
166
205
283
150
269
390
282
210
205
195
219
267
121
244
135
367
171
241
196
-1
228
193
179
276
237
241
138
255
282
307
229
201
186
167
351
296
139
238
197
176
246
169
268
437
248
137
208
191
144
214
204
293
192
143
166
170
100
245
130
357
142
308
158
159
147
110
166
186
157
211
90
318
174
159
152
103
160
187
136
195
283
134
114
303
248
169
257
143
220
195
242
108
80
133
343
231
152
211
134
209
161
177
142
112
279
141
159
291
119
186
199
142
105
212
227
75
240
240
290
102
136
150
212
189
183
222
137
178
177
79
153
107
169
199
200
236
248
198
132
144
111
119
205
169
67
198
66
129
162
118
129
141
220
142
161
183
243
201
160
119
112
90
126
147
123
146
162
341
146
232
127
146
136
178
150
154
152
200
79
59
188
139
139
194
91
121
154
116
173
56
93
127
53
72
155
112
136
102
112
65
161
84
130
96
125
84
61
80
69
93
78
105
65
52
107
123
130
76
77
129
58
78
341
138
