352
391
411
402
396
372
452
405
39
397
402
397
348
319
328
370
374
408
352
423
345
357
288
316
277
282
341
389
411
457
444
429
422
467
484
540
581
524
596
515
506
541
505
559
545
449
401
496
419
477
606
615
617
548
559
511
570
538
514
588
610
527
536
518
618
623
547
566
582
532
536
467
498
549
349
278
586
574
394
471
424
553
570
388
557
593
391
348
562
395
556
471
473
475
433
377
344
417
526
321
347
463
393
482
480
465
453
460
457
410
350
366
398
354
384
397
366
342
365
456
388
347
294
473
271
448
231
377
412
365
492
396
380
420
244
395
382
402
285
260
406
482
282
400
286
355
225
402
473
499
359
414
390
360
319
536
581
350
407
461
475
419
427
353
409
450
456
372
382
334
301
329
249
259
250
301
247
236
375
251
171
428
314
423
369
203
223
273
203
178
177
204
194
214
207
231
332
332
208
303
406
388
446
429
343
255
403
400
515
496
497
481
372
350
135
453
316
518
520
506
319
463
525
491
558
501
414
499
472
524
271
473
369
388
453
539
465
494
591
535
459
524
450
305
245
537
427
311
204
178
193
123
142
194
234
343
299
428
374
113
199
120
282
468
243
422
94
449
334
551
548
304
356
274
555
361
378
425
404
397
461
510
441
553
547
545
354
415
362
276
460
402
241
360
462
412
428
199
475
526
437
359
349
362
291
371
489
243
228
267
189
178
189
197
490
220
522
392
398
285
421
498
417
481
543
487
380
350
294
344
382
404
442
428
276
450
470
587
581
178
531
397
416
493
422
453
209
378
299
266
418
362
468
465
383
372
462
339
359
474
375
403
391
462
409
338
527
400
384
387
498
603
322
338
556
390
397
384
444
509
475
394
248
362
431
88
485
394
554
574
354
362
338
257
233
370
392
291
293
221
526
90
470
362
348
429
457
354
447
310
420
464
393
473
123
413
401
436
413
259
429
402
417
413
483
199
408
389
538
425
547
448
294
246
233
266
351
217
352
274
355
536
613
632
256
314
279
256
402
458
286
199
459
258
319
305
309
600
479
276
432
440
337
184
530
396
520
172
210
367
321
224
236
376
372
358
352
354
387
342
340
355
378
262
282
338
284
381
321
491
482
588
227
368
351
269
339
429
426
502
472
390
442
454
512
329
327
387
454
391
496
443
525
151
91
143
444
333
462
314
350
511
352
360
548
508
358
444
456
512
515
411
327
488
487
449
382
172
511
353
353
402
364
497
478
486
279
339
310
482
478
347
319
321
269
354
259
325
355
361
534
563
167
382
382
540
388
544
316
278
302
398
416
394
371
207
193
368
340
403
378
393
384
335
258
464
455
309
160
422
229
340
299
312
308
458
369
346
364
533
273
291
185
169
295
214
304
203
234
513
429
334
419
466
428
501
537
493
293
398
248
313
309
392
652
619
308
338
576
387
370
274
405
566
629
376
572
495
571
298
666
407
564
580
489
311
336
692
199
292
407
333
487
464
416
449
268
248
300
109
395
105
274
208
274
385
356
382
339
244
221
238
307
340
297
131
475
427
561
536
564
541
523
526
487
353
349
322
327
547
420
489
538
280
311
323
243
273
318
669
692
286
399
309
313
583
474
463
407
411
327
340
649
306
392
462
463
484
430
257
275
411
543
328
355
384
378
435
382
545
142
215
339
306
429
289
284
195
148
396
327
368
351
612
577
276
373
266
301
289
113
275
377
530
408
348
329
341
264
244
696
266
238
179
417
421
253
356
322
386
300
109
406
511
163
195
298
409
336
390
185
393
505
315
590
475
483
367
404
590
531
293
490
476
364
550
603
401
425
206
388
283
212
447
440
451
375
262
473
553
150
380
389
409
397
201
429
231
260
120
427
356
364
363
507
585
404
369
543
445
325
501
386
444
506
476
441
363
348
269
413
493
428
293
278
209
270
448
246
276
347
313
304
442
468
483
463
491
423
580
594
426
215
455
239
576
372
454
261
255
283
235
288
241
259
500
643
348
358
337
204
353
377
200
387
547
181
513
87
320
346
412
477
428
523
384
360
252
312
435
328
364
403
290
260
322
411
359
531
333
290
422
366
449
276
283
583
325
311
388
130
308
239
326
522
313
551
390
277
295
448
461
161
547
563
433
354
360
452
340
394
151
429
540
231
287
545
482
538
478
491
409
545
360
302
297
418
279
182
240
197
601
675
527
493
556
482
435
419
428
404
418
345
301
368
312
592
473
579
609
435
353
565
502
259
490
503
472
386
560
431
274
242
685
195
359
437
458
314
580
422
399
526
358
274
503
373
352
451
490
366
179
257
320
340
327
269
294
577
383
310
392
404
233
405
287
420
273
282
453
432
410
266
350
316
426
463
203
495
259
327
483
276
536
391
530
513
329
607
377
288
319
345
311
493
544
185
234
509
514
354
587
501
339
263
380
362
266
484
468
232
668
627
164
460
150
147
512
432
444
528
197
508
380
530
493
396
519
473
519
307
495
423
479
444
342
323
334
345
397
270
247
570
227
353
529
158
604
523
463
240
130
59
343
400
212
347
238
507
340
380
451
448
456
457
217
415
308
405
355
356
283
500
427
438
319
344
332
444
467
176
407
273
380
357
649
499
570
307
378
271
557
301
499
596
349
50
50
36
131
379
495
417
238
470
251
366
356
310
398
316
452
452
391
379
374
364
310
263
295
434
456
298
205
487
417
468
360
564
110
316
223
304
262
453
409
406
143
488
571
368
341
437
555
260
297
269
279
262
259
265
241
438
282
284
618
579
527
392
480
278
402
430
434
284
305
354
390
383
439
349
385
333
306
454
284
446
297
310
540
289
349
401
464
550
329
559
415
461
303
357
269
636
395
349
285
391
388
287
382
305
326
449
328
327
291
308
375
362
484
393
402
409
527
378
123
210
182
301
559
460
224
375
263
282
319
314
390
289
486
418
231
388
358
321
306
262
460
333
341
342
298
407
327
402
261
478
438
522
340
436
262
244
342
359
350
205
382
220
313
225
439
438
173
345
228
370
382
153
327
445
381
382
306
317
313
289
289
435
340
358
271
284
447
364
464
506
542
417
402
565
422
410
362
320
307
318
284
282
421
236
335
323
250
325
240
305
489
445
408
222
462
222
332
590
611
623
458
522
488
448
490
363
630
396
431
324
357
195
270
416
357
377
488
256
302
278
238
243
264
351
377
473
423
338
298
426
215
399
370
223
209
384
405
280
409
393
516
424
420
349
334
307
359
357
472
186
343
313
312
279
299
384
431
436
191
280
392
762
204
306
343
224
333
406
396
160
484
400
594
406
376
408
474
424
309
291
304
360
223
234
173
174
352
396
330
323
366
280
432
358
246
402
415
379
270
258
440
221
307
314
264
306
-1
381
545
243
579
360
409
199
340
302
391
240
507
190
373
322
330
358
232
515
198
296
297
388
216
533
361
540
328
364
409
391
432
258
474
461
224
265
184
236
345
224
245
294
226
233
169
330
319
400
274
384
288
326
385
493
352
425
279
456
234
257
274
285
277
370
319
497
245
251
262
432
323
314
337
347
240
431
456
333
335
257
432
350
234
435
247
387
150
448
461
277
298
304
314
340
488
397
462
338
357
484
243
272
366
285
214
198
363
355
363
401
357
401
222
269
258
408
352
448
320
335
317
388
369
385
251
350
185
208
250
358
261
284
325
248
111
319
397
316
268
274
383
352
238
216
287
170
343
296
416
378
221
422
253
438
344
47
211
273
295
493
277
425
236
386
270
430
236
503
315
274
385
270
187
289
349
371
220
311
415
184
126
365
235
312
299
132
367
311
297
316
361
331
294
365
345
303
339
161
448
234
373
397
265
260
477
265
186
374
286
304
343
298
286
398
229
322
370
379
268
281
345
146
447
393
291
281
449
229
431
339
303
437
311
480
350
276
513
262
367
242
44
386
284
324
458
278
405
354
270
339
381
303
336
347
210
437
224
283
292
316
254
228
200
283
322
348
307
255
255
418
14
16
313
246
226
304
337
332
127
230
301
302
249
399
342
196
284
310
308
219
470
406
274
243
176
263
445
434
265
266
347
270
242
384
205
307
445
214
464
256
346
256
310
349
259
154
286
366
456
449
373
122
341
271
286
426
323
219
264
437
316
268
524
237
305
188
201
259
324
269
195
205
338
287
260
211
249
208
263
182
207
146
249
304
264
301
464
181
180
208
142
209
347
245
406
80
475
293
116
251
227
155
217
258
242
144
256
232
285
218
368
358
115
237
129
219
101
154
198
428
277
193
226
224
266
246
116
270
88
306
241
233
265
241
214
225
287
195
313
268
142
313
310
309
106
276
217
336
316
283
146
225
188
280
147
142
217
177
308
311
373
153
194
295
214
168
230
248
301
60
405
55
139
266
195
118
271
313
276
289
253
216
311
234
210
178
94
214
232
211
222
168
339
211
202
195
250
222
255
198
242
239
224
180
137
289
190
189
283
151
181
255
151
160
107
137
182
128
166
263
58
186
219
185
133
249
178
154
162
168
185
144
143
86
168
147
173
86
98
176
232
85
134
137
124
107
131
316
249
