204
230
262
255
253
248
256
230
13
219
248
218
228
203
166
207
213
256
237
268
202
193
202
228
195
193
186
252
247
283
236
281
263
258
302
307
269
271
263
253
256
282
267
266
251
241
226
246
218
235
291
265
293
255
245
219
276
223
251
282
293
232
296
259
256
262
300
231
278
254
285
251
264
268
205
171
249
256
244
230
225
237
265
187
239
235
222
205
243
224
288
248
272
276
261
226
205
208
241
190
206
228
224
255
245
221
237
229
213
211
175
196
206
184
212
219
177
183
201
214
209
192
175
247
180
214
144
210
186
198
265
227
247
241
176
177
168
189
115
164
217
275
158
193
163
167
130
219
281
203
216
224
196
178
196
293
274
195
184
305
271
213
221
251
245
243
282
198
204
170
170
185
159
160
129
152
139
140
192
145
108
198
179
200
197
181
132
137
114
105
105
120
105
130
129
144
188
188
182
189
267
216
276
265
220
129
178
243
248
234
265
274
296
189
98
234
190
336
290
286
185
231
231
238
262
237
215
219
297
226
174
290
227
238
205
265
279
221
263
281
263
215
211
178
134
240
264
224
137
109
143
78
110
143
143
193
163
196
234
83
124
96
197
312
122
211
70
270
217
273
261
172
252
221
270
190
189
194
203
168
206
201
203
273
286
275
226
215
172
138
228
219
147
186
277
209
270
129
255
283
240
253
238
240
181
234
236
137
156
151
100
114
105
105
306
163
204
204
248
183
250
261
235
231
253
290
267
169
195
151
163
209
241
199
151
235
216
224
268
138
241
173
180
271
224
250
183
300
257
177
326
265
230
302
206
172
176
222
168
307
241
243
268
286
241
156
221
193
200
198
226
228
216
223
228
213
205
172
253
265
209
278
116
217
202
74
305
226
288
267
152
170
173
141
135
163
247
208
210
128
222
70
296
247
250
267
269
185
263
203
246
187
146
206
72
220
258
209
197
135
232
237
196
186
220
96
167
169
262
183
286
216
217
188
181
237
235
125
186
158
184
233
239
242
247
276
232
270
346
319
209
135
278
216
228
178
170
266
233
140
180
170
122
90
243
222
272
129
176
266
179
169
160
234
257
276
249
251
293
328
292
190
294
163
247
170
136
232
180
187
204
254
130
193
237
170
197
246
247
313
294
229
261
269
234
217
241
261
228
202
266
238
281
104
51
116
248
301
214
192
185
257
228
262
267
264
202
261
276
215
225
205
167
247
234
209
169
92
249
383
391
200
199
266
194
206
185
191
183
244
241
395
375
384
363
357
381
339
225
255
258
240
121
236
185
285
155
215
314
388
345
342
251
220
319
107
85
228
224
214
192
227
161
202
202
244
260
202
78
176
149
330
300
431
365
224
167
192
215
219
189
178
218
180
231
318
305
112
114
243
205
338
222
274
278
185
239
249
159
168
110
147
167
183
248
220
254
223
230
158
149
132
206
241
233
179
244
206
247
348
274
343
257
270
227
349
360
265
134
129
284
170
275
250
292
234
228
199
343
61
232
77
185
155
119
192
277
225
184
209
170
187
238
275
232
71
196
204
293
298
304
306
305
253
255
300
261
314
258
281
211
190
228
322
301
262
133
145
208
239
238
221
249
341
366
248
204
214
357
322
165
276
230
154
203
269
247
262
265
296
345
345
220
263
209
346
232
184
199
223
127
148
136
151
207
124
133
130
125
157
228
277
344
244
247
195
232
112
102
132
62
170
175
208
373
326
188
282
342
165
251
231
261
104
233
162
211
245
232
330
164
82
222
209
156
181
308
279
210
210
108
268
269
356
277
265
257
147
295
211
179
84
193
196
170
214
228
179
224
133
182
272
135
244
298
226
253
218
251
196
79
169
247
268
221
154
281
107
241
77
196
216
149
294
240
238
244
249
215
260
254
225
190
237
272
216
161
178
149
128
160
227
236
346
400
292
365
261
352
161
182
175
152
227
245
242
237
227
222
240
260
181
106
242
157
219
183
198
160
145
171
165
159
150
154
212
211
266
273
233
111
250
256
80
189
239
73
241
80
154
234
207
301
192
245
174
187
113
372
205
415
324
231
224
142
211
274
275
208
237
222
160
160
197
311
362
200
206
167
247
65
139
292
185
272
185
251
191
268
181
242
218
136
210
190
219
145
146
244
306
202
177
317
237
167
224
241
238
215
201
188
163
198
250
205
172
191
123
117
96
94
255
226
208
175
196
205
206
191
197
170
219
205
191
161
307
204
170
201
202
161
185
222
284
114
190
217
189
146
190
156
263
200
226
112
223
243
201
253
232
192
277
267
199
180
237
179
188
229
179
214
143
147
250
337
182
167
173
254
205
223
197
221
130
257
182
188
158
174
171
177
239
222
171
151
231
224
134
174
142
283
172
170
223
176
235
221
168
226
226
179
153
277
341
200
234
86
162
205
219
184
256
213
178
147
173
228
146
188
222
182
227
229
97
239
86
152
243
151
174
206
114
200
175
171
220
301
210
181
226
135
159
244
238
170
196
176
185
243
186
181
164
222
123
135
198
92
211
192
207
241
74
47
136
159
128
275
196
169
291
248
193
246
263
264
243
250
168
161
149
303
125
164
176
166
163
143
267
221
211
54
134
349
192
131
210
225
228
190
265
245
203
337
159
185
131
37
32
25
124
289
216
191
127
250
143
169
186
134
178
170
179
156
135
130
144
146
124
127
130
214
217
182
247
181
206
151
228
195
55
261
178
343
300
196
230
225
84
207
202
180
227
151
170
150
128
118
134
327
324
149
346
283
261
137
247
229
219
201
223
192
216
159
201
156
226
153
152
157
173
114
152
220
210
164
120
154
121
146
190
157
200
204
177
191
269
231
183
221
241
237
238
221
200
143
152
207
192
105
175
162
208
212
179
187
344
334
260
117
180
186
167
179
191
165
70
144
96
169
178
165
113
256
393
141
169
145
147
140
190
222
103
151
151
142
180
182
162
286
199
215
138
202
125
216
315
217
175
188
179
163
278
200
131
133
123
125
230
153
126
159
196
158
92
178
118
166
224
62
270
156
158
157
171
191
187
169
188
219
234
154
195
380
231
127
186
168
169
195
199
243
197
196
146
262
220
348
176
189
170
101
305
125
133
183
140
172
198
180
154
202
207
111
282
181
196
200
156
204
184
143
201
173
230
237
182
179
358
93
137
161
265
202
171
167
193
401
337
304
310
178
172
182
234
324
230
164
260
146
262
132
120
180
184
127
197
162
163
136
169
185
144
184
212
167
174
67
221
231
174
122
199
160
198
164
71
125
135
203
111
156
187
71
215
162
182
254
164
134
252
218
223
247
220
151
165
121
192
189
98
200
115
103
162
172
151
124
196
157
158
136
274
185
158
162
188
191
217
109
192
284
265
324
198
176
190
174
224
197
210
139
140
298
174
143
180
202
169
154
148
109
259
187
99
117
96
204
136
162
140
208
120
135
151
151
167
375
214
210
112
195
241
129
133
141
120
98
72
144
85
157
167
139
131
147
307
168
314
233
163
200
188
163
129
120
214
141
111
232
187
159
151
124
460
213
140
116
336
176
109
151
160
151
157
189
180
211
318
182
195
184
84
188
138
197
277
276
256
197
164
158
280
154
121
152
293
321
139
280
119
109
161
132
137
151
130
158
321
130
121
209
127
148
123
206
273
283
169
175
278
123
109
116
116
307
126
202
136
147
86
226
202
266
186
278
122
116
241
341
253
154
112
224
181
182
110
151
144
156
128
36
93
128
137
168
217
134
188
140
318
178
95
194
151
170
157
184
64
215
135
167
361
149
165
100
90
155
93
161
249
45
171
122
96
156
145
119
136
124
172
160
141
110
143
117
149
152
138
225
164
429
169
129
293
262
185
159
266
137
165
177
211
215
173
195
201
120
172
181
148
123
186
114
199
151
173
189
119
175
151
180
176
160
139
152
14
192
233
146
170
102
271
175
139
106
134
148
238
174
128
161
143
287
163
158
240
143
195
114
145
143
307
214
188
146
19
26
123
134
129
96
206
215
77
190
147
121
116
165
255
230
114
143
123
116
154
183
306
136
193
117
137
186
247
123
142
188
145
152
110
142
156
106
162
266
171
168
200
299
133
66
88
198
177
165
176
66
130
147
110
185
116
187
155
191
115
230
190
142
302
165
80
193
177
144
237
106
141
243
110
102
120
164
112
116
97
92
116
202
125
162
171
273
271
218
199
105
148
114
144
12
189
289
60
187
149
80
122
174
92
69
257
200
158
168
116
148
76
82
72
197
131
136
-1
162
96
152
77
105
170
122
36
90
22
121
202
142
161
128
120
291
106
236
151
112
65
137
171
127
65
115
95
158
277
115
88
172
137
156
76
56
159
108
142
141
225
99
87
93
127
77
178
111
109
27
159
26
37
102
193
65
124
183
175
120
229
131
142
94
94
75
41
94
114
98
101
89
148
104
116
93
96
98
108
95
284
283
114
61
48
109
89
87
171
74
125
231
64
94
70
67
81
55
115
109
20
75
88
84
50
125
81
82
124
154
98
88
91
47
61
105
53
41
42
64
87
57
87
88
42
85
71
215
169
