1714
2227
2379
2089
1935
1473
2389
2250
186
2129
-1
2062
1896
1776
1759
1966
1817
1939
1773
1973
1774
1706
1466
1580
1452
1380
1617
1947
1884
2023
1791
2104
1877
1974
2031
1931
1930
1809
1779
1903
1851
1686
1767
1739
1664
1691
1574
1682
1638
1519
1699
1648
1648
1586
1541
1570
1479
1422
1651
1471
1447
1413
1591
1341
1385
1418
1555
1359
1461
1426
1723
1677
1740
1808
1300
1432
1444
1595
1443
1545
1018
1361
1261
1253
1343
1196
1418
1124
1182
1810
1659
1426
1806
1891
1757
1672
970
1338
1598
953
1140
1472
1702
1640
1628
1326
1297
1202
1309
1297
1131
1209
1318
1106
1138
1169
1085
1104
1234
1135
1063
984
1174
1451
1175
1206
1040
997
1322
1051
1776
1090
1083
1107
800
971
1005
1102
1083
925
1501
1302
851
1008
945
1045
745
1035
1693
1160
1516
1474
1302
976
1496
1594
1467
1100
1105
1561
1463
1337
1317
2018
1714
1587
1739
1016
934
991
941
969
761
780
737
846
751
768
952
830
622
1103
1123
1228
1367
1271
643
720
610
559
555
646
585
660
828
694
1489
1489
1164
1560
1505
990
1932
1875
1601
902
1077
1342
1243
1125
1375
1343
1722
1330
713
1463
1550
1596
1506
1453
878
1401
1189
1172
1211
1356
1221
1219
1094
1216
1306
1612
1529
1383
1083
1315
1392
1109
1464
1307
1403
1220
1015
949
959
1312
1034
1320
814
709
983
546
564
953
840
1005
1506
1107
960
459
640
516
755
1541
848
1017
472
1102
943
1306
1366
808
1017
931
1159
1073
1075
988
918
1124
1204
1228
1286
1268
1156
1140
1586
990
928
990
1221
1274
769
956
1609
1082
1777
1091
1353
1137
1512
950
892
914
755
960
1370
1419
1171
1449
1074
993
1109
1307
1551
971
1091
968
1578
1298
1454
1341
1383
1099
1206
1499
1249
1008
1228
872
941
1248
1348
998
729
1083
1092
1007
1087
964
1201
981
1144
1438
1168
1118
1079
1276
1424
1253
1196
1440
1084
1541
1145
1152
1061
1581
973
1374
1246
1427
1468
1563
1398
900
978
1132
985
1007
1190
1071
870
791
1014
1255
1075
1111
1075
1311
1057
1214
749
952
1001
480
1469
1462
1410
1263
926
924
855
760
742
829
1254
1045
1047
777
992
364
1418
1208
1157
1146
1263
968
1179
853
1310
1190
959
1176
866
1080
1268
1095
1072
673
1151
1609
1106
906
1099
1273
841
713
1066
1061
1221
987
773
686
586
662
918
551
809
825
851
990
1016
992
638
731
715
580
1195
1249
736
771
1446
1205
744
1351
1087
1109
983
930
930
859
921
440
778
1222
1009
496
537
1243
917
678
634
863
899
902
839
776
1016
814
989
918
998
958
953
898
979
1014
1368
963
1018
1107
688
1129
1121
974
1303
1228
1261
1247
1207
1173
1197
1193
1256
1030
955
1289
960
841
1091
918
1118
458
237
811
1406
802
984
1397
867
1142
1413
990
1354
1127
760
1272
1254
950
988
1115
1065
1085
1076
884
854
454
920
1135
821
956
802
1070
765
847
756
770
882
991
827
1006
954
946
886
739
847
856
820
1008
1000
796
501
880
1036
1009
897
726
992
891
724
845
1221
1026
1014
610
488
997
895
765
759
745
853
920
735
998
1315
773
345
672
1156
741
737
812
807
965
955
1140
957
751
712
706
527
503
666
598
662
542
589
726
837
803
876
1116
979
594
826
759
828
675
769
865
744
728
908
866
1293
922
651
828
608
683
744
958
850
741
894
827
977
942
800
824
929
718
881
718
819
668
1010
638
889
784
1036
1011
699
943
629
545
868
323
872
672
533
864
476
818
785
764
658
753
665
636
586
664
595
382
774
932
1024
1004
993
1015
977
1070
1066
878
678
606
624
835
869
751
857
842
692
808
612
646
566
683
682
1023
622
758
803
794
651
1150
603
568
739
660
685
650
752
1031
1001
952
1050
807
846
579
628
978
1078
654
1088
947
904
885
574
749
572
623
730
542
613
643
439
613
630
782
700
738
798
955
1316
385
585
591
482
536
548
570
529
653
763
1163
712
903
672
721
543
924
858
653
822
1227
1121
536
690
424
1345
617
545
536
721
595
538
736
816
875
853
648
749
540
1157
737
570
708
536
750
519
546
704
632
692
491
604
956
656
570
594
505
555
832
617
868
758
601
376
637
714
580
572
763
1243
553
694
661
824
1113
589
648
705
756
687
634
605
846
666
814
997
603
1075
839
633
825
580
602
755
818
685
659
586
591
662
583
606
860
1127
1010
941
931
760
739
796
786
649
688
715
543
759
775
492
537
725
892
563
478
531
484
374
473
405
688
679
678
698
766
597
852
1106
670
779
670
269
947
333
514
500
887
488
982
647
552
560
501
605
779
617
426
612
587
631
751
874
507
565
537
556
745
591
715
594
571
695
943
734
626
464
839
636
715
944
522
920
731
591
773
709
693
532
547
539
683
608
499
584
640
660
603
451
829
953
856
642
1108
623
532
558
536
509
444
541
546
514
602
477
548
600
689
550
452
496
532
723
700
671
808
553
1209
646
521
689
478
576
465
585
543
547
681
542
937
633
663
573
568
517
586
434
470
406
547
636
562
613
553
1107
489
698
947
953
560
675
647
719
777
835
561
720
438
467
512
684
835
600
580
589
377
742
765
569
568
662
579
645
455
1019
444
651
629
453
753
567
861
707
261
545
891
649
487
472
574
575
486
472
387
619
597
452
693
566
478
530
740
473
435
588
554
751
619
467
662
474
661
403
677
405
930
494
521
517
527
532
327
494
608
403
539
811
564
607
537
441
421
410
430
484
590
451
487
735
634
542
601
557
441
887
533
337
297
485
562
396
453
405
462
407
880
512
390
326
492
599
637
431
486
465
359
411
377
654
517
516
623
593
426
350
570
409
604
462
399
682
443
478
572
601
531
336
388
445
444
367
481
419
546
511
424
281
478
542
450
468
474
269
291
262
803
314
615
479
489
579
253
599
710
395
666
638
461
407
506
494
510
516
472
366
522
628
678
515
611
432
381
411
462
552
319
673
828
360
285
560
659
716
559
580
483
284
351
269
489
603
388
411
616
485
480
321
439
770
598
765
515
651
641
571
663
1199
465
296
399
353
292
495
312
561
343
257
324
448
507
301
507
400
381
367
446
359
539
723
380
464
489
653
440
410
573
512
529
494
379
344
465
613
511
394
519
259
517
711
352
314
414
395
353
383
416
559
531
488
362
623
292
245
134
685
414
322
659
274
471
549
463
304
352
467
371
550
579
390
409
418
299
345
366
318
345
335
495
490
335
1009
429
523
402
452
377
371
380
281
376
291
284
522
657
529
349
390
575
484
345
427
275
460
516
654
387
424
359
543
304
322
295
332
825
710
823
438
445
342
634
244
447
362
329
531
547
594
454
443
696
322
365
354
335
322
362
322
328
321
305
718
394
569
483
435
395
511
756
282
392
444
524
457
352
436
380
423
334
554
433
850
459
597
369
625
296
340
382
335
323
470
440
389
281
268
302
314
795
290
291
375
391
434
593
322
732
264
253
417
421
268
330
325
379
295
319
321
388
744
494
549
527
317
448
541
513
276
339
320
453
550
489
452
248
438
477
428
677
476
637
374
515
186
372
321
646
265
323
379
519
328
315
249
436
404
349
347
293
254
321
509
312
240
534
454
443
526
566
353
323
329
278
272
565
421
253
286
311
306
402
391
512
678
703
425
629
403
353
276
680
385
469
496
300
423
386
284
224
419
319
409
239
533
452
387
271
374
341
271
284
247
382
267
571
466
360
686
261
572
283
314
379
323
301
321
148
581
575
381
449
654
264
720
502
624
548
395
376
428
255
277
565
367
303
289
351
311
349
377
338
496
363
270
666
632
313
314
357
335
625
478
324
437
334
515
249
441
203
573
326
362
355
369
387
265
472
363
530
236
311
259
346
316
294
411
207
259
467
229
337
299
319
345
401
281
567
569
281
343
213
348
305
377
368
432
265
271
201
234
234
421
473
333
376
562
420
302
678
260
204
259
299
230
226
239
315
333
249
211
380
454
237
283
228
302
307
198
285
381
264
324
304
370
568
289
314
497
254
467
352
312
330
211
371
398
313
322
302
370
505
798
180
344
314
259
230
371
539
253
202
211
331
338
253
285
334
610
325
219
298
277
496
324
329
370
506
394
432
276
296
320
373
321
296
285
278
301
512
520
245
269
265
281
444
439
354
342
371
284
407
353
418
537
222
341
311
241
322
206
426
396
240
523
289
335
331
214
483
302
317
228
315
290
442
371
249
372
330
252
336
283
220
214
347
179
304
522
265
218
257
285
77
117
593
595
304
313
250
542
233
246
337
200
201
598
268
261
187
334
294
254
288
361
342
251
251
218
262
422
219
322
493
450
365
343
223
311
343
236
317
229
459
369
447
327
437
248
182
290
366
294
494
180
296
477
373
399
248
312
297
434
313
258
291
330
264
589
153
409
500
585
227
248
255
271
271
213
345
311
236
191
181
131
282
204
452
233
414
278
281
233
240
193
250
213
307
109
416
270
183
228
167
172
327
260
207
347
231
180
533
435
230
316
174
199
194
358
320
142
248
484
196
182
167
222
525
232
174
170
402
304
222
247
444
170
255
427
242
187
251
333
106
333
322
359
97
184
184
418
362
208
226
169
290
198
117
175
173
234
257
257
410
381
191
235
184
159
157
228
219
326
279
97
123
191
184
135
245
428
221
259
278
448
306
239
184
191
250
194
201
189
214
156
337
200
274
180
193
177
230
171
266
266
297
106
75
245
162
161
403
131
215
229
119
212
72
118
156
77
113
203
219
115
143
188
85
329
169
140
118
184
205
95
150
71
113
106
128
71
75
111
176
197
100
99
147
73
103
1412
208
