757
912
924
846
834
760
924
826
91
865
826
789
676
629
716
754
756
860
782
958
689
747
581
669
567
602
707
813
908
988
1006
863
880
950
1030
1023
1284
1122
1167
1054
1019
1088
997
1181
1105
954
881
1059
853
1031
1242
1042
993
957
1033
899
949
910
866
909
941
920
1045
829
954
928
1089
935
920
920
1018
969
991
1084
740
611
946
1116
802
905
596
896
852
625
855
866
753
657
865
829
1181
917
1012
1147
946
807
581
890
1176
556
592
787
875
1051
1050
778
736
754
774
711
603
652
726
657
671
667
627
597
670
704
640
600
665
901
558
784
494
651
687
610
1001
605
600
627
428
678
713
738
529
439
844
781
511
743
563
646
412
685
873
831
822
954
834
670
694
1002
1060
679
718
900
1013
805
799
718
929
1042
1047
659
658
593
563
588
408
424
404
543
444
430
633
441
348
679
537
879
821
428
374
493
332
310
316
387
328
357
352
403
695
696
447
674
841
628
932
891
737
486
711
812
783
751
922
852
737
744
356
985
669
1061
1084
959
565
944
842
803
877
861
692
1006
783
885
559
911
761
812
766
928
994
785
1166
1031
934
811
695
518
441
946
653
645
430
282
395
249
244
442
542
609
657
681
569
207
351
247
439
1021
414
695
178
697
704
980
1215
524
534
470
934
724
744
811
801
741
934
957
951
1312
1372
776
747
671
792
482
842
763
400
617
988
673
902
470
987
832
949
574
570
596
470
575
1079
504
499
518
424
398
396
470
1050
500
830
858
831
587
848
1108
896
802
945
991
999
640
609
624
632
801
928
692
420
722
845
904
832
344
840
659
802
1123
922
775
457
696
569
521
757
710
835
1001
761
617
806
724
681
986
794
839
735
973
945
550
761
739
771
769
825
885
500
544
825
914
904
714
694
1055
804
853
461
581
740
193
1095
868
1154
1250
575
608
574
465
460
590
809
598
593
410
907
160
999
794
717
953
1058
614
977
746
808
857
596
1087
314
873
888
943
672
473
953
810
874
699
764
417
696
570
1303
689
1309
708
411
356
349
390
529
326
541
465
611
861
875
864
372
450
403
348
682
903
437
433
1027
584
449
642
601
1016
799
461
639
678
575
226
697
826
794
223
318
715
511
376
385
574
545
565
544
523
619
485
552
636
604
529
621
598
489
851
656
837
819
916
400
769
702
537
715
950
986
1106
1037
930
900
922
977
671
553
761
719
606
1008
1035
1282
213
135
314
938
518
862
632
675
1023
704
906
1134
1279
533
886
971
877
775
896
620
1017
1129
750
666
250
841
627
578
815
818
1068
722
723
443
521
637
843
751
577
533
533
449
466
504
506
672
608
1034
904
280
577
821
852
619
714
568
471
429
616
916
878
622
384
318
947
581
971
872
839
622
665
467
728
917
462
210
714
451
504
437
545
461
745
592
783
847
749
414
418
245
250
408
318
419
313
375
698
633
531
613
1085
849
705
-1
1531
645
627
463
531
579
551
925
907
790
764
717
589
538
369
614
803
942
565
1060
780
1144
466
900
785
1290
1109
713
449
560
811
362
428
603
603
1149
970
565
744
368
355
494
163
634
230
372
370
370
684
570
561
545
398
323
349
440
589
592
237
664
833
1060
1009
1016
992
985
1116
995
598
523
469
417
1297
966
650
1102
471
548
556
419
526
444
920
900
611
587
491
525
818
652
976
449
427
519
702
873
535
751
1036
957
1084
902
400
461
478
674
571
648
516
741
774
929
993
265
379
444
485
651
441
483
323
222
564
510
577
545
861
815
647
808
296
439
469
248
392
569
661
466
699
661
702
438
507
794
493
333
372
586
630
462
739
696
475
532
208
749
646
298
280
497
527
404
701
368
816
985
507
806
624
938
657
504
805
721
523
694
707
572
693
786
509
571
423
603
387
384
547
583
836
524
601
701
750
313
522
810
533
698
463
907
395
491
268
872
717
540
500
741
830
647
499
699
923
444
813
817
653
969
885
703
680
536
461
641
836
827
530
495
329
414
633
412
592
674
630
672
976
847
832
829
779
606
756
792
620
458
1081
382
616
867
906
414
362
426
346
351
395
376
761
801
634
652
525
477
684
770
371
730
972
182
1002
140
510
468
979
525
891
912
857
826
397
468
807
561
372
712
485
488
702
806
434
644
517
582
698
544
767
445
465
779
659
508
749
239
654
403
604
1088
651
912
874
413
505
792
735
279
626
611
815
631
569
770
479
857
277
484
793
458
650
732
961
726
592
627
570
631
460
587
636
644
480
317
393
325
778
729
554
664
663
791
737
707
670
655
895
673
464
601
370
727
542
710
737
610
561
735
1088
547
734
764
624
549
761
518
415
389
673
358
649
695
782
649
603
717
820
932
701
542
801
721
628
698
727
747
252
413
578
582
668
509
562
708
476
538
879
663
358
767
420
790
423
566
531
636
762
400
612
512
859
841
301
619
536
530
609
350
716
523
530
553
507
771
695
507
570
453
406
665
768
407
381
670
869
796
696
589
605
479
788
588
495
538
932
460
618
639
249
746
185
246
669
593
675
825
346
705
588
559
500
411
511
569
605
430
624
776
695
550
629
545
496
623
810
340
335
569
383
435
628
247
595
509
737
390
212
135
566
661
431
432
341
533
371
442
520
780
628
625
374
530
470
414
511
442
462
595
514
673
456
470
450
698
649
298
485
402
534
405
633
466
668
577
467
324
615
453
571
558
470
97
127
92
298
350
881
724
603
676
268
571
626
482
633
489
543
529
617
630
628
591
571
420
499
648
670
663
295
531
457
521
591
778
211
566
408
387
304
722
762
770
300
750
618
387
389
378
656
477
479
470
476
375
373
410
388
768
437
625
616
770
752
573
861
602
640
373
508
464
326
558
514
650
461
368
439
569
634
388
489
525
410
357
532
469
656
793
474
567
460
724
532
488
619
579
494
585
474
447
476
636
743
388
621
304
562
830
368
367
439
443
359
451
507
722
593
560
464
584
227
248
168
488
587
450
391
317
418
436
483
360
463
490
459
643
365
466
481
403
346
339
433
344
382
378
586
537
415
778
417
604
550
584
403
479
339
316
442
407
363
322
641
355
407
379
836
667
272
547
312
492
664
385
403
467
431
583
312
340
315
340
619
725
609
500
493
374
663
336
603
457
411
992
968
642
555
530
577
389
433
397
346
338
449
354
372
398
342
607
477
543
611
549
467
345
928
302
382
610
669
575
455
512
495
485
388
589
521
832
516
616
380
321
320
400
424
370
413
487
531
386
322
336
332
381
623
358
354
366
394
512
333
388
705
265
257
501
521
351
428
403
487
380
420
353
430
654
583
521
573
298
498
529
546
340
416
379
558
633
343
433
322
591
340
511
715
380
618
471
576
219
457
433
764
346
368
488
608
452
364
309
491
452
325
359
234
243
416
589
361
314
576
491
559
634
378
429
408
440
364
329
666
343
259
319
343
303
537
479
627
606
798
504
608
360
384
320
669
445
602
269
476
462
474
387
256
515
293
401
298
605
385
527
350
456
406
327
403
307
493
319
681
618
482
516
307
441
389
325
377
425
347
332
161
549
555
466
421
630
284
653
534
688
772
446
368
596
271
345
496
422
361
314
391
448
326
355
372
587
405
320
550
604
407
422
426
419
474
397
432
473
369
752
294
463
212
720
408
508
398
386
458
293
593
413
564
300
381
355
353
349
401
375
246
336
626
280
424
378
407
409
381
352
469
633
389
492
261
385
329
417
429
476
291
327
230
278
258
519
394
360
443
453
216
331
638
270
225
286
417
320
246
267
322
257
318
229
463
546
255
373
281
377
376
84
312
395
299
382
316
510
387
363
359
570
278
568
428
363
408
231
348
404
415
383
366
437
568
379
276
442
331
331
246
290
599
361
285
259
413
426
307
358
512
525
424
209
421
350
504
461
302
442
727
404
333
354
300
357
423
362
315
390
308
371
535
533
290
278
321
225
522
531
415
315
429
324
491
423
433
695
297
408
366
299
460
276
492
366
108
591
305
397
429
274
597
363
386
292
395
358
525
423
283
467
395
245
419
314
261
264
296
247
313
610
283
241
295
361
34
46
526
480
365
397
315
569
325
253
353
267
244
587
287
312
249
361
332
309
367
497
357
302
234
285
346
487
268
317
533
485
403
392
275
379
447
268
422
237
519
360
454
370
384
270
227
333
458
364
566
183
388
402
480
562
298
294
296
492
403
285
419
381
310
340
191
389
445
486
246
269
317
305
346
256
372
280
261
200
260
139
321
227
444
307
564
255
254
250
213
224
329
241
420
154
502
300
152
266
222
173
303
299
251
309
255
190
471
360
300
398
179
235
195
298
163
152
239
607
260
213
207
253
491
267
213
225
162
371
261
269
384
212
321
299
304
191
327
342
147
371
371
381
107
223
197
479
384
225
185
226
330
225
141
202
198
267
316
315
473
305
234
326
230
187
200
275
260
152
359
72
132
225
172
135
300
469
305
322
301
408
340
258
202
217
178
229
236
219
253
200
419
241
278
202
261
198
263
199
271
271
323
138
100
346
184
183
443
167
209
260
137
251
96
144
190
108
144
261
126
148
181
198
92
334
217
170
160
204
234
115
170
96
133
127
177
86
82
134
210
139
114
114
156
97
128
654
246
