443
357
331
330
292
250
363
319
29
316
320
295
373
328
238
283
254
291
266
298
297
264
267
386
378
253
247
281
292
291
267
320
396
344
382
404
383
317
326
332
362
330
351
315
293
325
309
291
394
280
371
361
376
366
296
350
346
274
389
343
366
298
364
347
281
308
307
267
317
322
338
279
315
316
359
350
293
276
278
280
317
294
288
331
311
269
395
446
273
341
317
328
302
303
297
279
397
291
281
391
405
358
279
273
284
286
319
268
283
364
372
314
381
259
258
326
274
437
315
266
300
249
286
308
351
271
444
225
353
306
291
313
356
318
317
208
210
250
278
346
324
373
227
229
251
253
214
243
341
231
258
252
249
209
272
320
275
326
266
348
287
295
302
311
263
262
309
222
249
274
291
253
266
265
291
191
291
299
260
261
207
246
410
217
216
371
238
174
224
214
207
205
224
314
401
302
298
294
301
226
322
267
294
297
257
304
285
297
335
302
310
314
380
255
367
298
259
300
301
305
242
278
277
283
267
267
286
233
365
264
339
298
271
288
222
253
285
240
273
329
274
271
283
344
277
254
286
269
414
388
374
332
360
372
291
263
186
270
276
231
278
255
243
284
328
225
279
308
274
323
254
208
407
450
214
201
220
196
177
219
237
259
246
277
231
248
260
252
177
315
287
280
260
277
343
333
265
269
242
318
264
314
310
301
298
269
232
285
270
249
222
200
234
187
269
311
234
209
311
258
259
265
270
233
256
268
306
336
278
184
209
284
287
212
337
311
232
234
270
296
270
186
264
253
224
287
358
381
490
243
323
376
231
276
248
295
213
263
218
280
232
251
292
272
226
319
243
271
195
209
266
227
295
283
214
199
216
255
298
284
213
245
259
313
220
244
234
225
271
246
243
244
203
208
216
186
248
227
225
300
196
283
264
248
276
249
221
261
267
218
259
202
218
193
229
231
234
194
351
159
211
235
228
261
251
233
151
187
188
309
227
214
320
325
245
302
280
267
296
260
204
225
234
205
304
328
289
276
370
263
200
293
232
260
247
198
161
225
242
201
229
226
195
209
228
229
267
269
359
299
277
298
248
256
285
279
268
311
339
374
387
250
342
288
265
242
280
238
211
167
207
252
280
201
246
173
196
229
217
226
232
198
260
244
254
221
311
254
264
230
272
173
228
210
141
248
246
377
239
277
182
240
298
261
257
218
195
279
260
211
244
201
258
247
196
200
205
247
175
337
268
202
162
227
176
205
304
208
192
201
217
328
355
329
393
268
404
285
213
289
220
188
258
227
190
263
174
223
302
403
339
253
270
229
330
235
192
209
265
142
154
168
168
193
196
301
252
318
84
142
322
289
391
379
410
210
238
199
185
179
388
330
382
464
303
440
301
143
144
185
199
380
283
190
262
145
163
154
148
176
142
279
173
224
190
153
292
189
152
226
139
215
208
238
190
196
209
160
210
363
163
174
186
139
190
257
287
171
325
194
252
194
176
176
283
236
250
232
333
150
303
280
253
171
73
170
269
185
155
388
364
288
258
196
192
127
171
180
236
226
215
231
225
204
196
239
251
242
287
162
172
214
173
267
156
220
188
170
215
167
176
239
192
374
302
177
170
212
254
198
213
181
154
187
160
172
156
166
159
533
323
263
171
258
245
235
285
240
159
148
278
259
148
168
203
108
166
198
286
106
205
255
304
169
175
286
299
159
141
130
230
253
159
156
211
213
187
257
404
235
171
169
256
192
262
129
210
252
232
213
201
340
234
168
327
241
252
187
156
145
161
229
139
217
203
179
238
148
224
152
126
139
136
125
188
161
155
139
183
223
126
217
272
167
160
169
209
185
230
147
57
189
152
208
128
112
197
167
223
159
171
229
111
261
182
149
178
232
148
126
247
177
199
177
207
190
126
173
141
156
152
146
150
235
253
438
317
184
292
191
176
155
153
163
136
146
161
155
164
143
152
113
129
143
185
126
145
169
208
184
188
168
136
197
159
154
146
186
184
242
139
188
188
117
165
130
101
169
332
146
183
165
171
155
134
119
126
111
268
139
296
157
126
161
144
149
188
164
144
194
169
196
168
185
203
201
168
179
212
127
152
134
236
178
195
118
220
124
284
210
116
117
184
110
103
177
96
83
118
228
126
368
169
212
153
214
155
208
153
131
144
120
125
170
165
112
160
134
144
111
192
167
135
123
88
112
152
162
158
186
148
214
128
152
134
178
156
102
125
135
109
229
102
205
113
120
145
104
104
127
107
231
195
118
256
109
114
107
241
128
185
167
197
167
130
126
167
230
243
130
132
213
151
128
172
174
166
110
164
150
209
142
106
148
160
269
130
221
207
98
147
127
149
148
112
166
153
114
129
185
233
122
200
134
214
119
118
103
122
136
128
146
251
216
80
182
111
227
150
104
175
151
103
147
167
124
117
215
105
159
124
122
122
273
122
228
373
150
99
110
177
218
99
131
110
95
162
113
90
157
118
79
191
185
126
140
134
114
258
108
130
103
123
144
101
132
123
122
85
187
173
187
195
122
111
184
118
182
104
165
177
95
129
102
106
319
185
129
82
147
163
142
77
84
168
138
137
247
109
98
33
94
178
93
115
110
134
128
111
148
150
118
283
97
102
108
173
169
122
232
132
140
109
170
117
92
112
115
88
145
196
120
101
121
96
118
110
106
111
154
140
196
101
272
74
87
83
113
126
99
193
207
136
104
77
119
118
145
96
96
93
135
65
98
140
76
74
120
239
239
73
252
162
284
96
137
153
152
194
145
220
191
71
95
90
151
105
64
89
85
44
84
112
126
70
90
88
104
96
107
88
121
144
80
89
149
154
136
119
121
105
177
116
90
71
144
173
119
66
67
77
113
158
110
93
112
120
154
89
100
100
83
89
91
178
74
87
47
167
98
88
142
114
170
159
139
83
78
92
88
100
154
91
90
118
147
159
97
159
137
109
80
133
89
162
148
141
103
105
87
50
214
133
89
82
79
174
140
192
74
112
117
103
137
106
112
133
99
89
178
89
98
142
130
138
133
147
159
111
202
96
94
136
126
49
126
90
88
110
106
167
113
87
189
139
106
118
158
150
91
107
141
87
99
145
96
115
107
82
130
159
152
100
146
96
115
112
75
111
101
97
95
157
120
141
110
124
141
160
119
84
173
106
83
97
100
185
136
135
140
104
141
90
121
124
151
92
313
63
141
101
101
90
86
55
121
75
96
73
93
116
86
128
115
159
136
55
103
108
111
54
129
80
134
134
95
136
40
107
183
93
128
70
105
93
120
128
84
74
149
102
131
112
112
73
97
70
97
88
80
176
102
92
70
86
67
64
95
94
94
115
260
80
72
80
78
72
114
109
94
96
107
114
101
121
102
171
142
105
184
136
107
110
168
86
86
190
89
113
104
79
161
106
97
108
57
102
132
82
62
119
91
70
92
69
99
128
115
125
81
171
97
132
80
121
90
55
49
108
53
120
120
83
110
145
104
123
148
115
119
86
126
102
95
62
128
86
67
121
107
67
146
100
140
94
62
71
197
170
92
58
92
106
158
158
75
97
111
111
90
115
76
114
71
103
122
112
127
75
113
102
194
75
83
88
126
137
85
194
81
70
100
73
96
85
65
109
186
65
162
129
85
79
56
85
109
106
84
102
132
78
75
71
68
136
152
169
113
155
109
136
119
98
95
110
48
77
99
112
113
202
65
98
103
82
65
72
117
88
100
130
66
127
95
88
126
91
157
74
111
140
82
85
128
108
89
74
44
156
62
76
181
73
110
162
31
105
95
124
114
47
97
67
46
67
69
67
58
78
80
156
76
75
70
58
127
83
83
105
118
179
158
57
121
146
84
81
109
67
90
64
112
107
122
140
79
141
84
109
82
71
90
55
90
82
106
97
67
96
88
81
70
82
109
72
2
110
110
132
101
57
153
75
65
43
72
68
152
87
104
104
80
91
71
100
96
105
226
68
135
77
105
95
112
70
69
99
150
150
101
57
122
115
28
114
91
53
64
141
100
81
52
96
70
55
77
98
127
63
175
62
79
99
89
117
89
120
63
97
54
70
92
70
76
84
89
90
95
171
108
40
50
107
96
74
103
29
79
128
46
81
87
222
121
107
88
84
89
70
103
193
57
101
134
88
92
78
70
94
74
57
88
62
61
77
78
45
62
86
87
67
83
170
169
118
177
54
77
65
73
0
98
106
53
107
69
52
84
81
51
57
76
64
143
128
53
84
40
53
47
123
-1
52
131
78
56
76
59
54
106
52
29
42
29
63
97
63
107
52
59
205
63
84
77
63
17
95
114
73
44
56
82
90
139
48
45
88
69
63
47
29
86
66
72
72
112
81
68
48
59
39
71
73
77
31
68
15
25
61
73
36
56
78
86
50
86
70
75
65
55
41
75
45
49
43
56
39
80
56
86
44
39
68
62
51
96
96
57
30
22
55
56
56
77
41
109
93
51
56
47
32
41
25
53
52
15
36
37
37
29
71
35
35
58
85
46
48
44
26
26
53
29
21
23
20
37
54
36
37
35
32
33
341
103
