332
384
387
391
396
378
427
410
52
425
353
341
313
275
314
323
345
393
360
427
312
370
280
329
299
276
381
368
437
418
423
375
353
405
407
395
445
414
444
408
407
409
406
428
426
414
389
474
341
471
459
403
408
398
399
393
398
398
371
383
415
425
391
337
408
370
395
422
387
404
478
539
409
489
352
271
408
434
339
400
244
376
365
290
357
392
323
254
377
360
424
409
384
457
462
383
233
413
434
222
242
344
433
480
397
350
310
341
320
297
280
289
289
281
297
292
315
261
278
311
269
274
303
394
238
398
207
262
306
272
435
273
288
278
196
312
340
349
229
181
330
315
221
339
263
288
158
294
447
445
436
480
394
325
390
458
402
305
330
399
431
332
340
312
443
428
406
288
274
258
256
250
166
166
184
234
194
200
268
206
138
306
273
439
413
180
173
228
156
141
153
184
170
180
135
189
296
294
187
360
415
263
412
410
382
222
294
319
337
364
430
371
320
367
132
406
333
441
502
403
255
397
383
368
392
385
286
470
308
365
244
411
346
382
384
440
410
350
404
399
442
351
302
210
208
426
283
341
171
128
220
119
127
181
183
217
345
336
274
87
161
108
197
451
193
301
78
314
323
362
446
238
229
196
422
377
378
414
410
413
366
430
380
423
440
349
352
311
367
232
357
383
225
340
448
288
425
294
497
381
441
262
260
271
227
254
478
242
239
267
217
205
208
219
447
195
404
366
449
322
418
509
478
404
400
423
313
265
338
310
367
383
415
370
181
292
391
417
339
152
357
408
367
392
512
343
228
282
261
273
372
278
404
442
367
282
348
338
368
395
451
437
408
419
454
238
379
350
349
351
354
403
234
250
360
478
434
376
317
374
342
442
232
264
392
83
430
434
419
416
306
313
271
249
245
275
378
248
247
185
457
70
431
376
375
497
437
298
394
216
417
381
289
450
159
369
489
410
321
235
471
401
455
335
345
196
403
337
413
294
430
303
213
195
171
210
245
120
274
225
286
425
395
394
194
212
214
193
289
330
210
239
382
279
219
357
327
389
360
236
319
343
304
115
373
413
361
119
164
390
233
170
188
246
251
239
225
253
265
242
263
319
273
266
262
290
233
406
365
402
442
347
223
438
390
346
374
452
435
423
484
468
433
345
391
335
232
398
291
250
412
446
458
88
84
187
465
251
411
299
355
396
317
327
418
404
256
485
398
444
401
500
233
431
360
417
366
126
418
291
287
449
418
596
407
327
224
274
314
349
342
276
228
240
234
229
221
256
322
252
363
372
140
271
396
357
349
354
258
240
221
284
401
377
295
221
172
379
220
414
403
397
390
478
267
312
420
241
75
407
199
231
216
263
236
330
245
428
437
399
188
207
111
122
197
155
215
145
283
345
297
302
237
407
340
400
423
400
312
329
275
252
285
216
381
366
269
405
439
275
259
182
331
341
412
308
424
387
442
230
437
339
419
432
320
236
239
435
172
239
283
313
479
459
245
344
200
174
221
84
266
102
178
219
168
356
250
273
283
203
186
161
227
275
227
114
397
405
381
376
383
370
377
439
446
288
233
238
218
414
367
340
384
245
242
260
220
263
212
443
449
283
258
240
216
375
334
466
228
242
215
291
409
325
458
462
438
445
449
198
224
258
364
249
350
248
306
339
459
374
112
168
239
248
331
221
251
191
113
297
218
253
247
386
356
216
333
152
288
269
89
220
281
336
251
266
292
299
219
251
386
269
192
175
280
261
244
368
332
223
272
84
366
324
131
138
230
268
247
450
205
293
436
242
360
258
359
354
229
385
391
202
339
357
366
370
410
321
297
228
292
194
203
285
294
425
231
228
332
433
225
270
335
232
470
185
388
183
210
118
415
401
303
229
334
429
314
270
316
420
197
368
359
318
465
459
399
425
320
252
315
439
456
234
227
173
229
270
169
328
409
378
333
455
458
437
427
348
399
448
379
375
245
449
208
375
402
451
199
222
235
208
243
192
251
379
397
254
252
224
152
398
354
194
462
397
116
395
62
221
229
441
265
433
340
363
365
170
227
418
244
220
338
212
334
462
331
240
345
234
199
293
281
436
238
253
406
340
257
356
136
275
207
242
427
298
344
411
204
210
407
414
156
401
424
400
348
338
481
224
451
126
232
312
185
284
429
387
392
363
413
397
361
229
230
407
278
252
159
259
154
399
398
377
507
425
374
374
373
374
404
460
503
280
311
204
415
361
369
368
417
284
369
430
265
464
494
517
364
404
393
187
173
372
183
462
494
454
270
392
333
404
365
283
234
481
253
341
367
339
460
143
232
263
285
369
281
400
332
234
231
422
467
167
430
211
477
206
356
391
316
394
188
310
283
415
427
177
415
316
233
320
185
484
236
302
364
391
326
412
298
387
209
229
395
348
200
169
323
389
309
368
404
354
230
409
255
249
338
430
217
339
368
104
329
94
111
381
373
368
397
160
364
342
413
321
254
340
418
370
261
392
441
370
295
286
260
240
328
380
198
195
392
237
241
348
106
390
390
373
213
124
58
316
424
182
279
184
350
189
220
367
454
486
483
199
240
233
401
324
227
297
376
403
328
348
286
212
440
411
184
293
217
431
255
360
269
368
407
264
184
370
212
426
325
304
37
46
33
128
216
416
358
171
433
233
472
449
392
364
255
351
307
316
303
286
295
281
244
241
401
363
407
165
395
287
371
397
343
98
260
190
245
195
330
443
422
147
341
433
318
201
289
305
254
302
293
241
190
190
316
162
367
203
334
398
328
321
277
374
262
306
302
300
287
196
383
311
400
361
277
377
386
341
376
230
411
217
215
360
318
499
500
382
423
242
369
306
259
269
393
242
390
442
422
273
349
410
216
394
259
421
343
200
249
287
275
196
336
416
434
440
428
390
314
146
200
157
249
385
306
226
220
209
333
356
280
310
383
368
364
224
363
266
262
184
184
303
208
198
197
328
296
281
448
194
348
366
372
363
330
166
168
282
352
336
160
411
181
206
247
409
392
130
269
147
261
339
190
193
406
443
315
189
209
197
192
261
401
326
409
225
211
455
254
375
322
397
374
381
321
396
375
303
289
307
289
174
189
401
192
257
309
211
317
309
384
467
436
271
179
406
221
223
367
407
371
357
354
398
250
298
335
318
366
374
311
241
186
211
353
232
251
327
351
349
212
202
200
192
215
308
269
224
215
215
453
162
320
323
198
174
557
463
352
237
283
397
329
359
168
498
335
469
248
306
176
412
268
446
406
214
323
268
317
202
274
277
385
183
475
362
198
313
312
358
129
412
328
371
197
198
307
473
358
314
272
341
386
149
176
154
180
342
373
485
330
336
373
312
357
196
384
394
471
296
289
470
242
184
199
169
247
339
246
374
203
372
421
269
173
254
201
294
318
398
128
199
397
430
218
147
357
186
265
274
403
186
398
348
300
233
262
289
254
230
223
397
319
283
230
160
284
264
170
368
295
181
196
153
293
302
472
257
315
220
328
288
473
354
353
193
370
205
453
303
407
484
191
211
346
170
233
223
406
303
284
257
346
256
337
300
370
219
200
258
337
219
345
175
402
168
361
296
299
224
223
248
265
354
334
273
288
322
271
196
174
228
219
142
266
452
267
338
299
394
249
172
459
214
330
291
312
236
323
260
314
430
228
217
294
163
207
216
252
226
184
285
220
108
188
427
191
183
185
363
302
198
155
216
121
404
167
241
312
219
266
198
282
232
46
179
228
217
272
183
285
216
299
222
322
183
360
238
264
352
180
160
208
379
314
166
392
315
177
132
312
226
193
181
137
423
329
328
197
402
276
267
328
303
212
361
166
316
316
277
296
196
238
342
210
169
311
205
215
359
314
200
332
166
342
340
370
160
188
244
104
319
394
379
204
290
321
454
-1
239
402
259
288
307
231
294
173
312
226
50
292
215
204
319
284
251
264
443
311
374
231
229
368
214
334
329
172
327
241
248
157
170
201
192
351
177
164
167
290
10
17
284
212
188
221
195
399
178
153
224
337
341
322
203
188
212
214
280
294
313
348
199
315
116
204
268
298
175
181
337
317
340
283
343
360
320
223
301
196
458
284
319
190
256
149
248
177
270
307
311
153
261
177
273
320
242
181
178
344
247
172
309
262
195
200
166
285
225
296
110
173
235
230
241
300
229
216
190
182
190
116
283
167
228
185
334
175
178
157
120
225
207
252
246
105
293
196
86
140
153
124
276
161
275
153
197
167
220
238
240
272
143
221
170
155
82
137
151
364
230
180
200
304
264
317
111
210
78
350
170
258
318
149
245
165
239
153
287
207
115
202
191
352
103
233
118
302
215
220
133
141
202
190
104
147
135
190
219
222
285
172
155
229
173
235
154
197
192
70
278
44
128
183
130
105
224
284
181
274
172
287
303
243
189
198
85
227
234
206
242
172
299
228
163
201
214
144
256
166
176
175
291
146
125
259
147
146
248
146
118
168
135
173
67
138
167
113
103
191
66
158
179
172
85
209
176
117
111
141
198
95
137
76
139
112
153
104
76
154
146
69
93
95
107
67
134
319
162
