218
251
256
266
264
263
280
262
47
258
248
217
192
182
198
216
213
246
240
263
195
233
192
201
201
141
220
239
268
249
275
237
275
239
274
280
306
271
277
254
279
312
260
310
300
284
288
305
245
294
313
330
284
319
265
306
316
322
296
283
331
320
269
202
286
261
301
318
318
365
257
288
280
278
232
180
247
276
193
240
172
307
309
289
261
292
225
174
315
258
275
263
268
281
291
211
199
306
252
185
193
312
291
261
261
295
276
289
297
274
289
277
254
252
262
254
274
200
253
250
231
254
209
271
171
348
90
261
273
251
258
201
231
253
173
246
314
315
257
185
292
241
164
308
269
286
104
264
281
302
230
250
259
293
232
255
279
323
302
237
262
271
282
218
252
277
256
225
223
227
214
225
122
117
144
171
183
189
208
199
112
272
278
271
242
148
154
180
124
92
116
163
145
139
177
195
241
242
53
200
233
234
263
245
230
257
273
206
237
328
256
244
193
236
76
277
228
249
272
225
204
271
313
271
343
263
220
296
188
311
199
223
216
231
247
261
287
283
272
291
261
244
209
196
222
241
250
189
153
166
154
87
132
177
61
101
219
285
249
65
171
160
139
278
195
268
117
221
179
226
291
193
136
158
256
214
228
227
216
273
308
342
283
301
286
222
238
248
216
243
218
223
173
274
284
298
250
227
269
260
258
200
202
211
203
231
265
223
152
201
207
153
173
215
273
104
247
242
290
190
219
294
291
240
322
245
156
269
216
260
236
332
282
256
127
248
320
373
226
44
289
254
260
243
246
246
168
218
168
177
219
168
259
270
225
314
301
191
258
264
235
234
255
269
269
291
239
178
224
231
290
246
163
185
240
246
237
288
271
253
227
235
262
189
320
136
258
264
271
257
295
289
254
209
256
243
211
117
121
194
270
83
243
196
229
255
214
172
312
85
230
250
369
277
207
253
285
262
246
170
239
250
287
319
362
172
217
164
257
166
268
261
146
141
113
144
174
91
199
181
230
293
339
317
135
147
165
130
193
236
199
154
241
147
152
215
189
294
304
339
442
435
393
113
307
197
280
145
107
257
169
118
137
207
194
175
174
174
178
174
201
230
222
163
147
190
258
224
210
307
301
247
229
238
178
170
214
267
247
259
235
246
272
221
234
214
160
251
264
145
295
267
291
116
38
152
268
172
321
186
196
245
234
182
271
266
194
247
215
259
259
288
250
291
248
295
293
71
244
194
185
247
259
256
384
339
185
198
201
242
196
160
160
150
164
147
115
179
187
168
235
253
82
205
238
311
267
348
157
148
155
235
259
287
176
188
148
243
137
276
236
230
250
242
145
252
262
157
1
213
169
153
152
159
148
269
119
260
253
377
132
151
93
105
170
84
169
89
205
200
251
171
144
240
178
305
270
258
179
243
231
285
186
95
249
208
146
222
265
337
355
303
288
248
279
230
293
217
269
143
296
195
265
242
261
156
154
233
135
113
230
326
238
228
161
221
130
121
133
56
180
103
116
147
87
203
171
218
211
168
142
124
144
159
168
62
356
267
256
244
256
242
250
246
234
189
183
157
184
263
210
355
254
143
159
157
127
169
182
331
309
154
156
152
134
312
331
264
171
178
108
186
269
186
222
234
229
261
236
130
139
158
335
149
231
187
174
298
269
298
88
136
328
365
333
416
221
183
128
238
152
173
164
288
306
134
223
113
445
435
74
142
288
330
159
170
171
149
136
108
203
168
130
126
172
179
165
233
227
157
266
80
197
342
62
106
143
178
151
257
152
201
216
157
273
216
267
158
173
273
275
239
250
261
271
340
315
294
183
146
130
137
219
176
259
188
188
110
283
349
158
260
203
162
205
37
220
128
142
102
216
262
158
152
206
250
207
170
175
205
115
255
258
218
240
294
204
252
193
194
273
209
220
126
126
93
129
222
90
197
231
212
216
229
207
207
219
173
220
227
221
176
232
239
130
277
245
253
151
180
182
178
162
167
177
212
244
160
156
165
36
205
219
334
217
260
210
225
52
54
177
231
179
254
196
208
229
298
143
218
158
138
176
145
180
223
205
138
303
158
141
297
294
310
132
132
280
165
215
162
125
159
148
158
223
204
223
265
132
189
209
204
124
201
212
281
191
175
193
122
217
98
141
198
40
169
217
255
312
282
328
347
286
164
150
184
250
281
153
186
137
222
272
215
203
304
264
271
284
347
227
259
215
197
240
127
320
301
296
284
246
158
202
252
192
225
182
192
247
270
207
123
132
235
186
194
184
197
149
195
317
218
251
121
152
200
170
251
332
301
262
126
188
163
153
196
168
167
185
146
144
227
188
95
178
190
208
118
263
248
330
167
112
282
255
183
211
123
270
214
130
277
150
214
225
161
259
182
199
201
201
193
143
158
193
302
295
144
264
203
124
237
175
235
162
247
121
157
163
247
106
207
256
141
192
26
84
203
225
279
290
248
171
227
228
150
172
202
186
200
120
156
261
175
290
199
159
142
181
195
129
125
215
196
349
189
197
233
153
313
118
141
65
226
208
146
140
113
162
121
123
179
187
174
175
131
166
132
166
384
129
256
186
173
261
218
170
146
189
163
279
257
149
142
180
177
172
202
208
148
100
256
127
256
182
347
61
105
86
128
127
209
204
48
190
124
236
215
173
316
301
277
301
222
195
212
218
218
215
207
203
299
188
96
164
152
234
159
269
5
135
112
127
100
196
202
210
235
185
167
116
130
114
165
156
154
144
160
111
112
128
94
195
132
189
231
234
216
208
204
178
163
113
150
142
127
176
133
187
198
111
161
183
163
132
173
200
360
284
229
127
202
230
162
168
176
280
210
147
144
146
122
234
139
176
235
208
242
317
179
82
182
225
101
131
128
126
109
181
252
183
202
165
189
315
351
143
64
251
245
183
175
133
101
202
218
130
213
190
155
185
195
220
280
320
172
191
202
145
168
150
178
195
300
225
103
239
229
280
165
119
67
161
299
286
250
117
203
138
341
143
244
198
198
157
107
219
138
180
123
195
186
352
133
133
124
129
200
197
176
268
80
104
187
101
211
140
158
218
213
210
191
175
314
140
139
131
112
121
169
147
118
252
138
245
207
238
161
158
163
83
253
158
113
187
191
190
248
235
227
134
142
221
177
190
194
181
137
270
133
146
122
144
139
138
143
110
90
99
102
133
186
126
122
100
116
165
101
138
151
142
130
176
160
136
170
121
201
169
168
108
201
177
187
92
258
362
155
115
212
133
154
187
158
179
288
285
126
179
113
185
230
312
137
276
217
29
166
168
190
97
130
138
183
170
159
122
120
117
116
165
134
145
200
179
139
113
163
212
191
201
115
130
151
147
92
93
203
181
86
104
96
124
154
145
176
75
196
161
264
153
310
93
293
122
173
40
120
220
179
103
74
190
139
295
127
169
133
217
153
163
218
185
142
103
114
77
161
187
145
74
57
219
246
130
207
181
284
142
77
178
188
156
156
228
97
188
134
169
280
152
154
197
141
136
175
188
139
81
95
116
141
224
110
135
155
277
135
223
155
102
209
208
123
140
108
120
96
227
92
180
136
234
172
160
104
109
120
115
254
162
196
141
198
148
98
89
183
125
113
57
196
106
277
195
152
168
115
120
246
200
209
206
99
108
94
124
135
136
102
118
116
114
119
124
358
106
237
139
46
116
173
85
73
97
167
183
71
66
97
79
110
74
144
157
96
142
117
212
199
31
300
265
167
130
103
201
120
122
98
270
193
153
221
106
125
85
107
177
117
107
98
125
269
160
17
201
246
109
117
204
177
161
122
91
124
191
105
175
98
131
147
132
169
90
296
125
178
113
204
106
92
124
95
110
114
111
81
145
114
108
145
151
132
113
125
103
155
188
181
347
172
135
133
149
159
164
157
172
183
91
180
114
239
87
32
190
115
143
170
160
130
122
154
97
134
107
113
120
126
126
130
72
109
104
93
93
112
107
116
184
96
84
99
112
6
37
226
81
106
199
109
169
73
115
252
99
109
221
105
91
86
209
139
134
148
121
93
132
93
93
138
211
77
88
190
172
101
149
126
110
169
125
124
95
173
70
147
89
228
-1
158
102
183
115
161
144
207
95
134
149
178
127
67
222
156
81
130
123
119
145
176
127
255
147
65
159
164
94
180
111
140
90
115
107
76
70
186
85
188
119
196
117
115
80
89
131
131
118
110
91
184
116
70
81
55
122
148
83
130
173
76
57
170
169
106
193
135
175
152
117
40
45
66
186
146
87
171
86
128
96
186
68
102
187
78
81
161
86
131
103
127
64
75
239
45
120
129
173
73
80
111
142
121
122
234
88
64
88
65
84
89
89
107
104
156
160
176
90
76
71
58
145
129
39
112
198
172
116
74
121
97
133
88
88
102
123
100
122
84
105
81
73
77
67
80
75
160
73
126
66
67
89
84
72
100
99
103
49
39
94
106
105
119
51
57
86
84
138
40
60
66
31
36
82
98
85
67
75
47
101
58
70
46
64
60
41
50
24
51
50
39
37
43
58
69
96
41
39
106
28
23
137
92
