848
933
962
959
953
834
995
919
84
989
852
799
837
729
656
733
734
867
816
953
734
824
678
915
802
678
817
880
1039
1009
933
868
865
880
876
868
950
871
869
889
868
855
815
915
875
866
782
976
779
913
959
786
793
817
762
718
775
754
704
685
779
778
747
766
725
726
839
750
694
751
949
1096
868
938
757
623
750
854
714
757
571
682
623
583
726
691
767
561
680
849
851
835
785
1091
1125
990
589
856
853
549
539
688
1000
985
818
672
618
647
646
607
565
557
566
530
570
560
599
522
573
582
612
588
703
749
633
804
506
517
561
516
927
467
520
500
440
558
627
696
353
462
663
605
543
668
563
559
424
586
974
780
931
988
702
607
751
880
779
647
614
818
835
647
676
712
1106
981
927
579
541
502
475
509
402
425
331
485
364
366
535
408
365
574
480
764
764
572
345
449
287
307
286
375
287
299
384
399
653
652
593
785
1165
515
941
1007
800
531
557
655
598
659
822
703
945
784
352
839
739
919
1049
878
495
816
686
654
768
746
580
805
667
710
684
989
706
714
631
805
912
636
795
729
940
706
534
446
359
783
513
1007
455
324
580
316
291
502
494
571
746
632
502
238
328
254
371
1056
345
557
204
562
685
816
872
456
515
479
790
648
663
660
647
708
717
824
788
858
855
589
897
551
616
384
679
702
501
609
943
510
926
579
880
715
929
472
465
461
384
456
912
502
605
538
424
515
375
455
1034
570
698
670
924
659
961
1007
972
732
745
915
830
499
893
558
677
820
944
669
428
696
763
716
641
444
637
699
739
878
887
577
640
556
494
581
676
591
751
1035
720
490
641
957
628
850
963
887
1123
990
986
533
656
639
652
646
687
728
434
432
666
912
759
677
621
747
609
1253
388
469
706
227
997
1069
918
781
490
519
516
424
432
502
778
680
677
310
765
166
1082
1116
1171
1202
1045
652
867
588
802
720
459
870
322
744
1036
828
508
444
837
871
768
532
604
398
675
624
736
532
865
585
347
329
303
329
431
340
532
377
506
684
637
604
327
380
367
319
566
693
381
521
824
702
375
716
633
714
560
423
515
510
519
316
690
796
625
246
291
980
425
387
372
438
435
467
452
421
512
383
449
565
480
533
696
517
390
729
733
679
756
608
424
889
926
700
729
986
976
906
1174
1039
968
735
691
701
451
1025
588
517
803
776
900
263
139
481
992
423
768
763
670
790
756
932
774
821
449
985
963
805
725
997
494
856
728
696
611
321
681
574
506
821
793
958
556
563
369
439
590
610
514
541
478
490
404
438
576
433
555
475
629
616
284
462
715
622
622
522
502
431
391
520
890
820
570
474
391
885
484
659
634
684
675
925
472
667
872
500
176
611
586
446
382
497
403
584
463
916
919
580
358
324
290
281
317
353
334
281
540
534
506
474
547
851
756
602
684
662
536
498
494
472
521
510
670
581
874
763
635
479
380
383
515
630
624
456
693
637
753
460
595
609
706
601
542
416
472
611
449
487
518
605
919
890
426
613
328
310
506
187
588
385
322
450
323
598
473
487
456
361
315
295
384
457
442
194
649
785
700
656
668
669
659
807
797
534
426
372
342
660
724
531
671
428
436
447
380
475
336
595
557
771
432
448
498
593
475
869
404
367
511
487
592
620
841
885
815
891
873
383
440
379
516
552
718
424
733
658
937
643
232
339
341
399
533
327
416
271
259
455
376
437
440
575
561
565
742
304
394
383
200
443
413
463
399
459
489
920
416
615
554
527
312
380
429
410
458
853
816
353
486
197
703
483
282
240
420
382
352
721
431
584
700
422
550
424
722
529
364
635
519
311
461
484
579
509
611
369
569
497
553
356
447
436
413
761
389
746
546
547
410
431
555
406
813
595
787
354
445
260
679
850
437
402
516
642
529
421
460
701
378
598
626
451
829
730
541
745
514
403
521
700
858
439
399
376
394
425
430
594
792
732
678
887
720
689
631
532
551
618
506
528
407
787
426
414
716
680
415
437
457
405
352
377
395
581
562
472
465
483
377
-1
814
287
650
552
210
687
150
474
353
816
359
767
476
513
522
260
387
673
459
313
516
379
588
812
676
369
494
360
383
452
425
701
387
604
574
830
486
705
233
512
364
462
711
490
632
723
336
398
683
663
261
514
493
645
490
441
611
386
785
311
331
640
542
893
588
775
592
475
557
500
446
313
427
589
402
430
231
391
286
532
461
430
573
497
588
564
560
658
520
943
684
456
527
323
559
402
508
442
506
624
437
767
496
554
647
591
542
537
442
316
258
470
351
770
820
587
745
456
570
754
652
545
452
619
453
737
566
524
811
225
412
439
497
619
457
776
516
310
416
733
627
370
896
321
641
448
795
443
560
672
294
623
500
847
834
268
501
660
469
408
275
564
361
359
530
478
517
937
465
537
363
333
529
570
287
282
448
462
555
518
449
628
512
653
299
414
385
676
339
421
476
297
407
182
243
497
449
578
637
390
491
473
455
379
326
387
448
448
408
464
746
510
386
455
407
368
738
505
325
320
500
370
326
471
246
405
413
648
320
197
189
449
542
399
384
279
441
283
372
477
766
583
582
351
459
373
336
503
334
491
443
452
491
451
378
353
521
550
197
325
308
582
391
422
428
470
696
343
239
383
411
448
353
434
124
158
115
443
287
513
458
432
612
268
698
694
521
535
475
391
392
475
426
469
514
495
414
432
575
599
666
319
414
317
395
569
507
220
479
379
346
275
462
726
721
249
447
460
354
270
279
428
400
388
378
395
390
389
453
409
595
355
616
480
496
485
394
548
624
512
307
363
428
274
555
288
481
383
295
377
609
773
352
355
408
318
268
374
460
743
756
388
409
356
542
381
310
732
639
501
442
416
405
491
513
575
264
533
226
686
533
292
286
400
412
272
356
410
563
578
588
391
465
257
249
160
529
460
279
410
251
508
476
490
282
314
454
384
467
429
431
330
427
228
251
290
255
250
243
671
390
326
859
340
457
403
419
383
343
304
220
305
317
319
409
813
287
269
403
561
523
261
462
292
364
512
274
298
471
418
450
220
232
236
257
510
604
736
480
502
437
626
247
556
335
357
539
554
438
443
418
457
334
373
348
253
239
320
313
286
365
306
605
562
745
504
491
436
319
708
347
316
417
467
388
391
413
337
358
271
470
359
655
437
506
327
360
338
318
326
289
323
712
636
341
256
232
246
265
492
297
253
288
308
388
290
264
756
305
273
549
414
332
267
312
403
345
382
256
533
611
535
482
398
241
629
604
643
312
273
312
391
497
300
428
244
389
403
612
705
328
551
365
501
171
415
311
498
233
266
361
539
349
350
282
767
413
230
245
268
320
400
481
395
245
551
477
398
502
356
355
356
420
307
308
596
369
205
252
238
275
353
401
472
548
557
591
435
263
314
260
516
528
443
307
252
553
452
285
223
391
363
387
189
516
317
387
267
381
281
278
276
268
362
286
560
406
338
678
287
504
287
304
445
324
204
290
156
459
451
423
348
529
237
511
447
589
598
354
280
418
269
331
780
462
377
216
337
319
244
291
329
532
381
279
451
537
385
303
354
416
494
333
271
491
363
471
212
484
262
572
274
545
326
318
326
237
413
355
425
288
321
266
337
275
270
295
157
385
546
229
377
306
335
310
335
361
353
470
340
327
225
286
261
368
352
349
248
265
240
265
192
329
398
276
398
405
227
241
633
215
183
241
356
275
219
243
259
251
294
176
312
382
234
319
286
302
259
93
248
399
325
268
256
340
350
316
274
442
228
401
399
302
371
176
256
288
345
315
316
410
438
396
207
347
268
221
189
160
492
336
267
179
351
330
264
260
374
436
353
242
284
394
423
277
312
331
462
310
316
269
248
268
390
344
260
335
211
327
632
578
193
257
270
189
374
423
513
261
316
344
416
398
329
481
270
300
387
243
326
161
360
348
71
476
256
281
343
276
435
252
386
250
292
255
359
406
331
339
479
213
411
333
220
192
263
182
301
492
209
186
202
287
38
70
476
491
348
234
239
564
382
187
333
264
222
550
185
293
208
322
333
364
326
413
305
399
214
187
251
350
215
341
499
665
436
327
324
345
324
231
318
185
521
452
409
296
390
205
233
243
304
267
444
238
287
391
339
359
238
230
213
387
316
213
275
348
232
494
166
365
452
449
198
174
231
246
263
278
356
391
231
243
223
152
355
165
363
180
400
298
298
229
219
240
226
257
285
64
348
218
201
189
153
188
292
188
248
288
201
170
412
483
210
292
201
206
224
259
188
134
250
455
225
188
195
250
570
269
139
187
119
366
197
285
372
152
335
277
218
189
299
231
134
274
314
369
128
184
181
356
260
202
196
144
391
194
93
182
123
280
299
296
343
319
210
206
224
206
145
231
189
104
289
124
114
194
134
139
228
362
193
234
228
353
308
234
198
191
115
213
240
192
220
151
352
234
209
191
180
183
247
150
227
226
291
114
102
274
134
133
314
158
173
184
113
249
74
125
167
86
96
201
105
138
153
187
76
270
149
138
114
141
182
81
150
85
133
87
146
84
70
120
169
158
98
101
166
69
135
843
181
