651
640
540
537
517
424
617
565
49
567
492
468
515
496
408
443
422
443
401
538
420
464
507
635
520
424
569
505
586
516
547
574
675
717
760
759
816
646
756
662
740
717
734
715
743
798
757
785
662
799
829
748
756
774
666
774
759
714
779
723
817
884
681
830
746
715
742
778
716
755
877
878
775
761
779
502
807
698
639
664
713
715
665
652
799
723
683
573
723
617
692
733
608
631
634
581
680
687
630
606
614
694
663
693
612
629
600
626
637
624
531
598
601
547
565
571
638
575
547
557
638
595
597
794
599
850
500
519
586
507
612
476
514
509
459
599
638
640
309
522
593
602
570
646
540
541
406
552
677
851
654
773
802
704
599
696
629
636
610
777
799
615
641
479
536
599
635
547
532
513
499
515
435
435
364
447
381
378
491
393
374
507
486
798
785
502
356
456
310
331
305
376
290
335
389
408
540
541
379
527
727
477
516
545
525
511
517
646
630
731
695
687
608
688
375
670
520
686
713
689
488
645
643
728
750
677
648
752
736
650
547
674
718
847
788
728
679
581
673
718
711
678
569
470
338
683
529
685
475
366
461
335
307
475
442
538
393
594
549
249
305
295
406
634
358
502
204
706
769
746
670
429
653
534
795
831
834
712
697
778
571
698
580
622
537
699
494
562
646
355
726
803
643
712
659
491
509
571
722
698
571
457
457
476
326
434
635
324
394
349
304
344
254
277
583
506
721
728
611
631
580
701
658
729
651
595
610
470
711
542
789
675
621
672
502
731
660
674
600
318
611
803
666
513
784
674
556
564
426
665
623
517
666
549
835
518
525
533
620
612
604
499
609
518
561
521
623
702
713
712
583
626
430
389
640
597
743
713
772
607
610
720
403
536
736
182
473
453
563
585
565
617
642
619
562
536
605
429
424
320
637
186
585
525
626
634
529
644
602
441
613
558
481
587
243
682
593
576
548
450
736
477
735
490
529
267
727
748
453
549
540
513
375
325
336
342
431
487
645
395
562
751
583
573
358
383
354
336
512
505
418
523
494
391
357
403
297
640
603
386
501
463
492
352
624
519
611
322
308
574
431
475
420
512
494
476
464
428
476
458
443
781
451
551
562
611
349
688
414
622
716
569
392
609
712
548
451
571
562
527
518
566
590
536
487
697
406
494
561
525
633
615
547
349
199
377
553
433
596
483
690
581
492
549
595
476
465
589
571
676
710
609
415
580
483
764
682
332
741
520
395
655
541
531
606
512
427
768
766
519
534
471
453
446
419
513
486
460
715
401
470
500
297
660
592
551
641
466
526
490
405
449
598
544
437
636
548
455
394
578
631
605
671
666
693
647
521
775
200
649
392
504
421
429
394
520
492
598
531
491
353
318
372
310
340
366
375
282
426
656
458
448
608
407
579
575
382
375
544
602
554
402
662
536
573
485
473
588
485
408
303
408
645
639
533
746
550
579
554
365
465
371
446
392
480
398
400
471
301
649
506
570
436
407
417
680
318
315
385
204
675
249
319
492
351
768
394
421
519
430
372
365
377
477
469
223
518
587
518
488
500
491
485
457
470
535
410
393
352
367
448
456
455
468
450
511
614
572
323
448
449
508
395
398
382
499
390
673
414
327
522
432
482
562
497
378
385
393
352
317
340
376
394
354
482
375
634
583
483
518
262
345
270
339
490
263
532
378
355
377
347
377
381
436
412
485
607
296
355
352
236
623
412
366
417
399
498
496
352
575
422
544
321
251
394
420
488
405
384
312
536
234
402
383
274
272
272
400
548
567
349
335
313
388
521
375
534
549
359
461
452
247
370
389
728
395
461
493
554
352
479
446
493
348
405
528
363
324
502
434
216
395
501
374
339
274
363
331
325
193
462
476
575
397
436
452
445
388
372
281
348
485
605
356
503
574
472
537
517
539
438
368
348
317
315
351
332
403
342
572
489
464
454
419
326
325
338
400
389
421
397
567
285
333
-1
345
352
494
567
479
517
487
386
460
451
552
396
318
329
521
335
426
370
238
535
343
214
428
170
318
308
445
316
522
294
380
371
229
350
450
339
295
403
350
552
469
410
329
387
336
271
397
431
495
429
354
413
365
415
295
296
425
364
396
423
283
487
386
391
421
330
327
444
351
365
480
547
397
275
395
329
284
261
565
327
423
351
591
491
386
416
440
327
278
309
335
320
440
220
416
266
383
341
340
346
383
512
507
510
542
439
558
397
487
470
430
381
265
360
374
432
520
308
471
414
296
353
286
450
414
297
273
215
319
358
288
267
246
399
322
506
325
482
404
310
300
287
680
527
394
391
219
462
371
354
553
346
372
404
259
334
391
268
385
330
321
352
315
455
389
417
290
275
500
404
389
412
248
413
330
284
297
337
280
316
283
354
274
340
403
389
569
364
327
262
499
265
262
380
287
377
428
297
476
464
420
192
410
260
483
446
255
349
320
249
162
252
343
300
389
498
365
289
492
323
242
306
294
228
383
523
264
441
333
279
369
322
306
429
236
391
315
358
503
235
355
269
307
265
552
400
204
164
393
551
397
338
253
256
218
284
334
343
292
288
312
536
264
217
462
235
531
245
261
371
439
364
326
289
240
163
259
300
207
396
302
365
363
351
235
174
261
339
314
250
339
116
147
102
297
243
331
250
341
276
229
439
505
288
499
440
344
262
316
290
320
323
324
230
294
465
500
374
303
186
213
294
322
355
265
270
245
251
189
271
284
289
217
338
287
227
247
184
259
498
329
335
330
416
415
165
271
323
323
262
329
369
355
358
307
355
360
177
270
360
252
427
148
366
313
244
310
283
308
222
378
324
242
187
289
284
327
416
242
256
320
396
303
259
259
226
294
307
243
295
453
414
305
195
232
200
328
327
224
282
271
251
223
327
338
258
256
239
261
381
246
222
135
449
295
218
406
214
279
473
372
206
366
301
234
258
539
315
237
337
192
235
206
210
223
224
261
442
286
451
211
337
314
296
205
170
261
196
235
246
227
355
348
289
177
430
352
328
230
298
343
304
235
207
237
295
215
332
198
179
187
209
302
286
342
339
176
183
296
164
360
214
219
265
259
366
236
213
370
199
281
227
212
210
202
199
183
271
266
418
264
396
263
243
330
296
408
353
235
305
344
308
235
267
286
251
203
288
276
372
271
456
289
305
342
207
283
273
227
268
235
218
156
163
173
221
336
217
237
241
224
234
210
169
322
329
285
249
217
203
215
172
276
213
258
194
254
293
302
456
279
216
245
226
345
180
220
267
313
343
244
353
159
269
512
294
399
279
215
257
521
130
251
273
357
189
242
212
267
226
319
236
243
204
245
243
368
372
202
315
177
159
235
339
320
370
282
186
205
208
190
203
331
404
186
154
201
188
239
309
339
288
449
235
377
224
237
195
426
279
222
245
169
344
266
212
164
281
449
285
114
233
186
273
218
286
184
166
196
175
271
156
296
242
227
309
133
360
215
312
314
248
145
270
135
286
304
221
403
379
148
336
211
271
378
207
231
298
237
186
309
254
192
155
300
170
203
316
196
201
159
204
329
370
345
155
251
244
478
294
195
219
212
286
166
243
277
352
212
231
176
173
206
165
313
232
341
202
283
173
183
255
202
266
129
193
297
143
270
223
178
197
231
186
262
284
223
199
136
197
156
231
173
260
170
158
225
256
128
198
318
217
287
383
309
205
258
163
118
170
190
194
127
170
185
206
174
141
232
202
127
209
289
196
191
78
156
300
187
196
198
226
408
202
170
321
182
228
266
199
229
134
191
270
149
179
198
187
316
222
86
319
222
179
155
126
244
192
141
142
144
228
205
174
182
329
195
222
196
135
348
170
275
283
273
198
457
159
170
186
184
155
151
233
230
155
250
245
195
242
235
178
255
248
217
179
246
180
216
208
387
233
189
226
261
144
217
159
314
210
56
305
226
195
275
162
329
178
204
119
170
323
227
198
285
209
190
177
159
280
129
163
286
130
297
348
138
139
185
151
34
30
434
327
225
145
259
265
148
150
229
168
167
399
160
171
129
253
185
163
188
274
176
173
247
142
176
247
176
285
340
266
199
169
121
161
231
110
217
126
297
167
182
211
369
130
124
204
211
188
202
83
206
334
277
172
177
217
158
275
235
142
197
168
170
410
114
210
330
188
195
133
161
137
144
126
223
161
212
228
144
157
195
134
338
152
243
179
178
235
169
123
170
105
196
18
235
185
274
168
86
210
149
148
136
163
144
122
326
246
143
219
139
145
192
269
185
65
157
291
150
139
142
106
215
122
86
99
67
206
147
128
204
124
125
231
135
120
249
145
99
226
238
225
123
115
153
230
179
139
108
128
153
151
59
106
93
174
206
206
233
183
116
114
166
77
120
154
116
80
203
53
63
134
106
136
143
162
130
129
149
206
211
138
121
96
112
115
137
105
136
105
247
133
226
104
92
120
164
116
144
143
153
48
37
142
115
114
152
77
154
156
88
120
55
65
100
58
69
112
56
92
91
102
44
110
59
87
98
106
65
57
89
40
69
71
81
32
29
72
84
82
66
67
86
38
68
534
167
