830
850
784
740
708
572
854
761
101
737
755
738
717
715
680
701
661
647
630
722
691
644
613
700
676
615
630
654
697
760
772
744
874
920
951
1039
1014
917
938
878
938
967
962
916
933
872
869
929
1013
808
1042
1140
1021
987
951
984
1021
837
1264
1155
1077
950
1028
870
882
879
923
977
1017
1009
866
744
872
856
829
743
861
835
770
774
704
909
888
874
784
713
973
1032
861
901
910
851
844
778
726
647
799
794
844
839
941
1380
722
817
753
1190
1364
1122
1212
1279
1343
1161
1277
1116
1088
1447
1060
1110
1120
1245
988
887
733
902
677
811
610
963
993
1235
799
1277
1348
1281
968
968
923
961
793
747
1016
1222
699
993
930
1042
628
978
798
732
633
666
731
854
634
815
931
1103
947
833
753
1060
1026
705
659
754
780
946
998
1017
1062
919
830
754
996
790
962
981
938
890
597
911
1023
685
621
611
761
704
695
693
659
707
679
930
670
849
842
840
467
567
715
1232
725
680
611
805
1060
855
814
914
796
709
675
651
502
775
635
795
724
747
959
758
987
920
851
790
869
702
804
760
646
722
682
729
744
687
805
1083
841
918
695
714
814
877
973
701
894
534
613
638
525
425
648
629
583
566
532
933
1087
636
836
611
895
696
903
946
552
938
635
860
761
868
763
760
618
612
628
572
562
637
762
804
713
778
733
774
622
1136
553
1069
782
730
504
647
828
1193
693
573
678
885
703
1915
1975
1989
-1
1259
740
580
531
570
478
414
494
495
676
596
653
648
733
550
652
713
712
615
811
687
611
1084
562
852
585
760
677
615
829
785
679
763
807
455
939
545
600
732
585
845
601
1012
782
556
775
824
619
692
661
911
764
575
786
684
575
605
637
676
631
833
570
738
588
601
799
600
1269
1100
610
572
598
664
864
775
603
558
877
915
718
571
618
571
793
729
816
823
837
871
734
779
640
424
420
968
547
524
640
513
516
557
541
567
737
475
639
587
752
624
364
700
623
595
967
635
588
635
698
862
844
443
488
422
630
761
648
914
1078
1130
817
1048
953
490
719
816
868
709
680
674
956
1042
954
851
890
720
929
507
698
494
900
541
440
736
890
648
732
712
688
460
573
605
868
617
856
605
762
593
578
776
834
805
749
987
828
822
1020
612
760
635
538
564
942
597
550
574
657
885
733
516
527
454
535
602
613
664
564
556
645
775
728
518
826
550
862
601
719
513
626
454
311
379
602
896
698
602
508
648
641
483
771
599
883
662
619
613
636
537
730
675
586
626
675
500
572
725
569
551
448
553
607
661
784
604
490
544
641
611
684
672
665
627
557
658
592
754
636
534
623
713
597
858
557
663
628
685
681
684
685
592
699
462
388
480
589
479
454
445
491
457
438
804
649
620
309
420
542
714
766
669
755
898
633
537
466
597
793
784
546
562
729
545
717
525
391
493
803
662
604
526
494
375
470
458
477
490
495
861
507
507
556
530
526
459
473
701
495
535
638
695
622
565
636
428
591
565
552
484
540
463
833
559
591
401
539
415
767
724
471
455
734
654
919
873
678
410
597
422
636
387
247
461
574
936
637
772
715
670
573
508
440
448
525
556
738
704
728
725
694
592
584
629
727
631
673
480
472
693
550
537
454
569
460
422
626
503
514
399
577
829
631
554
597
616
580
459
507
448
451
439
478
469
442
480
448
635
520
589
516
614
552
623
565
635
477
545
615
645
514
526
562
454
611
569
506
360
623
658
615
509
578
614
754
391
478
476
470
444
480
504
448
547
506
492
619
443
401
401
815
400
766
428
454
556
555
551
881
429
549
495
539
485
470
462
403
405
364
582
410
469
610
511
687
416
586
425
376
496
400
406
523
511
448
393
353
446
336
591
559
441
556
446
588
372
736
468
247
491
441
531
335
277
513
640
498
333
478
558
358
625
493
444
521
581
455
391
590
508
614
549
519
568
371
458
422
453
645
402
345
542
471
463
581
640
487
481
454
418
488
436
385
377
430
434
446
415
475
332
381
420
326
408
368
535
347
320
398
356
279
364
300
421
414
458
480
597
415
384
454
509
411
430
197
557
444
312
527
463
470
501
413
396
415
527
618
471
545
364
366
452
357
363
474
402
473
536
448
602
533
487
440
408
466
396
713
333
410
505
476
508
544
353
646
424
575
873
358
342
352
354
335
471
360
299
333
585
357
489
389
561
344
377
353
634
452
374
403
368
366
489
425
310
509
452
489
326
519
481
438
308
302
367
516
541
543
631
409
560
363
370
623
416
414
360
402
396
369
467
346
556
398
329
313
297
317
396
266
503
446
337
702
286
300
299
464
327
497
417
701
324
394
356
483
535
724
388
371
635
308
362
422
523
397
327
371
352
592
430
297
536
331
878
390
342
494
302
452
300
510
458
343
392
390
212
380
409
501
409
526
365
668
382
376
283
392
354
305
457
612
547
254
573
382
583
464
342
399
458
334
381
311
413
312
504
296
563
349
363
388
503
447
414
482
417
262
349
590
478
299
386
290
314
412
347
267
424
292
264
474
427
428
379
383
291
490
303
259
201
331
443
312
340
314
362
267
632
386
496
410
369
336
558
296
470
280
338
347
235
287
325
326
490
440
285
223
434
341
387
282
259
504
345
334
581
310
276
270
311
431
224
252
302
277
348
287
377
307
397
487
305
308
381
339
308
235
372
281
396
346
322
336
195
332
394
229
504
528
411
350
331
321
343
338
330
282
398
389
530
269
375
225
298
257
289
388
307
414
443
269
217
272
324
342
381
321
273
200
318
189
306
338
258
265
364
431
434
216
336
478
624
295
394
547
503
628
384
475
326
194
270
249
338
297
207
335
233
134
186
263
250
178
282
266
325
326
339
225
310
394
251
276
452
466
422
322
261
243
326
345
239
212
392
454
312
337
257
183
257
458
268
259
286
270
359
307
309
291
255
247
262
638
281
199
96
609
297
305
406
299
275
405
355
193
276
287
247
316
359
260
314
329
413
450
329
390
360
300
238
367
275
469
349
411
296
359
242
215
304
357
287
272
239
445
337
566
284
256
369
326
292
269
225
444
260
315
427
263
267
481
368
362
342
420
454
333
383
277
189
242
337
157
337
274
220
338
316
452
328
300
665
303
274
279
416
397
239
259
304
295
209
455
238
306
315
282
251
397
501
197
321
337
381
368
242
330
321
247
266
391
360
382
279
382
384
493
196
198
415
281
211
208
203
387
261
270
272
253
384
204
312
315
336
264
440
188
313
196
215
251
269
158
333
227
278
227
215
267
231
361
294
385
453
237
226
237
293
175
361
216
303
335
378
440
120
327
396
246
377
369
261
295
349
167
236
223
465
253
339
277
309
198
247
201
220
215
226
458
198
173
196
287
208
163
263
261
314
349
429
221
192
213
208
198
310
252
277
252
286
241
291
247
313
327
428
222
705
417
299
243
607
203
277
312
263
275
271
193
255
298
189
343
181
272
289
276
194
269
315
181
280
160
248
237
326
350
230
283
150
335
276
210
258
206
263
216
99
299
321
228
327
382
250
386
355
328
370
270
438
296
182
195
274
229
201
287
199
204
424
279
279
241
203
220
420
430
202
199
233
247
401
422
260
220
191
362
236
259
139
361
218
211
266
273
291
191
365
236
534
168
215
205
226
245
221
545
263
131
271
171
282
249
207
292
338
202
499
350
200
251
151
232
244
284
217
349
270
183
151
196
195
329
426
387
311
374
262
344
313
235
187
268
192
178
195
167
244
372
168
209
240
256
159
212
183
254
287
240
261
332
223
260
291
284
337
192
244
403
258
271
299
223
177
177
182
409
178
196
285
200
424
382
65
282
280
294
271
311
306
190
149
200
175
204
172
242
198
367
234
153
241
131
422
241
199
273
335
319
330
175
256
329
214
176
239
192
296
213
256
273
300
294
196
288
282
287
193
338
257
191
234
227
316
316
186
264
212
164
236
211
348
210
84
306
265
381
270
141
344
239
202
141
204
212
374
219
197
258
159
212
187
177
234
225
414
189
239
305
248
205
271
176
118
176
401
318
199
254
225
286
89
311
228
135
143
359
280
197
120
256
187
153
190
214
235
150
276
173
222
322
165
243
297
244
190
251
124
202
256
169
211
199
285
161
247
320
315
203
131
272
286
209
287
120
238
295
241
244
216
491
299
314
231
227
261
219
264
320
140
241
325
245
181
294
210
206
200
154
220
149
152
143
130
88
180
212
359
186
287
294
295
230
232
113
226
134
206
83
310
254
125
266
142
119
229
200
132
195
170
146
394
235
164
307
139
177
151
420
298
113
181
284
139
169
170
120
216
153
167
103
158
186
219
141
317
147
148
318
194
154
175
249
44
334
323
230
64
113
156
270
350
137
165
218
146
159
126
96
219
160
164
164
301
187
160
140
102
91
159
233
196
135
170
60
99
165
177
89
154
255
211
163
245
219
189
160
128
117
260
111
125
109
128
91
231
121
265
104
118
136
145
121
232
230
157
74
54
160
160
159
216
80
315
209
115
137
87
80
95
52
93
152
111
85
99
120
61
158
116
101
130
182
105
102
88
53
67
99
87
50
53
68
126
166
82
83
101
80
53
591
262
