1075
1180
1131
1074
983
810
1295
1082
126
1104
1102
1020
939
918
975
971
926
897
902
1034
947
943
892
1008
838
796
992
971
1030
1081
1119
1190
1430
1485
1520
1740
1690
1330
1512
1357
1528
1542
1457
1446
1528
1493
1438
1523
1284
1504
1670
1888
1735
1604
1454
1644
1727
1515
2047
1859
1794
1803
1587
1449
1524
1413
1548
1745
1688
1768
1469
1375
1358
1394
1345
973
1495
1352
1104
1176
1224
1436
1450
1382
1351
1200
1350
1216
1373
1202
1443
1358
1330
1158
1094
974
1121
1246
1200
1094
1304
1678
1138
1279
1171
1465
1533
1461
1462
1517
1347
1294
1405
1209
1236
1487
1349
1272
1304
1379
1195
1224
959
1597
935
1504
785
1168
1460
1226
1212
1216
1285
1322
1054
1245
1301
1270
1139
1074
1378
1517
992
1231
1090
1161
808
1117
1261
1402
1120
1191
1402
1252
1041
1232
1391
1236
1228
1408
1437
1297
1333
1040
1004
1142
1165
1151
1163
1033
1076
1019
875
874
843
930
841
854
1067
873
714
1118
1423
1319
1204
879
712
880
667
654
616
736
628
742
805
830
1132
1135
657
937
1076
1177
1044
1001
960
997
1198
1456
1272
1422
1206
1179
965
1159
603
1246
917
1218
1139
1199
982
1239
1615
1691
1417
1327
1561
1264
1276
1313
862
1091
1234
1304
1459
1125
1232
1239
1354
1469
1159
1124
1147
1083
1008
1167
1176
884
778
755
670
548
604
713
772
900
818
1219
1669
587
680
545
860
1149
963
1103
447
-1
1083
1288
1223
846
1105
870
1086
1243
1248
1060
1071
1264
1135
1271
1061
1185
1054
1495
875
1390
950
1231
1098
1158
800
961
1213
1369
1027
885
1177
1342
1033
1251
1217
1232
938
1216
1189
799
677
770
675
561
600
707
1080
770
1112
1158
1104
973
966
1155
1091
986
1246
1110
860
1104
975
1018
1159
1227
1025
1000
1029
1325
1138
1229
1233
558
1392
1041
1071
1051
1053
1346
805
1421
1077
1008
1499
1159
1030
1025
1248
1303
1075
831
1158
1104
983
948
965
1020
966
1057
918
1229
1078
1114
1159
1004
1093
927
991
959
1056
1093
1590
1173
1005
942
925
1073
1330
443
912
855
1123
1102
1350
1321
1256
1171
956
1080
1105
640
633
864
949
385
948
770
819
912
842
998
1077
715
971
1051
1129
998
558
1223
1046
976
1222
825
1069
885
1196
1116
1172
613
913
778
873
1094
976
1056
914
830
700
877
956
731
919
821
1153
1325
1155
1091
879
983
934
869
1284
1129
1146
712
984
675
776
769
614
1207
1378
919
1072
1030
1058
574
898
931
1366
726
617
888
885
691
638
913
986
979
928
893
1052
1135
1243
1245
1159
862
856
972
1044
971
782
1055
1129
1267
766
885
923
790
788
941
917
976
840
880
983
1114
991
938
902
803
1116
828
1132
893
906
592
346
500
950
1128
1013
780
832
941
857
716
1190
902
1133
942
900
1020
1029
915
986
949
907
1156
1184
675
1052
1312
969
909
710
841
990
917
1295
1394
948
931
1018
1083
1120
1088
1020
1129
1000
1143
1160
908
980
860
530
1432
981
1183
1081
930
1356
1128
987
1121
968
888
912
828
721
682
745
800
783
755
898
804
922
1272
937
1097
427
806
657
1291
1149
875
981
1069
942
862
737
896
815
790
660
590
872
727
1037
588
599
962
902
856
979
763
728
663
697
647
804
917
973
906
1000
836
960
908
698
773
676
913
712
801
1192
1151
1004
1144
956
716
923
777
885
813
837
755
1023
924
899
726
572
814
1462
965
697
726
852
1003
817
753
792
358
972
433
585
754
532
846
767
995
921
1127
942
1083
883
1084
849
440
835
929
1117
1063
1093
1115
1120
876
860
1253
804
1015
787
682
755
960
862
1089
934
1243
977
804
675
803
789
633
698
895
669
882
810
1043
819
718
780
975
733
778
723
706
691
709
660
758
737
753
727
717
868
948
890
962
720
962
567
724
657
691
811
578
851
1123
871
618
714
764
838
808
874
762
1081
495
682
665
442
627
769
704
703
1006
886
677
854
730
676
809
845
527
1040
702
868
750
702
697
924
458
746
684
475
708
609
863
939
684
571
755
609
791
1048
681
978
779
686
729
670
733
659
651
963
703
741
720
616
604
681
1175
754
584
936
791
712
512
1046
687
365
725
830
649
483
417
737
628
603
386
777
828
667
857
791
729
800
803
660
531
711
818
1027
837
814
904
668
692
736
914
821
643
532
650
741
701
796
759
521
837
737
648
748
693
581
547
607
714
636
660
726
644
631
586
706
589
574
861
543
490
573
541
375
531
458
691
671
590
628
918
603
562
693
691
726
669
316
831
347
444
582
719
602
851
594
623
613
600
875
731
663
597
629
570
636
633
695
629
711
594
552
770
819
744
770
732
707
562
810
492
551
782
876
677
800
505
967
633
702
847
569
531
679
576
572
701
711
542
454
724
500
457
547
876
499
540
587
986
694
594
615
623
546
542
569
482
646
759
497
619
819
763
699
536
517
606
833
890
834
961
658
898
560
561
840
831
605
490
656
617
634
655
591
867
648
484
458
459
539
665
455
531
460
562
710
428
451
440
606
506
777
608
1034
519
566
534
616
869
1008
624
558
667
473
690
681
848
585
490
634
458
641
626
421
677
498
742
578
437
707
493
706
442
612
805
623
607
607
279
575
545
601
552
755
504
793
550
544
435
612
537
467
722
715
792
456
909
565
535
684
529
649
747
483
677
544
636
400
777
438
856
673
530
620
575
568
329
469
702
421
561
936
636
480
705
494
458
674
478
401
652
574
434
690
597
604
648
582
462
633
440
399
307
550
860
452
541
449
564
438
1017
842
473
374
611
637
663
564
627
432
414
454
425
456
533
532
765
906
405
334
673
464
725
438
420
711
510
501
693
463
412
409
465
683
330
457
492
460
581
434
463
342
561
579
500
488
515
284
286
224
478
397
570
467
470
451
238
532
612
370
838
729
578
464
509
491
541
519
520
377
530
623
770
429
653
347
432
468
444
648
429
498
531
440
346
458
459
481
558
572
461
294
416
300
493
615
446
451
573
690
681
309
432
629
708
495
588
761
711
711
537
660
466
307
382
420
392
525
293
576
393
277
360
372
386
296
556
439
432
402
518
374
446
630
381
444
736
748
578
441
357
353
459
514
386
341
585
610
461
483
361
277
415
597
364
565
497
481
435
459
482
450
396
359
401
742
357
262
145
784
450
384
616
473
417
550
465
289
493
415
364
484
707
394
433
503
367
438
420
467
395
364
416
736
402
716
456
554
467
513
337
325
424
372
421
352
310
576
488
563
363
469
549
510
355
413
335
558
395
483
501
402
342
648
360
375
358
410
578
509
538
427
293
332
492
264
492
409
337
450
435
679
425
408
834
412
499
462
412
402
344
382
379
360
298
695
348
459
409
377
416
660
700
288
417
562
623
563
374
466
524
425
362
549
525
621
397
617
602
701
295
313
482
558
336
313
311
419
303
293
315
334
624
314
371
512
417
357
615
319
483
299
249
353
388
268
401
305
406
327
327
343
329
508
439
619
582
352
324
358
443
270
404
349
465
552
550
583
258
498
670
374
586
563
374
432
602
191
369
387
720
312
395
405
446
337
376
279
303
312
404
585
334
281
312
464
258
260
362
438
481
549
585
319
301
307
350
363
470
444
307
352
396
332
449
432
513
475
710
321
815
472
406
414
753
309
423
425
360
414
377
313
250
453
332
468
235
405
388
466
322
431
406
295
375
251
430
292
474
457
339
435
221
541
365
299
388
346
344
301
125
467
490
348
578
615
296
583
452
492
538
392
567
445
250
273
412
311
271
348
304
320
419
458
389
342
320
281
635
565
340
301
370
330
660
523
405
335
347
501
286
355
205
587
342
289
338
338
370
298
544
359
715
240
362
284
298
382
328
530
262
205
441
226
377
328
294
349
549
261
611
478
262
341
198
359
311
419
293
452
373
251
203
245
271
434
535
398
420
686
509
414
435
295
221
314
313
251
236
271
324
349
277
246
374
360
187
327
250
326
382
198
295
458
280
369
339
421
666
303
325
543
311
417
361
343
296
230
333
603
254
292
330
301
583
469
124
479
392
330
306
497
413
270
216
239
254
361
272
310
276
530
336
221
341
182
603
311
330
545
495
409
613
250
328
375
305
251
285
328
567
309
377
381
416
447
464
321
420
404
305
436
399
241
362
314
628
449
231
371
316
226
351
236
526
341
138
449
463
413
416
221
492
326
288
221
292
478
423
302
271
374
244
331
244
277
283
247
578
240
370
553
296
244
308
262
112
129
640
454
330
357
428
429
206
360
308
216
204
614
353
370
175
352
261
228
291
346
332
222
331
270
289
445
290
338
466
355
286
312
175
270
380
207
331
276
415
227
332
381
544
221
175
335
407
323
389
158
342
464
442
339
293
519
325
482
335
287
360
267
390
501
162
343
505
368
304
404
285
265
259
191
330
236
235
212
193
140
254
240
500
259
407
385
386
343
284
185
301
192
300
104
456
366
225
289
166
194
243
254
193
313
250
229
529
303
254
421
199
210
201
623
308
134
270
481
192
306
203
163
307
200
190
157
241
288
274
202
400
198
203
470
262
206
293
351
106
443
434
331
106
162
215
358
409
202
218
227
204
304
125
136
230
215
253
254
508
321
179
227
174
127
209
253
225
210
266
79
119
182
267
130
221
332
261
255
350
326
278
226
167
170
265
156
183
154
192
151
369
184
442
157
165
178
220
225
302
301
261
93
71
233
221
219
320
106
269
302
122
188
87
108
133
72
121
204
170
118
142
144
68
230
137
119
167
228
160
107
114
64
93
120
116
65
54
86
162
148
146
147
121
107
90
791
264
