992
1138
1066
1060
1022
894
1134
1082
124
1103
956
958
891
839
843
909
876
917
869
1067
860
990
834
979
843
757
1116
906
1133
1028
1145
1015
1154
1144
1149
1256
1422
1220
1311
1190
1266
1298
1248
1361
1389
1384
1346
1520
1025
1492
1370
1188
1151
1239
1136
1161
1100
1142
1130
1027
1161
1278
1086
1092
1089
1037
1215
1163
1065
1118
1248
1573
1158
1316
1165
773
1135
1281
881
1026
782
998
942
863
1047
1052
1065
766
1049
1117
1254
1329
1083
1165
1223
1023
789
1340
1193
728
737
1021
1325
1353
1118
994
907
966
951
929
807
866
861
804
822
850
918
756
860
828
855
879
970
1156
790
1341
639
806
969
786
1196
756
775
788
574
878
1074
1114
604
621
1007
902
777
1037
843
848
551
838
1144
1372
1229
1453
1241
1077
1095
1148
1124
1014
913
1097
1212
985
1013
845
1101
1225
1089
837
780
764
734
765
546
584
521
696
541
556
748
566
503
847
713
1443
1227
607
513
684
433
423
442
540
412
464
520
555
920
914
607
989
1097
743
998
1011
992
712
807
1022
874
973
1012
929
911
1128
484
1186
940
1093
1190
989
694
1183
939
1017
1110
1154
930
1327
836
1041
698
1040
1036
1058
1081
1101
1228
919
1161
1128
1165
985
786
640
572
985
761
1036
679
442
686
442
399
621
672
766
886
926
742
320
426
343
556
1120
568
786
270
909
1005
1112
1296
621
702
562
1038
1214
1214
1116
1104
1348
1050
1229
1151
1167
1106
927
962
826
1079
631
904
1040
629
873
1197
757
1018
906
1234
1076
1130
670
662
692
551
664
1294
668
703
682
595
567
509
614
1090
716
1039
1088
1144
965
1109
1397
1230
1034
1124
996
879
755
1079
889
1269
1261
1104
944
541
921
1144
1100
842
492
955
1197
1123
1013
1228
861
702
834
684
803
885
747
960
1081
1118
781
953
913
1035
979
1210
1042
994
1007
1146
679
927
1075
1011
1058
1020
1029
625
606
930
1184
1304
1068
963
1078
816
1202
645
724
1201
286
961
1021
1060
1089
809
864
837
724
763
774
957
649
646
519
1019
240
939
869
943
1058
930
977
1151
673
927
1034
743
1332
512
1122
1250
1216
760
662
1259
996
1390
790
845
486
1169
909
916
860
1123
814
501
465
446
486
623
438
650
575
778
1076
883
836
487
546
556
491
795
914
580
805
973
655
514
866
686
974
850
597
774
773
859
358
846
1048
908
288
410
910
637
487
494
620
627
644
605
609
701
587
635
976
714
731
706
771
621
1058
874
1102
1351
925
609
1297
1103
919
911
1157
1138
983
996
1174
1170
969
928
973
635
947
818
669
1114
1177
1071
271
217
545
1145
581
1132
830
944
1119
913
795
1102
955
677
1087
925
1178
1146
1265
754
1168
943
1219
1038
377
891
779
621
-1
1314
1025
1000
773
558
768
895
763
741
661
670
670
587
591
562
609
907
678
872
819
385
766
1140
858
1096
709
689
585
538
701
1093
1012
645
775
645
792
622
1030
1063
1040
1152
1111
704
885
975
744
240
893
599
631
558
594
580
828
682
1172
1144
877
476
474
345
352
476
432
505
444
757
743
717
598
736
832
732
934
815
774
843
825
911
670
808
699
907
846
755
988
782
719
519
492
770
902
855
786
971
827
1013
537
820
638
930
746
773
591
641
727
494
760
707
966
920
883
577
818
472
420
549
256
807
351
390
599
391
935
589
670
672
561
500
478
545
647
575
294
905
1182
927
855
881
875
842
983
1014
752
576
511
477
764
859
735
894
598
559
660
672
747
457
776
757
743
576
578
509
793
642
1390
521
476
667
602
776
792
903
849
831
913
782
494
521
520
699
590
890
555
823
974
1063
919
323
475
475
525
720
448
694
494
353
575
565
584
599
776
716
660
926
357
659
602
279
561
553
578
506
587
674
738
515
799
677
682
471
454
598
565
644
786
776
493
781
250
716
636
334
355
495
552
592
981
581
675
681
558
724
548
1002
906
489
805
779
581
646
661
981
696
832
573
616
576
667
518
711
517
547
960
533
493
724
791
388
610
758
514
618
534
744
483
529
320
998
942
761
558
651
760
583
527
579
621
480
838
1067
609
889
1143
869
1039
787
673
757
684
662
494
439
404
467
545
405
959
1005
972
1037
891
652
625
697
674
646
773
592
675
636
761
655
566
790
1031
459
474
509
473
388
448
451
747
757
527
538
664
517
821
738
488
901
706
236
880
195
511
474
1043
465
1047
589
694
705
406
526
929
503
410
701
478
877
921
687
430
617
490
488
619
639
1028
504
498
775
720
688
545
478
858
481
633
854
555
846
904
449
580
666
627
383
571
582
857
795
639
504
494
681
340
421
789
556
715
611
1004
764
684
761
762
552
415
510
655
571
748
359
708
483
730
596
507
755
703
854
879
901
951
777
1137
804
578
784
459
732
540
651
605
789
748
542
925
782
603
574
560
734
761
559
390
329
527
489
620
574
507
621
505
852
684
871
661
577
584
599
1141
841
724
898
348
503
520
599
943
573
734
617
404
567
914
514
512
616
490
899
503
902
692
752
528
402
909
729
762
796
263
765
587
479
539
424
540
490
460
602
524
564
731
627
891
497
458
516
754
559
386
571
553
751
659
499
822
683
992
346
604
485
937
503
462
532
374
503
231
313
562
597
803
947
458
563
771
583
401
410
450
446
572
606
538
785
587
487
645
561
457
731
472
358
316
585
657
408
553
282
520
444
995
479
314
249
694
806
552
417
419
510
333
405
515
587
531
532
463
578
453
360
756
385
820
491
472
719
636
475
476
539
486
363
408
430
406
540
524
480
572
672
360
268
495
436
631
426
613
156
226
137
369
319
650
556
532
484
260
815
898
578
879
630
545
483
608
610
622
616
601
478
518
687
863
598
408
369
349
544
540
660
351
480
432
328
237
512
661
640
418
593
478
319
338
290
489
662
577
591
595
457
459
380
352
601
455
692
564
643
609
584
639
650
499
285
411
465
303
703
307
729
462
335
471
453
507
340
547
596
367
316
451
450
672
970
427
474
467
699
474
391
423
414
446
524
410
525
690
643
660
364
447
237
568
639
343
340
374
362
342
606
586
566
510
463
427
694
319
252
165
729
555
339
550
293
374
657
569
287
506
604
407
478
711
526
414
494
279
341
351
345
322
323
579
537
493
976
354
641
533
515
361
362
367
269
397
463
425
507
646
439
296
453
743
705
307
533
312
485
405
486
371
542
443
671
293
312
289
335
628
581
671
599
338
278
623
257
638
354
368
581
576
574
425
393
650
327
380
331
319
301
361
347
295
467
311
845
536
696
505
469
502
418
902
369
348
538
608
505
459
442
477
411
311
553
434
657
475
735
371
504
336
328
396
339
333
527
415
358
264
257
257
342
634
295
320
353
353
441
369
314
550
313
259
521
468
364
342
324
496
403
416
300
560
596
553
661
531
374
421
390
737
374
363
423
453
654
596
642
239
460
595
588
950
546
435
489
779
156
494
415
625
272
327
315
530
425
421
324
402
350
339
344
299
367
396
622
388
269
403
620
524
792
431
342
359
399
297
285
586
543
256
262
309
274
402
419
569
510
706
423
581
377
394
251
698
466
466
369
296
580
519
350
219
488
454
581
239
463
364
488
368
413
387
322
328
274
420
249
523
465
452
576
190
634
387
304
567
529
326
303
140
530
534
480
563
759
246
670
376
569
831
353
383
557
277
410
513
483
395
276
345
313
323
482
278
382
323
360
513
759
554
302
402
429
606
436
316
377
263
577
252
462
306
737
343
391
295
286
322
245
586
408
535
263
495
283
277
307
334
408
220
386
680
249
509
344
374
341
343
384
497
477
426
394
226
319
268
342
333
426
273
313
203
297
215
381
568
326
548
556
353
295
560
250
187
243
415
365
190
214
295
269
340
197
366
373
223
337
271
310
326
114
341
472
307
309
280
443
500
333
262
599
322
483
416
316
348
187
346
371
292
308
259
380
595
424
172
476
400
266
222
312
546
375
286
203
306
461
263
329
340
524
422
234
380
268
612
341
369
401
612
324
472
306
274
288
342
295
243
397
321
296
480
470
271
306
302
242
479
505
448
322
383
369
381
449
520
546
288
349
421
233
356
210
501
320
97
483
292
342
411
274
492
302
458
254
338
363
427
363
305
389
322
244
298
316
211
239
368
211
350
699
235
208
252
282
56
56
683
570
408
317
297
532
231
232
393
295
277
702
249
240
206
392
316
327
314
469
290
279
237
238
287
424
206
374
718
439
400
345
259
350
401
207
365
191
619
287
372
326
584
247
221
279
346
312
417
166
358
460
501
369
269
341
287
469
435
243
320
342
265
479
195
398
510
491
216
253
273
243
320
271
488
261
219
232
233
129
335
196
585
225
473
270
272
231
214
206
250
209
325
165
415
255
226
250
169
166
335
231
256
409
204
165
521
387
236
355
200
267
270
361
202
122
200
621
255
228
233
243
409
243
175
201
216
422
227
230
449
190
247
299
266
153
349
277
104
356
355
489
114
200
171
393
319
234
212
177
280
227
114
243
162
301
298
297
384
356
220
245
185
216
164
283
219
147
302
70
132
219
169
143
250
331
208
265
257
410
310
218
170
186
186
203
222
186
231
195
450
206
290
186
212
173
246
198
236
233
363
114
96
311
165
164
302
146
231
221
143
216
83
116
205
89
94
211
172
163
150
164
90
272
158
152
142
203
160
102
155
92
129
113
160
94
78
147
204
162
106
108
194
83
111
853
213
