598
641
594
569
536
455
636
550
70
595
570
512
556
530
468
483
457
483
418
541
487
476
494
586
485
466
536
521
571
587
586
625
731
737
799
875
851
716
776
704
786
770
775
797
805
763
737
752
732
765
848
917
853
810
740
779
870
761
1005
945
933
901
832
797
769
777
833
843
860
870
781
691
700
702
762
557
737
712
624
598
669
744
795
651
693
619
769
690
746
626
757
714
702
641
608
599
618
682
628
607
718
878
588
665
623
769
799
800
768
835
738
706
757
681
697
859
737
722
672
723
695
690
555
849
555
792
462
647
698
655
617
720
756
775
633
698
682
706
491
586
698
816
556
681
576
619
477
640
663
734
576
625
726
715
556
661
739
699
657
746
750
734
769
577
524
609
642
649
667
601
601
601
517
516
482
511
481
473
604
478
387
640
653
688
590
498
413
476
374
406
358
430
356
447
429
480
579
580
429
492
650
666
562
563
494
526
636
817
647
752
640
654
565
626
374
653
514
658
639
648
596
656
882
864
748
724
829
667
749
701
484
611
656
734
722
599
709
673
706
766
628
620
627
619
494
601
675
529
463
387
389
328
370
423
455
516
380
668
960
329
413
326
592
624
497
598
264
1175
651
724
645
513
680
534
590
651
652
588
578
632
629
668
572
631
597
769
508
779
538
625
563
631
465
532
649
705
545
442
621
758
548
765
762
751
591
735
619
374
398
368
303
331
269
314
588
444
582
648
598
541
533
654
580
540
649
600
548
591
543
556
618
666
593
540
589
738
627
661
686
347
749
554
554
563
596
724
460
845
618
548
767
690
570
570
676
646
609
504
664
608
532
493
599
575
537
551
501
711
627
623
660
565
685
639
560
511
571
535
897
629
518
545
467
632
688
254
508
461
628
592
678
698
772
696
564
599
614
392
391
444
508
240
555
465
512
548
498
492
604
430
566
500
553
546
239
703
566
529
625
482
603
483
617
612
615
287
478
467
503
613
536
594
664
590
505
684
629
416
546
519
670
689
597
587
741
788
635
771
863
650
659
414
545
398
559
395
307
684
740
459
546
501
512
305
540
493
752
395
474
551
494
420
382
554
608
637
640
641
660
828
842
685
696
496
533
540
507
533
386
555
626
668
461
436
546
456
435
537
511
547
510
482
559
626
573
514
582
469
700
519
623
499
515
317
223
318
505
825
612
465
488
551
527
473
626
490
670
549
525
581
626
493
520
547
518
647
661
353
575
805
618
518
431
461
556
525
796
777
507
507
558
721
836
792
712
833
753
768
709
579
549
497
336
846
545
676
564
516
908
850
796
748
553
517
555
482
400
409
466
471
462
442
485
467
559
766
509
649
261
476
383
1033
980
670
726
609
590
479
434
486
551
530
496
431
590
650
801
365
310
523
519
606
564
449
473
415
387
388
484
518
538
497
588
476
514
481
432
445
413
487
362
430
668
646
533
642
518
431
521
555
455
475
461
417
551
755
699
407
347
463
817
562
418
426
567
552
667
622
574
217
597
246
429
464
344
499
493
624
572
985
820
945
757
825
592
245
487
532
595
586
591
595
594
475
456
740
586
890
564
414
436
538
451
714
609
756
631
477
447
467
472
423
452
688
505
503
464
572
684
510
473
650
416
449
420
383
399
411
354
546
537
572
419
482
471
721
542
531
418
518
376
417
330
372
451
305
536
613
537
309
487
527
634
450
488
504
616
293
355
360
256
407
454
400
617
758
553
470
683
466
362
478
747
274
555
358
491
412
394
550
576
303
401
403
322
487
426
553
644
427
314
451
349
607
596
457
537
417
532
406
401
317
385
376
566
412
423
431
422
332
379
-1
478
413
578
472
481
326
596
393
169
396
474
485
309
260
388
378
421
213
458
485
388
632
428
387
497
571
382
299
507
473
558
518
463
513
366
405
406
523
491
335
331
425
561
576
610
482
387
487
389
348
392
413
326
328
367
384
373
386
419
369
282
346
446
336
324
456
343
319
363
333
253
321
290
409
370
395
421
590
374
356
383
308
416
374
193
446
256
298
424
432
435
446
345
369
383
359
736
424
524
471
379
401
389
367
422
440
395
448
382
443
472
441
545
523
392
351
513
289
285
438
704
434
444
299
560
355
508
546
336
317
393
330
344
431
347
303
259
516
305
318
410
499
323
350
357
566
441
376
360
361
316
417
368
273
393
416
300
322
332
438
387
304
300
346
474
494
486
557
381
504
335
382
505
601
372
290
369
369
369
416
317
490
355
279
314
270
316
398
256
395
315
321
443
262
266
266
395
301
478
328
571
349
347
300
368
542
558
363
341
569
257
450
463
494
357
297
359
329
439
365
250
421
308
497
328
275
393
317
424
267
466
442
338
360
385
189
354
317
399
330
673
297
453
343
359
245
358
356
301
390
550
708
255
493
294
386
394
301
386
437
286
388
367
364
268
431
248
470
429
307
354
307
340
224
359
407
243
344
516
339
284
409
271
280
564
305
221
381
334
248
438
384
324
361
355
300
414
252
267
207
324
453
282
342
261
324
245
556
665
254
221
356
340
431
393
470
246
337
352
279
286
319
321
563
537
242
194
391
346
401
240
264
389
322
287
519
271
249
189
268
624
215
305
260
298
329
277
305
267
315
467
294
279
318
169
176
103
276
310
318
286
308
286
158
303
347
210
474
425
342
252
298
289
327
320
333
232
306
363
468
284
478
204
296
257
301
360
250
329
335
349
290
264
280
296
262
324
262
192
342
183
283
390
264
263
312
618
618
187
377
381
541
253
354
428
394
418
309
381
305
187
287
251
330
317
186
319
265
169
218
259
266
191
283
276
257
248
316
243
273
343
221
257
487
428
350
310
241
230
309
317
232
212
402
346
279
230
195
181
252
341
242
342
357
353
328
279
287
247
222
221
245
424
197
179
97
494
250
228
292
438
372
308
274
170
278
228
206
271
380
238
250
322
293
356
228
436
311
282
230
407
267
400
333
341
300
305
225
192
343
307
249
223
208
344
315
390
212
286
321
294
217
263
223
359
233
212
413
252
219
376
281
280
260
299
340
276
334
267
191
302
289
154
300
237
198
273
270
409
235
228
454
329
326
349
302
281
206
235
300
221
184
406
196
304
259
236
271
423
408
194
327
322
340
308
220
280
314
228
235
320
336
362
243
376
520
300
195
172
386
355
208
207
193
330
250
236
260
252
322
220
289
425
285
225
417
178
298
193
152
211
216
153
296
189
249
193
213
264
208
310
270
404
321
180
217
226
253
162
338
212
281
313
305
373
142
266
419
234
340
255
241
261
360
192
209
227
408
241
309
246
269
193
251
182
199
200
225
573
214
193
194
272
170
146
220
263
288
313
460
190
177
187
210
212
298
247
252
292
334
313
283
270
294
310
383
210
502
296
258
344
465
224
235
327
232
268
220
172
237
267
235
293
124
238
211
266
196
282
226
176
224
153
265
247
283
282
197
291
171
298
217
180
236
207
166
201
89
262
302
197
360
353
259
332
309
277
338
240
391
256
159
162
271
217
166
258
220
177
280
257
373
224
169
177
476
350
229
162
218
222
389
366
239
218
254
300
217
222
139
329
189
200
239
247
254
190
296
218
443
151
227
183
235
341
196
492
191
135
253
145
244
206
184
220
529
162
316
273
168
222
117
229
239
270
171
281
319
150
142
183
154
319
323
286
237
431
334
348
261
255
158
269
183
159
183
274
260
259
161
213
222
220
110
222
168
198
205
133
185
298
187
204
254
255
444
196
260
336
196
242
243
230
194
159
156
409
152
172
300
178
325
258
81
294
231
211
294
211
231
165
132
180
150
197
166
167
185
348
185
150
205
114
334
204
208
368
275
352
486
155
277
249
191
162
215
201
456
188
259
266
396
429
307
216
250
234
185
231
241
151
213
194
419
261
151
225
224
161
230
191
301
203
64
280
364
276
247
126
359
221
183
124
173
318
312
191
175
212
147
271
160
211
232
191
527
140
256
319
270
197
266
145
57
84
346
313
201
171
359
253
104
288
226
131
140
376
276
278
115
247
157
135
178
226
248
134
283
161
186
264
255
233
289
245
171
189
115
171
224
132
210
250
240
149
216
343
325
137
107
262
245
190
231
91
200
313
212
207
192
450
258
286
219
219
217
169
354
312
100
230
302
191
311
257
176
194
153
115
214
155
166
148
130
87
160
202
313
184
244
345
343
310
235
116
188
121
181
38
257
336
138
237
122
112
165
198
108
162
188
171
339
221
145
250
95
135
112
583
217
106
272
253
123
206
122
98
213
122
97
101
89
168
197
130
253
163
143
387
141
178
194
175
63
298
309
182
68
111
139
204
312
132
133
214
145
200
82
68
188
152
169
170
275
162
119
128
119
80
158
163
145
84
159
40
58
122
228
84
133
190
185
153
264
174
176
127
97
100
163
89
113
89
110
103
231
98
337
85
102
124
134
136
252
251
131
62
44
138
138
138
190
75
218
218
75
113
72
58
86
50
106
132
74
80
84
93
47
127
79
86
137
185
89
82
90
44
53
98
65
42
36
56
97
85
99
99
63
118
61
473
222
