1088
1349
1381
1302
1248
1044
1357
1405
158
1314
1303
1239
1081
989
1095
1191
1235
1298
1205
1480
1035
1353
968
1075
970
966
1440
1190
1422
1382
1443
1177
1078
1410
1253
1146
1277
1227
1201
1268
1179
1055
1194
1152
1235
1269
1242
1537
1047
1329
1179
1112
1122
980
1037
1110
1022
1050
1075
954
961
1121
1054
877
957
977
1067
993
983
990
1174
1366
1117
1299
1017
877
961
1084
997
959
650
949
857
745
895
845
838
724
842
1139
1165
990
1120
1400
1344
1217
623
1044
1140
626
671
906
1387
1446
1091
843
837
858
842
835
754
765
807
721
749
771
815
733
765
775
705
704
933
1049
1031
989
680
684
884
674
1295
674
665
715
523
786
804
887
711
493
981
890
588
875
686
752
431
700
1070
954
1464
1367
1168
819
1326
1111
1019
772
771
1101
1115
862
815
1205
1348
1170
1125
707
666
675
652
644
418
425
487
604
504
493
609
545
371
776
693
1096
1214
619
442
574
399
363
400
438
405
449
457
498
964
958
621
1427
1026
695
1343
1333
1458
628
768
994
850
772
975
894
1043
1306
458
1063
1200
1159
1264
1088
578
1002
902
892
856
982
839
1129
716
853
803
1039
1188
1138
950
953
1125
793
1028
908
1061
841
808
621
604
949
721
1055
537
401
762
419
353
589
516
636
1270
739
676
240
413
325
480
1166
564
689
267
788
831
911
984
563
555
526
861
955
988
914
914
948
906
972
977
944
881
785
1155
690
929
670
924
889
455
665
1099
763
1247
833
1155
779
1105
652
659
656
535
638
1290
872
809
853
809
675
705
841
1140
700
833
934
1045
1153
1177
1077
1100
785
861
1052
872
659
1019
757
805
960
965
733
453
750
844
824
821
494
848
838
917
1097
1132
781
790
860
829
1013
862
1008
865
1036
1048
775
867
1181
887
939
1296
1437
924
1069
1081
637
672
962
942
974
800
822
608
601
715
1372
1056
885
816
899
802
1064
600
729
821
274
1096
1228
1082
952
775
801
704
617
564
642
1093
764
760
498
793
199
992
1040
899
939
946
655
902
570
904
904
655
1060
695
991
1253
1018
813
575
1082
1187
1002
704
762
805
814
631
827
704
873
672
525
480
386
459
630
305
565
596
729
854
733
727
443
514
461
397
833
825
500
616
1040
884
514
1161
942
794
769
633
667
649
759
264
576
1135
724
253
339
891
716
482
507
640
629
651
583
562
671
546
642
769
654
784
866
754
643
887
1165
858
918
816
516
1097
998
965
-1
1070
1091
944
969
1106
919
980
951
967
654
977
673
651
802
858
829
239
145
669
1132
547
826
1022
858
826
1078
765
947
846
604
1016
977
810
817
969
636
815
795
851
770
271
771
796
652
911
774
872
708
625
561
659
799
763
665
709
623
628
556
541
624
567
758
673
768
658
335
671
1026
712
761
552
776
609
492
605
908
816
713
479
405
803
604
711
722
710
774
846
687
744
926
561
198
698
750
559
495
558
547
699
741
1058
930
628
468
492
279
290
477
353
459
333
550
575
596
566
559
878
705
571
715
678
857
626
678
587
691
507
649
668
920
886
533
606
447
424
620
723
697
655
720
712
775
572
659
653
726
622
623
495
553
581
581
500
669
651
857
839
524
706
455
406
578
220
584
355
380
773
282
724
554
543
532
527
448
443
479
577
482
267
591
823
757
712
732
733
719
919
825
704
535
472
443
673
657
597
712
588
549
660
542
629
427
601
571
950
506
574
585
605
503
1057
440
399
492
536
586
702
828
848
833
806
851
526
556
418
529
696
757
484
793
701
855
704
384
565
411
446
522
394
492
478
277
441
501
560
491
593
614
641
869
237
500
537
299
401
445
442
376
553
630
869
602
912
528
642
408
643
624
535
746
904
854
419
607
205
1002
455
370
328
493
443
470
731
672
610
598
473
553
432
796
791
421
577
538
552
481
479
661
472
550
417
442
767
483
435
501
456
440
750
484
658
587
554
434
473
628
449
503
625
926
428
596
428
850
872
580
451
587
555
557
499
489
752
462
621
914
505
879
770
631
784
560
547
635
688
562
511
487
379
491
438
459
827
1107
981
915
825
549
551
573
606
512
564
548
518
642
652
451
426
649
910
417
359
355
343
274
364
295
619
534
486
498
510
355
729
853
510
809
529
175
698
193
360
428
873
379
957
483
612
586
364
452
806
472
333
621
468
670
728
687
379
474
452
468
549
503
645
476
477
547
940
522
554
401
588
489
614
707
407
687
681
418
534
540
542
385
466
474
554
609
492
484
470
580
337
338
599
559
737
501
844
544
457
495
497
425
381
503
621
476
529
394
539
419
565
464
377
516
504
655
694
637
677
569
1057
680
440
638
353
505
408
473
459
562
544
453
775
499
530
515
465
476
532
386
366
331
416
435
507
538
469
739
389
586
715
713
459
549
514
534
670
619
501
715
330
356
476
562
911
474
708
458
365
576
659
458
433
550
399
661
324
863
439
541
511
397
614
461
796
576
234
486
684
499
416
400
474
420
366
411
402
473
545
420
690
402
388
438
559
467
357
451
448
652
510
373
572
407
636
350
600
347
840
438
366
436
270
454
185
309
489
391
484
735
413
457
537
425
334
328
370
359
449
477
432
634
497
419
456
423
354
654
511
249
241
405
518
304
408
264
400
350
698
420
305
209
534
641
479
357
385
361
259
305
389
596
482
482
495
450
375
294
510
331
521
389
385
520
436
379
389
468
445
315
334
359
394
337
398
305
433
496
326
244
410
403
439
360
430
154
201
155
484
248
492
395
405
451
199
585
647
416
611
460
420
364
464
466
469
448
431
361
419
490
561
527
438
331
317
415
438
502
263
550
606
322
232
435
596
624
390
472
415
237
285
259
400
570
377
381
449
382
378
400
334
636
467
744
437
515
506
456
529
897
396
242
360
408
267
491
257
583
330
259
371
385
448
266
486
442
301
292
398
405
525
763
328
366
397
517
364
326
436
380
464
400
396
361
464
535
442
290
425
228
471
554
275
274
343
333
284
445
412
559
421
415
339
547
258
212
126
512
402
288
476
263
322
472
411
268
377
538
307
483
485
347
344
334
247
301
294
281
269
269
484
396
338
920
326
454
394
408
291
324
275
224
333
308
299
334
535
412
270
351
550
512
230
367
203
435
407
626
318
373
337
483
246
260
238
273
677
585
591
440
346
261
489
215
423
292
287
454
472
460
365
363
570
301
344
310
263
250
306
284
255
332
253
621
391
529
450
392
321
390
685
241
299
411
500
418
326
359
389
336
266
436
348
665
353
624
313
444
242
279
328
293
277
519
368
366
238
244
255
300
592
253
290
288
346
361
443
267
596
218
197
424
406
308
307
264
351
297
301
253
405
697
521
439
451
287
350
393
509
307
320
307
358
493
463
462
200
405
459
459
676
404
520
347
534
143
346
338
494
223
287
308
464
308
324
243
434
337
269
288
207
238
297
444
311
232
373
435
437
536
427
307
299
305
260
259
489
372
212
239
253
229
339
303
449
557
577
343
488
384
280
213
565
421
420
303
256
424
437
221
168
362
283
381
206
406
404
414
302
308
291
223
272
214
314
220
491
399
361
471
195
461
290
263
414
359
272
275
111
409
413
411
415
546
205
678
368
509
534
296
317
398
209
321
450
362
345
222
258
267
295
333
261
387
261
258
467
529
323
260
284
310
448
423
302
364
253
415
240
355
176
518
280
302
286
278
311
201
432
289
413
203
312
229
263
238
252
330
198
236
467
191
338
256
268
257
376
360
431
414
279
294
171
273
234
299
290
338
228
214
178
225
197
325
394
293
383
578
348
264
585
203
156
207
307
240
169
180
225
257
274
162
255
348
176
279
183
234
266
121
262
342
220
242
251
353
558
272
252
422
222
374
290
289
278
165
259
328
265
268
240
361
476
613
162
331
308
222
189
312
478
283
208
191
282
323
231
254
336
508
325
166
297
265
420
305
233
382
478
311
405
235
217
267
311
246
222
295
271
282
481
453
207
241
245
222
373
389
313
260
289
274
369
374
427
520
216
276
292
246
295
198
405
343
184
436
236
279
300
193
383
256
364
203
280
276
391
319
235
282
289
191
302
220
183
206
293
163
225
509
196
177
231
213
38
57
531
441
250
273
236
457
157
191
277
231
205
530
215
219
159
287
235
241
247
315
267
233
170
218
236
329
178
244
463
373
382
279
194
317
292
190
274
188
477
289
344
265
404
214
161
257
311
251
420
148
259
332
405
365
227
272
256
350
299
222
265
343
228
375
141
312
373
660
170
225
200
222
222
228
295
234
188
158
131
94
238
166
402
209
345
259
261
187
207
155
211
165
273
130
330
215
129
178
133
127
303
215
194
255
187
146
427
329
204
300
156
194
208
293
196
112
197
480
181
191
165
192
494
205
158
154
242
304
196
186
455
164
212
327
220
137
256
258
83
302
288
361
81
152
140
368
291
180
162
147
244
178
94
138
146
238
219
219
356
280
166
228
138
169
128
213
184
249
239
68
95
159
142
95
215
350
188
256
249
525
251
200
137
159
222
161
167
140
176
152
352
165
243
128
167
144
183
152
190
191
353
90
69
223
144
143
314
109
180
175
119
171
66
87
176
71
75
169
164
104
138
147
56
259
149
115
112
174
163
75
174
60
98
87
103
73
57
95
164
115
87
88
116
67
80
1012
189
