734
840
894
795
778
646
925
824
99
849
858
777
679
666
780
770
783
761
730
865
705
691
583
618
541
594
628
715
774
874
888
841
904
1015
1122
1158
1224
1053
1098
1022
1008
1040
1125
1092
1086
879
837
1010
859
961
1240
1225
1279
1042
1169
1121
1184
1069
1270
1410
1246
1075
1309
955
1084
1085
1093
1122
1153
1089
997
890
1041
1058
774
652
1051
1095
809
899
777
1092
1097
826
998
1007
795
832
963
831
1084
938
974
985
856
699
640
789
1006
741
905
1018
732
930
890
918
1039
914
940
997
844
823
913
792
763
1004
777
789
791
980
798
705
589
992
567
843
507
812
895
813
916
901
873
892
631
791
728
824
766
620
1008
1286
557
792
597
772
503
773
888
872
766
781
781
672
646
989
1095
769
791
989
993
850
864
826
779
875
930
728
761
696
693
663
514
561
602
619
561
567
715
574
411
777
901
840
753
548
482
520
462
400
425
462
423
577
517
508
763
759
394
648
736
926
832
766
717
586
898
997
1115
961
987
995
687
731
403
851
627
999
928
949
657
903
1186
1087
979
946
899
865
1035
937
582
847
773
848
937
884
891
930
1087
1062
877
938
1088
756
685
969
1022
523
492
500
389
330
377
466
493
610
613
810
810
332
474
346
657
864
599
782
320
1040
739
970
964
593
822
675
853
695
712
710
678
778
878
978
828
943
881
1133
662
822
602
772
890
825
536
714
943
1010
802
508
866
971
827
1002
947
1005
766
906
846
570
476
608
466
378
467
521
816
442
894
727
812
567
745
860
805
792
944
886
693
739
555
646
662
794
814
769
618
872
839
869
1158
347
987
692
780
882
766
972
461
976
821
562
988
941
843
809
742
794
845
591
674
858
680
686
738
789
765
667
779
792
694
708
837
867
933
868
840
712
733
757
930
881
895
641
562
998
782
336
745
680
905
963
766
792
699
583
503
689
757
488
487
586
807
275
745
656
592
687
698
679
835
596
807
828
759
758
345
807
734
734
990
503
740
700
807
792
844
484
646
547
760
784
764
787
794
743
593
748
804
521
707
640
763
889
906
933
684
755
688
626
985
909
661
408
824
484
728
563
483
938
949
593
780
732
672
337
675
702
976
527
536
639
849
579
593
925
960
963
897
815
944
915
1010
750
1014
561
598
697
645
678
575
808
796
1092
455
617
609
518
624
702
724
759
672
640
735
888
868
572
819
618
781
769
832
672
702
386
177
294
736
919
779
577
600
732
644
564
897
728
721
760
737
768
780
694
756
767
736
690
724
364
849
921
761
598
546
706
661
695
698
693
593
815
989
754
773
745
729
830
632
773
710
834
898
726
413
837
734
905
675
722
780
816
832
817
795
683
861
440
372
611
713
592
584
551
618
536
524
912
703
620
290
602
417
854
929
839
882
761
717
604
552
652
693
739
525
451
732
464
758
413
401
719
676
781
773
622
588
500
586
560
555
643
512
593
633
628
814
764
531
529
619
664
534
499
718
886
888
680
786
632
746
630
723
629
689
618
752
665
714
573
414
474
876
568
579
580
888
820
765
707
830
234
698
294
581
427
412
606
703
754
559
687
624
738
726
671
537
300
607
698
887
869
902
886
858
703
647
751
808
740
735
578
639
754
747
694
684
709
473
519
662
634
615
445
746
842
755
691
591
749
725
636
526
600
640
553
559
577
565
577
547
641
599
766
558
653
638
746
665
789
557
754
560
694
520
508
598
435
477
518
378
549
707
775
705
648
709
613
767
363
476
466
356
461
523
574
582
709
700
532
740
463
584
523
611
407
-1
644
564
568
548
617
536
333
668
541
468
524
557
664
550
514
351
662
531
568
748
621
792
590
679
626
515
506
565
558
612
563
566
444
529
390
535
555
426
723
659
588
730
411
876
515
288
550
607
686
412
321
598
429
597
296
582
628
479
774
795
592
798
777
673
475
699
590
732
799
714
636
524
542
545
540
568
565
445
715
661
528
704
812
571
539
501
468
513
589
493
480
511
651
528
566
721
502
443
502
394
455
466
685
430
379
457
404
305
432
380
617
560
595
606
648
362
429
550
423
522
529
211
633
329
409
639
572
574
693
515
474
451
497
686
549
688
510
501
630
455
454
571
635
559
689
517
657
532
597
580
525
636
432
558
425
300
536
582
613
634
401
830
486
744
636
480
459
450
524
501
557
472
416
407
795
430
409
527
718
366
411
510
761
509
435
443
442
426
608
606
393
583
466
461
459
493
644
580
454
436
460
605
603
588
706
513
634
435
446
573
605
538
433
551
494
481
539
471
651
478
423
397
403
460
506
362
635
541
477
454
371
392
384
497
460
595
482
851
419
487
449
614
547
706
520
443
419
346
448
521
562
469
360
581
572
618
524
358
412
397
588
452
382
502
400
543
402
726
549
439
460
497
250
500
454
630
466
605
450
666
510
431
328
522
399
327
547
686
681
406
658
376
536
538
417
535
622
435
484
412
474
373
592
414
653
428
501
503
378
525
295
381
585
354
490
711
452
447
562
393
449
546
426
347
588
405
394
571
575
473
468
466
358
490
419
288
270
468
455
350
460
317
464
378
694
474
295
215
384
488
477
462
605
356
429
477
334
382
426
429
542
614
368
292
479
473
459
373
348
606
411
425
617
383
364
296
360
515
286
319
438
385
510
342
490
423
471
552
419
463
387
186
169
142
356
398
474
407
364
398
211
473
484
317
594
526
453
387
428
430
452
427
414
308
420
502
626
363
389
324
437
371
342
514
226
482
496
378
298
414
405
412
347
487
418
241
409
286
449
419
354
351
458
510
509
260
383
611
798
400
474
673
613
595
458
538
373
278
366
304
487
373
267
431
325
249
290
311
320
266
469
379
328
321
424
270
365
479
335
404
572
558
455
440
302
294
429
436
323
288
372
553
364
361
347
251
312
526
365
378
393
351
532
317
390
368
356
356
333
550
243
229
144
495
392
350
472
407
345
432
384
252
317
309
338
406
447
339
337
336
427
481
359
446
413
346
347
463
317
571
439
440
379
408
308
314
389
360
317
263
254
341
384
493
279
313
428
383
256
305
257
576
344
358
559
360
298
458
349
380
349
407
485
414
442
354
268
289
403
243
405
358
323
384
369
629
375
357
612
404
366
383
399
394
311
287
381
266
256
517
297
373
357
351
359
423
561
231
404
480
549
453
339
402
399
395
332
452
435
520
347
433
496
463
241
291
528
355
291
280
273
467
343
364
380
384
576
279
430
441
420
329
508
297
413
222
225
310
323
198
399
266
359
302
285
366
282
374
339
475
443
260
272
275
353
230
487
287
377
481
367
390
237
435
366
292
412
416
311
322
482
230
327
270
569
354
435
350
384
299
321
245
256
266
343
452
271
208
276
369
247
231
324
325
416
431
451
294
293
274
267
258
384
333
309
369
378
303
417
357
455
381
641
267
616
413
304
400
563
247
382
355
416
333
323
304
296
362
275
344
235
363
376
366
251
349
298
256
328
240
394
280
416
414
229
303
201
412
283
256
284
288
262
264
129
415
430
294
363
519
306
501
454
415
424
340
390
416
227
238
309
263
227
398
267
316
405
307
344
312
290
234
514
455
271
279
309
292
521
566
408
265
278
408
372
303
160
497
281
263
331
328
353
259
416
307
736
231
260
333
275
317
269
568
258
163
351
219
304
262
263
348
406
242
458
420
253
309
207
298
295
332
259
362
341
230
179
213
229
404
409
450
297
447
253
476
346
314
225
336
265
217
222
213
283
379
225
278
362
335
187
266
219
285
309
165
238
318
229
329
334
351
418
249
303
448
245
386
291
289
273
231
279
443
234
252
401
265
446
357
105
339
276
347
293
326
357
234
206
269
248
276
234
286
251
457
268
164
292
162
435
313
289
340
454
394
349
226
314
436
251
217
289
268
348
268
300
316
375
357
333
340
349
329
235
336
325
203
308
280
425
373
213
300
252
236
349
264
394
287
143
384
327
378
323
196
448
266
251
197
279
327
428
251
225
345
187
317
226
265
315
267
407
237
265
414
295
253
395
237
59
93
530
372
287
265
363
356
152
311
257
199
190
510
324
257
181
302
252
190
258
301
295
173
334
252
273
345
234
296
404
275
219
278
165
232
317
194
310
274
317
181
275
415
378
172
172
373
387
293
373
138
265
377
308
302
237
445
367
379
283
316
409
221
351
350
150
273
404
300
276
290
236
254
230
177
249
173
225
163
168
108
228
301
335
256
365
314
314
288
226
153
260
182
276
93
370
304
162
275
184
169
194
269
173
238
235
217
397
246
250
345
171
188
166
387
262
130
233
398
164
207
171
173
282
174
152
163
172
236
316
164
311
227
188
349
221
186
231
269
96
347
324
289
79
158
170
330
393
180
175
276
154
226
132
137
217
162
206
207
397
223
170
220
149
135
222
220
228
184
265
57
108
175
234
126
220
315
262
211
304
263
257
196
158
167
213
169
179
149
176
129
299
170
274
138
164
154
199
189
264
261
201
104
84
217
183
181
270
109
267
262
107
157
96
103
141
85
114
192
112
121
143
154
76
229
154
125
209
276
157
136
111
63
102
168
133
62
67
109
181
92
120
121
111
107
98
576
270
