1484
1338
1158
1075
984
730
1308
1117
182
1125
1140
992
1122
1169
957
941
856
889
853
1013
924
916
1041
1299
1191
970
874
936
1032
1077
1091
1113
1339
1482
1651
1780
1730
1308
1476
1302
1419
1416
1477
1377
1371
1337
1331
1334
1734
1231
1603
1695
1641
1585
1407
1827
1554
1360
2119
1826
1611
1475
1735
1645
1346
1428
1395
1419
1484
1538
1406
1241
1478
1376
1665
1423
1394
1338
1457
1238
1397
1450
1341
1707
1423
1140
1682
1848
1219
1238
1312
1318
1319
1139
1080
1162
1380
1269
1176
1606
-1
1567
1059
1118
1176
1272
1381
1238
1278
1526
1457
1315
1656
1243
1230
1406
1175
1827
1270
1207
1249
1061
1260
1346
1204
1291
1201
1064
1451
1320
1068
1244
1236
1219
1295
995
986
1073
1282
1724
1512
1593
964
1021
1109
1183
940
1054
1212
1153
983
981
1092
949
983
1162
1256
1270
1096
1355
1210
1210
1216
1157
1002
1148
1198
1053
978
1104
1165
1042
1099
967
986
907
937
1005
966
1065
932
1120
1705
1029
960
1379
853
775
744
815
754
807
764
1003
1605
966
1183
1181
763
824
1119
1091
1045
1044
836
1550
1209
1275
1348
1370
1159
1214
1088
951
1053
1171
913
1176
1097
1207
1008
1097
1339
1313
1111
1102
1411
1079
1612
1146
1206
1151
1022
1129
1123
1089
1136
1065
1305
1320
1088
1107
1309
1512
1186
1088
1195
892
1361
1396
901
1009
926
1131
1155
1089
785
1054
1124
977
917
761
977
1018
1109
985
773
1304
1099
1400
1151
911
1540
1507
1013
931
936
793
761
969
1111
1154
1096
1030
941
1251
871
1059
726
1271
1191
1183
1122
1134
1145
1401
888
1052
979
1255
1031
1064
1015
1075
941
1026
953
790
903
762
739
788
747
736
923
969
1053
873
1061
819
920
1033
1034
936
1079
1055
961
1166
906
867
976
1176
976
953
1276
1254
1028
1038
1313
802
1175
849
967
964
878
1327
989
1333
1213
821
1067
1201
1013
919
932
1298
1054
937
959
987
773
781
1007
888
911
1333
868
1226
800
835
1021
892
1031
878
932
745
842
1072
1187
1064
989
842
937
1279
1002
763
816
801
1002
1020
1119
1105
952
917
815
809
893
672
673
954
795
689
951
795
813
867
798
951
989
821
991
889
1013
836
680
968
828
852
1376
629
860
788
951
973
1094
759
719
725
748
1000
840
879
908
894
692
747
929
1007
1206
1004
917
998
975
962
742
737
782
669
1143
1011
807
947
937
785
812
675
564
997
1143
1053
1008
928
896
768
875
816
1123
989
820
907
1188
1042
952
968
1003
1033
929
836
1026
952
1128
920
981
1097
887
866
1060
836
712
830
972
1143
876
691
841
666
671
806
814
844
763
727
862
1015
930
709
873
769
1011
1010
991
688
788
906
472
646
828
927
923
961
811
861
921
763
1022
771
809
899
922
931
998
763
1136
841
755
865
866
1021
856
917
684
737
614
763
749
798
1068
906
731
864
957
792
848
827
882
801
856
800
776
807
912
793
756
944
806
1009
809
798
825
878
776
822
957
816
856
910
783
645
725
604
582
563
768
656
651
1150
814
1211
425
581
912
882
817
792
802
886
1049
718
617
753
950
835
976
792
785
705
738
586
561
719
768
852
1096
646
791
567
592
548
586
635
662
948
686
809
830
774
793
569
608
860
615
946
852
1107
884
834
828
647
826
706
687
521
713
606
792
681
688
645
832
758
930
779
587
617
791
990
683
614
932
498
1172
809
699
533
489
647
694
763
656
914
834
743
613
605
651
429
708
795
884
842
914
890
849
671
683
775
757
625
720
552
705
816
722
740
595
714
634
556
655
661
660
614
677
766
734
761
676
852
694
548
922
568
685
635
563
570
557
570
509
782
631
597
597
689
837
626
972
974
608
773
894
1006
592
671
686
480
648
818
813
581
690
668
687
671
719
1136
1324
549
573
579
789
771
570
612
610
606
700
747
667
703
588
535
596
631
905
686
609
709
672
521
799
714
712
600
708
795
506
561
552
543
572
617
525
550
804
588
849
616
538
610
503
612
489
481
761
586
603
479
602
716
525
718
823
541
573
656
669
597
903
553
278
650
565
612
401
383
632
682
640
487
614
740
482
725
761
580
654
627
665
443
687
661
859
630
779
715
529
625
566
605
694
527
455
574
533
657
642
668
567
647
586
515
614
586
503
478
495
641
551
513
670
480
517
503
614
473
473
641
628
551
608
560
391
658
476
595
572
508
573
903
656
539
608
627
569
526
310
645
657
478
550
593
487
682
488
426
453
526
583
547
563
413
510
606
443
480
616
471
610
566
531
752
633
649
539
524
613
580
723
382
558
714
599
678
653
419
915
488
639
905
461
441
626
440
467
621
472
363
396
673
429
739
427
871
528
545
492
881
557
468
506
510
450
468
529
358
590
577
506
514
879
628
521
432
384
459
646
620
610
752
515
770
417
508
594
496
524
384
508
492
468
705
444
697
535
432
464
366
445
530
370
462
428
462
836
337
330
345
699
389
702
532
847
487
509
396
604
887
884
521
453
531
509
401
527
653
573
337
557
434
630
512
341
653
432
709
455
505
646
391
619
388
472
710
538
561
543
325
482
588
581
510
530
423
696
436
455
311
519
470
431
587
632
507
351
746
468
567
608
386
538
636
379
606
546
491
283
692
362
657
410
443
480
905
435
398
733
524
350
460
686
690
413
526
369
367
433
445
309
557
404
352
611
594
540
526
486
423
666
368
405
367
427
623
388
515
526
461
315
740
461
513
574
446
451
685
359
490
350
366
453
351
405
361
363
606
709
354
275
567
411
559
301
311
708
468
477
571
404
325
268
351
437
277
378
373
421
485
339
381
267
387
542
387
413
430
450
417
368
627
317
421
372
490
380
248
426
524
283
657
705
486
391
440
418
446
468
454
362
548
495
752
342
523
293
310
360
334
475
516
442
523
295
232
380
359
394
599
432
354
255
361
239
402
467
316
328
573
620
624
226
433
554
585
381
481
630
595
692
486
752
479
244
365
294
381
391
231
393
347
249
254
300
363
241
375
361
370
362
425
276
383
481
271
328
495
558
441
400
355
308
470
422
295
241
504
592
376
355
344
214
326
555
324
318
313
290
374
334
372
339
353
333
306
640
358
235
129
617
344
313
755
299
369
537
437
250
342
315
290
364
739
346
383
430
342
411
340
347
350
329
376
454
317
577
380
414
365
377
307
236
352
351
349
284
270
565
426
711
301
320
403
407
411
381
398
470
329
440
366
302
282
547
316
334
326
359
552
433
551
347
269
282
365
222
444
311
271
347
331
604
357
365
728
311
314
306
371
362
261
375
309
291
306
571
280
398
334
283
390
406
548
311
363
397
471
428
293
360
367
340
278
553
395
532
337
430
369
774
336
230
419
316
275
275
287
342
225
247
278
337
544
305
345
329
395
291
457
252
407
316
276
272
279
193
356
264
341
260
274
299
262
412
371
551
491
292
284
306
352
193
319
252
460
456
400
473
175
368
609
269
428
451
354
333
460
177
274
279
568
269
370
336
345
269
319
229
273
259
405
394
398
304
240
334
218
181
339
341
378
397
480
255
247
247
203
206
392
368
230
220
294
248
347
378
397
460
617
285
743
461
357
263
659
248
299
377
277
356
289
250
260
353
319
398
242
349
346
342
230
374
329
237
313
239
354
234
409
425
250
395
196
584
293
312
314
245
236
309
142
477
505
254
394
516
220
495
372
392
458
289
392
356
272
199
361
265
199
283
281
249
436
354
283
274
279
234
521
532
332
238
315
308
708
501
301
281
240
418
259
290
196
490
273
277
260
287
325
222
375
300
608
205
269
236
270
289
296
398
259
169
321
190
316
257
226
374
351
204
539
442
236
258
170
251
225
296
237
349
271
207
223
261
219
309
501
389
350
397
506
304
355
254
175
230
230
205
204
217
283
456
186
207
340
337
179
278
273
293
306
341
233
416
257
269
281
313
410
248
221
504
258
296
356
262
256
178
317
413
199
241
292
210
513
513
86
370
302
313
238
337
331
222
166
210
211
278
199
264
215
573
266
206
236
149
507
271
283
306
408
305
490
199
288
350
237
213
237
240
301
229
322
338
277
343
264
401
315
321
254
322
307
197
265
242
418
340
204
310
298
199
334
230
410
290
100
417
278
434
308
167
481
258
225
154
225
291
407
243
303
300
215
211
221
259
204
263
406
200
388
367
220
181
265
227
182
166
671
441
295
268
309
336
140
250
274
155
153
510
245
193
159
294
219
191
238
279
266
171
342
168
225
376
214
353
369
319
220
303
152
198
295
191
250
179
285
193
276
360
381
193
141
288
327
244
353
133
256
496
275
245
286
351
311
359
265
230
290
183
248
557
151
263
445
277
248
245
232
201
219
157
316
189
302
200
190
128
230
186
381
232
319
317
320
270
300
155
266
149
233
56
325
262
240
251
126
196
198
206
147
261
177
151
451
308
222
340
190
175
182
374
405
111
206
346
160
174
163
135
298
147
139
128
281
203
225
167
294
174
180
367
217
150
236
281
108
343
341
253
102
143
195
326
303
157
195
179
169
169
125
133
174
194
232
232
346
256
180
173
160
97
155
211
183
167
242
98
95
179
169
125
195
257
222
157
208
227
242
199
150
145
266
136
152
138
160
119
258
142
298
118
124
164
186
128
217
214
168
85
62
174
161
161
264
91
230
215
127
162
89
88
110
65
111
167
151
103
113
142
62
196
110
97
121
177
134
94
104
56
81
105
81
51
54
96
123
167
83
85
112
68
85
924
239
