1484
1711
1540
1404
1284
1016
1709
1485
150
1428
1489
1429
1366
1370
1398
1427
1247
1255
1230
1365
1381
1310
1240
1334
1108
1153
1301
1265
1368
1402
1436
1453
1669
1637
1570
1817
1756
1677
1714
1802
1966
1701
1681
1646
1641
1744
1608
1723
1998
1551
1730
1836
1621
1637
1513
1655
1556
1417
1688
1439
1443
1495
1495
1398
1373
1327
1523
1426
1426
1441
1502
1494
1437
1577
1485
1147
1388
1408
1254
1199
1076
1285
1198
1365
1248
1078
1694
1227
1194
1830
1556
1424
1566
1430
1365
1296
1027
1388
1512
998
1181
1703
1496
1505
1388
1598
1538
1404
1496
1516
1242
1462
1702
1315
1320
1354
1322
1206
1552
1342
1203
1209
1320
1533
1022
1342
922
1211
1346
1207
1594
1245
1248
1263
1016
1204
1247
1354
1092
1126
1881
1274
979
1193
1154
1239
829
1179
1369
1173
1255
1296
1353
1158
1280
1373
1506
1356
1216
1347
1301
1652
1639
1271
1233
1374
1265
1176
1197
1162
1200
1196
887
941
847
1001
938
963
1193
1022
745
1196
1222
1261
1299
1183
745
881
684
638
662
775
686
738
991
875
4242
-1
1045
1107
1284
1132
1311
1259
1132
1118
1299
1341
1174
1117
1137
1068
1240
1157
721
1416
1087
1337
1251
1183
1053
1246
1202
1179
1275
1357
1195
1164
1049
1096
978
1334
1256
1161
1166
1130
1414
1268
1305
1289
1190
1068
1019
986
1025
1088
967
1107
883
807
831
641
608
1038
874
1010
1128
1264
1093
669
737
626
901
1165
1146
1199
600
1135
974
1373
1235
899
1000
889
1027
1141
1126
951
937
1164
1164
1235
1182
1189
1070
1074
1136
1197
932
1001
1051
1138
841
921
1340
1132
1275
966
1177
1186
1231
1071
1048
1081
840
1025
1312
1007
952
1057
812
775
775
862
1185
1058
984
1055
1278
1060
1195
1212
1130
971
1267
1079
1010
1262
1101
1128
1017
1269
1074
892
792
1119
1086
1027
1038
774
1300
913
1007
1212
1027
1035
950
1472
972
1008
1051
1144
940
1162
1131
1189
1084
1131
1155
1049
1028
1045
1152
1141
1118
930
859
1192
966
1008
1251
1010
988
864
871
1071
1036
975
1172
1228
942
1039
889
935
1010
571
1071
1053
1332
1133
966
955
1036
911
922
1017
1012
797
792
874
962
447
1044
951
908
995
969
1037
1183
862
1009
1081
995
1056
671
1109
1047
1016
1036
842
1035
1203
1115
928
1074
727
799
718
924
1046
1060
1121
859
728
685
703
983
604
714
908
983
954
949
879
707
800
812
652
1241
1135
915
760
1265
910
812
983
805
1038
983
950
953
888
952
488
748
1074
1064
527
589
988
848
675
604
791
855
830
781
821
974
777
1004
962
914
947
897
827
1050
881
1002
897
1020
1069
802
1003
1076
883
958
1014
1028
1058
937
991
1078
1180
1157
884
986
967
1042
780
1020
801
932
514
281
616
1110
809
993
1078
857
1049
1081
794
1298
934
858
1089
995
943
939
974
1155
1016
892
954
922
542
855
995
700
914
751
836
779
806
766
803
776
823
726
872
934
914
807
715
785
810
842
939
891
762
563
894
990
1065
939
703
831
798
652
838
1132
949
851
755
616
749
736
687
707
681
839
784
698
1047
1032
761
394
633
842
707
687
674
735
1174
888
990
823
779
721
684
582
492
681
636
603
614
527
662
933
734
953
815
785
564
696
653
790
675
903
875
769
783
863
812
912
763
570
823
608
725
766
952
827
765
855
673
879
749
818
669
839
620
971
696
767
615
819
715
926
913
745
784
679
849
644
607
730
403
849
637
486
619
503
717
702
873
774
854
744
662
542
612
526
411
737
912
1001
940
987
975
962
932
940
869
660
585
587
693
767
725
774
759
571
799
645
608
529
659
613
788
562
782
657
779
620
1063
548
522
733
545
635
608
630
766
722
777
731
745
656
538
603
773
939
636
986
930
733
831
677
750
555
621
709
566
754
647
499
550
600
716
679
709
761
933
1183
391
588
609
522
526
533
499
476
583
673
846
650
852
603
624
593
722
759
606
695
965
883
513
810
398
973
580
522
530
567
496
479
639
664
722
622
564
682
496
1126
729
515
620
540
736
476
502
728
625
612
480
531
736
635
580
651
405
589
780
538
643
714
568
299
616
630
523
457
674
875
637
599
558
790
990
541
644
609
652
570
537
548
588
661
770
1016
520
852
860
594
703
575
633
822
611
515
525
520
561
615
553
516
941
819
802
978
723
535
520
572
636
566
602
590
519
593
609
541
469
556
841
458
432
485
450
291
440
336
593
597
561
579
799
736
652
755
737
669
597
247
901
339
515
455
776
438
866
541
515
551
490
603
756
527
374
491
493
586
595
629
442
550
496
525
667
577
660
531
499
656
644
899
445
530
882
562
662
779
475
914
661
515
914
558
503
441
443
440
670
592
458
434
558
503
507
427
782
872
661
503
976
574
489
519
527
469
401
499
465
478
622
439
553
667
669
484
362
465
493
771
751
724
878
504
993
522
454
786
427
531
443
545
506
519
662
465
831
645
501
423
433
459
511
373
399
324
467
730
439
443
421
775
408
668
691
914
512
557
494
670
840
880
526
580
446
369
452
559
809
532
474
512
356
748
647
404
670
514
615
587
414
774
381
598
438
457
761
565
621
613
207
524
589
550
435
458
449
570
403
427
334
522
516
376
633
528
466
393
707
512
412
505
477
623
552
383
597
489
635
362
596
351
848
422
438
453
596
487
284
556
511
418
520
871
592
462
546
407
356
378
392
340
494
429
428
645
550
484
611
567
425
758
387
293
260
410
601
386
424
391
414
343
897
504
535
408
494
515
756
358
470
388
323
355
323
449
428
433
512
551
375
265
570
353
575
399
361
621
432
444
576
421
376
363
330
423
325
341
410
356
473
425
371
213
453
482
408
381
429
333
400
322
482
278
538
443
474
414
204
509
587
338
694
631
456
370
422
445
440
429
435
330
473
516
647
408
561
329
313
380
387
553
385
518
615
311
238
419
454
491
541
472
398
227
306
227
431
531
338
361
597
454
454
246
385
595
570
600
482
679
623
600
610
852
363
230
370
322
277
442
257
552
325
227
277
348
389
250
463
382
384
321
385
310
431
614
340
401
440
638
406
341
394
342
411
433
325
301
504
503
415
400
360
224
380
629
267
258
338
324
330
385
390
419
407
375
307
647
338
168
110
786
389
286
638
244
362
510
386
204
331
394
330
409
642
340
381
388
247
289
318
305
313
283
440
433
308
794
373
487
379
426
287
309
343
259
355
276
272
555
527
559
338
310
561
439
317
396
213
413
333
533
333
357
289
550
278
271
249
314
925
524
693
357
306
264
510
203
416
293
259
440
437
548
369
344
710
269
301
286
306
288
294
286
278
312
266
717
315
486
383
344
358
513
738
227
362
396
493
399
317
366
355
360
274
510
393
633
359
570
322
651
249
272
349
282
272
323
346
357
252
247
258
244
598
234
262
329
332
349
473
232
515
217
213
349
356
231
280
252
355
265
301
267
309
586
403
570
500
357
317
392
408
229
278
290
378
470
490
467
215
404
511
346
582
549
430
354
495
169
333
314
598
227
288
315
421
278
266
211
316
273
335
324
277
249
278
437
249
217
372
422
450
489
447
260
266
257
223
220
457
388
205
246
290
254
332
351
427
526
603
342
618
381
338
218
745
301
358
479
251
368
330
258
172
375
297
416
198
382
344
346
229
306
342
245
254
200
335
212
438
379
294
537
242
487
277
223
326
278
316
267
113
480
490
313
484
560
218
594
398
459
546
308
340
362
210
226
438
288
238
250
268
258
340
375
279
351
303
243
535
577
303
248
318
280
628
412
280
315
251
475
213
350
172
499
270
299
278
277
302
206
498
321
472
223
283
216
265
271
256
412
207
238
402
210
314
257
240
282
358
234
632
427
262
309
193
268
239
306
277
443
221
249
159
203
174
368
483
290
349
510
493
244
518
213
154
197
270
211
185
215
250
306
219
177
287
376
193
271
175
274
294
215
283
350
207
266
251
357
454
247
248
438
254
416
301
265
242
159
326
346
235
251
291
275
510
561
147
330
332
213
180
430
462
248
176
169
236
302
198
245
284
548
277
168
296
195
486
281
270
328
432
324
418
238
254
258
302
247
223
238
294
238
378
393
239
228
243
257
376
345
264
352
302
210
315
294
397
441
188
294
276
175
288
167
377
312
147
432
243
319
306
171
434
247
269
184
254
239
378
299
194
322
247
195
257
238
177
160
352
153
307
442
216
173
200
240
107
138
617
659
268
278
211
414
215
227
300
181
180
542
232
209
140
284
246
194
238
280
283
183
225
193
233
353
173
305
448
339
260
269
153
259
301
175
283
181
385
232
336
296
437
242
142
256
310
236
432
122
254
465
360
322
222
303
294
410
291
225
254
271
235
591
133
335
472
386
194
227
234
206
221
171
298
229
207
137
144
91
217
178
495
172
347
238
240
192
221
131
213
152
267
114
415
228
171
222
141
133
230
212
168
345
182
155
495
327
201
305
130
185
148
377
294
109
188
425
160
151
169
163
365
186
191
139
275
239
195
181
366
149
189
393
205
153
214
326
89
339
341
263
55
154
148
299
338
172
206
142
246
154
101
154
162
209
196
192
406
334
163
205
149
112
137
203
189
269
238
103
132
163
155
100
178
315
199
225
236
319
241
197
142
134
299
167
171
152
179
143
287
164
248
133
166
126
185
146
194
192
236
92
67
206
132
132
280
107
205
180
113
177
64
97
130
67
93
189
186
103
125
130
81
231
126
119
106
144
149
74
100
67
96
78
112
64
66
105
141
210
80
81
123
68
79
1076
195
