274
326
384
355
362
334
381
341
37
360
353
285
259
233
270
292
314
366
311
386
263
298
227
270
232
212
272
336
362
395
359
384
361
406
461
429
432
376
412
387
362
405
393
438
407
353
322
367
301
394
464
384
382
381
386
338
389
372
365
406
417
363
396
315
408
382
419
382
413
401
462
406
462
442
278
227
428
414
364
424
270
384
402
270
391
429
280
238
404
309
417
370
388
442
402
328
227
340
409
233
255
313
328
390
392
311
299
307
318
309
256
260
276
264
271
270
264
233
245
283
241
257
241
362
209
307
180
253
284
252
383
265
267
283
175
271
277
289
203
170
300
314
180
291
216
263
162
259
400
345
329
371
315
235
275
418
376
272
279
401
414
301
301
326
388
373
423
264
256
233
225
236
161
161
161
212
166
168
235
183
134
274
258
309
291
197
148
202
131
121
118
156
137
154
139
160
255
260
180
270
376
241
383
378
336
191
265
322
333
357
494
434
302
294
103
390
284
435
469
423
235
374
368
333
377
332
291
376
320
375
243
380
310
346
310
473
372
319
439
448
430
377
296
218
190
452
318
271
161
114
166
103
107
143
187
254
255
291
244
77
133
93
186
448
166
287
60
319
264
351
427
222
261
220
465
289
292
314
314
280
313
346
342
424
445
349
307
298
283
214
382
376
208
332
406
292
385
229
433
367
362
260
262
250
221
242
408
202
191
228
175
148
159
178
422
176
378
299
373
247
350
425
392
392
379
460
359
259
260
240
253
299
364
334
168
286
322
399
327
148
339
290
336
393
385
348
182
291
276
228
367
297
435
403
305
272
307
295
263
441
328
329
362
427
380
222
400
304
269
279
328
358
214
238
396
343
317
323
306
399
362
370
183
257
313
69
425
351
396
430
263
264
243
205
192
246
341
235
234
167
458
59
463
314
350
452
452
263
367
231
427
348
290
384
107
319
372
333
291
180
375
327
326
313
350
190
294
275
439
287
449
301
209
190
177
201
234
133
294
194
241
399
440
442
183
222
199
196
296
360
217
169
383
221
218
259
261
405
351
215
323
328
242
113
384
313
381
132
146
326
229
168
170
261
269
266
250
254
273
249
266
269
283
221
238
240
195
369
283
347
324
377
174
326
300
234
307
388
373
412
443
326
389
345
371
260
236
333
280
253
403
388
481
103
75
130
392
244
327
244
288
377
274
357
405
412
232
384
385
353
364
350
218
380
376
332
295
123
415
300
285
342
318
488
357
345
229
255
285
445
371
284
256
259
231
268
216
256
284
256
395
358
124
270
323
359
273
396
256
239
240
305
344
333
272
160
130
374
237
342
327
347
280
360
210
275
381
217
75
339
172
254
222
315
252
301
264
314
309
390
192
199
129
122
199
163
235
132
223
378
294
301
250
412
426
315
429
417
244
286
180
219
239
214
396
356
294
331
473
267
281
191
311
372
386
273
409
382
424
234
438
366
472
494
314
254
261
462
133
182
306
244
431
402
275
351
200
174
266
68
280
85
194
171
227
320
274
264
237
182
168
152
230
260
269
93
352
336
409
393
410
390
386
396
377
295
254
244
238
426
376
348
386
228
283
264
191
223
242
459
458
248
284
254
251
404
345
389
281
285
248
294
430
318
433
434
407
419
413
195
218
300
399
246
313
294
316
311
350
371
107
159
232
244
318
220
217
161
107
328
225
268
268
420
384
221
328
160
214
245
76
201
289
380
305
330
272
292
215
200
425
239
177
147
294
286
220
324
288
259
215
73
341
342
131
143
238
321
256
422
162
309
511
253
402
313
364
268
279
390
344
179
364
344
288
388
417
313
358
180
290
190
150
352
359
374
280
240
369
404
263
295
315
280
497
175
403
155
213
93
314
308
253
247
381
468
380
314
373
424
196
336
301
366
463
345
339
347
284
212
268
529
475
271
269
166
237
333
212
218
293
263
244
392
552
533
508
395
505
520
490
396
205
411
186
432
356
365
232
203
221
206
249
183
213
376
418
291
290
230
145
355
337
167
374
443
118
377
67
262
262
346
326
365
397
319
335
187
233
323
299
265
343
213
248
337
363
315
368
253
227
268
271
380
248
273
394
291
222
418
106
258
225
224
450
300
327
329
227
199
440
487
163
478
461
336
278
274
567
242
427
116
297
303
179
257
599
405
411
364
367
308
394
275
238
317
300
207
154
191
164
379
468
447
477
424
327
314
306
287
355
369
388
279
256
245
400
361
396
413
306
239
537
422
182
555
523
591
294
412
373
250
236
441
138
416
535
501
269
512
273
399
400
276
225
564
257
264
338
321
342
142
243
255
275
285
279
311
367
268
230
358
557
149
422
219
345
200
249
310
303
517
196
240
219
370
430
180
368
311
239
331
205
644
247
405
397
409
392
418
319
265
242
256
527
389
153
185
369
468
315
409
502
298
201
320
276
233
390
382
195
465
469
100
385
90
118
458
297
305
345
128
462
287
373
458
293
427
587
427
264
479
438
483
326
286
261
268
318
416
213
202
449
179
249
350
120
426
529
319
185
97
49
257
309
142
330
180
420
253
240
390
474
529
527
194
264
235
491
272
299
238
513
480
300
262
257
241
507
566
149
304
234
478
253
432
329
436
392
403
280
381
246
365
394
255
35
36
21
155
280
428
356
161
584
215
378
364
355
307
240
341
323
274
291
256
264
272
228
266
440
334
397
167
601
416
357
455
345
71
251
187
318
281
447
439
413
128
405
555
450
259
406
343
221
278
248
236
221
219
345
207
384
222
252
421
319
320
277
366
245
414
472
387
341
245
305
433
316
341
279
359
409
350
438
198
337
219
236
412
346
416
337
503
553
273
357
349
302
382
447
229
450
530
400
213
371
371
220
507
288
388
319
254
296
370
373
243
253
376
381
518
506
468
282
118
201
175
216
381
370
158
274
238
259
325
329
279
283
458
451
166
322
270
232
210
215
323
240
242
262
277
293
236
362
228
358
315
375
570
464
202
205
284
274
283
143
355
178
228
334
359
324
128
264
147
284
483
140
236
396
460
270
216
216
213
208
233
431
275
334
325
270
438
395
304
496
487
376
380
393
532
533
267
406
398
388
204
213
527
210
375
261
199
250
261
310
531
465
259
175
342
188
278
380
417
385
351
436
388
298
373
384
376
383
409
261
284
138
204
434
254
320
398
286
384
247
263
262
255
232
328
336
267
243
255
563
168
464
403
190
193
486
415
368
310
407
389
310
337
214
442
278
369
205
304
159
428
327
351
450
238
338
306
282
148
208
372
432
148
403
285
172
312
299
306
177
387
316
404
271
258
466
496
319
254
262
355
418
163
188
157
140
454
334
484
344
457
319
288
275
207
-1
493
666
391
383
489
179
231
322
204
414
402
271
424
202
391
412
299
165
246
326
267
298
445
143
267
357
415
235
240
351
157
209
392
491
187
383
309
365
230
314
329
336
252
337
428
418
248
211
200
235
266
189
306
231
157
191
185
282
290
475
194
275
396
326
349
479
284
669
215
341
212
366
311
337
402
230
237
545
189
201
301
580
367
258
288
317
221
483
336
461
212
212
338
369
297
352
234
473
124
344
384
376
278
294
281
381
333
324
326
354
265
356
226
209
250
210
164
204
344
312
272
324
463
320
200
366
189
407
260
324
320
462
351
449
466
234
329
316
192
200
310
283
186
222
210
199
79
225
339
244
255
294
329
253
294
224
269
142
377
253
286
372
246
327
217
361
231
37
154
202
246
366
243
279
195
272
301
303
155
371
233
294
434
294
146
238
566
461
252
421
300
152
173
294
184
215
222
115
349
289
355
245
522
245
402
363
341
201
364
153
330
334
259
324
195
229
339
232
159
377
276
293
356
338
237
351
178
475
349
332
179
197
288
120
366
412
370
230
337
232
625
384
219
372
276
379
277
301
384
221
285
260
40
306
270
216
339
278
273
385
307
398
362
232
243
377
203
377
274
269
398
296
310
164
158
244
199
288
237
277
197
420
11
17
222
192
242
251
221
358
164
181
219
292
213
289
229
261
281
218
318
252
394
371
235
365
127
224
315
331
215
183
266
289
259
332
309
374
309
322
344
282
349
260
320
216
214
130
243
228
345
381
347
203
260
186
218
349
254
178
194
341
190
206
380
212
237
189
161
263
229
248
143
151
263
317
238
257
184
218
195
196
236
144
306
241
194
246
333
191
193
194
133
325
287
359
262
77
325
236
85
169
181
125
245
184
275
123
283
260
196
212
304
273
151
172
130
171
80
198
185
318
215
210
164
315
252
366
111
245
64
312
216
315
264
187
260
179
277
240
282
230
170
209
196
275
107
283
153
303
252
260
119
172
158
267
143
141
169
183
261
263
296
146
153
230
213
275
215
212
223
63
368
51
119
204
158
101
277
314
225
288
202
203
330
264
250
235
79
239
258
224
275
159
235
266
160
227
228
168
279
163
216
214
238
186
165
266
154
152
263
179
124
203
128
157
96
142
144
125
161
202
46
156
216
225
109
255
231
133
140
155
235
133
133
77
149
131
134
87
82
147
170
62
121
120
91
79
139
263
191
