207
246
268
243
249
241
274
254
31
243
245
250
214
210
211
225
233
238
224
263
207
212
194
219
190
161
218
242
255
256
266
264
295
321
338
342
330
298
302
289
297
322
323
341
335
322
300
313
267
318
371
351
356
309
319
331
345
309
422
425
382
350
369
259
354
330
359
374
362
422
326
289
320
324
266
200
338
311
248
285
260
377
415
263
327
371
244
239
371
257
314
290
287
293
265
223
220
273
276
227
277
328
250
313
283
281
315
301
315
339
323
274
283
274
280
347
286
259
235
312
226
243
200
332
208
317
156
261
307
296
278
289
316
320
230
286
262
275
251
179
289
406
170
278
220
268
144
256
302
300
252
269
287
266
239
342
340
292
284
370
305
266
273
268
235
278
302
251
272
238
237
246
177
158
223
201
190
195
237
182
129
250
310
296
259
161
171
192
151
145
139
157
148
202
154
199
237
239
119
233
271
296
280
265
248
179
280
341
324
388
331
321
213
269
114
291
234
324
308
318
244
295
395
414
353
287
308
292
291
334
187
269
273
323
321
290
303
307
320
375
300
276
316
259
265
314
413
195
155
147
132
117
133
148
131
168
184
255
324
99
171
116
227
321
213
262
87
416
220
290
322
225
261
200
309
248
260
270
254
288
277
298
249
317
332
359
241
319
256
298
299
292
180
268
320
401
262
186
301
354
258
344
346
340
300
343
309
174
147
175
152
117
141
152
289
146
309
285
270
236
248
318
286
262
307
294
217
269
193
216
231
273
291
253
256
274
270
368
335
113
347
225
258
294
282
364
160
336
334
251
347
331
286
290
305
304
261
207
261
321
253
274
262
283
278
230
279
256
271
263
283
291
333
345
320
262
267
275
369
310
254
256
222
372
316
111
282
215
313
311
350
346
279
270
218
259
294
152
154
208
296
84
262
210
220
277
263
191
300
150
272
243
348
258
102
328
297
252
337
178
273
222
320
370
360
143
225
210
283
245
309
269
307
295
231
310
291
145
278
216
275
439
448
447
306
344
271
325
333
296
252
155
255
172
286
192
173
384
459
243
379
391
272
135
393
226
375
217
215
252
272
188
186
371
377
336
348
345
337
438
395
296
344
178
203
279
219
288
198
288
308
383
200
218
214
180
207
253
254
308
290
254
280
315
257
262
286
233
284
254
318
306
309
120
99
100
257
428
293
185
228
297
227
204
310
301
294
279
267
293
339
250
234
307
297
343
312
143
352
327
310
271
242
284
382
355
345
344
266
283
356
307
337
344
303
366
255
319
304
287
319
344
141
342
251
380
237
498
368
410
383
340
258
259
297
163
145
235
249
321
272
267
213
229
259
322
270
250
62
264
153
500
490
370
391
260
218
225
219
413
272
283
211
166
324
207
407
122
179
340
247
346
216
288
229
286
290
287
210
342
189
234
286
195
298
279
182
230
342
286
332
221
378
349
365
328
317
264
335
259
406
294
325
317
293
314
309
309
146
179
342
249
262
244
401
301
352
327
312
81
255
77
245
201
195
258
288
322
277
409
394
499
468
391
281
104
366
262
362
363
370
359
362
298
268
325
428
444
415
313
268
435
282
298
308
313
257
240
368
443
428
161
328
373
291
385
414
293
385
349
191
348
342
244
287
270
253
273
228
282
279
442
419
274
235
410
208
278
236
319
197
229
305
286
356
253
221
234
169
216
305
322
354
341
335
188
245
206
284
281
97
192
441
464
369
414
292
211
412
176
279
247
330
128
375
264
234
230
207
377
271
121
200
393
141
234
264
389
324
254
146
290
260
284
444
406
273
222
447
340
351
183
377
352
277
389
385
409
262
150
173
396
176
382
526
248
401
152
445
394
139
303
306
385
217
84
236
171
253
97
254
230
209
344
309
287
369
497
321
220
257
287
257
483
269
285
251
227
243
256
247
239
231
304
387
239
400
419
207
219
196
189
182
254
234
242
285
247
279
293
343
289
170
244
195
379
212
249
182
192
213
198
196
205
216
269
292
271
260
224
102
193
238
194
247
283
172
277
106
139
417
244
409
239
290
309
304
292
374
266
346
328
262
273
213
209
272
346
391
366
248
311
362
276
280
271
296
183
220
222
105
218
360
231
283
210
307
223
336
242
238
225
193
299
286
231
223
207
213
334
215
143
313
259
117
178
274
284
376
325
312
304
359
448
253
211
406
218
227
169
186
307
399
315
239
364
271
294
285
279
296
243
218
227
249
318
331
319
349
411
263
185
264
319
173
250
251
250
235
363
241
303
277
288
170
190
216
198
175
271
309
234
356
202
201
235
250
236
320
319
201
277
164
306
258
251
213
192
258
350
243
212
196
171
208
301
228
159
208
262
303
225
363
209
169
198
228
166
296
177
265
371
556
264
309
317
290
207
297
210
184
232
372
463
217
357
181
334
356
247
211
328
216
202
172
215
241
227
242
275
213
323
343
118
299
124
156
304
245
292
304
163
220
278
231
276
570
266
220
285
192
228
314
293
357
211
187
195
207
209
216
169
279
196
300
269
152
310
247
304
282
123
71
334
238
148
292
297
232
305
280
237
221
254
256
294
244
188
191
293
292
207
222
238
274
229
217
323
224
212
206
339
345
183
225
240
261
286
194
292
270
324
287
308
285
279
58
55
42
107
288
252
215
128
249
152
210
244
163
297
255
353
321
203
200
204
183
210
162
197
257
280
186
192
202
292
249
214
292
71
225
195
255
218
207
210
199
133
246
250
172
361
194
225
212
180
168
174
256
254
167
210
284
372
151
329
311
282
306
228
176
207
188
244
213
401
181
181
218
217
161
187
204
176
183
153
252
254
271
326
188
212
227
208
231
325
289
343
301
159
179
213
293
212
191
186
263
215
272
183
158
184
250
219
316
271
258
351
208
268
198
193
191
251
285
119
160
96
203
246
314
162
532
213
208
208
156
278
179
215
222
160
213
304
263
403
426
277
450
400
323
156
311
309
231
235
275
278
352
196
176
197
344
297
254
236
127
191
206
255
199
239
213
161
155
143
366
206
122
431
213
201
284
243
265
270
257
211
206
196
237
150
202
211
159
234
247
228
234
234
317
236
236
308
390
264
269
254
256
192
166
285
185
160
206
149
186
207
198
250
170
254
153
250
272
299
300
245
278
330
233
261
244
295
222
222
239
421
177
163
177
343
324
200
147
155
309
266
254
255
267
196
246
302
292
266
205
239
188
207
159
139
182
180
130
375
166
220
172
174
221
167
188
217
186
273
195
176
166
175
154
431
224
220
210
172
251
146
266
156
179
181
185
166
276
223
163
189
224
287
249
276
220
206
186
209
148
144
163
179
587
143
129
170
191
153
142
190
160
205
197
224
179
180
182
193
198
229
148
241
292
266
243
268
202
255
127
268
178
331
202
293
336
257
145
192
129
292
203
182
204
237
231
123
237
154
189
172
290
187
271
215
172
215
134
193
226
230
248
148
150
126
171
290
142
166
146
148
168
88
189
189
160
181
208
265
205
257
229
261
225
283
221
149
141
179
174
142
249
165
193
237
196
276
188
176
230
265
242
144
167
230
188
153
292
246
165
186
224
232
198
109
236
206
155
209
208
241
183
290
203
409
157
201
236
194
200
256
344
177
103
184
134
255
242
189
211
317
159
188
236
191
258
135
192
215
247
191
197
345
155
121
137
151
284
225
264
206
248
95
491
182
230
176
279
166
176
164
170
220
147
159
244
191
172
116
181
146
251
232
66
175
198
180
215
217
247
217
151
213
254
182
181
194
184
168
172
118
324
151
151
261
154
266
124
52
244
221
228
318
139
173
162
146
199
153
169
164
198
127
149
172
117
222
96
270
182
158
217
203
253
190
139
234
280
152
138
192
178
312
190
159
180
-1
693
262
193
197
216
140
313
203
107
205
160
270
201
144
247
221
176
242
264
275
158
35
206
307
238
230
148
236
194
149
126
149
274
232
156
140
182
122
244
146
154
337
184
357
154
167
208
231
205
300
160
19
27
209
128
149
165
318
186
49
260
213
130
138
222
273
204
118
183
158
95
193
191
204
125
249
178
198
238
183
153
186
153
121
162
116
147
181
134
193
237
178
113
163
269
200
132
143
234
279
214
179
88
187
147
154
160
221
399
168
272
164
200
233
127
343
147
125
169
194
132
288
232
204
185
132
117
154
125
136
123
136
96
131
227
164
246
190
237
238
244
137
117
182
134
170
67
216
306
76
186
127
92
126
173
107
90
168
167
174
155
165
225
85
143
100
302
122
105
173
187
147
192
113
92
130
125
123
90
58
158
214
115
200
170
120
188
140
152
148
200
61
213
184
147
67
127
160
178
265
134
142
285
97
216
97
51
224
97
147
147
229
91
124
98
99
74
158
144
154
58
151
80
109
135
277
86
131
165
184
121
207
138
149
109
101
93
76
97
98
95
97
73
168
96
212
94
94
103
122
142
203
202
114
74
58
128
158
156
161
69
141
203
86
99
73
65
74
62
103
115
52
91
101
84
55
117
90
79
186
215
93
114
82
44
68
158
59
43
50
69
96
55
117
118
64
137
50
192
209
