678
775
750
726
757
674
779
740
94
790
661
641
558
558
613
607
622
665
615
776
574
719
550
616
547
527
736
669
798
739
853
707
767
799
810
844
986
841
853
876
875
907
783
983
919
894
889
990
705
1072
1009
868
802
865
796
801
794
852
757
751
810
865
794
709
785
717
880
852
766
797
857
979
784
904
746
517
799
853
592
692
466
715
694
582
702
711
686
502
741
785
916
854
758
832
850
697
490
910
852
455
491
700
985
955
807
653
609
665
661
627
604
572
601
537
581
589
628
519
576
574
564
577
692
812
513
881
394
540
658
529
899
480
511
533
388
628
747
748
464
415
756
606
478
731
588
600
332
574
764
916
789
1015
859
757
752
794
835
650
655
733
833
670
690
588
789
902
762
569
549
498
501
515
330
374
336
453
380
409
505
405
286
588
530
978
847
357
345
470
298
278
294
373
287
297
340
369
638
635
369
659
719
514
710
702
676
520
610
670
624
692
704
653
606
780
302
845
648
812
859
734
474
802
723
696
800
765
613
957
582
743
475
741
681
722
745
733
892
662
818
797
838
666
564
449
396
712
548
682
448
287
457
283
243
435
409
456
657
637
526
188
300
241
335
824
406
559
175
636
625
750
887
434
428
369
731
818
834
823
771
981
796
921
892
900
943
633
657
608
784
465
628
672
371
621
827
560
780
568
900
729
848
511
496
515
413
458
955
479
443
481
467
402
371
435
824
444
778
808
804
638
773
983
853
682
822
749
617
541
709
628
821
925
802
626
352
614
823
826
617
289
688
826
788
793
911
614
482
583
454
567
642
540
699
785
805
547
702
627
718
715
827
718
671
770
861
487
659
692
767
754
703
758
438
459
651
837
911
702
681
784
623
849
481
499
823
181
758
778
821
817
584
604
576
500
522
567
698
447
447
362
726
123
722
628
662
789
718
612
894
484
686
739
541
982
379
780
873
942
564
449
875
754
1011
616
629
341
824
602
788
578
835
614
344
326
305
340
438
268
448
370
568
754
690
679
323
391
369
338
548
671
421
524
720
468
355
633
572
755
648
426
601
609
635
238
618
852
644
195
262
658
437
306
339
418
406
417
381
414
485
423
452
650
497
500
477
565
446
729
611
827
869
712
426
932
728
606
636
855
855
774
774
932
822
728
717
676
417
696
613
475
814
885
922
170
124
396
881
446
870
563
665
769
639
634
853
819
471
825
691
880
758
932
536
904
757
817
746
245
663
557
482
992
891
811
743
604
394
536
651
605
571
490
461
442
406
422
380
431
611
445
690
641
235
539
802
632
777
592
471
384
371
525
811
778
465
507
426
694
415
840
864
870
785
780
482
620
748
451
158
727
414
435
377
405
407
627
472
857
897
663
320
343
199
219
352
267
377
269
496
578
546
423
485
742
539
780
788
800
627
646
641
511
571
435
728
674
569
784
645
547
434
347
573
675
754
577
863
640
825
383
669
571
833
700
613
403
453
590
338
487
529
712
810
757
404
581
316
301
362
165
548
203
267
421
270
666
424
498
510
377
338
324
379
475
463
222
688
822
819
767
769
760
765
849
850
546
407
383
331
710
700
577
814
427
442
498
444
547
325
685
648
533
407
409
366
649
519
975
371
354
415
513
653
565
731
799
747
809
687
314
375
368
584
438
625
440
585
728
899
734
196
357
374
416
565
375
504
363
218
486
380
430
420
670
581
473
652
229
508
447
192
353
463
524
369
505
488
550
355
511
550
512
327
331
474
484
469
618
636
354
552
150
555
528
221
229
353
437
458
754
361
546
641
431
592
439
752
651
377
660
671
470
556
573
686
583
673
485
470
388
484
364
446
418
455
757
386
405
581
669
298
473
618
366
575
370
647
338
377
232
829
721
558
422
549
655
502
393
492
617
338
641
823
522
708
883
681
783
567
483
560
576
641
369
360
279
336
452
306
683
821
775
840
752
614
583
605
517
548
629
535
559
468
748
420
507
725
814
313
337
350
336
311
318
348
585
600
421
410
483
335
653
610
382
803
666
165
775
106
341
347
908
367
822
545
655
678
320
427
788
384
325
574
333
605
742
577
353
540
366
378
510
519
804
390
379
653
564
465
511
304
574
338
470
769
512
686
821
333
397
562
540
280
518
507
740
650
570
519
355
633
231
329
589
361
573
545
791
629
541
628
617
487
322
427
599
481
558
254
467
330
606
528
464
641
616
720
732
730
757
670
831
726
439
585
350
683
496
584
523
702
500
550
783
547
545
515
492
616
614
488
286
263
505
315
594
554
542
454
459
680
620
716
495
420
616
473
772
643
637
816
238
395
496
494
678
454
593
539
318
436
794
499
326
571
358
844
374
692
595
607
504
302
659
532
709
678
231
638
481
361
472
309
506
407
392
537
483
521
631
534
660
364
363
470
636
416
275
496
546
538
587
466
623
512
-1
316
455
423
741
434
426
496
229
505
145
208
538
541
649
795
326
494
619
513
355
331
419
432
510
467
458
685
497
405
559
454
426
533
508
303
254
515
473
358
496
210
481
407
732
358
231
151
568
664
395
367
292
428
251
301
450
577
498
496
335
410
379
341
566
302
597
448
413
560
500
412
372
520
453
309
378
365
399
404
478
390
498
575
321
224
481
342
541
391
528
95
141
87
258
252
689
599
422
468
217
625
652
554
646
466
493
424
583
543
547
561
533
446
430
555
669
598
273
375
324
460
498
606
211
396
306
297
227
479
614
620
309
519
440
314
264
268
437
496
514
484
451
328
327
352
291
585
350
626
480
565
528
457
634
484
433
289
348
426
251
614
331
600
425
317
415
452
486
305
448
518
345
308
431
430
599
862
388
425
385
576
416
329
408
435
360
475
392
473
562
501
627
341
397
219
528
612
269
311
328
356
268
533
517
542
484
468
402
577
249
204
141
498
527
326
383
242
305
486
489
292
417
581
368
478
446
465
361
427
254
254
335
296
262
273
512
468
434
729
293
537
510
481
329
346
236
218
345
414
378
334
598
295
294
375
698
656
234
479
230
403
401
366
295
485
403
582
243
248
228
261
504
593
519
547
324
270
575
252
590
341
343
638
605
486
396
382
534
292
364
294
258
227
337
272
263
425
259
712
514
548
498
470
437
312
836
318
296
490
545
458
429
431
447
345
282
511
422
562
420
615
300
345
281
313
318
318
334
486
408
282
230
236
219
282
472
271
265
282
278
403
287
275
470
253
208
474
467
353
295
309
476
370
398
253
518
550
509
464
457
341
415
366
619
353
308
384
380
562
470
497
233
425
388
555
945
447
433
446
643
148
459
382
568
240
248
355
503
408
367
287
397
342
269
261
220
278
370
528
340
256
409
543
496
684
327
320
342
391
296
271
549
402
221
242
260
242
380
370
502
396
566
423
482
305
328
231
595
451
469
214
271
487
453
295
168
447
336
456
244
418
323
435
369
357
364
300
310
269
386
217
508
434
492
422
184
470
342
244
453
492
308
252
129
449
467
464
452
601
208
561
359
520
757
351
343
518
242
375
439
459
374
223
285
307
260
374
260
404
326
352
426
577
472
298
374
398
442
337
313
367
268
594
214
396
240
667
316
377
267
269
287
220
542
369
433
266
438
268
246
235
280
319
186
344
634
272
451
310
350
306
303
341
421
464
394
390
203
292
234
312
311
360
236
290
182
235
198
342
442
263
527
424
223
233
524
225
182
207
414
352
191
185
255
195
309
172
339
371
211
310
245
283
304
66
320
396
279
279
237
431
380
319
260
512
280
434
367
302
345
183
270
310
310
297
234
376
502
338
160
417
361
242
196
235
525
351
281
187
294
425
267
319
349
395
433
219
369
270
488
305
297
383
589
279
336
310
244
251
326
296
218
356
274
277
451
438
215
219
271
173
462
482
405
293
360
373
372
409
413
547
288
305
390
232
317
191
421
289
77
441
256
324
406
271
390
284
388
262
353
319
381
372
266
370
333
191
308
277
175
192
291
195
283
565
209
181
223
281
31
39
498
420
328
324
250
469
215
212
341
257
251
553
218
233
190
337
296
333
299
425
257
282
164
213
267
377
200
286
579
428
354
312
262
307
395
213
318
187
591
265
352
267
457
247
219
228
348
300
401
156
335
331
463
408
246
248
216
432
392
204
299
329
232
336
193
367
422
479
157
240
244
233
330
273
372
246
190
198
221
118
304
177
419
201
469
221
221
179
176
184
229
202
300
160
389
231
167
203
148
148
326
205
276
385
200
167
390
330
216
315
165
282
233
283
124
107
173
568
236
205
246
245
384
238
170
187
161
426
207
217
394
168
264
249
231
166
302
269
114
319
294
463
105
178
156
337
283
214
192
156
270
190
107
220
143
265
265
266
379
314
188
274
180
189
142
251
193
138
285
68
134
185
147
114
233
323
193
261
235
388
284
231
164
175
156
193
199
177
194
189
406
200
244
170
184
155
217
182
198
197
364
109
95
299
160
159
318
138
168
189
129
208
67
115
192
80
82
203
136
145
149
162
75
252
172
149
123
158
163
80
154
76
109
100
156
86
71
131
191
145
92
94
174
63
114
553
194
