791
959
972
937
872
723
1064
888
103
866
954
861
786
727
820
818
779
802
771
867
848
700
721
764
610
606
724
849
875
950
924
1076
1197
1093
1185
1372
1230
1094
1145
1095
1225
1157
1139
1143
1074
1163
1086
1053
967
1017
1228
1196
1139
1113
1005
999
1125
963
1278
1244
1175
1069
1274
921
950
998
1190
993
1078
1011
1108
984
1078
1080
866
735
1081
1036
826
938
683
948
1002
872
955
801
955
800
918
992
1123
1034
1140
984
910
749
625
886
986
633
848
1034
895
1002
993
906
1014
897
898
1023
812
885
943
792
809
960
819
765
895
857
737
749
669
1137
683
886
596
778
962
800
994
906
1063
1019
622
738
745
756
759
650
1012
1148
555
723
655
709
502
789
1025
894
834
884
961
701
748
1024
995
784
770
1116
1070
906
965
938
825
904
986
695
746
662
684
724
548
561
552
578
563
592
752
576
399
710
942
861
856
659
442
524
421
367
366
446
391
524
491
546
930
934
561
757
845
825
889
871
775
566
807
1234
918
856
967
993
807
872
459
963
755
1038
884
925
646
985
929
934
953
939
965
860
872
842
641
928
1001
987
874
897
967
798
991
1081
943
802
836
778
736
867
1004
664
528
428
454
347
396
534
509
649
628
824
879
333
442
365
755
970
661
746
298
1120
712
933
941
577
776
716
856
836
850
726
719
792
745
839
812
898
863
1067
742
804
660
788
826
885
535
709
1035
871
854
612
912
942
823
951
904
891
684
849
898
655
494
677
498
411
462
569
961
546
757
777
899
771
836
891
882
799
873
912
729
754
715
620
679
857
886
752
535
718
750
748
864
435
905
688
826
897
752
914
563
1396
1046
763
1164
1052
787
939
877
811
695
663
711
947
722
745
844
890
813
588
672
804
770
797
799
691
853
818
751
724
766
732
1018
923
758
709
580
921
744
317
799
690
922
818
741
732
735
648
604
653
888
510
505
611
705
269
802
617
694
746
713
648
870
579
849
788
685
767
403
874
798
727
779
463
782
753
787
697
750
474
592
469
687
790
807
714
851
749
619
831
874
443
645
647
688
774
722
700
867
1090
892
1004
1736
1306
837
476
865
567
752
608
486
826
827
597
663
624
606
299
553
716
885
397
606
789
771
503
510
773
930
926
876
808
1204
1332
1269
799
1245
614
695
722
722
710
617
637
731
858
484
632
660
577
623
759
752
834
724
704
873
922
811
755
985
693
739
655
878
657
773
318
195
374
775
1144
691
614
497
805
704
571
925
683
698
790
736
656
691
662
721
760
728
672
678
330
732
1542
1137
670
532
654
582
611
768
776
714
734
723
1522
-1
2293
1721
1295
1049
1536
827
966
780
628
365
919
717
888
626
615
1145
1275
1270
1294
858
763
1000
442
342
606
796
589
584
604
582
631
693
802
799
630
274
524
486
1094
1051
1121
1242
732
675
677
573
602
754
765
656
568
870
1121
1275
405
413
720
631
1068
635
636
614
438
533
521
580
556
534
564
683
519
628
601
601
632
518
596
451
497
695
759
627
676
654
539
681
1123
622
807
645
545
679
1441
1454
501
424
422
1034
553
591
581
821
748
713
652
927
213
618
284
544
615
371
624
873
731
552
832
722
751
711
810
648
270
530
639
829
818
808
827
821
713
672
1073
781
911
856
557
581
597
600
1283
855
966
546
581
602
531
516
512
700
1110
856
564
523
768
1024
938
493
697
513
549
577
592
572
580
548
963
1036
875
519
871
705
1093
679
679
550
648
529
671
418
478
569
382
491
668
432
465
641
899
1158
543
593
660
808
295
403
431
339
453
451
450
897
850
652
620
962
573
473
671
802
439
773
497
714
637
602
869
574
394
675
444
510
847
804
672
614
526
439
751
528
1154
659
583
841
534
764
515
429
510
409
420
566
479
528
423
466
465
480
836
473
510
688
585
648
412
716
454
286
538
631
643
399
339
639
369
591
338
581
716
432
888
589
543
654
686
516
459
804
552
713
577
651
595
449
521
488
506
494
482
424
771
869
736
897
613
606
641
565
523
597
577
470
449
520
528
538
525
590
447
500
475
453
406
446
614
383
363
413
420
296
403
321
517
502
735
735
706
403
478
612
463
554
489
163
650
283
385
541
575
654
634
490
440
446
464
1167
562
884
764
474
597
441
505
644
665
460
596
566
476
481
542
828
751
494
423
566
432
384
596
891
569
629
407
677
489
778
614
465
442
599
426
410
501
467
374
354
810
381
425
734
575
454
470
467
784
472
396
378
387
368
527
553
358
454
440
431
401
488
540
468
354
378
389
570
566
525
630
454
705
439
434
516
744
421
375
442
440
414
475
417
702
449
400
375
368
401
461
296
635
535
379
457
382
379
362
529
384
525
531
783
396
479
427
529
569
695
409
446
646
346
528
842
618
493
384
451
435
645
503
341
394
404
632
432
356
574
335
456
383
600
549
391
467
478
213
412
449
634
400
508
390
581
462
369
301
435
451
347
487
781
795
327
579
357
487
452
378
538
500
363
486
364
461
421
552
337
627
542
408
389
346
462
275
488
518
279
391
606
358
394
471
335
404
569
354
332
491
384
336
584
562
395
481
485
360
569
336
312
240
377
474
321
351
262
362
315
646
731
333
231
363
402
418
534
615
336
563
468
284
374
389
393
778
596
336
232
413
610
430
330
306
483
383
340
734
390
341
245
288
745
249
267
359
326
424
374
463
381
369
745
310
361
335
173
179
124
366
458
413
361
345
388
207
403
477
266
512
488
383
292
384
371
371
364
348
275
379
462
532
351
845
301
357
291
353
407
223
532
571
584
464
382
368
394
411
424
349
221
433
228
347
506
307
318
411
712
709
223
575
577
721
380
410
523
493
537
452
539
385
235
338
288
399
338
235
376
273
195
239
312
340
221
349
302
297
284
327
294
347
459
292
343
666
474
376
404
323
295
429
376
300
229
357
455
365
304
299
222
315
471
357
368
502
486
463
281
315
344
310
319
268
510
195
211
125
533
289
277
403
392
671
409
367
235
296
315
295
388
444
298
308
296
345
418
312
565
427
364
312
444
251
583
583
430
302
355
281
271
592
408
276
219
212
352
417
463
251
365
418
331
219
317
213
404
329
386
500
309
267
412
362
372
361
389
504
419
455
311
237
502
408
186
333
285
235
368
353
558
332
320
548
379
375
488
391
371
275
266
503
237
219
530
272
382
329
302
303
778
547
198
539
348
400
361
270
346
309
297
304
403
378
496
326
498
580
393
219
258
486
353
234
261
269
529
404
377
380
330
473
226
358
665
455
291
786
231
418
208
200
273
309
191
350
256
286
221
234
367
264
416
352
409
387
220
265
310
338
185
382
240
337
400
348
367
183
349
374
300
452
353
324
278
412
240
279
240
560
309
387
320
355
230
276
200
231
244
264
473
213
200
247
364
218
174
301
341
319
360
929
256
236
226
266
279
388
302
321
424
523
536
319
304
366
419
513
275
520
381
277
436
498
260
317
516
307
326
274
213
283
327
220
282
178
336
351
276
200
286
271
215
248
182
312
380
379
360
246
397
268
393
240
224
302
243
204
254
110
388
424
250
380
429
388
457
482
397
408
309
503
314
190
183
362
250
190
422
256
246
366
271
574
290
243
200
920
497
226
231
267
256
389
467
305
270
357
378
327
301
156
404
226
262
375
380
391
268
335
269
598
197
230
222
346
556
225
598
266
173
313
180
266
225
215
276
587
188
410
388
205
256
156
303
363
409
245
335
426
209
157
198
208
601
352
403
271
500
389
374
350
448
251
391
212
180
319
422
364
328
189
319
312
294
182
226
185
246
225
174
215
274
207
274
346
272
580
220
454
392
219
329
274
246
227
266
209
533
203
231
430
238
359
376
134
264
254
267
397
347
346
205
153
231
205
216
201
225
230
413
222
168
232
151
377
233
225
418
336
582
492
196
484
413
262
210
325
218
363
240
312
325
337
326
315
305
336
318
226
289
279
185
268
228
421
360
166
276
229
218
271
235
322
263
120
342
397
310
277
163
467
273
214
160
229
298
449
240
180
296
198
373
202
218
289
251
475
163
257
399
448
303
330
196
70
83
402
408
255
228
270
343
150
422
227
142
152
407
448
337
130
264
220
170
215
268
415
178
337
214
205
319
313
247
357
280
203
239
146
212
260
180
260
345
299
188
293
480
327
160
132
340
293
242
315
128
224
337
273
283
171
428
352
361
240
338
289
221
417
390
124
318
356
282
351
233
214
323
186
136
242
180
174
145
139
104
194
289
328
234
301
464
463
314
318
134
219
156
209
77
323
472
133
300
213
124
211
282
143
201
329
264
349
261
160
282
147
141
143
450
355
147
375
351
136
224
134
140
263
163
111
117
176
200
274
170
320
189
177
764
179
280
197
226
77
304
277
254
76
147
139
279
494
154
142
254
159
198
117
89
264
174
177
174
374
216
144
159
145
108
244
188
170
185
208
44
73
139
268
101
165
271
267
200
352
276
237
188
141
136
187
144
157
138
157
117
262
142
274
121
150
113
177
149
402
402
180
81
55
174
157
155
269
90
256
339
92
133
86
89
117
55
120
162
111
92
107
115
70
204
117
105
150
219
136
112
111
56
79
111
94
55
58
69
127
105
106
105
84
97
68
646
289
