313
384
427
409
395
371
449
436
43
448
365
373
333
316
320
338
363
403
350
452
319
401
293
349
320
327
440
397
479
445
408
370
345
389
384
370
398
389
364
375
353
364
363
384
393
393
354
456
305
408
414
352
353
346
321
346
347
331
309
317
341
367
340
307
356
313
363
328
311
339
404
516
382
445
309
218
343
357
297
339
249
323
306
240
349
332
288
218
306
325
381
358
328
469
447
417
220
337
371
206
220
307
438
445
345
306
284
308
292
267
241
241
250
234
260
258
280
204
245
267
243
249
282
327
266
347
185
244
243
223
404
225
244
241
176
287
283
313
163
162
285
292
213
303
227
243
166
270
395
381
432
473
387
303
409
401
348
274
272
354
381
285
298
332
497
433
414
280
251
230
215
238
160
168
155
203
168
173
250
180
124
267
225
388
403
170
150
202
120
116
131
157
132
155
119
149
259
260
239
398
408
237
420
432
440
196
252
285
311
283
360
327
360
358
120
364
358
388
462
353
220
331
316
303
311
346
275
388
290
312
245
366
321
328
291
359
364
284
381
368
388
304
284
171
167
339
229
406
168
107
217
113
107
170
174
230
373
278
245
71
130
106
173
434
137
271
75
286
302
332
409
214
211
163
392
351
346
367
349
358
331
356
348
411
410
301
398
277
354
196
349
348
213
294
402
246
438
284
421
330
400
224
219
231
190
216
433
223
258
234
214
202
208
192
417
212
338
339
374
350
427
427
390
331
354
384
388
221
377
267
326
325
379
301
156
288
322
352
291
171
290
343
341
404
446
287
248
234
218
292
304
272
369
441
367
195
288
386
294
372
482
471
373
408
415
201
332
330
331
339
299
374
205
221
330
471
390
319
283
364
310
498
176
237
316
81
438
470
399
387
228
245
252
205
202
247
367
279
280
136
380
52
410
363
361
455
427
252
342
271
305
330
216
436
172
336
464
403
261
205
413
403
367
253
265
189
370
306
410
257
426
269
178
166
159
171
218
116
262
205
252
348
326
328
160
204
175
162
244
313
189
196
365
295
206
381
322
352
286
178
244
252
257
116
279
376
292
109
132
375
223
164
166
229
232
220
226
229
238
191
213
271
223
226
267
228
177
346
370
369
360
304
182
433
359
338
382
424
418
430
559
505
377
341
325
316
221
422
261
249
376
416
474
86
54
202
454
199
353
319
338
357
317
412
366
379
222
441
373
346
338
452
226
375
377
355
314
110
353
257
233
400
404
472
311
250
173
241
285
305
308
249
203
211
178
205
229
219
294
232
328
312
121
252
356
312
306
268
236
200
186
246
346
331
244
189
158
402
243
357
374
377
328
394
228
252
354
218
85
351
217
201
182
216
200
272
238
377
423
305
156
159
97
114
155
140
176
120
210
289
260
228
248
428
375
339
403
393
316
298
227
212
263
220
331
291
373
398
345
222
188
161
258
297
320
253
350
361
367
208
329
358
414
401
272
200
216
340
168
234
256
266
482
446
227
331
173
163
213
67
260
91
140
238
141
316
208
234
247
164
144
133
195
235
227
96
308
374
345
334
326
336
335
430
408
261
236
200
172
399
356
261
342
216
232
237
227
258
167
356
357
347
224
214
204
320
257
417
193
202
208
279
339
259
399
466
412
453
483
167
207
211
280
241
278
206
278
261
443
311
94
178
183
200
244
166
200
155
99
253
215
222
205
318
274
193
275
133
221
207
76
223
227
252
225
271
257
339
198
275
307
268
151
192
219
242
240
428
384
190
226
65
320
251
113
124
216
226
217
382
238
293
392
221
303
208
317
314
195
303
317
147
279
283
293
292
316
233
286
229
267
171
158
247
221
347
219
299
261
336
154
210
309
216
406
281
401
154
236
137
332
345
283
185
271
338
247
216
237
452
166
308
335
261
378
374
323
383
260
215
255
334
411
216
212
147
178
230
160
280
421
386
333
417
381
375
366
281
303
343
278
283
200
450
199
280
389
361
210
224
224
204
230
178
209
383
307
257
241
207
184
436
369
142
389
335
94
335
63
225
202
416
213
384
311
335
335
113
203
341
224
189
330
185
301
376
335
208
262
203
220
236
209
347
187
228
332
411
221
360
110
244
176
235
362
242
318
367
184
182
360
345
159
312
307
344
326
262
354
203
379
124
192
277
225
383
332
321
311
270
334
255
254
178
226
365
227
219
127
232
119
340
296
284
347
331
305
305
301
279
309
416
410
284
269
183
313
265
287
281
309
239
279
409
220
330
367
343
287
319
290
159
140
283
127
407
446
381
323
301
279
425
303
279
241
396
231
305
285
281
426
116
217
262
250
331
217
377
302
204
225
379
369
156
390
154
398
179
331
294
255
383
163
270
234
440
346
178
286
228
197
226
160
361
195
228
267
264
275
384
267
289
175
185
274
284
149
161
240
331
275
301
297
283
209
354
219
196
245
350
217
251
269
105
305
78
86
291
278
297
328
137
270
276
305
209
204
241
281
293
229
280
367
290
226
242
207
208
330
315
192
183
290
194
187
272
111
275
282
310
184
101
58
253
356
145
210
192
262
167
172
263
444
334
337
176
200
223
236
260
186
240
259
267
235
282
270
176
373
335
123
202
173
348
225
281
249
321
340
212
151
270
180
308
254
232
38
47
30
131
170
346
302
214
328
190
329
345
288
270
209
246
221
255
257
232
236
200
191
157
325
305
366
149
246
181
302
345
277
100
273
201
183
153
272
514
468
101
262
320
218
165
205
222
236
260
246
197
156
155
288
166
302
178
337
286
272
257
225
319
281
257
214
239
242
154
330
227
311
255
204
267
367
384
259
228
309
166
157
262
280
406
427
261
271
196
275
201
192
314
371
223
281
292
287
229
290
349
153
252
192
379
261
170
191
242
246
149
272
313
401
297
305
260
251
106
177
130
217
275
188
164
178
226
288
283
226
219
313
251
296
194
255
193
198
145
155
196
153
150
163
268
252
204
412
173
268
257
256
242
225
146
121
186
257
214
156
367
164
134
196
373
332
119
236
144
203
298
153
168
295
267
244
142
155
154
142
244
346
365
299
296
208
349
188
286
233
257
345
370
253
238
246
231
220
255
218
134
131
275
138
186
210
183
271
276
292
334
303
223
166
345
221
171
283
302
272
246
245
281
196
179
271
228
337
262
292
190
129
214
249
184
189
216
370
422
178
172
156
167
175
242
204
191
162
171
308
132
217
340
190
182
376
295
241
194
207
282
235
260
150
334
355
367
233
220
145
391
315
351
251
187
249
215
260
158
206
201
276
162
351
352
174
371
254
305
120
308
263
270
146
190
237
364
235
282
238
387
294
121
150
154
184
217
279
288
193
262
266
250
295
165
259
259
284
200
213
365
196
126
149
130
172
242
182
296
258
336
343
225
154
188
166
245
325
264
126
165
285
307
179
130
245
200
222
192
281
181
249
243
246
165
165
187
194
217
177
316
251
266
259
195
207
188
179
226
225
119
174
129
229
242
321
227
261
164
276
254
344
314
242
159
291
199
293
270
303
276
129
214
234
153
164
201
313
192
191
233
269
199
207
216
253
216
184
212
318
213
296
134
272
164
288
226
281
189
196
191
180
264
228
230
179
232
193
183
151
172
156
105
242
365
183
240
206
247
161
188
273
156
238
221
222
168
220
173
228
259
193
177
195
158
195
122
221
173
154
231
216
103
152
386
127
126
144
243
211
152
136
179
111
236
118
189
251
156
212
205
183
165
35
146
185
165
178
147
211
206
206
174
249
136
243
184
201
255
132
121
162
239
239
161
278
239
166
184
237
168
161
129
91
340
199
200
131
238
194
172
190
263
191
268
149
216
339
206
209
171
221
261
200
149
200
159
156
259
218
163
239
124
192
360
361
121
140
171
97
229
290
255
148
215
229
291
340
225
346
170
204
232
176
224
137
228
281
42
253
160
170
232
216
200
189
262
180
216
192
191
268
215
232
364
140
283
227
162
135
126
127
179
254
133
116
128
197
12
19
204
207
166
133
165
367
146
128
179
199
183
271
146
180
151
161
180
211
209
277
164
199
102
152
166
219
143
154
229
292
-1
173
219
241
207
114
212
131
397
295
317
150
210
101
157
157
197
192
211
84
176
167
240
246
175
136
143
215
205
116
229
246
167
172
125
189
176
338
104
117
148
165
167
182
187
200
166
186
141
120
185
115
184
147
251
130
131
137
102
144
147
153
179
52
225
153
99
112
110
126
222
115
180
124
139
127
200
213
162
182
96
152
157
136
63
104
145
297
147
149
135
189
288
190
89
136
78
248
128
207
300
123
175
121
149
104
234
137
96
172
160
246
111
144
107
236
176
137
107
93
220
152
68
120
90
173
166
165
221
142
103
151
133
155
105
158
116
72
194
48
86
122
91
125
171
243
128
178
144
282
208
143
127
111
74
144
160
132
167
118
225
156
132
125
128
112
159
112
134
133
238
68
67
173
92
92
203
100
89
129
85
120
45
77
120
72
71
129
65
109
110
132
56
161
107
101
79
121
115
64
127
58
81
73
113
62
45
87
116
59
62
64
93
55
83
358
132
