222
261
286
281
284
254
316
283
37
290
272
270
234
214
240
258
283
282
262
313
243
248
227
224
197
181
261
288
305
309
289
322
293
336
351
345
337
301
317
306
304
321
319
322
316
309
281
328
238
339
374
306
303
286
286
272
314
284
314
362
352
336
323
239
305
297
358
307
304
319
358
347
334
356
248
183
314
309
246
299
185
297
318
213
308
306
221
179
293
247
339
289
302
329
309
255
169
261
311
154
206
262
287
336
290
246
260
262
253
242
228
225
208
215
214
248
232
182
201
247
206
205
181
355
199
280
141
211
247
206
311
209
236
224
151
251
248
239
192
140
248
281
139
255
176
202
117
207
337
298
312
322
300
244
264
364
300
220
230
371
358
257
253
251
307
300
337
208
222
196
187
197
112
129
149
162
149
143
198
155
97
241
227
306
288
136
123
160
110
84
102
133
117
134
106
140
219
220
139
266
321
229
333
316
298
142
223
317
261
276
386
349
230
293
92
289
268
393
402
370
182
312
300
332
302
313
288
323
255
280
179
315
342
393
324
354
321
254
332
369
339
267
235
176
165
355
270
232
126
96
132
79
81
121
103
158
218
240
274
57
117
90
151
384
144
228
56
363
215
253
335
172
189
162
351
300
310
307
315
287
256
283
266
335
351
359
261
268
269
204
283
294
149
248
329
262
336
194
353
301
292
246
233
240
198
240
342
186
159
201
166
138
154
173
352
132
272
319
302
265
294
353
318
309
302
361
290
226
234
206
227
251
305
256
133
208
259
310
263
104
281
261
302
305
341
292
158
273
271
267
437
297
330
334
362
222
248
246
239
372
322
310
335
332
321
159
278
265
317
313
269
282
197
215
290
334
318
261
350
327
277
315
166
236
282
69
338
295
320
323
245
258
244
208
193
234
377
169
167
150
349
47
365
257
283
375
400
192
293
145
331
280
240
309
109
307
347
273
264
165
344
276
282
265
266
161
249
201
316
226
329
234
192
163
148
185
191
94
210
167
238
368
334
313
181
218
199
207
263
324
237
134
286
186
183
230
203
321
310
179
247
249
206
72
254
248
305
97
129
281
188
118
133
219
233
225
212
222
243
255
241
332
280
181
225
303
182
322
235
273
286
299
154
273
224
233
259
315
313
328
407
304
319
294
278
309
202
281
214
198
339
379
413
68
44
108
311
247
269
192
232
298
232
311
320
310
240
314
292
288
276
292
193
301
302
311
264
78
386
348
325
285
261
388
279
246
242
358
358
327
318
306
279
285
246
311
254
279
407
222
297
261
80
383
299
310
237
296
361
291
281
301
286
274
273
136
104
315
194
364
347
373
239
361
376
253
326
215
62
348
149
287
245
324
249
249
219
265
278
270
160
182
113
97
184
153
249
105
223
394
237
285
165
328
274
273
329
300
255
317
164
191
322
159
278
286
258
377
349
225
212
150
332
262
299
300
317
279
316
233
337
438
388
413
247
242
252
322
124
148
332
219
343
307
244
275
195
181
208
58
195
63
165
268
154
367
246
239
249
205
177
184
260
381
466
77
264
282
362
364
354
372
389
337
306
357
235
269
218
351
269
282
291
298
381
353
229
281
195
332
324
227
237
244
206
292
263
308
276
266
152
427
306
381
462
351
308
334
349
207
236
289
287
225
269
266
224
253
310
323
112
146
183
195
262
185
201
220
124
244
209
229
256
292
277
173
235
93
178
183
71
139
275
272
279
398
314
233
267
193
278
378
197
133
258
234
358
258
230
247
209
69
255
259
101
152
230
354
387
401
165
250
450
274
361
261
287
263
255
273
304
177
277
296
278
266
310
303
239
156
237
212
129
279
338
314
242
208
309
303
279
235
443
230
429
151
315
121
204
91
283
274
251
226
317
338
368
303
283
324
193
259
275
332
347
287
283
305
273
250
203
393
472
241
338
168
285
278
151
239
262
245
235
294
455
449
368
323
364
357
352
407
191
318
203
288
316
297
149
147
159
162
172
134
160
282
302
257
256
200
110
308
295
146
353
357
74
308
48
180
220
266
270
291
316
305
329
152
263
291
309
294
307
211
272
314
295
307
260
222
189
205
266
300
305
338
284
248
181
398
103
205
306
184
343
244
272
274
217
169
355
367
210
354
328
284
305
291
458
234
361
90
274
215
149
223
420
280
319
295
278
250
258
230
204
355
239
174
148
192
140
297
323
300
380
303
271
291
278
245
334
293
376
216
218
271
291
266
272
287
255
176
378
364
165
342
338
401
239
311
290
252
232
286
122
390
476
406
203
318
247
331
328
198
180
486
206
220
267
239
288
154
160
432
306
277
256
354
276
228
189
311
455
107
370
192
274
147
210
278
228
435
204
211
195
295
328
117
270
263
218
244
205
402
203
307
313
399
275
372
284
236
220
251
366
268
161
167
250
336
240
305
350
249
187
271
219
251
273
327
300
327
338
71
338
67
96
412
210
248
296
110
356
323
286
346
332
286
383
299
278
332
370
396
234
246
253
230
214
333
170
118
346
197
195
246
78
290
345
260
327
90
41
258
265
134
442
216
281
225
208
321
356
446
443
248
295
189
293
211
297
202
375
381
223
229
203
221
356
359
138
240
263
364
164
295
217
316
358
339
261
263
239
270
277
204
31
34
29
103
247
345
306
155
459
139
328
297
315
244
170
256
220
212
238
236
248
240
212
238
306
253
454
197
366
382
246
454
239
53
205
154
374
306
305
337
347
126
318
345
291
196
227
257
263
272
231
182
204
202
362
204
341
222
224
307
262
245
222
286
193
290
276
249
390
175
303
256
296
238
197
289
338
278
257
175
280
166
164
288
471
371
295
338
376
283
268
299
218
318
356
193
283
489
317
166
264
315
172
380
192
369
247
192
380
544
539
218
236
265
301
390
372
298
236
80
148
103
185
273
250
131
303
238
207
238
203
274
276
284
365
125
228
197
168
179
187
241
237
197
204
249
354
213
286
237
255
257
269
358
307
152
183
239
201
207
112
305
143
173
433
312
247
83
223
88
218
464
129
226
288
327
209
178
183
158
166
189
343
217
264
254
289
341
210
252
344
315
277
301
292
369
377
217
406
513
453
150
169
308
212
363
202
127
224
279
303
360
326
182
192
293
125
235
340
338
296
254
313
309
180
276
276
274
319
300
285
325
101
121
273
211
398
242
270
309
262
306
267
287
193
227
216
203
255
248
313
199
279
267
119
126
414
357
324
217
249
273
230
234
154
365
270
329
168
223
118
305
233
297
338
204
221
211
243
146
184
249
314
130
372
272
150
263
210
236
201
270
284
312
203
198
428
372
228
207
186
291
305
116
201
86
101
304
281
302
231
332
294
225
226
204
383
276
334
916
-1
339
150
186
328
223
332
258
207
291
166
282
337
240
145
183
351
207
384
318
105
186
278
332
134
228
260
98
175
217
342
169
311
223
228
182
221
224
207
180
369
289
296
279
172
256
168
193
126
260
208
135
141
96
212
216
309
206
211
334
259
311
389
237
403
206
254
136
226
241
218
317
198
144
308
154
169
405
439
274
185
280
245
177
268
233
308
146
197
282
259
399
292
212
318
89
256
203
315
252
266
260
262
258
226
262
210
209
243
204
200
159
187
132
194
276
191
212
200
272
222
268
306
169
283
185
210
185
416
272
447
300
166
375
211
111
135
207
246
158
195
174
254
113
221
289
214
212
280
241
192
246
276
238
111
280
206
199
251
159
211
117
216
171
33
132
148
183
203
186
188
352
221
320
216
140
247
199
223
280
215
102
262
334
259
256
373
223
142
154
219
172
157
208
128
280
235
217
185
363
178
379
236
210
161
238
99
212
222
205
209
150
389
237
227
255
236
243
245
255
231
213
231
203
324
266
272
198
201
405
104
243
307
301
194
228
185
369
289
317
273
183
223
178
208
222
175
219
208
44
226
322
154
246
208
210
293
248
217
229
349
202
250
137
228
218
265
291
166
325
138
189
144
122
287
224
219
161
232
8
18
175
144
180
223
213
281
179
173
161
190
151
218
214
458
140
151
255
217
239
224
222
273
124
203
177
224
207
119
223
230
213
234
241
270
202
205
268
290
287
198
245
187
196
93
184
182
221
272
252
153
175
110
229
251
161
194
160
248
165
186
249
180
252
154
108
202
180
193
134
159
188
278
176
180
147
186
121
123
163
86
212
195
151
167
244
250
248
184
110
197
181
219
173
61
202
217
52
122
118
80
188
155
173
104
253
252
135
156
176
218
113
139
114
186
72
136
191
257
133
259
122
192
152
247
101
126
48
210
178
227
226
161
238
165
173
227
165
163
106
170
155
209
66
152
87
201
217
143
92
142
124
248
88
106
147
141
171
172
281
119
116
132
126
173
156
139
125
62
183
33
73
114
159
71
154
232
151
202
204
212
213
178
135
146
76
146
154
137
168
133
213
158
173
133
149
98
180
148
208
209
191
102
89
158
148
147
188
98
91
175
88
121
58
83
94
59
97
138
41
95
122
119
59
163
145
86
124
145
122
82
106
50
91
100
88
69
43
84
104
48
101
101
63
83
73
201
160
