1061
1214
1268
1175
1194
1021
1250
1307
137
1233
1127
1139
982
913
1038
1071
1082
1120
1005
1292
969
1215
907
1081
941
897
1405
1086
1332
1186
1228
1098
1064
1155
1084
1073
1145
1074
1095
1163
1076
1002
1047
1062
1083
1198
1140
1248
912
1278
1137
965
947
915
929
875
853
935
861
844
885
1018
915
789
834
812
999
947
855
880
1106
1322
1008
1226
930
738
924
957
806
910
534
811
730
631
781
735
821
622
768
1068
1089
907
985
1180
1249
1087
550
980
1010
527
586
821
1575
1342
988
763
732
773
762
698
684
680
726
613
654
666
720
649
673
659
624
672
868
941
864
959
569
611
756
622
1265
533
595
599
474
728
849
849
583
449
862
689
562
823
656
656
388
640
989
1008
1209
1448
1144
853
1241
1063
920
727
704
962
1049
779
771
941
1146
1112
1015
622
597
556
542
550
389
401
388
501
424
430
559
458
339
657
630
1163
1238
533
384
493
308
307
323
396
320
361
407
447
823
819
568
1227
1042
583
1129
1124
1184
557
680
867
697
727
895
797
975
1176
364
989
1049
1070
1106
947
515
916
779
806
834
911
686
1070
635
765
736
984
1063
978
902
884
977
733
935
876
1064
721
638
502
507
856
588
1142
490
354
740
331
283
526
438
532
1076
674
620
224
356
294
400
1105
465
621
216
737
778
872
970
472
496
457
804
1031
1027
979
976
1134
789
930
876
912
913
677
1053
655
925
564
816
876
409
626
1068
632
1257
784
1194
776
1088
546
542
552
454
540
1233
819
760
843
708
658
597
742
1129
647
829
904
1024
1071
1117
1036
1088
793
839
953
793
618
1117
746
885
897
953
680
386
654
801
812
680
452
778
908
889
955
1185
692
762
700
669
930
836
769
792
1046
1092
655
721
1084
835
897
1146
1185
920
1065
1081
577
638
825
902
918
765
773
499
480
679
1285
1093
822
746
840
754
1148
528
573
843
257
1077
1174
975
845
675
683
686
589
622
628
979
678
673
433
785
159
921
863
858
945
875
673
869
472
843
886
608
1041
625
878
1214
1011
655
534
1077
1227
1098
661
672
632
952
630
768
639
910
643
380
380
322
365
478
257
534
450
639
802
705
673
377
423
410
363
697
767
471
621
905
774
398
1060
884
750
706
524
640
634
723
247
587
1083
686
209
311
846
511
347
401
504
480
500
473
473
574
470
546
750
591
698
695
667
538
868
1005
828
878
733
504
1321
995
940
1107
1048
1084
950
984
1218
972
803
835
985
525
937
634
493
815
930
892
191
132
728
1221
505
781
980
797
828
982
672
931
838
515
1024
924
819
791
1072
557
824
767
874
788
259
737
745
634
1005
860
923
765
619
458
604
848
673
630
622
565
574
522
474
523
514
707
548
698
636
268
632
922
685
824
569
678
505
431
573
866
805
586
500
414
808
510
816
869
851
781
964
623
708
958
526
158
746
720
493
441
473
474
660
549
1191
1055
636
386
394
239
243
381
318
419
302
563
610
552
489
511
874
668
650
674
679
772
638
753
552
658
432
705
651
807
1015
548
581
458
391
599
704
666
649
743
675
766
509
642
650
738
607
605
453
525
601
525
522
637
744
872
871
430
645
338
319
448
190
573
296
328
708
252
739
497
512
550
448
386
351
393
527
487
228
607
819
786
738
745
754
741
921
905
638
441
391
365
650
667
590
697
533
535
597
518
667
360
598
611
932
433
458
442
586
516
1020
378
355
457
543
578
651
836
878
886
858
898
431
495
374
521
561
716
448
734
683
975
697
256
427
397
462
536
413
543
442
285
438
396
481
452
601
560
530
794
237
525
521
253
391
447
441
358
497
579
817
468
825
561
661
350
539
501
484
689
891
842
355
624
197
803
481
301
262
437
448
449
793
655
579
643
470
553
414
791
758
379
563
594
547
469
488
670
500
572
446
462
689
488
389
498
393
414
850
424
524
561
585
407
471
599
396
527
543
864
360
463
389
899
907
620
413
568
618
513
440
463
699
394
635
887
481
829
819
648
883
539
513
599
662
586
425
394
340
408
419
366
938
-1
1510
1229
853
586
565
633
564
532
601
542
555
635
715
489
435
706
862
366
347
378
350
296
358
328
606
541
429
455
498
322
792
826
460
895
551
184
770
140
330
366
874
346
992
477
602
572
342
438
849
430
305
618
405
705
834
644
354
488
404
405
526
521
719
460
463
563
830
473
522
360
590
442
530
790
455
685
682
367
461
576
546
351
442
436
594
709
565
511
416
611
306
321
570
562
775
508
827
594
484
537
570
414
322
431
658
431
582
310
524
365
557
471
376
582
532
691
709
697
703
605
1061
768
445
593
348
527
430
499
464
620
567
488
794
571
533
547
485
544
557
432
314
283
406
424
558
557
490
694
379
600
735
691
433
499
577
477
735
604
518
821
302
400
465
560
906
500
746
471
318
473
721
480
380
600
365
726
361
990
526
543
505
306
612
467
842
592
224
531
663
414
410
306
474
429
364
425
428
456
588
502
734
370
351
421
557
469
309
435
441
608
504
377
585
442
821
315
579
354
815
437
361
429
247
428
122
258
480
428
510
761
377
439
576
459
324
328
380
360
450
495
416
646
477
423
495
427
365
663
484
280
230
412
497
319
426
239
403
357
692
422
258
196
522
702
452
349
315
388
242
304
418
607
474
478
467
457
357
296
520
304
580
373
396
536
441
374
344
505
457
313
331
333
389
347
411
334
426
585
306
211
423
369
453
359
448
124
183
138
431
223
552
454
378
456
202
598
710
480
647
449
459
372
488
480
467
476
447
367
403
513
577
604
387
322
292
410
503
508
211
496
471
296
210
444
668
638
337
481
397
252
257
235
374
573
425
432
421
368
369
352
309
635
386
806
415
529
483
441
561
730
417
225
315
415
227
572
260
610
368
267
378
440
507
273
447
477
323
291
380
414
560
856
338
377
370
533
368
307
456
420
413
395
379
412
530
519
517
333
426
190
536
564
240
287
332
327
245
502
418
575
452
418
330
560
292
208
122
527
416
284
387
221
341
490
449
258
397
580
328
488
440
378
323
361
230
260
290
262
250
256
463
421
373
968
298
466
433
403
298
299
249
217
319
329
311
328
621
335
269
374
604
552
225
401
213
393
387
540
277
402
352
512
235
250
237
261
577
634
666
466
340
255
576
193
468
306
273
475
492
443
379
354
558
249
335
291
251
246
308
278
247
371
245
632
444
578
459
432
337
389
767
258
310
416
472
415
335
352
384
286
250
475
350
629
363
649
293
369
258
283
292
283
271
554
410
307
210
222
213
250
527
246
253
288
295
379
350
248
551
227
188
454
452
333
266
291
366
287
330
233
499
691
565
419
438
302
412
400
627
336
276
332
342
490
499
494
189
384
451
523
872
444
519
360
564
115
385
369
528
201
251
317
487
330
319
248
444
359
236
258
216
246
291
459
307
220
416
535
448
642
419
293
291
336
264
262
508
395
198
212
235
215
347
335
448
511
569
394
457
328
312
195
548
496
434
268
240
445
457
220
157
367
292
401
197
419
378
409
345
301
312
237
273
230
293
212
485
389
489
534
189
471
331
257
427
396
296
253
117
446
432
461
466
538
187
680
368
546
579
303
327
408
212
361
475
408
385
201
262
258
269
364
234
384
278
314
456
569
373
263
295
327
373
363
294
401
259
421
197
392
219
544
265
332
256
254
295
206
432
299
388
225
367
214
239
229
230
295
188
305
585
206
369
265
290
269
340
355
439
461
314
310
174
261
220
293
301
319
211
236
195
243
200
306
433
284
439
575
325
222
618
197
150
195
342
278
166
161
241
243
270
150
278
379
195
260
205
246
294
93
281
384
236
256
238
355
508
279
247
435
242
403
313
296
293
145
256
324
259
276
222
377
455
564
150
369
323
206
183
286
553
282
236
180
285
352
234
269
330
409
365
191
298
287
456
286
259
366
454
265
405
266
226
236
336
280
213
322
250
258
534
503
196
217
251
202
382
428
369
277
299
326
352
409
408
513
238
268
298
207
291
173
393
335
166
412
231
264
345
223
376
249
382
208
299
280
374
347
254
296
310
185
301
223
165
206
286
179
240
558
181
166
206
217
38
62
477
411
249
286
230
500
181
192
290
229
212
513
214
208
151
274
244
278
255
344
242
256
168
207
238
325
173
251
508
419
421
271
230
308
299
196
270
163
608
326
357
252
419
231
190
200
292
237
405
141
274
305
466
377
235
258
224
357
309
206
271
362
205
355
158
344
362
665
151
223
191
200
245
260
311
261
167
166
165
99
251
150
428
184
379
234
236
185
201
153
211
172
260
127
340
203
138
178
124
138
360
196
226
318
178
141
407
371
182
290
155
229
225
257
176
104
182
508
193
189
207
233
488
231
161
164
203
339
188
228
452
147
228
297
213
133
252
257
85
277
286
407
97
156
158
330
274
183
187
136
272
170
92
162
139
262
227
225
364
313
159
227
151
189
118
218
188
217
232
65
124
176
127
97
208
355
171
245
210
506
249
201
139
162
182
169
177
148
187
172
368
177
252
142
172
157
200
166
190
190
409
91
73
240
144
143
331
117
157
166
127
188
66
91
186
65
67
171
177
120
129
143
69
253
150
110
102
142
150
65
159
58
90
71
123
95
62
101
158
145
88
89
132
52
84
945
185
