198
215
227
242
237
231
267
229
37
226
219
177
169
157
151
173
179
218
209
225
174
189
167
190
182
126
171
204
235
246
216
242
232
229
252
269
264
230
258
234
225
237
247
257
236
226
225
244
197
258
297
256
278
270
235
295
252
237
234
255
285
280
226
227
323
249
241
273
286
274
295
293
321
303
209
184
325
272
241
300
213
280
255
259
324
317
194
184
290
214
257
256
219
259
256
193
219
237
223
201
206
218
232
249
220
206
195
194
198
202
186
172
194
147
174
191
172
177
178
187
156
167
172
215
156
255
123
157
234
176
227
153
179
190
124
168
183
195
168
165
202
198
118
185
152
175
78
175
287
259
204
215
209
178
205
280
244
201
181
239
260
198
204
202
214
218
264
152
145
142
137
143
96
84
99
115
118
122
134
128
65
177
224
216
206
159
105
120
81
74
81
94
96
112
144
134
166
168
89
181
272
172
240
215
198
172
175
177
282
308
295
282
212
190
94
225
198
291
310
276
136
244
236
224
270
224
181
243
215
267
252
287
185
216
209
329
231
196
244
267
283
259
227
202
146
298
222
193
164
152
162
102
102
151
95
159
183
204
161
67
104
90
115
251
136
168
65
221
197
245
275
134
204
213
350
191
192
204
207
231
198
247
219
237
260
236
210
175
176
165
374
396
335
398
283
207
241
211
269
243
217
168
171
170
153
159
244
170
137
159
139
110
133
161
234
112
324
185
270
164
214
265
277
347
252
246
187
191
181
167
231
262
283
338
126
230
240
265
234
78
212
264
265
208
265
256
177
190
181
163
247
162
318
264
199
226
190
178
191
262
218
209
266
229
247
220
303
168
182
178
216
287
152
169
302
209
203
299
204
228
324
299
158
190
256
82
244
220
235
257
209
223
146
150
162
148
183
144
145
141
337
68
260
235
269
295
242
224
246
104
258
256
232
211
128
190
240
216
239
116
228
222
235
200
252
137
256
201
211
135
259
186
141
123
103
127
160
161
348
133
163
273
247
268
134
152
126
136
194
202
139
156
212
150
143
160
153
246
257
214
271
290
244
145
280
180
251
133
105
259
175
164
166
185
178
169
162
167
179
189
187
181
214
189
155
221
161
248
178
226
263
241
152
203
226
175
166
223
217
235
263
226
273
199
218
177
129
231
191
203
285
242
289
147
42
139
260
185
215
155
279
248
200
197
255
240
146
247
247
264
230
282
178
277
219
231
201
117
318
169
168
234
237
311
249
226
177
178
199
245
230
179
168
167
162
180
142
170
168
159
194
245
84
145
185
239
198
240
155
161
158
204
242
256
202
151
124
224
129
229
202
210
281
250
145
199
249
214
6
227
161
173
170
188
164
198
93
210
210
256
163
172
134
143
203
136
170
61
217
243
159
215
203
225
220
236
209
204
156
175
159
167
142
157
267
237
169
191
309
237
199
210
197
252
258
190
262
279
253
166
252
193
247
234
198
171
176
280
112
158
170
193
241
230
176
363
119
115
160
37
236
95
150
133
39
226
172
176
163
141
121
123
138
141
165
50
264
216
232
233
225
223
225
244
252
178
144
150
172
228
214
214
233
147
152
140
112
134
175
264
252
158
184
158
151
242
232
231
177
167
156
181
258
191
214
231
215
236
221
137
170
167
240
153
252
164
225
270
234
198
88
108
191
226
285
184
135
143
112
255
135
145
178
237
239
141
223
118
195
194
49
403
191
234
182
160
146
195
144
134
248
139
131
108
164
240
134
250
226
156
174
81
183
243
72
145
151
172
146
244
121
184
228
152
235
190
233
184
164
242
205
141
187
201
253
264
257
176
273
153
230
150
183
174
194
239
165
135
250
251
132
239
183
167
263
59
216
98
130
73
197
253
159
171
233
328
207
181
209
202
145
257
211
188
283
228
188
251
192
145
167
234
261
157
151
124
162
208
129
163
191
176
158
231
251
245
232
191
296
254
248
205
189
200
222
226
228
195
377
460
452
430
451
384
432
417
239
161
174
161
56
242
208
133
237
236
120
221
62
93
145
223
194
214
193
171
167
127
170
218
183
138
195
153
182
218
216
170
245
143
126
205
204
258
156
172
298
164
137
197
78
136
141
168
245
239
239
231
196
145
240
225
187
240
234
253
183
172
212
198
224
130
167
212
72
175
284
231
256
237
248
261
228
147
136
157
174
177
111
177
151
250
207
204
194
216
221
201
213
245
197
224
211
414
168
165
252
235
218
207
205
236
194
250
175
235
214
207
253
223
198
144
136
213
135
209
212
197
169
240
285
227
209
172
162
235
145
218
260
220
218
106
513
150
181
177
200
154
259
149
135
226
214
75
240
169
216
182
223
211
204
205
99
250
230
215
242
299
233
187
164
192
121
248
210
176
240
183
206
263
188
264
175
158
202
282
140
129
226
196
117
246
224
253
155
219
134
166
179
195
114
185
208
121
181
61
112
248
175
230
221
202
180
194
219
154
161
199
211
253
145
172
271
233
191
197
145
161
216
168
335
330
235
170
198
220
129
214
168
209
123
96
50
165
273
119
173
118
183
139
161
193
237
204
206
139
182
156
200
268
168
216
162
163
239
394
360
147
203
172
110
159
145
184
151
217
181
232
204
162
117
180
177
199
182
224
42
51
34
158
150
225
200
64
217
365
265
271
166
230
268
193
192
187
177
179
183
173
182
192
357
306
157
119
187
124
176
169
210
26
163
117
144
117
197
196
206
141
184
231
152
141
118
166
126
139
145
188
152
150
107
150
202
127
141
234
211
204
188
195
153
226
142
163
147
137
188
126
185
187
101
131
225
206
148
144
158
210
179
183
128
250
231
158
173
177
239
185
156
162
191
166
219
157
143
173
316
229
158
193
205
199
223
132
148
158
142
126
163
213
192
203
203
188
208
121
319
175
183
182
147
287
121
169
367
404
257
139
169
194
201
221
266
186
203
146
141
185
150
145
138
164
172
157
227
130
224
175
192
179
105
120
145
189
168
144
109
233
136
160
136
213
195
136
184
226
158
159
113
138
225
202
227
143
146
142
149
162
208
203
243
131
150
231
116
225
122
146
202
202
228
225
196
206
130
137
138
136
141
188
127
147
181
327
226
184
245
201
196
156
69
205
365
147
196
207
200
197
216
175
152
149
235
183
222
222
169
162
196
368
188
175
121
147
151
169
136
108
116
127
115
193
139
134
115
139
211
110
140
211
382
344
178
190
119
146
165
199
190
192
127
186
170
177
148
220
158
219
151
199
121
115
163
166
205
145
192
126
185
110
208
188
155
166
177
251
63
194
141
217
103
130
156
221
138
293
232
145
172
160
143
412
382
208
185
144
127
194
202
162
183
167
153
177
181
101
99
230
250
114
105
110
135
161
173
219
84
289
199
201
133
229
102
190
122
185
76
108
292
172
114
119
209
261
190
121
185
120
144
127
170
195
158
154
138
137
134
235
188
134
100
64
215
138
337
220
148
128
357
215
215
225
157
121
192
121
175
169
235
215
152
152
196
335
141
233
206
122
94
215
134
147
137
136
175
165
156
177
255
137
126
210
239
175
132
127
186
145
204
99
231
343
212
144
187
137
128
135
150
182
228
195
170
143
113
138
128
150
131
109
72
180
116
214
168
166
172
120
136
169
232
176
151
141
140
135
149
170
138
120
153
311
316
147
151
204
131
194
112
54
113
195
113
106
127
133
128
118
105
138
114
120
113
170
189
149
156
293
170
131
39
155
182
196
135
128
141
104
149
132
256
134
174
233
128
198
106
110
162
149
154
119
129
195
128
6
198
145
117
118
69
179
153
119
87
137
166
97
171
118
138
163
-1
132
102
216
120
249
133
199
145
117
159
145
143
163
148
131
141
103
120
152
168
117
122
107
114
167
223
181
145
166
154
180
166
119
172
149
161
177
101
156
99
171
154
12
232
129
153
161
134
173
146
172
124
163
88
139
171
307
167
156
96
141
174
96
106
134
114
177
153
121
102
96
121
21
22
206
107
156
141
125
195
85
124
178
101
117
191
126
99
133
206
191
140
128
175
136
149
179
75
135
183
109
172
191
228
149
163
127
129
178
152
130
117
180
101
161
136
162
132
105
121
140
114
171
144
153
126
126
153
135
134
90
244
151
115
128
135
117
174
118
211
221
137
87
106
136
122
163
133
185
126
252
296
99
207
236
95
100
104
176
156
157
162
120
165
120
161
110
49
155
134
194
106
80
324
158
98
151
131
103
80
115
206
110
166
190
123
243
122
75
58
110
164
128
84
126
110
141
118
72
79
69
182
104
113
164
79
171
118
155
90
139
148
85
99
113
182
174
115
99
230
135
106
165
88
95
104
85
103
106
119
139
137
164
141
153
92
139
78
85
115
104
32
145
49
63
109
82
230
165
128
106
109
110
129
226
188
159
168
36
134
143
134
150
73
123
149
97
116
72
100
178
62
116
116
100
73
46
109
86
85
137
60
65
108
71
154
57
89
75
46
66
83
63
77
80
134
40
120
76
77
53
60
86
50
68
40
73
65
42
40
35
54
72
65
51
51
103
39
56
184
120
