119
132
136
129
127
119
143
131
4
126
131
98
107
88
86
104
114
123
121
134
98
118
86
126
109
98
104
121
136
150
141
137
132
134
143
159
167
150
158
154
150
160
140
176
168
138
119
154
129
162
174
165
148
154
157
125
155
150
137
144
149
146
136
151
152
153
149
145
134
145
155
154
145
141
117
94
135
174
130
142
120
148
144
110
145
144
127
100
138
137
156
158
136
157
151
136
116
156
170
109
91
119
141
153
158
117
116
120
120
109
95
104
99
97
109
97
113
96
112
109
105
103
113
144
90
136
100
92
109
88
141
90
106
99
82
111
108
116
61
86
110
118
97
110
87
96
72
107
146
138
123
133
122
110
100
157
151
112
110
138
142
129
122
95
145
151
146
118
105
98
93
106
76
88
80
98
76
66
107
79
62
121
77
138
105
85
70
96
67
71
62
69
60
67
68
74
105
107
81
106
149
98
142
138
109
84
95
90
123
134
131
119
136
99
63
159
105
142
156
157
109
153
131
118
157
158
121
160
146
131
97
147
104
123
119
137
156
136
168
151
129
134
103
95
54
137
109
133
79
54
85
53
54
85
86
115
115
118
99
44
60
48
70
143
51
114
31
106
143
162
167
103
115
96
152
111
112
129
130
107
146
145
157
152
167
125
127
119
104
76
120
112
80
100
150
100
137
62
148
154
156
96
101
98
80
90
157
70
86
75
59
69
56
57
154
84
120
108
151
99
140
167
147
129
147
148
147
98
111
111
113
149
138
124
80
147
144
156
132
60
135
110
114
143
150
119
89
111
90
82
117
96
128
142
105
111
133
134
122
142
132
127
148
144
142
100
138
104
118
115
145
136
74
87
133
130
129
103
117
158
119
154
66
80
124
28
140
139
163
169
82
99
91
67
79
103
128
111
111
56
143
37
156
125
138
156
159
130
151
106
149
113
98
162
35
121
135
126
93
78
139
132
137
110
133
48
103
132
162
100
170
121
76
65
69
69
85
61
92
67
107
128
156
153
70
76
74
64
122
139
76
88
149
108
82
106
101
160
129
80
104
113
87
50
159
131
138
70
64
142
77
69
56
91
92
85
90
94
96
78
93
108
105
85
101
94
79
135
96
143
142
132
79
125
142
100
109
144
141
133
149
138
141
137
157
99
84
138
115
86
158
149
182
48
35
69
138
84
156
109
117
161
128
155
160
161
104
153
148
156
153
142
80
178
147
123
118
50
132
106
100
146
141
154
121
134
81
86
91
125
109
99
90
95
86
84
90
100
90
96
144
126
61
100
134
122
120
144
92
73
81
110
144
144
102
84
69
151
80
133
143
141
106
120
70
131
138
105
26
103
68
77
82
90
85
119
94
140
141
128
72
67
58
64
68
76
81
62
61
122
119
103
127
152
161
135
167
152
102
111
89
87
80
104
157
141
148
117
142
99
81
85
117
128
143
108
159
126
175
100
179
136
182
182
124
98
94
180
63
88
115
110
156
156
86
115
67
54
89
36
123
46
72
65
82
119
109
103
104
71
54
51
91
91
89
51
158
145
153
148
140
144
147
152
147
95
87
82
90
173
143
131
163
81
87
89
59
67
79
177
168
137
80
87
96
172
126
172
94
109
108
104
175
80
125
174
162
165
159
75
84
93
151
91
128
97
145
124
138
135
44
56
80
82
134
83
90
47
49
84
79
99
109
164
152
95
127
64
72
86
38
94
101
130
102
112
110
129
74
86
169
70
64
54
109
83
83
129
111
100
84
34
140
135
48
46
91
88
98
123
63
120
166
89
134
121
152
104
87
166
121
57
128
128
108
147
163
107
145
60
105
75
82
111
109
142
94
94
126
146
36
93
121
96
162
90
133
79
70
36
128
144
94
95
111
143
97
84
110
143
85
136
116
124
151
157
126
125
95
68
111
164
159
93
85
76
77
97
87
90
117
114
86
152
146
149
146
121
144
167
140
114
50
155
77
151
127
153
94
69
90
85
91
80
82
128
152
99
98
109
73
158
105
50
137
175
53
154
33
102
96
163
120
130
149
118
125
56
80
131
101
84
108
65
75
116
104
102
144
82
75
107
99
171
82
89
149
147
105
138
39
89
83
80
160
129
133
160
85
79
132
139
46
144
143
157
97
106
169
83
153
62
105
150
79
135
144
152
142
126
146
118
146
89
87
108
110
84
47
49
38
136
149
161
163
151
136
127
124
129
148
150
128
101
103
94
156
133
147
150
117
112
148
160
87
163
179
155
132
147
135
80
73
160
57
149
170
160
128
166
136
123
143
143
67
179
98
129
124
149
155
37
89
92
100
102
84
95
149
83
80
131
147
79
158
78
156
85
102
119
146
156
63
120
117
161
159
78
132
82
85
126
70
164
92
102
151
102
150
161
125
102
84
90
156
141
50
68
135
188
126
142
145
126
113
138
107
79
111
152
66
145
151
59
129
42
58
113
130
129
143
75
147
104
144
129
103
135
155
133
87
153
146
131
126
110
118
127
122
116
79
83
147
65
90
139
59
138
143
140
69
44
24
105
118
84
96
70
145
89
97
154
187
148
148
66
116
76
127
119
89
91
150
147
105
101
88
92
159
142
41
104
87
177
111
150
144
139
124
103
75
160
92
128
126
107
17
19
6
59
112
173
141
80
157
89
122
113
108
120
107
128
133
127
126
115
111
105
82
85
123
131
121
63
154
112
125
143
139
33
93
59
87
84
133
152
160
53
137
167
183
87
116
134
92
116
103
77
75
74
92
98
127
82
112
151
134
128
100
134
95
147
138
116
97
86
99
188
123
134
101
136
154
137
158
82
138
87
78
138
101
152
149
162
173
106
157
113
104
147
158
82
153
135
132
102
111
141
60
118
109
142
129
81
73
102
102
78
97
132
140
133
137
166
106
50
73
80
99
133
144
58
85
96
81
107
104
115
100
139
136
75
113
94
100
77
76
126
85
82
82
102
99
92
149
72
146
125
140
137
138
91
66
91
109
106
77
144
61
84
86
152
161
65
122
77
109
147
30
83
117
136
101
77
77
71
70
103
122
120
116
106
101
156
105
149
136
166
148
152
136
134
124
99
108
100
102
67
68
153
59
103
94
93
132
99
120
170
151
126
62
143
88
88
143
148
127
134
146
157
95
123
95
124
150
126
108
79
48
92
147
81
92
165
118
132
83
85
88
84
82
118
123
90
71
82
160
55
140
135
64
74
147
146
105
106
136
135
119
141
80
135
118
148
100
111
55
170
106
125
115
86
125
139
121
41
90
112
162
66
132
130
52
116
135
123
74
135
108
162
82
83
127
142
146
82
93
135
144
50
65
53
72
135
140
168
129
142
97
130
123
79
179
161
171
103
98
153
73
81
80
77
102
151
130
145
68
132
170
111
56
97
92
112
102
138
77
103
110
111
92
84
142
88
85
85
139
70
131
111
155
82
105
105
144
107
102
132
130
83
109
82
74
105
93
81
96
59
73
80
97
93
140
68
141
102
114
124
156
136
156
75
150
76
115
149
138
119
78
120
154
70
83
86
160
89
96
102
133
120
161
121
139
107
86
109
142
103
148
74
143
55
171
136
129
100
99
101
109
139
126
121
139
105
139
108
94
104
78
49
96
131
119
129
116
153
87
74
115
73
135
126
147
122
120
104
123
158
109
80
112
58
68
65
111
84
60
103
64
23
84
140
89
82
78
118
112
102
85
95
52
121
98
126
108
87
134
95
127
102
11
59
103
96
136
82
139
66
127
112
107
86
135
96
99
131
92
52
73
166
133
79
129
123
51
59
116
74
77
76
22
131
102
116
78
163
116
115
114
133
126
120
60
148
141
115
141
84
76
154
89
75
128
94
83
136
137
96
121
68
120
132
132
69
90
102
47
119
150
115
67
141
104
185
146
88
148
130
145
135
97
156
73
95
87
6
120
78
70
128
96
138
141
114
142
131
81
86
155
91
138
105
71
143
126
91
66
66
104
92
112
83
77
73
147
9
7
90
88
121
63
100
137
42
61
113
124
122
143
86
79
126
107
126
92
157
184
101
127
56
101
137
134
97
87
126
128
100
114
130
115
113
65
154
76
122
126
124
92
91
51
112
77
154
146
122
33
114
94
98
154
108
52
59
132
106
64
144
110
78
90
84
126
110
101
53
67
123
104
127
99
76
89
68
76
106
60
86
83
98
83
152
59
60
63
52
106
114
104
124
5
137
80
48
77
95
46
79
61
94
68
98
83
112
109
115
98
33
76
44
63
41
76
74
121
97
63
78
136
122
137
24
107
14
125
69
125
94
66
99
76
80
76
123
73
51
68
103
93
55
136
87
100
89
125
44
74
94
89
60
63
60
105
115
115
131
67
68
114
104
81
93
112
115
13
163
14
37
110
71
29
108
106
104
104
86
92
119
84
88
50
19
113
118
109
113
80
126
121
55
106
113
106
123
76
87
86
106
92
69
142
69
68
119
-1
63
88
66
70
40
84
92
86
70
127
9
104
108
86
81
108
80
96
73
64
104
64
55
76
85
79
93
51
63
108
119
50
70
70
41
47
86
127
71
