656
737
737
712
688
607
789
711
102
745
666
648
591
547
581
620
613
633
612
745
596
644
550
659
557
479
696
657
759
746
774
729
814
815
854
925
1028
844
905
841
917
946
882
975
1034
993
961
996
815
991
1018
1062
1004
997
939
958
1030
1016
1021
987
1103
1215
851
829
1024
943
928
1207
1105
1191
880
912
878
920
846
551
925
937
731
786
721
1023
987
839
881
916
798
660
1080
755
934
854
804
794
804
645
697
926
842
643
657
912
824
900
779
867
818
881
903
790
763
798
794
755
788
756
803
678
725
781
716
753
694
919
588
1122
424
694
889
711
806
638
654
711
514
806
888
882
553
554
801
774
608
881
768
733
438
712
821
1112
763
907
878
913
717
839
930
811
835
837
918
833
872
638
729
790
779
690
700
708
645
653
488
472
473
574
497
513
627
537
416
798
691
1038
759
437
452
586
417
397
400
492
400
392
416
519
696
694
330
666
709
621
736
732
686
619
712
797
746
1032
781
735
608
754
310
821
637
786
817
767
658
822
959
934
1033
912
814
1050
679
1077
500
730
712
799
956
804
884
825
950
990
762
790
669
624
543
840
804
630
452
381
416
278
345
412
440
471
557
815
668
253
403
316
459
811
520
717
233
838
765
826
939
596
571
459
855
803
833
811
819
913
904
994
804
891
840
841
640
743
785
584
798
820
531
737
811
832
724
588
865
874
759
598
583
616
504
611
871
477
442
481
448
365
373
436
779
474
870
864
755
640
704
910
822
760
936
760
583
702
685
720
884
818
788
707
562
866
922
1069
790
320
938
850
748
785
847
893
468
725
486
592
686
608
713
769
759
836
861
638
877
763
725
704
682
706
752
729
729
867
780
782
898
822
499
525
816
793
889
788
858
829
662
730
593
596
1105
232
702
685
857
872
869
929
770
676
693
698
753
425
424
464
809
186
711
576
637
758
680
665
818
445
674
703
805
906
349
914
826
772
730
546
891
655
1035
876
992
375
801
657
739
732
793
753
428
413
377
396
547
370
597
517
712
1063
954
936
388
468
460
408
631
703
514
501
702
464
459
561
473
917
968
601
886
877
870
390
891
683
916
337
341
651
528
418
423
617
576
555
553
536
596
584
602
765
588
555
515
601
604
843
576
999
1065
931
530
670
658
566
611
722
725
756
695
757
795
790
731
671
508
650
808
552
835
856
767
336
263
347
756
557
892
568
669
730
630
541
827
729
605
727
663
869
962
743
566
850
726
1015
980
386
839
597
521
879
712
769
1102
910
578
748
655
657
669
492
512
488
448
504
409
505
689
507
762
748
330
705
831
885
980
822
529
460
466
631
733
696
517
635
556
549
475
793
770
712
786
672
542
802
725
654
213
759
424
546
467
482
490
776
590
729
701
1040
457
470
284
292
485
323
497
320
523
706
704
510
640
647
545
748
633
617
631
769
687
673
666
541
820
758
497
674
712
782
668
531
874
811
846
844
806
627
809
398
830
517
759
660
755
475
513
658
344
618
692
827
648
645
542
780
380
365
429
213
644
235
384
434
320
692
504
631
654
490
420
431
435
542
473
273
948
856
760
744
783
761
742
727
669
619
541
469
533
617
623
886
751
443
479
543
600
572
494
798
798
509
496
493
430
864
818
913
478
485
550
534
735
611
671
631
620
644
561
357
410
504
830
458
627
562
577
773
661
828
270
381
597
637
783
530
613
446
320
531
501
509
510
786
851
458
693
464
774
667
234
418
727
732
444
509
616
529
386
517
621
523
394
339
594
517
519
560
528
485
752
216
545
752
261
324
397
510
539
675
380
524
551
434
794
584
758
680
494
756
791
499
654
667
861
743
777
682
550
404
522
474
598
448
633
706
531
347
850
827
327
582
622
499
498
299
597
446
424
235
713
675
620
549
571
608
557
488
557
479
412
781
836
601
692
866
718
675
627
631
695
537
522
407
375
278
395
581
322
672
647
604
639
625
551
519
550
557
550
583
569
601
466
565
499
612
557
835
457
406
479
432
367
391
436
649
685
449
481
528
337
535
570
496
669
622
317
695
151
331
482
694
479
749
533
586
568
446
476
703
431
382
608
377
579
613
545
415
745
446
393
679
755
795
440
407
753
476
567
423
397
580
405
509
690
436
735
653
423
556
514
486
309
585
593
706
616
550
435
455
490
267
410
726
307
462
553
821
843
706
738
812
639
412
419
493
584
826
338
500
417
666
634
516
608
766
820
829
791
847
692
720
592
528
769
405
689
541
742
676
750
510
508
688
545
477
464
468
575
795
515
362
318
599
441
453
442
412
435
520
734
528
785
464
404
462
492
778
846
707
564
285
414
464
475
691
460
494
557
375
456
572
412
489
472
462
605
352
596
627
788
437
367
657
530
535
567
259
712
474
398
626
453
510
563
460
624
442
605
511
504
710
458
477
467
880
549
366
723
491
513
680
435
574
536
646
312
529
442
807
422
517
619
347
484
209
247
503
533
721
929
462
457
667
551
391
403
511
396
533
519
463
606
480
652
483
438
383
475
418
386
307
612
564
535
522
374
541
455
985
404
296
202
711
597
445
383
304
445
326
363
511
468
449
451
368
553
371
346
763
335
689
452
445
713
550
449
441
438
390
475
541
408
340
565
469
502
563
473
345
242
578
377
614
468
707
137
181
130
265
304
568
483
385
410
282
608
681
440
-1
669
674
603
508
498
523
519
521
416
479
607
803
491
291
354
336
561
467
663
332
368
329
304
227
463
487
492
353
504
465
317
330
299
499
474
475
468
458
397
397
303
300
512
400
456
616
631
626
547
500
483
421
294
381
416
285
556
300
587
458
337
425
391
387
321
467
557
451
407
555
359
475
592
379
424
499
740
539
380
338
339
354
551
378
441
678
609
495
490
396
250
450
523
284
348
329
319
338
516
588
457
401
390
459
689
369
278
166
605
541
374
470
300
312
540
530
310
578
444
394
421
509
451
507
600
313
363
425
373
350
326
391
554
554
680
297
571
577
585
351
325
282
320
511
492
448
373
466
374
404
351
605
584
386
400
316
523
356
382
364
486
395
799
318
333
311
348
478
446
434
506
265
240
473
241
542
355
375
459
459
613
405
400
795
309
366
309
334
325
332
326
275
500
306
605
356
484
407
384
455
350
657
340
351
513
591
532
452
488
519
429
336
500
455
515
427
599
362
575
316
306
373
386
342
344
343
308
232
238
242
338
516
327
294
322
311
371
285
314
407
315
278
393
394
305
389
283
450
356
379
274
413
449
443
505
586
459
360
320
510
342
352
409
450
499
556
688
246
464
540
430
581
566
343
501
726
141
420
448
602
264
301
314
425
404
405
324
307
294
373
368
304
316
343
516
304
245
377
450
529
650
349
307
338
346
257
244
483
435
249
248
280
264
398
396
539
329
673
331
649
364
487
259
717
324
408
224
306
453
430
370
191
487
339
641
246
380
277
510
408
439
425
331
363
257
426
207
428
460
343
342
158
504
484
295
443
420
364
297
159
432
456
389
493
632
220
536
357
466
610
356
417
516
298
322
379
361
316
262
292
303
317
532
253
342
338
410
441
581
432
286
421
406
508
381
313
311
245
525
226
364
256
630
379
303
271
257
304
257
610
383
552
276
479
291
237
261
373
365
228
203
489
226
509
422
342
370
280
312
531
446
395
399
223
307
249
328
309
390
259
262
226
279
225
337
612
293
537
460
285
287
424
253
176
244
343
335
188
180
271
226
313
204
325
339
198
326
283
381
394
99
387
524
323
341
256
458
372
283
244
598
356
399
410
286
327
185
302
390
252
263
235
326
724
331
118
562
484
290
248
324
422
306
275
205
266
407
255
346
276
402
357
230
381
201
723
309
335
344
495
281
363
243
259
284
269
243
224
401
336
264
340
355
297
295
300
240
400
418
333
421
407
283
348
364
484
447
294
394
420
223
386
226
578
264
90
439
318
381
424
263
433
303
338
218
303
367
354
293
304
385
271
214
254
290
212
223
327
244
328
579
231
194
246
281
45
52
641
367
311
337
286
414
166
273
411
264
253
694
278
220
209
404
306
262
334
372
249
242
203
243
314
485
209
301
527
347
270
346
213
275
416
197
344
207
444
217
309
294
526
316
220
273
412
339
367
188
383
419
396
320
324
317
226
522
356
220
312
267
253
369
224
322
480
335
213
296
305
218
302
234
389
219
287
232
206
154
315
207
508
244
432
240
239
230
187
192
303
200
296
141
435
274
209
229
147
206
249
229
225
281
186
166
476
339
273
423
217
309
240
359
145
118
178
509
271
202
282
181
303
200
205
190
181
342
207
196
344
173
224
277
261
163
315
392
109
380
374
386
129
201
228
384
310
247
279
195
191
223
113
177
193
216
298
299
399
250
254
213
174
166
160
280
249
130
300
139
167
244
181
168
247
311
204
239
262
333
313
247
189
185
192
194
204
171
222
167
424
212
336
173
168
197
253
195
219
217
274
114
84
264
204
202
273
120
224
225
163
204
82
118
162
89
91
200
153
167
150
169
88
227
128
138
129
174
136
89
117
83
123
106
130
74
81
143
173
155
107
111
156
82
103
545
230
