392
300
231
224
196
149
293
253
5
243
237
223
244
264
200
173
152
167
152
220
182
191
219
393
333
230
206
192
233
216
223
232
330
349
353
419
450
325
349
329
378
391
337
359
371
365
347
340
453
332
396
486
468
479
320
461
454
372
573
446
491
474
366
553
400
367
343
453
474
510
345
299
315
306
424
375
387
316
355
327
509
482
457
501
395
380
543
696
449
318
322
346
293
277
252
282
559
342
283
588
472
587
267
256
266
473
432
451
473
528
570
470
544
483
408
457
407
610
530
343
504
312
364
347
324
422
529
240
585
368
255
386
378
386
337
332
364
436
84
560
326
421
498
406
350
367
398
324
298
375
244
236
318
385
231
281
329
434
409
325
311
428
451
211
218
270
295
439
416
509
524
433
553
536
432
378
528
488
433
368
332
402
503
293
212
346
414
353
389
520
393
410
396
416
517
558
281
281
458
186
281
243
215
221
166
491
373
264
297
457
300
302
271
253
538
295
190
276
265
292
425
295
357
380
357
329
394
311
395
411
320
281
234
271
349
193
296
391
319
339
254
330
275
475
298
182
385
270
547
533
367
410
548
424
550
402
156
381
387
455
490
358
289
232
522
255
436
346
338
358
292
402
417
378
270
291
285
226
218
333
306
339
297
267
237
339
196
342
193
387
337
362
313
299
285
458
195
289
213
360
216
309
307
300
311
293
242
135
188
132
106
69
105
37
218
402
324
277
266
201
242
252
279
275
326
249
253
494
257
290
339
306
247
291
624
439
354
417
313
409
360
261
305
202
208
358
339
303
252
204
234
234
209
225
250
729
300
200
349
227
202
162
225
202
215
518
263
439
229
253
332
313
258
223
271
179
243
206
356
250
300
218
432
261
346
157
146
172
262
253
483
454
362
373
321
224
213
201
198
331
241
243
224
211
227
207
186
352
260
347
238
48
410
219
6
306
207
225
362
302
243
175
276
480
501
48
237
330
181
371
217
321
243
248
229
200
304
485
346
271
306
351
356
342
232
229
209
208
271
220
212
391
200
149
220
133
103
295
422
242
390
410
308
664
388
216
347
358
251
238
281
290
243
311
307
270
265
269
216
265
264
254
164
318
215
272
401
235
156
273
309
288
411
171
293
180
145
199
208
202
177
179
226
255
211
167
228
185
360
268
247
176
197
462
-1
193
194
211
297
202
216
240
211
225
262
183
276
212
227
246
337
169
249
237
168
297
311
577
254
192
135
217
176
185
345
380
346
269
207
121
226
191
195
195
194
204
203
209
218
182
222
273
356
254
219
307
307
353
172
179
176
189
235
205
185
369
382
159
189
152
175
155
241
162
204
334
197
343
233
180
256
218
193
161
165
344
318
197
167
385
283
246
251
301
249
235
237
265
174
221
281
178
410
128
243
204
135
154
175
207
232
418
195
378
253
234
196
144
215
300
228
299
316
298
228
305
211
227
236
147
288
104
158
142
302
157
177
212
242
359
226
310
147
159
220
276
185
153
174
283
342
332
203
124
266
151
146
234
221
242
216
204
162
138
168
250
341
241
201
201
201
188
188
170
173
187
241
164
240
128
185
381
175
170
102
145
265
146
242
274
294
171
177
165
152
335
321
244
203
196
315
117
238
175
158
126
118
125
108
154
119
158
264
154
211
163
253
270
170
117
202
189
220
209
288
128
254
227
371
89
195
158
156
265
270
264
315
507
244
161
340
292
272
246
177
133
165
177
127
209
163
131
209
62
177
64
125
150
137
190
332
240
172
284
187
206
97
140
181
145
95
122
99
127
218
190
218
201
180
254
195
0
194
172
246
239
225
215
188
106
172
223
470
159
189
188
225
182
283
232
0
233
131
183
105
235
121
319
143
37
147
217
160
202
112
107
105
108
177
83
177
205
219
158
170
217
180
175
190
180
251
120
106
129
107
198
121
146
130
172
132
128
157
129
102
105
144
121
163
179
145
158
0
104
199
185
116
171
244
148
205
168
125
170
147
177
206
116
131
238
393
139
120
96
134
121
209
176
247
274
213
159
146
180
121
131
132
122
136
153
126
130
129
93
100
128
129
124
202
156
110
270
227
189
128
120
260
101
315
89
246
252
139
189
156
83
166
129
134
240
75
73
159
154
155
214
120
105
94
147
111
222
124
256
321
154
133
225
192
160
189
196
190
167
98
88
235
221
108
93
371
160
180
139
149
181
198
192
171
223
152
196
104
155
229
141
238
144
216
200
120
263
73
180
130
119
138
99
147
192
122
101
92
166
268
75
77
72
154
134
204
107
198
171
72
97
146
277
263
215
125
105
144
83
113
172
144
83
168
122
171
148
80
317
105
241
128
216
151
144
248
96
118
164
123
123
144
81
175
144
115
221
210
116
228
127
160
105
159
113
116
190
151
170
49
249
0
177
237
104
155
190
90
113
210
124
74
180
134
162
103
148
173
400
95
247
168
109
154
188
234
126
103
160
136
109
123
139
103
139
130
106
145
157
260
122
117
102
188
74
147
115
151
210
160
107
343
127
115
261
132
230
406
156
116
214
72
108
136
102
131
126
113
79
80
144
183
124
61
229
96
221
112
64
241
127
134
153
114
91
71
134
104
83
202
117
212
140
91
82
72
186
117
156
117
213
189
94
13
60
98
115
100
189
102
77
106
115
70
263
294
169
168
111
87
116
116
115
75
120
147
203
78
107
53
60
117
86
199
477
96
102
89
65
29
84
99
0
99
121
89
104
81
124
122
108
111
137
155
156
45
90
115
132
86
183
159
150
181
101
131
167
89
96
102
98
112
77
122
116
79
102
106
93
90
55
136
116
109
152
68
112
135
108
108
109
173
138
136
79
87
118
165
84
92
214
181
101
140
42
62
82
115
98
102
66
59
129
106
143
76
55
70
122
212
65
60
37
260
147
115
168
85
101
186
140
67
129
70
108
72
211
142
178
197
111
137
109
111
126
113
70
118
144
137
63
126
149
167
73
79
115
109
143
135
127
323
101
170
101
74
114
122
289
74
180
173
73
0
100
113
103
246
114
109
101
114
113
87
147
72
88
56
87
53
123
108
105
103
80
164
99
87
270
70
83
78
121
112
87
17
81
103
106
160
77
116
90
79
221
101
146
128
86
114
140
108
110
124
126
176
95
144
115
120
96
122
97
289
132
83
102
98
95
78
71
72
51
59
64
114
70
122
93
89
83
91
69
53
99
102
96
86
49
33
131
60
98
75
70
83
95
94
117
282
150
111
91
66
88
66
130
108
139
157
2
211
39
110
272
91
111
86
66
165
167
61
89
109
138
93
112
59
84
89
94
61
67
61
163
127
95
101
42
113
63
41
62
67
121
124
107
75
82
89
56
44
93
106
59
46
72
84
91
106
134
116
163
82
202
100
192
80
213
74
46
177
138
109
96
220
55
104
114
206
82
84
67
132
88
147
64
66
84
61
141
61
105
97
65
183
84
82
157
116
48
71
1
80
42
84
79
52
157
158
63
108
65
92
130
65
133
107
69
57
93
104
62
90
113
88
139
150
49
62
58
114
116
161
145
94
120
118
268
108
70
69
60
104
59
86
64
121
99
66
50
54
62
71
212
82
180
88
111
97
57
94
108
110
45
132
76
61
142
131
92
109
60
63
94
94
88
144
65
60
65
73
63
120
54
64
25
61
24
75
180
82
132
104
149
90
74
81
54
69
53
99
45
59
68
89
70
73
105
77
44
75
106
135
127
130
71
148
74
118
72
149
94
73
50
158
104
79
110
73
81
43
70
120
70
54
61
53
245
12
80
130
86
85
76
0
91
111
69
70
68
82
35
115
61
116
73
42
126
67
216
59
78
80
104
77
138
34
65
61
49
47
48
97
77
48
71
69
99
115
60
49
67
75
62
86
90
60
91
84
88
78
72
119
126
53
108
71
162
50
0
67
68
140
90
62
143
80
58
32
66
77
90
61
113
86
71
53
57
103
51
63
129
53
140
51
60
51
63
93
103
42
154
239
104
0
89
77
43
73
147
56
55
159
83
34
59
88
82
42
91
96
55
63
82
78
69
137
38
141
108
90
54
79
63
41
79
23
88
43
77
77
47
87
116
38
60
85
124
97
71
0
80
223
98
52
115
94
106
131
95
26
91
50
38
141
56
74
120
55
94
63
98
52
64
38
99
46
56
65
105
34
38
60
143
93
93
58
59
67
24
45
68
49
80
0
85
57
95
80
37
32
76
33
23
50
32
56
142
82
63
93
20
57
50
120
141
29
51
65
62
38
62
32
67
51
14
38
0
53
42
45
67
57
31
80
52
42
74
96
13
116
117
66
37
62
95
81
74
59
81
63
82
56
15
31
54
53
78
78
80
68
38
26
19
26
44
60
70
4
81
107
79
72
49
19
49
60
47
28
42
41
67
58
48
4
40
42
38
24
44
18
80
37
87
31
35
48
43
26
40
40
38
37
25
48
65
65
64
35
97
49
42
37
26
22
31
31
34
46
3
39
38
30
38
45
19
38
29
35
32
40
33
20
32
23
42
12
23
37
37
47
18
19
30
19
15
238
67
