355
396
418
417
403
384
471
400
41
385
392
411
338
330
363
368
370
394
369
420
392
339
324
330
273
288
328
402
401
437
433
466
458
450
517
566
482
450
499
442
462
472
467
489
452
440
411
409
420
402
553
490
502
494
448
434
491
419
499
507
546
443
507
403
476
461
521
475
503
486
498
437
486
505
341
299
531
470
432
499
323
465
509
365
487
444
405
372
472
400
490
457
454
472
397
338
303
407
432
284
363
413
386
443
424
395
411
382
394
442
325
380
411
362
354
369
293
334
328
356
309
295
287
438
260
380
209
342
452
387
451
379
408
463
228
335
344
334
290
248
399
520
199
311
283
321
181
330
471
400
344
372
352
288
333
503
482
359
338
528
477
412
426
402
384
388
478
300
321
306
317
298
225
219
260
243
253
270
307
250
169
309
362
352
341
244
202
240
201
163
186
219
181
232
204
229
363
362
219
320
414
357
429
394
325
235
347
426
439
447
502
519
360
359
131
390
331
515
482
462
306
419
417
415
478
418
388
400
408
432
281
434
410
386
387
526
441
377
485
563
472
395
417
349
290
489
527
288
171
166
177
117
122
179
228
299
298
373
313
131
181
124
342
474
268
327
100
417
269
432
489
277
394
297
555
329
330
330
332
333
357
394
363
474
465
494
351
356
303
293
489
503
280
392
524
404
403
256
457
482
381
385
360
361
321
352
439
275
255
315
225
193
216
248
484
225
448
360
427
305
404
433
421
494
471
481
358
369
280
260
298
358
452
360
239
308
346
422
443
199
444
319
414
433
393
513
241
471
435
304
481
419
456
483
381
351
323
325
313
522
381
371
399
457
399
285
409
386
329
312
412
469
367
381
454
338
368
381
430
440
431
386
246
491
369
120
462
361
455
479
341
348
315
260
250
292
386
248
249
250
485
91
441
333
339
428
456
332
412
253
379
394
344
395
152
383
399
372
399
204
391
376
371
388
402
223
331
253
431
364
474
350
379
375
289
402
490
201
389
336
329
434
430
426
375
455
336
410
629
522
278
179
423
280
443
298
273
452
448
254
361
343
284
137
371
333
475
189
305
374
443
301
293
536
625
599
566
495
733
629
540
337
548
278
269
291
283
438
333
351
396
517
215
348
314
245
299
400
389
506
486
373
453
437
416
320
560
375
355
435
457
383
480
147
86
137
408
567
376
300
291
475
327
305
456
422
293
426
406
380
388
374
268
415
437
373
332
158
445
489
463
348
302
424
366
379
320
339
338
454
464
531
539
534
506
491
349
504
349
624
447
428
190
359
336
532
284
444
415
472
528
468
399
367
767
175
133
367
594
329
318
339
308
332
299
368
437
319
99
341
219
444
466
632
579
358
326
320
298
419
412
497
409
287
521
331
473
185
225
451
319
749
294
416
378
298
382
384
264
301
231
280
293
262
430
450
273
365
447
328
291
220
379
436
440
366
457
408
459
596
429
429
455
422
372
558
684
405
179
195
384
268
425
395
590
474
338
317
492
104
350
101
401
259
177
363
677
335
285
329
283
316
333
372
296
130
358
330
455
450
454
467
443
448
430
382
524
399
572
425
365
375
375
440
450
368
251
270
481
463
445
236
587
495
568
406
379
381
561
471
316
353
392
311
361
383
393
391
391
459
655
690
425
619
331
485
315
340
333
416
276
314
281
305
387
258
240
219
160
302
428
686
671
429
414
275
415
200
224
248
145
274
315
407
588
422
318
328
464
215
398
319
308
227
404
343
287
389
367
618
292
150
322
363
232
453
725
409
286
351
208
591
421
490
514
515
445
285
543
336
317
260
290
323
319
424
378
289
296
206
320
327
197
423
424
372
527
228
470
389
202
363
362
611
345
174
399
208
432
155
339
334
260
575
487
454
421
450
501
384
613
407
342
406
408
378
339
313
276
245
283
387
348
559
498
271
526
504
379
287
310
279
280
358
483
433
438
453
389
454
487
337
256
354
235
363
305
339
238
259
299
264
291
280
258
407
394
699
688
329
174
316
368
207
326
403
86
417
106
260
447
334
675
351
424
310
299
260
481
330
654
516
376
498
263
315
469
432
373
425
502
316
295
347
397
435
397
236
262
361
139
337
396
418
442
280
423
299
489
325
400
378
236
370
351
327
279
259
354
599
344
254
595
367
219
239
443
441
421
336
327
278
353
481
389
282
381
225
286
180
227
471
383
302
337
343
361
338
328
321
313
351
315
358
289
389
338
301
349
352
292
269
446
475
237
367
364
371
267
350
256
540
446
360
208
303
334
314
296
364
305
376
432
286
388
393
393
289
478
283
294
219
253
303
483
303
355
280
403
403
466
333
343
193
321
397
297
228
300
283
302
363
390
261
219
330
358
242
312
264
484
337
281
424
390
508
331
295
372
344
266
285
593
432
330
471
161
374
413
346
303
450
392
310
183
296
474
271
352
341
261
446
398
161
379
160
262
422
245
290
369
142
397
303
292
443
389
371
318
418
238
353
415
502
322
332
316
293
340
290
271
221
361
224
264
318
141
355
339
352
291
134
72
245
294
170
384
344
340
551
608
268
307
381
378
295
349
409
256
266
703
242
350
305
378
290
295
564
396
357
163
265
379
244
184
339
255
405
282
545
467
328
645
291
371
256
50
48
41
161
537
331
295
178
388
212
325
355
231
351
303
322
269
258
267
271
271
263
229
292
424
373
257
302
348
340
258
320
336
111
523
437
493
420
352
314
317
151
389
362
257
566
250
342
239
239
238
335
401
401
214
466
412
369
254
382
436
400
476
356
269
344
253
352
236
340
273
213
345
231
172
234
264
260
228
219
275
216
256
324
244
292
305
294
352
387
380
363
469
249
266
394
356
296
240
209
391
283
213
319
244
246
322
454
267
389
368
512
236
275
302
299
317
279
344
93
215
135
257
290
280
218
335
394
287
352
254
250
231
296
352
176
235
262
226
332
338
315
481
489
466
207
346
198
333
549
357
241
308
274
325
511
458
253
203
205
161
293
345
228
267
310
298
117
225
170
279
303
186
440
281
292
299
403
425
398
400
300
346
305
248
229
385
359
192
282
314
263
284
314
418
360
364
318
394
304
401
418
406
297
206
445
212
201
272
193
262
322
294
213
255
367
168
-1
348
392
367
259
340
275
253
318
350
413
353
319
269
440
195
212
272
508
290
246
183
245
513
414
423
376
368
280
232
447
486
464
299
387
234
308
227
202
273
285
183
382
300
274
216
201
473
238
283
243
255
333
143
257
273
269
208
310
217
313
317
157
237
182
348
176
254
279
228
264
229
299
231
279
211
450
439
419
348
367
211
250
215
202
258
203
316
173
152
249
317
238
183
304
255
272
252
458
278
240
258
230
235
389
201
374
425
538
467
332
271
326
239
392
235
376
299
224
360
321
215
296
355
300
275
254
197
393
311
143
205
209
334
256
261
178
263
248
209
270
182
274
368
363
399
192
212
179
242
211
173
218
181
158
224
132
304
326
273
204
240
379
322
518
384
272
322
291
283
191
201
250
215
186
566
222
286
353
191
437
337
261
182
504
366
158
261
257
254
225
320
320
243
261
306
406
296
120
301
241
225
543
597
522
239
284
230
462
197
194
255
442
370
218
438
297
137
252
197
226
232
258
313
308
196
237
330
182
233
180
311
603
398
271
242
395
196
177
198
206
517
202
552
227
257
157
377
287
545
410
413
206
158
313
304
462
237
183
327
317
341
207
232
195
260
220
72
158
209
217
271
516
238
243
193
329
336
169
336
244
222
239
355
171
367
233
257
418
248
285
189
106
264
191
257
319
146
318
208
140
344
237
178
212
238
229
182
213
147
231
135
269
222
188
245
278
400
194
222
546
463
227
220
489
209
220
242
246
249
250
228
251
260
352
337
209
253
275
173
265
223
240
287
178
289
206
324
267
304
248
231
61
301
322
342
280
139
399
267
212
159
216
240
480
224
183
324
156
300
192
209
327
318
273
160
209
302
440
445
339
211
20
22
258
191
170
239
201
303
116
263
171
131
131
260
388
232
136
211
218
144
226
268
445
162
306
197
225
294
281
183
259
218
171
277
138
215
259
186
258
335
259
158
268
489
188
113
126
429
258
252
266
134
225
224
207
241
172
341
310
306
165
474
277
179
356
215
102
245
226
202
226
174
208
464
157
127
205
163
180
156
148
108
188
358
198
265
265
322
325
255
230
131
217
144
201
66
297
368
93
317
284
139
175
457
139
111
271
245
193
199
180
269
133
127
111
229
146
248
282
262
119
219
136
150
198
171
95
117
90
188
308
171
228
246
164
287
202
269
182
223
88
206
173
216
71
161
109
286
401
145
113
257
119
181
131
89
245
151
174
176
284
115
126
160
130
118
209
164
171
106
213
38
71
133
191
102
196
230
221
195
223
183
262
193
156
168
90
145
165
148
165
95
178
156
170
135
146
112
184
119
264
263
157
81
67
167
126
125
226
88
215
254
83
130
111
89
92
54
194
131
66
86
112
147
64
172
127
80
151
201
133
107
123
43
84
106
88
55
58
71
119
64
73
72
75
68
73
313
389
