715
857
871
810
787
648
969
804
84
797
856
784
705
658
732
733
703
724
692
784
744
666
640
682
555
528
696
741
811
840
843
943
1070
986
1136
1321
1157
983
1063
960
1087
1074
1060
1034
1021
1014
956
973
851
945
1162
1140
1138
1074
973
981
1073
931
1195
1203
1186
1068
1159
889
933
982
1126
973
1057
1013
1073
943
1033
1011
766
685
1048
1028
798
896
696
924
974
881
941
840
828
751
874
857
1046
981
1012
896
845
680
643
854
881
623
800
1025
810
873
882
903
970
848
865
980
793
855
887
730
731
914
808
699
804
797
731
704
613
1054
586
881
527
756
923
766
880
865
973
943
584
711
755
746
705
640
879
1135
549
720
633
654
472
718
1012
884
764
792
974
699
722
962
926
731
737
1050
1047
819
901
829
751
806
922
651
711
622
663
653
505
537
537
555
523
554
690
550
392
679
932
860
825
609
434
509
412
366
370
439
370
507
473
497
806
810
481
691
805
793
809
757
704
529
749
1096
875
892
949
989
707
791
391
859
676
930
828
855
609
918
898
936
941
925
961
855
857
831
603
824
889
901
912
896
850
758
982
1043
856
825
829
738
686
869
971
598
481
421
417
310
368
459
485
605
553
795
899
326
416
331
669
866
576
731
264
1143
714
891
907
547
757
707
865
818
811
714
697
780
753
831
736
823
816
1085
691
768
634
717
815
862
566
701
966
839
779
623
850
906
754
848
809
850
658
823
793
585
456
617
459
383
452
529
872
485
776
774
845
692
754
819
807
787
842
887
656
722
649
611
686
843
846
752
557
714
716
743
834
381
882
709
824
767
735
889
547
1186
929
707
1142
924
794
821
848
782
688
580
684
894
675
659
754
818
729
596
693
755
729
774
768
698
805
742
746
679
735
762
1030
861
734
664
546
905
779
291
719
643
831
810
723
721
746
629
591
635
791
433
431
541
723
264
736
537
646
705
647
669
790
515
793
752
711
701
367
781
726
654
775
473
746
666
723
695
713
465
584
483
646
763
765
697
746
681
577
755
785
477
671
551
665
795
722
679
753
936
829
847
1390
1094
884
449
750
490
648
539
428
822
810
549
682
640
599
308
576
661
872
420
567
724
708
496
467
763
868
830
800
720
1052
1238
1183
826
1214
553
603
691
659
685
577
665
762
832
471
627
640
533
567
735
673
746
678
655
787
787
713
697
790
634
717
630
866
658
714
364
209
341
716
1107
666
546
492
775
645
518
879
629
691
723
645
672
653
643
678
707
679
670
676
367
746
1454
1068
609
530
645
594
594
761
801
701
728
731
1460
1536
1518
1476
1273
910
-1
779
860
731
614
333
1012
672
887
625
607
1059
1176
1193
1451
784
710
899
455
372
556
702
588
563
574
605
611
662
776
764
680
267
548
422
1023
966
1042
1151
708
639
621
550
610
688
737
624
538
828
838
1129
393
413
743
614
1013
628
574
569
445
506
479
555
551
549
560
686
537
626
589
501
603
519
612
438
506
703
732
644
694
641
538
699
919
621
764
622
520
626
1267
1216
508
406
455
1031
533
559
546
762
797
623
568
786
200
638
281
489
519
391
628
785
685
525
746
654
684
680
766
635
260
558
623
804
751
755
746
747
640
630
976
706
802
767
531
579
599
581
1325
912
801
540
551
565
563
533
479
669
918
683
588
519
692
1001
885
466
723
517
554
516
547
512
530
496
778
815
852
526
679
688
1056
644
677
540
648
428
576
424
489
567
407
500
698
465
461
580
778
1014
558
590
563
757
302
433
422
294
454
456
492
895
772
628
529
820
466
462
658
705
374
773
511
669
579
543
815
559
375
598
462
461
831
680
731
643
528
413
670
520
1229
671
580
752
540
685
499
442
467
414
442
637
480
513
455
479
394
502
768
476
518
687
554
593
388
730
446
260
534
603
595
407
310
564
369
534
279
540
642
461
818
572
544
671
646
554
421
723
546
669
567
634
590
448
522
491
511
482
501
431
663
782
687
831
608
487
559
514
495
539
523
443
443
497
528
547
517
583
446
483
448
460
422
448
577
418
384
442
434
322
421
348
507
502
637
651
688
371
433
557
451
516
476
189
572
261
353
506
505
629
613
475
426
438
437
963
510
763
927
457
573
437
495
568
620
462
548
459
476
456
553
826
744
522
403
555
390
371
535
844
516
596
381
668
454
750
557
455
432
692
450
430
512
449
365
365
799
382
370
670
580
388
397
464
736
491
409
421
400
388
504
498
347
426
451
399
406
485
566
477
383
384
415
539
571
546
622
437
638
417
466
494
820
439
366
469
421
408
489
429
678
453
405
358
398
406
444
321
598
473
392
416
366
369
349
482
392
538
486
732
414
463
421
483
587
679
418
428
518
339
482
795
559
465
367
457
416
528
484
364
373
383
563
421
369
513
352
456
378
557
572
423
424
479
225
424
440
544
395
458
412
570
479
390
319
446
434
349
472
741
755
343
607
360
450
464
385
479
518
382
474
375
431
355
524
360
566
524
403
404
397
435
265
401
513
288
406
587
351
389
482
340
382
567
353
353
528
390
355
544
554
407
472
457
350
526
331
351
264
382
518
330
363
283
359
353
621
648
313
236
360
408
409
614
591
351
549
438
298
353
393
395
666
665
340
265
442
593
447
333
331
498
373
375
657
385
335
244
309
716
257
277
354
356
447
349
501
371
371
622
338
370
348
170
168
127
347
469
399
345
312
378
227
410
455
267
505
508
384
309
367
353
374
355
352
278
391
477
543
348
823
300
346
314
345
414
230
441
494
669
531
388
351
386
392
421
355
240
401
243
368
479
321
323
426
637
636
218
480
507
637
354
427
517
486
516
423
475
367
256
320
309
379
361
250
387
283
214
245
309
329
234
355
332
312
282
354
289
350
433
313
357
703
475
396
374
299
281
380
391
314
259
347
465
357
313
330
252
309
446
326
375
520
518
427
282
320
333
330
316
303
482
212
227
145
517
305
284
394
393
530
425
364
231
314
301
305
382
486
307
303
299
314
399
302
500
394
333
293
482
264
535
513
439
325
389
298
272
548
402
294
238
220
361
402
401
255
371
413
316
229
326
230
394
335
332
469
311
286
431
346
337
322
357
431
397
431
333
235
399
394
208
349
293
259
339
357
567
346
330
541
379
360
523
354
345
293
253
454
255
229
512
278
392
317
306
291
800
484
220
504
345
396
368
286
371
338
311
315
415
399
480
333
443
601
378
246
277
458
369
259
252
267
485
375
348
357
318
472
237
342
733
386
305
643
256
393
242
225
285
300
197
361
264
310
244
252
335
258
383
340
418
362
223
272
294
325
200
385
273
338
406
343
365
202
366
372
314
422
348
287
301
396
226
276
244
552
297
379
327
376
238
295
224
234
255
250
445
229
221
254
361
224
187
318
357
312
371
736
256
243
246
278
279
395
322
321
419
472
498
325
356
395
355
509
260
535
344
292
438
475
261
313
413
308
341
283
228
271
332
244
293
188
350
316
294
208
300
282
232
274
194
329
346
372
350
239
336
222
379
244
225
301
253
206
276
131
394
400
262
368
399
371
420
439
375
411
311
514
328
215
204
342
251
215
388
270
243
350
302
561
316
247
206
825
467
231
227
297
256
413
452
313
267
372
374
294
324
167
398
238
257
339
350
356
298
345
269
597
207
245
254
307
582
239
504
249
161
326
195
280
254
230
293
531
206
388
399
206
260
167
317
343
432
280
315
385
228
184
200
217
497
353
379
271
432
327
355
345
410
248
391
203
186
291
379
338
294
220
319
302
305
176
234
201
267
237
148
226
292
211
278
327
270
528
213
439
385
203
339
275
243
258
284
210
561
215
242
410
252
383
345
97
293
263
247
371
343
319
211
154
237
228
232
214
234
221
357
226
170
243
155
393
235
255
389
343
504
416
216
435
370
275
222
293
234
346
248
302
296
319
306
349
276
320
319
237
311
309
186
288
256
430
328
186
290
212
196
272
225
320
251
134
359
416
295
266
161
430
294
232
171
233
341
387
240
200
306
188
393
203
242
284
227
418
159
277
393
399
295
304
212
53
78
393
358
232
243
297
343
144
385
237
163
168
385
388
336
149
275
216
184
225
280
355
184
342
215
227
322
378
253
373
286
219
252
148
226
256
182
273
372
306
184
295
468
339
179
158
340
296
272
301
134
221
336
264
285
178
409
361
365
249
318
293
201
391
396
115
313
363
284
338
226
230
294
189
152
242
179
201
160
141
119
216
300
316
235
310
454
456
321
293
162
236
169
212
83
327
486
159
270
183
159
205
258
156
212
351
292
328
245
182
289
157
150
148
413
285
148
339
350
145
234
156
140
242
178
129
125
163
207
281
192
319
193
166
611
202
320
204
239
85
311
287
259
77
160
148
271
460
153
168
237
172
235
123
96
245
181
190
188
355
227
159
160
152
119
247
200
174
183
231
57
83
156
262
109
175
260
256
207
363
252
232
192
145
147
172
145
168
142
166
126
253
162
266
138
156
124
186
157
406
405
181
92
60
181
165
163
245
100
228
346
95
149
86
99
106
62
119
165
109
93
116
132
72
201
116
114
159
202
146
105
102
62
91
118
89
58
65
87
122
109
111
111
98
95
74
579
289
