1022
1009
860
828
737
578
948
872
15
840
851
761
870
899
614
712
627
678
627
778
662
771
746
1122
883
812
836
702
840
764
850
862
1035
1133
1136
1238
1366
1065
1181
1048
1251
1251
1222
1187
1279
1278
1171
1274
1193
1205
1248
1522
1358
1391
1142
1322
1418
1348
1492
1317
1327
1425
1103
1524
1112
1140
1081
1229
1106
1232
1152
1226
1083
1056
1285
816
1067
1064
913
765
1305
981
931
1050
1073
945
1429
1137
990
1009
1053
1051
965
918
954
1014
1146
1108
959
1113
964
1948
1012
977
897
1758
1700
1775
1707
1572
1302
1578
1440
1430
1553
1509
1823
1139
1523
1443
1804
1825
1020
1191
864
1439
789
1472
970
1293
917
1393
1392
1211
1258
1477
1813
1747
557
1214
1098
1170
-1
1565
1691
1460
1527
1560
982
1226
917
974
1093
1580
805
905
1090
1538
1423
962
1037
1302
1332
742
802
938
865
1658
1617
1427
1416
1478
1495
1607
935
1435
1008
957
1409
1160
1362
1333
870
1126
924
970
955
1277
817
1126
835
1060
775
783
801
1028
978
979
1007
712
949
1261
807
783
705
1339
1235
951
956
927
751
734
946
853
591
1023
731
847
877
878
1234
928
1111
1089
1137
1105
1108
1037
1040
968
593
937
871
928
1134
834
1049
1397
954
919
870
1020
800
722
748
829
724
983
811
774
791
677
882
816
1063
1129
688
1361
1231
919
802
772
974
793
778
1409
711
992
1182
1137
919
1185
1032
635
773
942
939
753
750
940
1027
1138
935
848
768
929
723
1203
714
751
669
733
740
707
876
787
704
665
867
1102
810
1056
1030
1088
699
1110
863
424
647
457
419
522
320
324
772
1030
848
830
845
713
820
924
819
797
1015
771
821
877
883
1400
1089
1025
720
780
1086
1344
1131
980
859
773
1150
923
763
772
805
796
716
840
544
675
711
673
736
719
800
884
1015
777
1265
688
720
605
834
723
757
837
777
1049
790
805
1073
866
967
732
825
715
829
766
1055
876
654
849
909
671
1071
537
627
669
844
814
785
830
1258
1056
1139
1320
731
674
671
734
708
599
766
736
786
722
639
1108
858
915
727
785
600
819
346
918
752
768
676
1212
813
718
871
684
809
357
761
911
630
898
732
1221
739
625
774
661
934
781
525
850
1041
871
690
691
706
680
850
589
750
692
986
735
718
576
721
568
439
953
733
671
624
639
678
738
805
739
956
614
570
725
613
735
468
577
608
660
627
772
661
546
656
852
641
595
764
611
820
732
549
887
960
794
1051
745
982
725
588
718
709
666
650
687
765
755
754
618
653
639
1196
684
772
678
616
703
498
502
713
612
961
726
667
717
716
770
848
620
1029
718
689
868
936
731
955
810
657
895
989
879
661
646
433
777
675
637
687
633
546
742
617
604
559
563
555
553
462
590
616
549
672
577
663
639
779
770
810
850
1007
530
557
538
474
632
777
684
547
1013
949
526
544
604
591
599
814
649
564
1123
658
865
808
593
576
575
534
451
505
1116
777
759
633
634
528
406
529
446
419
608
406
916
398
587
1074
442
1082
519
688
592
511
473
580
668
793
780
638
975
758
680
766
569
482
552
338
631
650
777
696
701
696
540
709
443
634
389
606
465
1000
480
487
560
599
1054
718
1119
523
572
517
655
628
615
500
567
830
625
340
444
678
632
434
890
879
584
492
501
431
454
383
553
674
862
705
645
697
647
618
594
578
585
502
487
396
479
569
582
612
517
377
518
615
508
357
542
561
691
439
480
467
690
477
851
431
406
822
394
522
443
520
516
501
523
455
403
376
390
467
444
666
484
855
751
557
693
427
565
379
471
521
307
922
465
484
409
502
476
458
577
608
703
825
525
501
450
346
501
454
389
399
407
552
649
386
741
523
421
619
295
557
401
430
557
535
384
949
395
584
467
357
347
334
396
461
523
393
414
417
388
600
406
738
611
377
621
533
263
457
478
677
450
587
357
605
368
679
556
790
340
425
634
413
553
589
510
66
448
462
394
382
567
473
828
411
223
572
630
530
478
444
454
436
369
424
385
396
623
790
432
585
780
566
546
593
565
999
420
390
345
314
500
350
401
382
609
562
536
599
504
388
358
391
480
395
423
408
408
163
453
570
375
414
627
419
353
398
392
243
339
307
459
515
338
353
752
894
543
485
336
484
446
326
595
374
599
368
601
313
640
384
425
400
272
423
540
343
310
430
366
474
473
442
315
451
392
327
488
438
603
350
330
574
486
1072
309
418
717
335
517
559
335
666
529
340
899
387
366
218
382
389
699
458
348
283
385
360
396
283
828
703
552
342
716
506
440
490
495
382
300
355
339
397
634
248
444
467
533
424
371
370
446
657
689
679
864
450
706
413
377
983
379
521
331
510
420
434
611
321
602
549
341
362
316
452
463
390
255
164
406
668
346
323
287
570
380
623
400
691
578
389
318
478
831
707
531
445
321
269
324
355
583
311
369
515
261
466
522
277
1093
409
484
469
439
501
401
560
345
316
763
610
476
531
176
516
316
361
361
355
305
372
300
404
246
465
422
325
462
382
382
306
584
272
298
433
354
520
514
290
540
630
478
227
360
328
615
352
350
403
727
308
341
335
327
409
519
782
611
336
507
358
239
294
293
278
421
416
296
461
345
363
428
397
331
587
256
262
214
403
535
289
411
399
332
297
922
367
499
735
442
405
920
275
317
322
246
298
368
382
333
334
296
515
314
178
530
219
607
299
260
379
328
320
427
301
274
123
249
315
261
517
371
474
432
342
222
151
363
337
391
278
376
483
571
349
320
228
387
315
552
299
157
452
472
303
608
597
361
322
369
359
389
377
335
220
254
393
568
335
336
210
209
343
339
538
748
314
323
196
142
290
332
346
288
370
288
222
216
180
385
425
300
302
411
370
368
185
270
387
394
393
395
555
538
485
385
512
320
195
268
244
252
412
193
403
294
222
307
311
353
235
428
347
277
233
305
253
374
480
233
275
309
554
309
287
308
276
323
386
227
265
639
320
354
168
243
140
357
385
206
189
242
232
251
317
337
303
289
262
261
543
312
124
86
1030
373
214
468
202
312
314
256
120
329
291
267
306
655
298
266
388
174
207
199
208
200
204
413
393
280
521
221
413
370
382
185
212
334
183
254
264
224
913
432
364
201
233
438
391
422
380
274
326
256
104
279
319
214
393
177
185
184
223
448
341
550
308
274
185
383
170
405
253
235
343
332
438
203
193
468
166
235
177
230
220
163
152
163
277
208
595
277
395
295
277
461
293
529
236
199
324
405
319
268
276
305
373
198
325
321
406
287
429
247
565
208
189
285
225
232
321
303
208
134
123
133
246
472
236
220
265
191
240
213
148
421
193
163
266
253
201
207
183
317
231
269
215
253
348
337
745
331
205
288
328
328
158
245
252
360
460
275
397
172
340
614
302
474
268
292
332
509
152
327
278
463
199
237
203
299
265
248
187
276
228
264
252
259
244
203
334
182
156
240
316
391
390
263
180
191
201
159
139
322
353
163
147
164
157
282
363
361
370
512
279
555
214
277
156
664
244
277
434
227
294
235
331
160
319
386
367
94
272
196
304
208
354
208
183
197
180
402
139
342
234
203
544
199
371
214
187
236
237
167
197
83
313
315
251
457
529
139
359
246
317
453
203
240
332
161
176
368
269
183
182
297
201
233
333
189
247
172
174
347
350
346
170
262
222
827
338
201
284
227
399
143
247
172
430
223
266
171
169
169
135
409
261
395
187
296
170
186
262
239
323
110
300
352
173
268
224
173
161
213
165
385
247
243
262
144
169
154
198
168
502
152
201
93
124
75
226
387
196
335
342
328
199
366
142
110
143
220
207
117
169
160
203
189
118
266
249
135
209
168
192
192
189
193
348
180
232
167
299
302
227
156
325
194
265
293
214
200
112
258
197
178
187
177
198
445
203
144
299
229
180
133
23
270
224
132
108
150
278
130
126
231
519
222
118
264
183
405
211
267
233
336
232
304
157
143
148
210
183
147
244
237
160
330
314
170
233
209
155
260
225
225
180
258
213
238
221
342
328
155
234
275
132
238
116
345
208
0
298
191
249
277
166
419
166
171
144
150
244
267
212
164
262
233
169
204
269
112
121
262
128
359
370
146
106
182
201
160
225
534
609
315
94
250
299
233
132
283
186
170
561
149
137
129
291
170
173
212
329
182
171
181
142
182
277
160
355
360
309
213
181
148
202
253
82
233
122
313
255
233
246
442
164
133
215
266
217
238
53
228
533
263
229
176
181
218
301
304
147
223
192
174
491
106
257
463
233
183
147
173
125
152
128
268
219
163
111
185
74
183
125
652
150
333
150
151
122
137
115
153
109
270
0
324
162
222
204
93
111
158
129
138
262
124
98
734
295
154
195
71
139
107
372
227
70
158
336
153
123
141
125
288
118
90
121
66
199
118
136
231
108
145
218
110
86
238
163
77
358
428
213
73
113
200
191
199
145
185
117
261
142
53
110
93
165
229
227
247
280
124
133
153
84
107
173
128
27
206
116
96
138
111
68
124
208
135
148
179
209
172
95
76
41
139
114
118
105
111
107
292
122
216
92
107
123
125
121
155
156
176
63
50
181
97
97
204
97
236
131
95
153
50
66
118
74
64
168
76
86
85
79
65
156
80
120
95
115
93
58
79
60
74
68
121
47
48
90
127
311
67
67
90
52
96
742
122
