1842
2278
2560
2251
2097
1663
2507
-1
218
2447
2250
2211
1920
1918
1942
2071
1933
1976
1895
2054
1918
2005
1656
1754
1672
1534
1869
1975
2189
1936
1964
1933
1844
1942
1999
1846
1933
1771
1763
1855
1853
1667
1721
1755
1720
1787
1705
1840
1591
1677
1757
1606
1602
1589
1509
1606
1514
1432
1627
1476
1448
1485
1572
1342
1371
1344
1604
1415
1413
1431
1775
1907
1693
1928
1377
1400
1502
1602
1376
1519
973
1345
1239
1261
1357
1208
1428
1059
1191
1880
1637
1511
1710
1978
1994
1751
944
1455
1626
920
1117
1456
1988
1823
1653
1282
1279
1230
1291
1272
1148
1159
1274
1045
1104
1159
1103
1103
1205
1138
1059
996
1251
1491
1218
1287
998
1017
1312
1035
1894
1049
1065
1086
805
966
1052
1201
1081
899
1525
1244
872
1114
984
1043
722
1049
1718
1295
1653
1701
1358
1013
1771
1601
1385
1215
1129
1617
1562
1294
1299
2021
1894
1774
1711
975
926
945
909
950
698
735
718
823
736
754
926
797
637
1083
1172
1361
1444
1200
621
730
572
546
531
622
566
640
865
701
1482
1485
1191
1859
1610
997
1957
1942
1943
959
1122
1348
1208
1117
1401
1302
1674
1436
706
1537
1647
1597
1568
1420
825
1464
1200
1190
1236
1380
1195
1318
1039
1194
1256
1519
1576
1390
1143
1326
1483
1128
1452
1323
1570
1248
1001
940
931
1329
981
1468
860
716
1110
598
572
1014
802
986
1811
1139
961
474
625
517
705
1701
865
1000
469
1082
1013
1326
1435
799
949
873
1206
1178
1173
1024
1008
1248
1268
1301
1369
1296
1210
1133
1816
1036
992
987
1217
1386
816
1026
1665
1083
1839
1202
1482
1190
1665
948
935
951
761
909
1523
1493
1323
1550
1201
1131
1179
1451
1545
993
1191
1040
1667
1383
1599
1466
1537
1119
1206
1491
1197
1005
1423
937
1015
1378
1422
1066
702
1074
1155
1072
1033
913
1211
1112
1331
1457
1260
1105
1124
1219
1305
1300
1216
1359
1160
1552
1287
1167
1128
1755
1071
1323
1459
1668
1492
1565
1561
908
1020
1145
1041
1083
1174
1156
893
787
997
1427
1185
1260
1127
1290
1113
1380
832
983
1089
494
1484
1665
1415
1252
993
1013
898
783
779
849
1321
1021
1022
772
1065
397
1392
1263
1232
1222
1265
1069
1330
857
1304
1272
974
1270
1038
1165
1409
1245
1090
697
1251
1786
1235
941
1076
1435
958
749
1046
1071
1207
982
729
686
573
669
885
567
833
860
910
1023
1004
948
610
692
703
599
1139
1220
725
841
1438
1412
736
1654
1244
1109
982
905
1002
940
971
452
788
1321
1030
480
506
1350
958
703
677
835
861
881
805
794
1013
783
911
1008
950
993
962
938
961
1064
1630
999
1142
1055
739
1355
1192
1091
1405
1402
1422
1284
1332
1339
1333
1209
1219
1146
907
1487
963
850
1152
1003
1171
454
253
954
1576
806
1070
1522
921
1156
1528
1041
1315
1132
783
1439
1306
1033
1020
1284
1098
1132
1086
981
917
478
930
1111
813
1082
906
1118
815
860
735
822
949
980
838
938
888
910
817
757
819
804
908
971
974
847
503
871
1143
998
932
738
987
827
709
842
1344
1140
991
679
567
1101
883
841
854
833
998
1076
781
1024
1371
805
308
745
1289
721
736
794
770
966
965
1344
1098
783
657
700
528
496
654
541
628
517
674
775
831
797
820
1160
932
645
826
837
864
758
845
891
807
726
901
865
1266
1029
697
858
630
664
772
967
897
753
953
885
1021
892
794
823
942
736
862
709
795
684
1077
653
903
832
1120
1059
693
978
628
551
829
318
906
705
515
955
457
855
771
768
676
740
648
624
608
682
621
360
794
1033
1019
968
986
1019
987
1102
1146
896
675
599
614
821
949
756
891
806
677
794
628
723
557
718
689
1119
641
766
768
772
662
1249
568
532
738
668
676
738
863
1111
1091
1063
1168
794
801
566
640
957
1179
647
1037
1012
1068
904
581
746
582
643
728
539
640
638
445
651
614
743
660
739
777
988
1359
392
660
658
498
593
549
565
503
657
765
1171
767
975
644
797
547
944
824
688
929
1329
1251
513
740
389
1220
626
482
524
694
608
554
834
927
849
805
629
719
539
1172
836
529
712
581
770
567
580
812
615
731
493
607
1083
677
550
654
518
579
897
602
881
778
625
447
662
725
558
627
872
1187
562
703
673
926
1263
628
587
712
764
688
633
624
859
614
820
1076
630
1100
901
688
927
662
636
782
815
725
644
571
546
640
569
608
966
1307
1183
1133
1018
739
711
786
759
703
742
679
579
916
837
565
553
820
951
549
510
558
530
389
514
397
725
689
658
671
772
601
919
1142
724
862
678
291
940
330
543
492
999
470
1095
598
597
620
462
584
856
610
418
645
590
727
842
887
508
589
535
589
716
613
774
570
593
731
1084
741
640
517
899
617
762
971
571
894
813
583
771
714
681
519
551
562
735
676
528
620
616
727
579
427
820
952
960
640
1147
668
554
585
564
525
443
579
612
516
645
468
662
674
708
558
479
563
571
766
752
733
871
604
1361
703
550
740
455
638
488
606
552
596
732
538
1023
704
670
602
606
576
610
495
482
399
506
658
648
679
602
1052
510
782
1002
949
570
723
664
742
873
859
611
861
423
460
531
691
932
637
680
607
396
758
835
619
588
702
589
732
483
1163
501
668
624
479
872
638
912
765
286
585
926
623
524
484
602
569
475
520
450
582
671
507
761
564
475
518
719
538
444
541
566
786
626
487
757
537
740
394
755
421
947
522
476
519
531
517
295
476
617
434
587
864
577
581
611
478
413
400
441
492
625
486
495
805
647
500
670
570
456
1005
577
357
299
503
617
418
501
400
494
429
907
509
420
344
537
628
645
415
482
480
358
411
403
688
547
547
645
612
484
355
646
416
650
476
424
702
503
509
569
631
555
350
397
454
464
385
510
435
545
589
423
277
476
543
486
479
490
287
328
270
782
297
646
514
510
589
268
683
783
449
711
668
502
416
568
536
573
541
514
423
525
651
741
564
631
388
383
426
524
577
320
706
877
351
261
542
737
756
577
578
484
281
335
283
491
666
422
432
651
453
449
362
445
782
598
891
527
644
625
594
716
1256
489
314
412
393
306
549
316
578
367
272
357
487
580
318
515
448
390
354
452
418
653
842
386
447
473
649
440
401
540
514
542
484
414
381
529
654
556
408
530
242
544
751
363
334
406
402
340
411
448
661
536
523
384
664
318
256
144
731
449
341
715
286
472
633
518
316
386
520
375
574
675
438
414
426
309
335
341
314
338
329
587
506
344
1154
436
549
428
484
378
358
374
279
363
320
299
561
746
556
331
420
637
535
366
446
284
463
471
782
397
425
392
578
290
314
296
335
864
740
897
481
441
327
678
264
497
368
343
568
598
581
472
456
742
331
363
360
327
320
373
344
319
338
317
810
454
657
502
478
435
498
843
322
400
469
537
466
377
447
423
421
323
605
440
859
473
634
367
691
313
327
394
320
329
532
490
387
278
298
284
327
768
305
305
365
401
468
617
324
725
305
280
459
444
292
331
350
425
338
361
331
443
766
574
573
518
338
474
563
586
307
349
340
461
620
528
520
257
445
497
500
762
537
662
402
588
175
410
334
646
271
334
376
571
334
362
282
482
403
384
341
312
297
358
528
356
246
508
526
459
564
569
341
341
362
291
283
629
494
254
266
316
282
405
424
523
698
704
453
638
412
374
269
725
427
481
481
312
513
446
293
225
442
368
452
256
531
495
406
281
368
343
294
314
260
407
261
572
470
405
741
275
622
311
306
415
360
313
335
145
596
589
408
460
654
261
770
475
626
616
390
390
469
272
327
616
425
326
274
316
327
349
383
310
474
379
288
621
671
362
322
366
384
645
482
327
447
328
517
264
471
241
625
328
394
363
357
394
250
484
387
525
253
341
268
345
292
303
401
211
302
527
263
361
299
330
347
407
315
569
589
319
355
212
349
286
376
354
423
261
293
204
256
233
407
521
347
417
606
450
285
724
255
213
262
329
264
216
225
305
337
275
196
384
444
264
312
255
286
326
219
303
390
275
321
322
412
601
299
302
511
274
467
366
331
348
202
396
405
307
334
289
389
543
823
177
370
345
278
219
387
584
309
234
226
335
360
279
296
371
621
386
229
323
299
548
339
351
388
544
360
451
299
280
328
380
315
283
303
296
307
548
544
254
270
276
299
469
468
396
339
369
330
424
410
444
561
248
328
349
256
322
203
430
405
266
539
283
360
352
229
478
324
371
244
327
323
454
387
266
384
370
238
328
290
234
230
360
195
328
568
252
219
264
299
80
118
663
623
348
329
278
615
276
245
363
220
209
627
248
241
204
362
309
288
289
396
323
280
260
231
270
394
212
345
554
475
436
335
240
324
361
251
323
234
517
396
467
314
472
262
197
291
362
302
500
190
316
475
411
402
254
324
311
427
351
257
322
382
264
627
164
425
518
667
223
254
242
268
277
237
382
327
241
196
200
121
302
193
454
225
439
282
282
229
258
200
252
219
306
118
410
248
197
229
167
179
370
254
215
375
218
168
554
454
234
329
207
208
231
370
319
123
230
525
201
202
188
239
575
244
168
166
444
341
235
252
496
187
270
397
259
171
267
318
114
338
342
378
103
184
186
419
338
194
237
175
328
215
124
184
163
276
264
260
421
434
203
245
195
167
158
240
206
341
276
108
135
187
167
133
248
418
229
265
269
525
312
244
178
194
262
192
210
185
222
170
350
205
290
172
200
175
227
178
233
232
328
108
81
274
178
177
359
131
201
221
140
228
74
112
161
79
97
211
274
125
151
189
75
326
174
136
141
182
189
93
177
72
116
107
130
76
66
121
174
194
99
101
145
83
104
1585
222
