633
758
764
715
711
647
823
725
95
740
714
689
588
564
623
674
648
688
673
795
629
668
557
625
492
488
694
728
752
810
781
795
832
906
927
1008
975
872
915
831
890
918
924
954
959
940
873
980
714
938
1099
915
844
845
823
763
865
823
863
889
926
928
914
691
812
816
1076
867
846
883
900
896
877
931
756
535
841
868
673
759
527
763
786
602
812
783
660
505
772
703
952
789
863
865
794
649
507
783
855
479
565
736
792
979
857
721
721
715
737
671
625
628
630
615
601
645
655
577
595
628
575
599
570
1061
581
802
418
597
651
595
830
555
561
607
423
677
656
688
481
396
719
705
462
682
525
576
353
585
791
809
760
896
867
666
681
891
858
641
660
916
985
706
714
673
751
816
921
610
591
554
519
525
376
398
402
485
395
391
556
411
308
617
588
857
788
390
332
470
309
270
301
377
321
335
333
416
629
630
393
647
730
592
790
780
712
444
587
852
681
713
851
822
659
816
292
820
668
907
889
839
520
885
834
847
846
826
758
921
683
784
487
771
895
944
867
801
906
692
912
938
841
705
590
498
446
836
633
590
356
258
398
243
243
384
378
460
561
646
689
193
320
243
394
919
395
611
169
830
670
780
972
463
513
425
866
808
780
833
854
778
740
799
723
956
972
866
677
687
767
519
688
706
410
591
870
624
812
496
930
799
752
574
547
573
441
566
931
480
414
473
417
353
364
437
900
418
705
948
746
676
751
931
810
744
853
868
714
584
642
587
646
743
801
611
369
639
723
764
689
308
766
674
722
841
892
761
460
721
558
710
893
724
744
876
934
600
689
613
642
962
759
741
732
848
826
487
669
693
857
879
729
691
473
529
747
849
873
672
948
916
694
708
451
557
760
195
869
689
882
902
645
653
659
628
531
648
906
436
436
384
751
134
779
610
649
849
838
561
810
489
745
744
600
881
328
918
891
758
622
437
959
661
852
655
656
378
641
496
912
583
1053
639
409
389
348
410
480
296
486
410
657
912
757
745
384
480
447
416
690
814
506
417
787
498
422
567
497
861
801
439
595
601
561
206
598
663
791
226
280
643
440
314
338
498
499
502
494
503
576
523
572
881
655
534
594
750
482
831
588
720
774
767
395
695
630
531
628
760
808
898
808
791
871
835
708
814
485
663
655
498
903
1020
976
204
131
299
775
526
738
549
559
859
630
657
903
896
649
733
717
763
709
794
533
825
878
799
726
266
835
748
666
758
766
868
684
602
511
834
794
728
732
604
631
623
543
589
574
603
1001
509
767
638
231
819
799
744
642
625
736
566
520
698
772
721
578
401
339
690
523
966
818
898
615
676
719
722
802
588
190
668
420
591
492
613
537
683
535
725
702
669
361
376
250
244
412
360
461
294
392
824
585
547
509
809
647
609
810
764
644
755
508
494
821
452
725
677
580
774
599
556
482
368
756
674
724
754
769
583
829
475
743
819
883
817
648
535
586
645
341
418
774
599
790
688
501
672
422
396
461
172
559
200
315
575
328
754
541
564
613
498
412
418
527
806
800
221
607
753
914
881
901
913
926
841
802
812
486
545
434
824
764
632
760
610
694
736
567
728
401
685
637
565
495
529
473
662
593
858
482
472
437
920
663
670
715
750
694
798
655
423
482
493
580
513
601
577
595
653
738
797
265
338
400
470
588
408
512
478
278
500
424
529
545
675
634
507
662
244
450
441
199
353
600
552
479
788
806
604
515
525
580
798
406
326
607
511
772
620
589
463
566
169
612
548
250
319
450
624
630
690
372
643
708
568
741
527
757
628
473
588
633
450
581
626
655
551
643
616
512
376
520
474
391
496
616
755
426
418
676
592
344
531
-1
441
575
329
734
334
417
237
749
618
582
487
611
636
659
535
543
608
399
619
782
654
759
766
628
610
616
586
506
619
608
495
520
362
514
543
356
635
599
597
591
719
635
624
624
604
582
616
620
632
432
677
501
510
676
766
360
345
382
351
319
333
335
610
580
536
538
502
325
555
660
375
713
663
162
762
133
403
412
752
451
752
626
705
703
396
549
689
554
469
651
410
523
699
665
481
528
432
432
525
572
681
527
584
597
506
470
515
273
542
524
447
843
535
686
679
430
441
627
576
370
594
551
665
671
532
516
460
563
218
473
612
367
483
599
837
636
520
521
540
488
384
429
546
491
478
280
452
364
643
578
481
518
536
698
711
690
645
627
756
604
423
551
488
539
490
567
513
537
467
563
889
492
483
492
478
493
601
427
392
356
520
340
484
532
517
506
484
583
646
833
515
428
542
553
599
652
538
608
297
355
744
625
708
434
505
524
389
430
693
473
345
567
399
568
383
540
493
542
529
434
562
460
599
591
204
541
445
450
442
393
519
458
479
482
478
574
597
507
550
450
483
487
635
395
342
552
548
638
590
486
544
476
618
403
625
419
837
712
481
506
238
642
145
231
635
433
569
738
309
499
696
448
436
487
413
442
544
496
472
658
589
449
527
495
413
518
522
321
248
526
481
399
478
215
448
436
698
605
223
144
514
576
378
533
392
429
335
354
455
506
548
550
419
643
332
331
468
403
460
463
440
582
408
386
417
480
448
306
413
510
371
345
434
408
571
519
389
284
456
441
460
406
424
94
124
89
266
317
606
508
422
493
221
548
574
424
622
409
477
377
468
460
457
455
420
354
421
533
581
584
366
393
416
421
538
530
179
419
351
426
342
515
528
555
288
605
472
311
334
261
463
623
468
469
434
404
404
354
350
611
432
480
492
596
546
493
591
507
468
321
374
500
300
500
313
577
393
316
361
422
441
298
450
439
350
316
445
494
506
620
393
464
542
590
511
361
419
410
350
453
450
391
443
527
572
362
441
265
449
567
295
450
534
503
317
420
427
519
438
408
353
539
208
224
147
477
421
352
339
348
401
445
404
285
469
452
361
514
382
372
387
368
292
319
352
347
304
316
424
647
377
686
370
516
463
454
346
345
320
286
378
308
287
306
509
303
321
537
688
475
227
433
237
406
481
351
376
405
363
506
272
280
254
287
456
503
458
436
318
322
515
246
454
385
336
566
587
570
449
427
564
372
512
431
275
281
367
381
343
317
236
559
410
497
439
412
354
393
678
246
362
497
565
456
370
434
430
371
310
495
410
626
441
631
437
311
241
322
351
451
308
376
393
377
294
292
283
305
510
264
289
416
329
367
378
317
484
239
204
400
430
330
330
288
386
310
328
278
372
519
471
417
442
252
363
376
459
305
354
351
408
516
383
441
254
454
391
431
623
363
422
364
510
188
369
375
635
257
302
374
461
352
339
256
334
328
278
376
207
196
335
513
294
265
429
472
466
530
433
315
309
309
441
443
473
311
243
335
326
301
389
414
508
433
602
372
561
293
321
365
528
417
421
259
333
413
389
294
219
387
251
372
245
456
303
454
296
366
331
279
317
237
342
301
457
439
393
394
238
391
314
242
380
362
283
261
127
449
459
365
452
489
272
553
413
491
615
400
406
443
225
277
418
350
299
264
292
345
280
351
393
396
303
275
556
540
343
308
360
352
410
375
374
332
402
529
270
385
184
573
295
360
303
311
341
287
465
335
513
256
341
250
255
338
302
373
201
283
500
214
333
287
294
308
426
289
404
478
315
342
208
378
287
431
316
348
332
248
193
241
251
423
356
297
349
565
317
315
442
275
201
285
305
271
221
250
280
212
290
213
371
384
198
299
236
283
281
83
267
350
265
292
281
342
619
295
340
446
252
412
348
315
336
213
270
438
269
288
334
343
487
329
182
397
336
234
248
289
435
288
220
208
275
350
360
289
328
437
326
183
319
214
469
287
285
603
465
403
538
257
293
337
322
265
252
309
380
331
394
392
306
294
404
207
404
412
342
344
372
272
356
335
599
489
223
328
297
223
359
214
422
313
109
446
412
293
342
217
420
310
303
227
296
508
355
303
238
375
293
308
254
269
273
202
347
191
291
574
267
216
250
267
33
50
453
386
320
336
310
423
292
279
286
216
198
483
286
361
179
326
285
253
282
379
284
256
202
274
242
371
260
251
442
372
309
278
215
297
308
203
342
274
415
252
350
325
431
203
175
273
370
340
378
162
278
333
417
374
224
326
284
419
329
244
321
295
341
357
145
341
399
363
246
266
246
258
251
212
322
261
197
210
174
125
275
206
383
229
398
300
303
255
203
190
265
201
294
118
377
291
148
208
159
147
260
241
199
241
253
209
352
279
212
356
161
212
186
342
152
120
247
488
186
264
188
173
335
215
202
161
152
310
227
214
388
185
239
327
245
202
271
283
115
361
331
345
103
187
154
342
348
185
164
193
237
256
122
145
187
221
224
222
450
243
184
215
194
150
182
228
192
140
272
62
107
173
200
120
210
363
230
258
307
356
261
228
168
175
175
161
186
165
198
186
381
194
302
159
187
143
222
206
296
295
278
102
68
240
209
208
302
121
177
241
108
182
71
109
141
71
96
194
131
119
140
128
66
239
151
122
145
205
148
80
130
70
106
112
113
68
50
104
145
119
118
120
122
95
102
538
206
