314
302
324
315
301
279
326
306
30
310
314
251
251
244
194
244
259
295
273
331
226
261
224
309
303
199
243
293
340
375
308
329
334
367
388
415
412
378
449
384
340
370
362
402
366
319
314
356
322
362
423
397
471
387
394
411
368
351
333
357
390
350
341
380
484
393
350
409
401
401
454
418
432
421
310
299
479
426
414
454
353
410
383
347
477
482
309
309
384
327
395
354
327
369
338
310
396
338
370
384
312
280
320
354
343
285
246
265
266
246
231
224
243
237
230
240
219
267
273
247
229
204
283
326
265
307
282
187
318
209
341
209
218
247
169
218
220
247
176
254
286
291
187
266
190
219
128
228
384
326
272
311
266
224
279
434
388
262
243
360
392
266
277
273
323
321
392
225
222
221
205
217
174
168
173
182
190
173
220
168
114
262
254
296
301
249
164
168
131
145
133
146
147
165
206
208
224
223
158
237
362
208
326
328
268
221
255
243
442
407
427
406
325
253
228
320
248
446
455
430
215
329
330
323
360
365
297
354
368
366
407
427
262
318
286
441
325
271
412
385
402
443
358
281
178
415
309
271
288
213
271
225
178
289
227
302
213
260
210
87
191
143
153
365
181
223
119
299
302
384
402
203
322
335
517
256
250
285
285
310
302
349
335
348
352
346
278
256
247
214
591
480
367
433
366
284
326
254
367
321
326
223
236
227
210
194
364
216
208
201
164
156
169
164
336
247
444
257
351
216
315
370
363
461
333
367
344
252
275
215
284
333
369
392
245
366
343
392
393
146
307
327
370
321
374
372
280
291
260
218
317
267
419
350
273
326
277
284
261
348
298
276
339
333
300
333
453
279
255
248
340
441
203
212
448
314
288
365
284
349
521
363
196
278
314
88
337
310
394
393
296
312
198
187
167
174
270
284
285
182
399
96
400
389
358
390
395
343
314
209
372
333
304
323
123
297
289
323
367
166
320
283
322
287
370
175
360
314
364
237
393
253
191
164
140
174
210
248
464
187
253
369
413
415
173
185
160
161
277
287
157
310
310
219
181
196
202
356
347
241
354
359
301
229
399
298
332
184
155
329
260
239
259
280
266
253
258
211
260
242
253
236
255
321
242
323
218
366
218
296
363
375
179
260
368
248
263
316
318
363
342
299
337
315
365
236
228
305
267
302
338
332
385
197
116
216
345
213
307
254
466
373
289
339
382
348
213
346
395
392
343
344
204
348
308
299
247
160
448
262
235
304
276
444
315
371
232
238
256
339
331
261
224
222
204
222
197
225
230
239
341
367
172
227
263
335
251
332
228
214
197
248
333
298
290
218
182
318
249
250
246
245
356
286
196
284
343
288
38
265
243
214
193
267
219
293
199
270
267
356
234
222
174
226
244
196
228
96
265
310
223
277
353
331
390
311
325
293
229
231
190
238
198
297
394
367
276
242
362
291
260
274
282
390
364
253
340
425
383
192
366
241
364
307
266
211
236
386
199
247
244
249
326
325
267
503
156
145
237
82
417
155
217
165
88
289
235
206
208
193
174
161
194
203
226
100
330
292
338
326
332
310
322
390
316
231
206
179
237
336
305
333
322
201
214
215
160
197
263
348
345
249
255
212
241
359
310
321
246
219
260
221
374
232
265
331
302
321
289
189
189
238
311
228
283
224
355
345
300
293
123
168
245
255
341
211
147
157
173
272
211
230
231
320
335
238
334
210
211
226
116
518
249
305
250
227
219
295
185
208
412
196
153
146
256
300
180
298
260
202
228
120
306
313
142
177
192
226
188
273
148
271
286
210
321
288
328
258
214
345
243
164
240
246
286
353
333
222
438
198
252
180
237
243
242
334
225
225
320
319
132
272
242
238
276
139
300
167
198
111
310
313
207
224
349
433
270
225
272
267
237
375
275
239
435
316
269
342
238
166
202
388
279
225
203
183
195
281
192
208
257
221
170
320
302
291
300
292
311
325
363
279
163
289
312
270
274
298
635
487
545
466
494
517
489
581
361
235
239
230
106
304
271
139
297
299
172
325
109
182
210
314
252
313
248
207
213
150
187
302
238
204
262
189
230
237
297
214
329
221
178
314
261
305
239
222
345
243
200
271
126
156
185
260
369
239
309
282
265
188
264
282
247
296
298
300
220
214
275
271
281
205
210
362
143
253
362
348
301
272
282
278
278
204
202
181
232
197
133
188
167
320
267
264
241
280
278
238
246
281
246
313
217
434
221
223
327
211
282
274
261
408
221
317
163
297
319
220
283
301
232
193
185
275
190
209
241
260
282
275
314
298
296
290
214
293
214
292
304
269
267
118
625
183
241
249
249
187
383
200
210
256
247
163
303
215
270
298
246
215
277
276
137
255
209
336
332
395
276
249
221
257
171
318
291
218
271
196
317
287
228
344
209
179
233
353
128
165
335
250
232
296
254
274
251
244
179
273
204
316
158
264
291
165
225
118
159
286
214
258
321
275
265
215
290
194
198
243
238
283
195
244
296
293
265
221
188
212
302
226
431
433
262
179
228
287
230
282
220
268
157
120
80
211
381
186
195
124
256
198
226
239
314
221
222
178
271
239
190
285
226
248
190
169
327
413
484
201
268
245
99
207
176
227
234
311
274
309
215
207
151
222
237
233
256
256
65
71
43
233
193
273
221
177
250
428
295
323
198
295
274
248
258
266
238
248
251
245
206
258
419
361
221
142
186
155
199
202
274
96
226
174
191
162
210
243
268
110
234
274
183
165
173
242
173
162
155
207
222
224
126
185
271
187
176
289
285
284
246
293
222
336
156
213
221
162
219
139
226
186
104
168
274
253
195
149
196
223
185
228
167
265
291
208
221
221
315
233
219
259
236
242
273
203
164
211
450
249
161
235
234
235
325
165
185
173
169
170
170
249
224
243
221
228
249
150
302
174
193
246
171
305
133
209
388
423
296
186
210
230
240
224
254
245
253
170
194
226
168
194
176
186
229
206
294
137
255
196
240
171
150
178
173
209
180
167
149
283
173
194
171
227
268
179
246
434
213
230
109
182
236
202
295
179
184
172
189
212
260
276
234
178
165
277
134
296
182
182
217
231
303
247
241
288
169
163
175
191
180
230
163
176
204
498
237
197
272
240
208
260
126
287
471
173
230
251
267
183
237
213
231
163
295
230
314
234
184
190
212
523
203
211
168
179
202
201
164
126
141
155
177
280
213
178
145
180
237
138
175
299
378
380
201
182
125
174
202
235
198
214
181
190
251
267
227
298
139
225
205
240
130
154
176
295
332
129
229
130
250
198
193
249
134
224
196
328
99
225
166
285
141
161
201
257
195
294
260
203
206
185
157
401
391
168
223
158
137
275
191
229
239
217
189
189
187
130
126
299
217
123
118
140
151
224
203
258
157
430
225
261
195
237
136
256
154
230
130
147
279
217
188
157
269
296
223
119
243
164
213
134
248
194
134
202
180
216
144
323
261
159
186
95
215
168
-1
203
159
132
447
216
288
293
191
161
285
128
264
206
293
249
174
211
213
381
158
264
199
142
150
362
149
188
161
158
217
177
172
226
318
188
153
210
221
278
177
162
228
152
224
125
247
301
298
189
196
179
163
184
170
213
238
261
179
178
166
188
185
187
149
128
103
199
149
245
201
165
241
142
153
204
251
184
158
153
164
157
189
190
191
149
180
282
329
148
170
228
177
254
165
71
150
249
131
131
142
130
145
137
128
166
158
122
116
236
206
141
214
369
211
193
54
153
254
183
192
150
197
158
197
156
300
153
227
227
162
215
117
148
213
155
187
154
146
250
157
33
222
175
176
133
61
206
144
118
122
174
160
93
185
142
243
163
337
145
134
288
171
213
152
308
177
160
174
179
188
187
166
185
177
123
133
224
233
142
160
150
152
207
237
188
146
206
162
235
170
153
215
163
191
206
146
220
119
220
201
10
317
164
199
204
143
273
173
165
122
191
123
198
202
400
211
163
129
165
214
124
155
171
138
235
173
140
119
126
165
21
19
264
184
175
143
174
209
63
154
191
122
124
262
152
103
145
219
167
154
152
222
178
146
246
107
161
250
126
223
232
239
179
208
131
123
220
151
172
130
201
160
176
184
161
130
120
152
185
145
273
102
179
225
142
189
188
177
95
259
190
124
188
163
133
230
125
198
225
176
124
148
151
136
158
126
194
129
304
309
146
210
198
106
127
128
205
166
167
227
128
132
155
149
125
18
182
141
227
127
106
288
153
127
131
123
117
89
184
214
130
196
163
137
249
129
121
75
141
213
126
101
146
123
222
119
60
87
62
168
123
119
151
103
142
150
179
112
183
160
90
159
172
202
193
131
176
329
154
120
148
106
117
115
70
87
91
132
186
187
198
133
137
113
145
83
102
131
132
34
180
72
67
133
106
191
211
166
123
133
123
134
234
216
171
131
60
147
152
134
172
65
161
162
129
127
83
131
191
73
140
139
124
83
58
131
111
110
153
93
104
135
83
121
65
92
101
67
77
97
44
82
121
134
52
160
91
85
73
85
112
61
94
48
76
62
61
45
50
62
92
67
61
61
102
47
67
286
144
