296
289
290
304
291
266
345
297
42
325
254
262
263
262
217
245
237
253
278
279
229
266
242
297
262
210
287
258
326
313
286
304
324
318
371
346
388
294
360
320
310
331
325
360
331
323
309
340
266
372
394
343
420
387
318
458
373
341
326
350
414
396
286
408
429
379
318
413
383
407
451
536
429
407
323
281
497
365
354
386
404
417
360
430
538
490
283
246
407
299
323
385
268
359
353
328
335
358
297
313
304
298
333
323
297
267
248
283
281
274
227
237
255
213
239
237
260
235
248
232
250
235
268
278
225
413
186
213
276
203
310
204
222
217
169
239
266
281
143
282
259
271
244
292
218
262
172
244
407
434
317
334
277
274
292
355
320
302
281
338
359
243
282
260
311
329
345
250
208
207
192
209
172
183
150
193
157
158
211
165
141
270
268
355
303
294
146
190
115
143
119
143
128
151
225
184
247
249
163
252
405
224
301
299
244
247
233
239
363
455
424
382
316
267
137
313
246
374
426
367
194
333
308
354
378
324
274
351
331
366
342
393
237
297
307
449
317
252
339
330
399
405
317
282
157
381
276
326
253
228
250
180
158
208
187
262
255
291
219
114
162
129
164
336
173
214
121
281
300
357
363
182
304
291
529
272
285
284
283
359
308
370
324
318
319
327
264
230
263
182
507
543
559
621
381
246
290
324
381
330
326
194
194
209
173
185
323
191
216
185
141
173
153
151
306
225
527
265
384
219
298
373
388
474
325
326
286
206
322
239
387
378
379
560
229
358
376
407
329
121
271
550
428
252
403
353
271
220
199
218
300
200
473
324
281
284
277
277
279
315
307
272
359
298
321
308
445
266
241
248
301
415
203
202
444
305
309
463
272
276
444
471
193
264
396
112
297
305
286
300
301
334
238
203
214
207
246
263
265
148
540
101
357
358
373
418
325
391
328
204
341
328
308
313
128
284
333
315
303
173
314
265
356
248
308
152
467
460
288
200
310
241
175
148
144
163
206
341
509
176
238
403
350
343
175
180
172
162
239
244
174
269
267
235
168
215
176
343
340
262
343
374
358
299
446
262
322
231
135
380
229
238
252
236
229
225
217
215
243
223
218
262
228
281
213
273
167
354
224
353
476
317
186
328
413
265
238
326
320
288
339
311
378
248
279
253
175
316
268
288
356
318
361
308
101
193
341
219
329
220
482
333
275
317
302
281
198
369
342
425
399
433
268
356
271
397
304
182
445
230
215
367
366
412
379
317
198
254
271
311
283
229
200
202
179
247
197
221
228
196
260
320
144
231
268
291
305
311
206
195
176
227
324
324
243
358
347
305
205
297
294
275
562
390
209
292
295
333
34
344
211
225
204
233
182
271
147
311
322
356
182
177
225
165
226
155
193
103
418
336
206
266
346
273
355
408
243
230
196
285
258
197
218
302
351
331
241
274
405
286
233
306
285
362
343
281
332
381
348
179
298
212
293
265
244
206
202
335
176
333
202
287
291
292
233
534
154
139
197
81
338
155
170
153
129
304
198
209
207
162
169
161
171
177
198
67
394
319
259
250
254
255
256
294
302
207
173
162
198
247
294
303
271
194
172
168
174
195
190
323
330
221
235
181
186
334
263
333
234
209
282
194
341
273
310
255
266
277
258
158
175
204
281
195
357
193
336
408
387
264
132
159
224
249
352
209
208
153
157
334
174
181
204
275
260
241
308
182
271
243
80
632
229
282
232
175
191
277
152
222
315
193
154
114
208
301
168
290
276
171
210
104
202
306
76
215
171
184
194
333
149
216
242
178
301
222
280
307
182
338
284
154
234
253
411
322
339
217
439
170
334
193
282
228
212
338
193
217
327
353
136
290
196
207
285
147
233
137
178
89
277
358
259
219
280
369
268
198
253
197
199
328
275
200
362
318
292
438
299
218
219
275
311
179
160
155
169
212
165
230
246
237
239
303
248
263
273
233
349
296
280
273
183
257
372
251
270
273
572
641
684
640
543
509
628
551
305
192
201
216
139
320
232
121
308
251
220
259
111
177
186
295
204
309
177
181
211
136
172
259
209
182
234
184
307
300
242
206
296
175
153
272
231
386
198
188
338
231
220
215
98
226
167
214
274
252
275
282
242
180
238
233
226
268
284
335
247
202
213
217
278
175
153
336
164
253
293
314
323
302
348
351
264
156
160
196
197
277
108
279
212
302
248
234
258
306
313
277
284
335
265
326
273
550
238
204
320
238
278
269
298
385
185
295
264
255
264
236
423
293
239
155
136
242
178
228
213
197
238
247
417
255
231
284
195
251
191
378
301
265
307
98
542
173
203
243
222
220
309
146
161
298
206
153
278
164
260
275
287
263
291
240
115
429
368
284
341
317
331
210
175
217
146
250
236
198
298
221
238
349
250
340
201
166
196
353
121
146
286
197
183
292
226
399
298
278
119
185
224
240
145
196
237
218
166
96
115
245
247
333
278
299
206
298
256
151
163
218
192
320
233
181
329
240
201
210
162
184
293
169
455
454
270
259
223
266
215
239
210
283
139
99
102
255
397
192
181
137
235
160
184
235
264
205
202
135
242
229
179
430
179
385
167
166
312
605
457
170
242
189
89
175
156
181
297
246
276
281
271
150
114
194
192
275
178
302
66
90
64
196
150
222
196
123
215
366
406
366
227
316
359
227
210
249
214
223
255
256
216
186
412
417
215
131
146
116
227
214
236
92
182
139
152
117
204
214
229
136
192
234
163
147
127
203
156
201
194
255
187
187
120
160
208
144
205
253
229
229
206
223
222
270
137
188
191
141
277
129
225
228
159
184
264
266
162
177
215
202
162
191
151
321
292
165
173
178
283
182
159
192
183
213
245
156
182
281
371
254
152
204
201
264
240
147
157
150
144
143
228
269
186
217
216
210
227
167
357
166
265
230
154
436
115
185
517
481
215
182
229
208
206
428
318
207
289
147
149
156
140
140
135
245
219
228
276
143
233
219
218
168
94
174
150
208
186
184
222
293
148
144
160
226
247
204
228
386
180
160
94
156
287
217
247
126
129
116
140
173
212
304
328
159
134
237
124
300
148
162
189
190
245
193
165
245
130
148
153
127
130
172
124
124
215
407
328
232
375
209
189
270
87
264
506
152
213
235
218
234
224
185
209
131
276
182
254
204
199
166
304
491
171
185
142
149
224
207
136
99
101
116
140
254
165
136
150
150
199
120
132
246
517
460
194
170
122
140
139
239
222
219
141
217
196
230
270
211
192
241
184
284
122
141
182
224
268
132
243
105
203
214
281
269
192
166
217
370
88
225
159
223
111
136
142
233
173
416
320
170
162
212
139
585
-1
185
218
151
131
208
260
203
239
159
140
169
179
101
101
268
444
107
88
124
121
174
230
262
120
358
208
203
143
245
100
230
166
177
138
117
420
205
158
111
224
583
264
89
190
128
195
144
218
173
155
159
142
199
100
267
183
150
208
87
294
152
391
295
177
109
410
219
287
279
182
180
271
100
219
140
227
339
132
153
211
419
148
297
274
135
112
256
113
133
171
126
158
176
180
189
297
251
101
239
247
356
174
113
196
134
208
90
226
581
263
154
207
118
112
138
126
223
245
214
163
204
121
138
143
179
151
88
156
238
131
283
179
156
162
138
137
143
216
227
147
131
125
114
151
147
147
107
171
278
310
109
142
266
138
238
144
96
115
213
108
95
127
124
168
83
118
140
125
143
91
188
151
117
176
363
193
129
57
171
232
185
149
131
168
128
168
123
285
154
163
242
125
179
82
163
150
138
147
109
116
220
113
28
238
166
128
111
52
196
180
136
83
121
175
90
172
117
187
182
382
138
122
263
126
328
121
220
131
138
146
126
139
161
130
103
166
122
114
192
188
129
136
130
114
169
205
229
131
194
189
175
180
164
158
160
152
251
94
177
92
224
172
0
270
117
183
175
169
220
111
178
101
164
129
154
176
389
189
215
99
143
264
94
104
148
107
263
178
102
86
103
140
24
26
339
203
236
107
140
215
136
108
249
138
140
272
116
91
124
265
191
170
147
221
144
159
240
86
140
197
103
304
294
254
184
148
159
116
196
100
138
87
219
151
141
143
244
145
124
122
157
121
149
111
160
218
143
129
158
132
99
250
210
104
150
117
98
293
132
201
305
136
115
93
140
95
145
124
288
145
325
302
154
222
278
83
150
102
176
123
122
174
98
152
108
133
105
27
151
121
367
96
65
432
109
81
143
189
93
65
179
244
118
173
213
148
353
136
92
48
103
200
153
81
134
99
172
106
57
86
90
207
96
105
150
73
148
123
158
70
194
123
104
118
138
220
202
122
128
210
108
114
177
91
135
98
55
128
73
152
184
185
154
190
145
82
144
76
82
107
93
28
154
95
81
106
74
294
148
113
88
81
101
136
200
168
138
103
32
133
153
115
141
59
166
137
106
113
69
105
161
72
105
102
100
70
44
112
82
81
102
72
70
113
72
153
46
83
75
56
49
89
65
80
85
109
45
108
57
73
72
71
72
38
73
46
70
51
66
39
42
69
67
80
45
45
128
30
77
249
106
