972
1192
1173
1097
1042
856
1331
1133
123
1134
1140
1112
949
948
1007
1042
987
991
989
1113
989
954
874
913
746
725
909
1051
1075
1139
1155
1245
1354
1382
1587
1763
1799
1501
1660
1393
1516
1570
1533
1621
1621
1339
1309
1466
1204
1384
1762
1851
1934
1679
1559
1648
1822
1570
1857
2003
1930
1718
1740
1529
1593
1701
1707
1623
1722
1654
1560
1342
1531
1500
1148
970
1656
1595
1161
1312
1319
1589
1702
1322
1759
1582
1234
1090
1499
1145
1584
1447
1443
1261
1139
964
1040
1186
1380
1058
1251
1498
1063
1295
1345
1368
1441
1337
1383
1381
1072
1201
1267
1126
1132
1262
1143
1047
1144
1264
1145
1091
819
1532
764
1355
691
1155
1319
1048
1283
1178
1135
1225
800
1108
1128
1234
872
911
1342
1514
929
1199
867
1040
770
1167
1288
1465
1096
1181
1202
1093
926
1344
1569
1129
1194
1403
1559
1249
1297
1121
1041
1231
1350
1092
1097
967
987
986
805
886
757
916
736
711
1033
774
643
1087
1193
1301
1098
829
622
774
584
581
563
660
528
635
739
675
1074
1074
643
875
1101
1127
1138
1079
961
821
1165
1450
1464
1350
1440
1439
914
1047
544
1266
889
1375
1240
1305
898
1339
1565
1511
1536
1442
1564
1349
1411
1421
761
1157
1163
1270
1454
1392
1251
1276
1610
1578
1288
1410
1171
1002
824
1430
1313
806
707
637
542
496
503
621
768
987
813
1174
1228
460
579
411
830
1237
831
1108
371
1495
1099
1441
1436
801
1187
873
1390
1091
1106
1031
1031
1175
1240
1387
1190
1305
1181
-1
923
1184
925
927
1288
1284
831
1053
1292
1195
1099
779
1207
1473
1079
1148
1080
1129
774
1089
1211
748
641
759
575
504
562
669
1199
694
1344
1155
1115
853
1030
1269
1159
1282
1417
1258
944
1015
838
927
1098
1201
1155
1154
895
1293
1271
1247
1493
556
1477
1174
1202
1182
1025
1479
629
1319
965
849
1302
1145
1229
1130
1105
1195
1192
827
989
1305
943
967
1045
1128
1061
944
1273
1208
1056
1071
1332
1313
945
899
1360
936
1118
1158
1559
1298
1256
972
746
1070
1244
319
1046
891
1228
1345
1129
1142
1093
859
775
1019
1091
711
712
705
1174
323
1103
806
888
973
1012
1097
1177
840
1155
1149
1120
1071
462
1231
1021
1038
1162
737
1135
916
1165
1063
1177
611
970
865
1025
1237
1125
1111
803
697
659
790
953
885
947
795
1009
1266
1233
1236
783
866
858
727
1295
1348
885
577
1098
707
791
743
628
1460
1335
781
1069
1025
948
551
986
920
1390
594
567
909
908
697
663
1016
1006
1058
1018
955
1101
1090
1140
1146
1255
763
744
997
879
1070
785
1156
1242
1403
585
868
861
705
785
1014
1004
1131
933
897
1099
1233
1136
860
905
851
1207
949
1221
948
1032
606
339
391
1002
1097
1118
776
813
1119
869
808
1333
997
1090
989
953
1106
1137
933
1049
1035
1094
1100
1065
590
1235
1210
971
927
800
952
960
967
896
1115
919
1134
1197
1021
1067
1007
880
1176
820
1085
1064
989
1156
1060
484
1316
1010
1285
1004
995
1006
973
1015
1105
1112
969
962
690
610
797
921
860
865
803
1016
813
817
1303
1042
955
519
898
579
1042
947
987
988
1100
1042
881
776
907
677
730
622
518
805
626
867
608
629
1223
970
946
1201
877
839
772
776
750
768
951
803
833
925
998
1199
1123
719
776
849
902
690
709
1052
1270
1168
1052
1104
926
1093
773
1003
878
971
836
1069
934
925
877
551
813
1242
818
795
781
923
1159
760
702
850
335
1083
428
579
609
745
975
860
958
818
805
642
795
782
846
768
403
823
1026
1168
1161
1192
1152
1133
929
907
1138
854
857
822
772
870
931
960
957
938
918
744
756
703
880
884
624
865
899
767
1004
822
1106
904
858
865
811
906
826
757
777
759
792
704
703
750
887
781
828
891
965
914
1110
777
1158
515
688
645
664
882
555
724
753
484
840
745
842
899
939
961
858
1081
548
667
651
392
702
691
751
791
854
919
757
752
639
835
785
710
478
1133
805
773
762
746
745
813
400
817
743
440
702
666
967
915
742
489
835
761
788
1122
747
1120
879
758
920
786
678
732
770
902
761
859
676
805
523
847
769
629
753
841
869
783
591
1072
721
362
809
866
761
508
481
785
608
650
349
827
860
767
914
914
855
920
838
844
588
755
850
1041
872
976
965
794
765
804
764
842
738
607
698
699
620
759
848
547
756
677
650
732
764
672
639
678
888
718
809
902
702
587
634
699
610
633
888
645
596
664
629
460
620
543
800
889
732
759
960
649
589
742
579
744
753
332
890
319
612
618
758
697
914
683
611
589
576
808
767
762
721
736
695
666
659
831
777
722
683
614
798
718
859
742
693
875
554
789
532
429
878
708
790
882
517
1061
671
763
821
693
653
656
732
718
844
715
563
512
832
555
431
685
1120
598
574
705
1109
756
622
646
639
612
575
613
500
694
721
462
688
809
938
770
649
588
639
940
879
867
945
699
933
549
620
802
800
720
588
770
676
684
733
667
963
673
572
539
535
672
736
547
616
490
719
599
491
495
500
645
655
854
667
1169
657
641
585
816
861
998
726
591
442
490
623
722
783
616
501
803
534
694
715
492
657
525
676
599
541
673
603
742
523
673
888
695
600
726
309
718
571
625
602
587
587
742
660
601
473
759
590
478
729
818
723
542
906
485
558
768
575
746
926
586
761
640
633
442
734
577
887
640
685
667
569
613
316
412
759
504
700
964
531
620
797
533
544
631
530
492
850
659
545
736
774
603
681
645
474
686
509
498
418
657
701
456
613
456
600
545
1008
652
372
307
564
630
637
672
619
560
565
579
525
498
570
570
647
986
519
387
665
570
713
522
462
873
515
563
753
524
479
370
470
635
352
521
608
571
798
482
516
363
553
618
579
599
536
230
231
187
418
491
614
512
573
533
293
618
700
443
841
733
616
492
598
585
628
569
541
405
551
721
864
476
544
432
478
538
463
702
370
585
596
471
368
596
518
522
465
690
592
326
478
376
699
636
496
486
675
644
646
312
441
677
690
536
657
864
821
731
622
681
505
381
503
449
454
565
347
603
466
379
413
389
412
385
613
528
403
377
566
407
504
630
449
496
747
759
586
553
404
367
526
644
422
398
557
723
511
459
438
305
457
672
444
521
509
478
517
454
504
473
475
451
450
706
286
275
179
754
509
437
693
451
443
614
507
310
517
414
465
508
733
494
463
454
396
473
442
471
431
408
501
727
406
741
470
633
498
557
372
408
510
396
435
340
322
555
500
547
346
487
593
538
370
444
408
565
460
450
537
486
393
615
353
386
359
408
633
552
635
488
331
348
518
335
534
490
420
512
486
882
469
463
802
433
497
493
429
425
401
358
427
362
337
745
390
535
462
421
523
577
749
347
494
619
702
562
446
537
491
568
416
631
562
707
482
649
550
651
369
393
542
481
395
366
377
474
342
341
347
422
757
354
435
601
462
408
580
385
547
343
317
394
406
309
442
335
477
380
390
431
376
503
423
783
565
348
358
437
469
296
474
378
540
717
472
520
345
574
580
399
592
549
400
448
706
231
455
402
799
396
455
427
494
398
411
302
335
324
552
482
386
327
360
532
302
285
415
460
551
593
549
349
371
338
362
359
536
483
337
396
457
374
545
547
663
514
925
354
802
446
420
412
734
328
461
478
419
477
403
447
279
472
415
484
264
492
378
496
342
490
394
392
369
318
590
309
541
515
329
512
257
570
357
346
401
409
303
370
171
588
603
393
570
692
341
606
483
536
595
418
518
553
299
285
448
338
305
400
413
372
425
411
409
414
369
282
724
618
374
345
463
364
823
598
438
357
365
566
330
414
243
706
405
327
377
382
420
335
570
406
838
302
379
399
340
425
392
557
255
245
485
280
400
332
320
420
454
273
521
551
341
426
264
410
346
484
345
532
357
293
218
257
263
465
509
436
408
570
366
413
467
365
242
359
356
292
268
288
357
336
331
280
522
404
235
333
258
369
350
163
304
381
293
385
377
442
576
305
342
570
286
477
393
330
363
272
409
549
285
338
385
353
576
413
182
462
369
347
317
395
447
306
235
277
284
405
304
332
331
562
339
236
387
238
577
350
442
472
553
444
502
286
360
407
321
273
304
357
442
367
387
403
359
365
427
349
504
414
330
422
508
261
398
349
648
471
261
396
365
262
458
254
521
345
132
553
406
436
393
262
608
365
312
253
312
516
474
323
284
470
270
380
274
390
296
265
449
234
461
585
334
284
340
386
78
78
772
548
391
355
390
468
268
327
349
248
227
697
351
327
232
410
316
246
352
421
357
242
372
310
303
478
301
426
534
356
301
348
216
317
398
227
442
299
440
270
346
440
527
222
201
404
499
445
426
166
329
611
425
377
281
423
374
508
396
310
430
276
397
538
172
381
578
371
330
284
303
301
266
197
400
265
303
210
199
166
319
295
494
297
512
371
374
329
241
215
328
212
377
116
504
362
279
311
187
248
250
298
207
342
275
253
555
322
297
416
221
212
223
499
248
150
275
570
203
240
200
187
331
221
173
206
260
299
302
226
381
263
222
410
268
213
314
356
139
437
416
376
119
252
216
419
430
232
237
249
229
287
138
180
231
208
295
294
514
313
202
255
229
160
233
247
242
202
364
89
128
200
226
161
262
353
298
265
334
334
319
245
179
184
232
196
210
187
225
165
385
207
342
185
215
180
240
216
330
327
270
126
94
255
232
230
346
125
273
331
141
200
78
122
155
107
118
222
167
132
174
159
85
281
160
148
201
238
186
121
156
82
146
137
155
72
67
130
194
138
126
128
148
104
125
730
305
