164
202
202
199
200
199
230
202
27
197
182
180
148
134
163
181
184
199
182
207
161
170
142
176
149
126
183
202
207
207
206
209
233
253
246
276
248
213
229
222
210
227
221
238
235
237
236
251
181
251
271
222
239
217
221
205
210
211
252
255
248
249
223
176
231
222
262
238
231
261
242
235
244
244
209
144
233
224
197
256
157
218
226
170
228
236
168
146
221
208
238
211
217
212
214
168
147
230
213
160
174
196
215
242
204
193
188
197
205
180
206
172
176
174
188
190
195
163
171
173
146
161
149
261
166
222
124
152
187
194
215
164
182
192
136
189
181
194
142
124
174
221
123
185
158
170
90
155
239
236
207
238
232
177
199
258
209
177
184
256
262
180
169
195
180
214
215
169
166
158
157
144
111
102
115
128
124
110
152
127
77
179
201
238
205
106
114
136
92
90
87
117
98
123
99
124
148
151
113
192
207
160
217
207
226
129
152
217
222
207
262
241
170
243
73
230
193
242
251
246
159
222
236
275
237
201
213
248
192
227
136
216
238
262
229
246
227
205
242
261
232
209
213
136
132
249
197
151
111
96
115
83
76
100
107
158
154
178
237
62
94
79
105
248
112
166
60
306
179
203
238
156
167
137
232
233
238
246
238
221
201
216
197
238
260
240
176
216
218
183
219
235
119
176
231
209
238
144
252
233
214
187
198
181
169
165
258
125
116
144
113
100
97
114
225
128
219
233
223
188
191
246
220
213
215
239
172
158
155
166
197
195
212
193
109
171
198
223
208
97
202
198
223
215
237
249
134
205
214
210
299
229
231
224
285
161
169
171
194
229
224
217
204
223
212
143
210
214
240
237
183
221
172
168
213
241
229
203
259
224
197
207
148
237
241
57
225
193
224
221
202
217
198
196
163
169
251
115
116
120
244
44
216
168
180
212
213
185
217
116
210
213
180
218
80
234
260
224
214
140
233
193
243
209
205
104
217
166
222
169
240
176
151
159
124
153
157
87
187
136
188
283
225
231
155
187
156
182
209
207
173
128
195
137
148
152
147
237
235
133
196
191
168
66
200
205
237
101
115
178
177
108
116
178
187
185
163
172
198
212
192
270
215
142
174
240
161
282
157
202
226
225
131
212
182
172
191
213
212
214
232
211
224
212
200
212
156
190
153
151
237
261
248
59
38
90
230
211
204
147
176
201
160
154
234
211
189
213
209
237
215
204
142
220
197
256
223
79
264
282
267
228
202
255
233
183
225
287
226
252
233
229
224
236
234
228
182
234
301
181
225
202
85
245
235
216
191
224
313
242
224
229
197
187
197
129
102
195
158
237
225
238
187
224
264
192
212
233
44
252
110
253
224
241
218
179
192
184
184
233
124
146
104
97
168
136
211
83
198
247
166
205
145
214
172
222
213
208
202
275
149
142
271
124
227
235
149
224
247
179
162
111
254
225
224
231
232
186
234
192
249
243
239
259
184
210
209
256
103
143
256
174
235
209
192
206
167
145
173
44
177
58
128
202
69
240
198
197
195
210
178
200
255
367
243
67
212
212
267
249
262
260
284
233
226
263
190
208
191
221
177
228
222
250
298
299
232
288
168
249
249
146
186
199
165
218
215
244
236
211
162
327
240
258
297
224
205
212
212
155
189
254
223
163
199
217
158
191
208
203
83
125
143
140
191
132
158
197
130
168
155
172
216
213
198
118
180
83
136
146
47
121
212
206
226
301
256
159
224
146
214
228
164
83
207
196
233
184
176
209
179
57
181
195
85
124
174
289
251
254
108
196
246
234
281
217
210
183
194
200
238
137
237
255
237
204
224
227
165
103
186
206
119
214
256
228
180
111
239
230
153
160
264
181
209
99
208
115
147
57
211
187
183
194
238
243
250
267
192
205
177
192
207
240
210
239
249
199
223
235
177
249
219
180
254
142
243
242
134
171
189
174
156
202
285
274
239
213
216
222
232
236
129
209
139
216
177
221
118
124
139
129
129
131
131
221
209
176
180
143
79
188
191
112
239
233
57
210
54
124
189
207
216
218
201
228
229
129
217
211
216
241
248
147
189
226
191
219
215
178
132
165
218
245
275
241
249
168
159
199
70
162
270
131
242
174
182
191
178
125
212
227
180
260
249
176
232
240
250
181
220
85
240
166
96
142
253
225
260
230
230
195
215
188
160
244
178
149
109
136
130
214
252
228
259
246
214
225
218
187
254
213
240
163
185
260
218
180
213
209
222
144
263
238
139
207
212
235
177
234
237
203
199
236
105
220
242
237
134
251
183
216
244
160
136
263
142
175
213
190
200
129
126
272
227
228
150
239
214
208
137
190
231
114
189
165
218
172
176
239
177
206
165
153
130
182
245
110
206
172
163
185
222
251
167
198
239
259
218
196
216
201
192
206
231
233
125
138
184
209
179
240
216
170
135
205
149
241
183
216
233
248
269
70
227
63
89
303
176
184
216
99
233
256
238
210
289
224
233
224
186
248
246
235
186
158
155
156
161
203
133
95
274
165
145
219
70
262
221
206
275
83
55
202
226
95
273
164
202
227
175
243
189
307
307
206
231
156
183
155
210
161
244
241
217
170
158
182
196
199
114
199
224
166
131
234
177
227
205
242
198
209
176
226
204
155
31
33
23
83
198
227
204
80
221
122
203
242
218
202
150
203
169
186
173
188
177
185
178
204
215
212
210
149
246
251
196
226
179
66
157
116
261
220
189
191
181
86
222
230
202
157
166
207
182
189
160
137
226
224
226
144
212
184
161
239
185
170
176
207
144
223
184
162
240
156
213
168
220
174
145
211
166
153
187
132
208
126
131
207
258
228
226
216
239
227
215
243
183
146
153
111
208
260
220
138
207
190
130
209
130
174
176
142
292
319
284
192
216
230
201
218
199
225
186
67
130
88
163
218
181
102
296
160
168
180
156
226
229
194
250
116
154
149
145
150
178
168
206
148
157
161
241
173
205
169
193
206
203
209
200
175
162
187
179
174
87
195
98
129
220
223
221
81
147
85
173
193
79
209
204
214
176
135
134
130
134
131
236
150
185
122
187
242
130
201
245
224
171
186
215
234
228
176
242
358
303
127
127
176
187
222
172
121
163
170
161
244
201
129
151
213
108
219
289
311
266
198
226
230
137
190
209
230
181
219
204
294
93
98
169
206
288
186
150
161
196
178
161
159
169
151
168
189
229
153
186
157
173
158
111
101
221
242
216
168
265
251
204
223
156
223
160
207
118
172
96
164
125
202
210
167
152
202
189
118
156
147
244
127
202
183
99
147
152
201
100
229
213
271
164
168
230
240
174
168
142
151
165
90
184
90
81
201
193
169
142
176
184
163
199
188
210
166
197
259
259
215
119
168
259
179
202
193
148
220
108
217
152
203
110
142
268
170
181
233
88
135
175
208
118
209
227
82
140
141
184
122
246
165
168
152
169
230
139
140
174
211
242
191
125
92
142
162
101
184
158
115
115
75
156
168
245
165
155
222
191
182
257
171
243
213
190
116
187
143
148
187
181
108
212
123
148
220
221
182
142
207
191
116
203
169
175
113
152
228
161
188
169
145
191
74
184
160
137
161
158
163
163
188
190
208
143
167
167
131
183
135
175
116
118
192
160
162
196
177
194
243
180
117
188
140
152
127
204
174
244
165
116
278
172
88
112
160
198
122
174
160
288
93
209
179
189
165
198
188
157
143
146
139
104
200
162
171
183
124
183
111
160
125
31
101
138
180
156
158
147
237
207
217
219
115
201
157
174
165
128
90
266
154
168
164
212
190
92
40
217
153
158
199
80
176
166
148
149
177
143
205
177
138
112
171
84
157
115
162
150
121
280
181
191
193
181
198
201
149
129
144
198
275
214
165
186
192
175
335
104
193
246
171
153
192
115
215
180
228
205
154
180
145
126
166
119
173
135
28
157
287
130
215
139
192
211
182
156
154
237
142
150
115
179
107
184
137
111
222
162
198
132
120
216
192
154
163
156
11
22
157
107
107
210
209
190
73
160
126
158
127
163
177
296
116
139
157
113
196
185
147
137
111
153
181
173
201
107
165
133
149
217
117
186
181
125
213
226
210
91
154
177
152
87
128
162
160
217
181
93
150
111
183
166
134
187
148
183
128
144
179
129
237
104
86
145
136
136
116
166
146
164
124
147
142
103
98
90
101
66
139
159
116
110
184
183
185
168
108
115
154
123
117
52
166
199
57
117
98
64
138
118
110
84
182
178
115
125
137
172
85
130
95
185
76
73
152
175
126
-1
113
122
112
124
84
109
30
132
139
118
190
104
135
153
146
148
139
133
48
129
118
165
61
94
77
171
169
116
68
125
86
274
83
67
127
97
132
134
191
78
116
111
97
106
124
124
99
35
137
19
60
94
149
63
143
137
121
136
170
148
176
134
108
108
56
105
118
93
118
92
168
113
216
104
108
88
138
164
177
175
140
70
59
129
118
117
127
63
82
148
78
88
56
76
85
39
71
96
27
69
78
91
40
104
84
70
108
118
77
58
64
37
68
98
61
50
39
59
75
51
142
146
61
78
61
147
120
