878
827
723
704
654
494
822
657
108
693
712
656
718
725
610
608
590
598
531
644
644
555
633
692
659
598
541
579
617
694
710
701
824
831
891
1032
924
857
909
821
868
876
947
858
800
801
742
794
995
695
926
1039
984
904
882
943
905
768
1187
1019
973
842
943
938
834
856
772
880
920
902
815
705
843
840
801
823
835
779
863
759
726
870
840
844
697
624
920
1134
783
820
804
783
811
738
681
678
781
711
777
816
950
963
637
702
701
829
912
765
832
979
878
844
1004
751
782
929
696
1054
828
817
772
614
700
749
668
729
721
634
994
844
685
904
994
912
681
629
595
648
846
737
843
1200
528
598
623
694
429
652
784
641
608
574
608
548
537
753
810
719
670
812
687
778
765
627
611
660
742
627
668
715
733
688
604
572
715
549
692
691
658
620
424
704
961
601
574
634
576
474
523
475
487
479
543
785
692
708
730
721
408
484
722
732
621
632
517
664
818
759
795
859
765
777
674
556
616
707
518
745
680
732
638
703
789
774
714
704
763
611
827
708
798
754
604
661
639
666
698
715
774
827
664
644
889
1007
853
664
922
510
650
694
543
476
575
658
514
588
450
703
671
395
667
530
796
617
771
612
453
815
587
839
694
584
774
936
610
513
531
485
470
609
654
719
619
659
614
677
587
657
415
851
790
728
589
616
761
990
604
509
603
752
642
821
823
814
793
735
610
586
558
535
482
442
519
481
619
530
620
512
693
468
623
630
648
583
683
633
654
822
509
506
525
679
670
587
752
699
609
667
815
400
770
504
600
621
540
799
663
910
800
497
727
825
590
601
521
859
629
584
574
633
508
531
651
583
547
864
522
737
483
488
678
608
904
780
562
494
501
598
704
692
596
540
673
937
575
445
543
507
691
641
691
700
533
512
487
492
514
410
408
774
527
460
624
510
483
546
539
510
607
456
571
536
660
527
344
589
533
517
949
402
525
540
600
729
750
466
466
402
501
731
554
572
980
880
617
810
989
494
744
784
552
608
615
600
777
848
717
691
996
691
539
506
626
493
956
466
356
612
740
695
647
627
645
478
551
546
750
564
948
602
974
731
841
910
1177
1112
1065
889
1214
1000
1020
507
861
701
540
530
774
493
473
526
574
797
550
457
554
429
468
512
537
568
537
480
604
639
657
435
1096
519
660
708
606
430
534
427
283
390
553
948
587
603
515
591
590
461
673
493
493
617
612
590
637
479
589
561
506
546
524
432
518
694
525
476
379
503
523
598
753
509
407
497
551
668
754
707
777
619
574
688
487
982
588
542
564
580
484
690
482
579
576
711
738
632
607
501
978
389
317
435
715
370
374
364
425
390
389
710
565
583
213
364
591
741
746
714
779
611
652
438
403
524
-1
1508
869
1054
1121
607
771
357
366
419
498
810
594
448
500
376
414
389
384
393
369
678
409
455
529
499
487
380
415
632
421
554
526
715
535
491
535
437
515
744
472
392
478
387
546
633
727
406
541
385
585
477
403
423
892
630
626
559
808
311
602
414
1155
333
184
389
752
494
397
655
603
608
542
448
458
335
460
464
601
578
572
584
549
524
477
533
786
565
965
405
417
574
467
536
394
519
383
358
883
492
463
369
673
770
807
513
485
549
694
487
506
364
464
374
360
408
373
414
372
840
686
659
465
759
506
559
581
613
435
468
743
713
413
489
516
354
376
480
456
302
724
901
768
460
496
596
756
375
366
400
610
483
386
446
577
436
408
498
638
428
408
349
523
472
693
377
371
479
453
683
503
547
510
450
647
655
600
372
345
362
362
622
386
463
510
494
588
382
643
399
326
453
310
313
455
471
406
322
355
471
295
551
564
401
428
413
730
345
628
397
193
452
361
752
309
217
418
427
556
380
408
481
305
789
485
402
443
507
475
325
923
473
507
424
511
455
338
422
342
369
453
367
336
626
478
507
593
537
609
411
386
342
390
395
355
346
398
440
392
380
434
291
362
355
353
351
318
426
389
363
387
365
277
410
290
428
382
568
605
583
290
358
407
422
372
373
215
445
582
244
583
413
643
465
374
307
318
436
585
408
599
336
316
504
288
319
424
391
410
594
546
525
413
417
422
407
400
370
499
316
392
372
462
582
456
292
613
341
642
628
342
308
367
308
309
415
298
236
287
699
327
640
453
526
312
386
329
551
382
310
343
329
338
571
453
262
426
350
618
267
412
448
364
270
281
312
424
402
383
512
350
504
307
374
419
371
379
284
360
365
297
514
300
484
323
323
339
274
295
350
222
554
520
313
585
250
271
260
451
272
452
359
534
323
421
317
424
481
585
352
313
482
348
286
407
436
390
258
369
377
716
349
272
380
314
676
321
365
429
236
424
293
446
396
288
420
377
239
344
409
600
387
451
316
685
363
334
253
367
341
273
396
665
499
242
516
305
715
411
285
394
392
288
340
287
320
380
455
271
442
271
346
321
474
314
766
776
355
221
321
485
477
298
319
252
298
333
321
217
369
252
250
408
416
391
350
326
295
454
256
275
229
304
363
273
331
296
320
235
499
348
381
287
291
297
394
270
403
252
352
565
237
294
275
277
479
447
313
185
367
414
340
233
220
467
340
291
746
294
253
185
262
376
215
225
270
276
328
245
382
339
314
635
253
308
333
247
211
198
393
345
314
265
321
285
195
295
332
189
457
490
341
291
304
267
311
313
289
268
364
372
486
219
425
213
211
229
261
349
223
453
521
306
249
249
286
291
365
281
271
197
459
198
286
274
209
204
314
453
451
153
449
405
582
245
361
502
457
565
326
433
374
169
275
216
377
256
169
293
214
136
167
254
243
172
208
253
274
272
289
186
269
339
211
244
389
404
341
425
260
225
380
323
214
187
325
445
264
242
224
177
226
397
339
226
244
248
473
219
262
248
229
246
236
469
228
196
107
403
261
223
378
237
304
389
344
207
222
212
232
247
330
226
268
325
426
458
277
407
537
412
194
289
222
416
374
352
242
292
207
186
375
471
248
220
209
336
313
691
225
220
283
286
269
227
250
349
224
284
413
233
221
420
630
632
630
673
350
286
380
230
174
278
279
145
315
216
196
270
256
413
271
251
552
278
228
237
689
656
211
259
310
231
228
375
204
279
264
248
238
332
415
214
412
267
327
315
197
282
271
244
245
338
326
387
228
288
331
434
224
194
469
238
200
173
174
378
270
304
324
325
334
208
399
297
403
240
477
155
290
201
201
214
216
128
364
198
238
184
195
384
189
307
271
337
419
182
215
196
245
149
337
193
300
294
292
355
108
280
353
214
319
285
258
258
302
164
223
182
373
341
388
249
273
180
236
183
205
206
199
365
240
182
181
250
172
128
254
227
265
292
518
192
180
183
164
160
298
224
283
244
333
257
273
253
278
362
398
226
494
525
261
232
440
187
240
345
293
276
238
186
260
284
197
301
155
249
254
231
154
254
271
164
249
170
236
253
296
342
174
259
126
300
216
234
213
154
189
235
105
251
265
190
261
337
220
347
390
295
307
220
374
254
191
150
250
200
150
416
216
181
570
246
283
218
168
185
435
406
193
160
211
228
378
419
235
195
161
314
275
225
139
305
202
204
333
349
363
156
302
222
509
154
185
194
291
269
188
475
429
115
234
146
243
227
181
294
298
166
419
323
168
220
135
197
290
256
196
260
252
167
187
226
164
371
348
438
268
325
271
322
286
290
231
261
163
154
211
213
295
484
138
231
252
223
137
223
225
241
257
299
193
319
197
237
341
259
293
190
219
385
231
247
270
182
189
198
135
352
151
171
317
163
347
396
54
224
228
263
267
281
250
161
130
258
155
158
130
200
165
341
184
163
209
107
362
206
196
232
300
279
309
146
303
326
195
167
326
172
197
164
232
242
272
286
167
357
242
257
166
242
212
146
209
188
269
266
162
249
202
194
215
269
310
186
111
292
218
416
244
129
372
201
173
106
194
185
455
200
224
225
146
187
160
194
210
282
367
159
236
238
275
243
323
160
91
103
359
291
179
189
216
256
59
285
177
114
122
344
318
158
105
215
165
117
176
216
288
127
323
141
193
268
179
227
268
235
156
236
110
157
205
151
203
160
224
134
226
438
240
132
109
377
249
179
252
92
217
287
189
209
189
437
281
276
199
325
250
172
234
312
109
213
288
223
190
197
196
246
176
122
185
120
174
160
145
106
166
233
228
252
247
306
307
258
307
113
204
119
169
40
275
256
125
342
208
130
168
273
106
120
159
140
298
223
144
262
134
141
129
262
388
141
189
237
119
124
145
102
230
120
90
92
125
154
225
131
220
166
146
381
174
166
169
196
55
262
234
201
74
112
160
259
330
130
121
233
132
127
112
66
243
155
166
166
257
163
149
128
109
84
160
173
166
150
183
50
66
158
144
81
146
193
178
139
197
171
196
165
131
115
194
109
118
113
123
79
191
119
214
99
105
127
132
99
179
179
130
72
50
141
119
119
175
72
307
186
104
115
144
70
93
48
145
132
76
79
86
103
57
141
83
91
118
171
106
107
102
45
66
86
61
39
53
60
102
87
68
68
75
69
52
627
339
