522
584
603
586
585
518
658
543
74
563
542
547
538
503
477
524
526
545
534
598
511
439
461
442
421
404
407
523
560
635
569
627
648
646
726
783
702
635
664
629
645
652
626
662
603
605
569
556
557
543
727
673
676
701
638
595
655
540
673
724
752
571
732
566
652
632
703
603
679
613
724
585
637
674
467
449
638
636
517
588
465
604
665
521
614
564
565
523
613
546
669
653
617
651
573
504
402
501
582
412
542
592
506
578
590
570
592
522
544
653
462
519
578
472
488
576
441
495
516
536
504
432
363
598
391
525
332
487
574
502
633
577
625
632
360
420
434
465
399
364
610
747
337
463
404
439
273
510
652
506
478
491
475
398
423
701
667
523
487
722
628
549
579
590
543
573
651
446
467
433
454
468
335
339
374
368
368
368
449
361
233
443
500
443
417
393
306
293
275
235
253
299
269
360
342
344
487
482
341
399
596
510
575
588
475
335
520
615
595
593
613
687
585
477
256
571
429
788
656
685
430
575
579
553
594
540
532
514
613
570
448
613
528
535
490
620
591
513
615
698
716
540
554
536
422
587
665
421
301
283
285
191
234
311
303
423
382
502
469
203
324
244
514
620
394
469
185
579
401
659
627
394
512
485
613
429
444
410
409
418
481
523
485
617
610
618
497
472
369
450
567
556
412
525
663
557
557
347
573
658
534
610
587
602
487
535
559
378
347
406
282
288
305
328
635
302
550
495
604
387
505
597
545
572
576
634
568
495
424
367
400
531
609
515
386
486
490
560
644
256
594
396
520
611
502
583
362
662
610
417
660
638
588
640
502
482
444
482
387
682
458
504
603
599
544
408
530
465
414
423
536
536
596
599
517
457
423
488
578
585
554
523
344
558
482
198
614
476
607
600
439
454
415
330
330
384
535
409
409
403
557
182
672
494
516
623
576
404
572
401
535
499
431
466
217
523
529
475
532
280
473
503
475
463
505
307
365
323
548
476
580
473
614
531
452
608
687
330
533
467
408
535
544
540
604
697
515
595
819
682
405
272
588
442
649
381
318
581
532
378
470
472
369
204
483
452
606
276
493
595
503
394
388
640
800
804
802
678
1027
867
786
445
834
357
416
428
366
459
438
426
461
644
324
455
435
330
403
536
521
638
631
467
595
579
528
462
809
490
520
565
599
484
615
235
117
214
551
886
498
423
363
582
495
473
603
573
401
612
627
474
507
476
457
530
551
467
407
204
532
680
589
436
365
505
407
434
430
443
458
534
540
725
745
733
643
630
560
622
472
846
572
522
311
446
408
625
352
493
623
738
743
582
557
541
1175
259
212
508
803
407
400
451
381
420
401
563
569
414
146
357
336
643
679
935
860
483
392
406
383
458
635
659
579
482
712
554
576
290
259
507
425
1064
431
528
520
337
453
475
339
368
294
371
394
367
506
457
466
458
431
445
337
346
443
600
507
410
543
476
515
905
442
513
531
451
489
728
859
420
300
269
510
380
487
455
810
565
527
485
862
148
503
187
572
342
258
435
944
466
340
491
455
499
522
493
459
185
416
414
611
579
592
590
571
533
514
490
713
535
757
508
465
450
473
574
529
484
304
345
597
455
465
369
711
794
1004
481
400
486
730
573
360
463
406
356
410
479
451
478
451
814
964
838
428
795
462
591
483
485
412
485
410
451
340
391
475
300
302
292
238
355
578
884
876
470
481
464
576
229
296
347
238
378
326
409
668
559
422
501
718
319
419
423
487
297
552
397
399
542
532
720
359
257
449
399
402
581
932
454
378
399
263
762
466
569
524
518
584
310
727
384
326
302
319
338
406
412
421
303
407
323
368
467
319
463
441
446
633
375
541
370
198
463
441
753
398
259
504
279
607
241
409
469
276
746
560
495
498
570
517
411
852
459
447
486
524
439
333
368
341
310
374
439
418
847
730
470
748
544
720
363
369
351
333
429
451
379
433
543
428
474
538
367
297
420
339
345
354
399
343
347
391
359
311
374
296
417
416
776
778
500
238
411
488
255
403
426
159
490
234
308
526
412
673
443
442
359
371
325
664
392
1021
485
377
638
311
383
567
484
375
544
602
413
329
406
508
553
411
334
393
408
193
388
497
539
527
338
585
349
681
477
395
382
306
347
344
428
310
252
383
818
365
439
583
497
353
366
436
533
394
324
331
279
341
608
508
301
415
271
378
270
314
476
408
328
307
316
406
390
370
448
341
475
358
388
312
427
361
315
363
363
302
398
428
548
292
367
365
332
317
361
259
678
552
354
348
314
339
340
465
338
385
478
551
348
469
404
487
406
550
331
353
319
321
362
590
384
376
299
409
427
596
407
352
251
377
532
338
302
364
268
372
407
546
361
298
430
398
255
326
306
709
327
371
389
500
419
344
272
365
419
274
319
841
538
313
461
214
492
402
345
379
442
344
390
274
342
454
352
336
412
332
410
363
251
383
256
416
425
245
320
421
247
365
348
264
386
426
325
291
460
260
308
494
508
307
394
373
339
468
340
297
256
355
277
284
327
199
316
293
431
368
208
133
263
316
266
387
467
309
599
629
248
374
360
361
448
404
367
243
308
733
304
305
279
366
326
305
746
389
345
171
243
493
274
226
315
294
366
304
513
457
315
-1
267
352
273
117
103
83
263
507
366
303
268
388
231
310
346
230
377
370
324
251
284
261
307
281
259
218
314
396
442
286
444
282
307
242
337
345
118
624
568
422
380
367
350
390
223
362
316
203
571
232
315
304
244
226
367
493
495
212
783
501
592
294
386
493
466
526
420
403
362
219
367
271
407
260
211
311
219
165
190
314
334
202
231
243
264
280
319
249
301
344
272
312
416
382
323
462
336
321
555
344
270
197
265
396
311
229
293
209
323
410
426
292
386
418
572
227
262
293
295
280
254
386
125
214
128
347
260
252
300
327
548
328
342
201
249
253
269
346
279
254
257
271
384
410
286
543
516
453
250
325
201
412
760
376
244
292
227
255
579
457
224
205
192
260
389
446
217
271
313
271
179
284
202
324
334
219
514
253
251
306
420
433
412
439
372
386
426
268
279
510
377
178
308
259
233
346
344
463
327
310
373
413
311
375
446
435
278
218
460
209
232
395
219
303
324
295
248
338
407
182
645
302
330
312
219
310
276
266
270
353
353
428
307
307
393
255
220
248
532
274
225
238
266
628
497
512
532
351
349
234
444
436
613
271
555
219
392
235
223
252
244
174
381
246
247
214
221
483
212
315
281
324
337
160
294
326
274
172
355
241
288
361
221
261
164
310
232
267
333
241
329
259
328
343
240
206
427
405
496
350
368
202
251
182
252
308
216
385
223
192
237
296
206
164
324
277
275
266
598
246
230
215
236
239
369
227
415
355
569
413
301
282
317
376
422
260
411
358
237
337
376
233
296
471
334
289
242
183
390
276
199
225
175
322
301
245
170
294
253
180
223
198
270
418
400
357
210
310
237
281
208
237
226
177
153
254
120
341
348
228
225
280
335
347
612
359
307
282
309
267
217
180
326
234
160
590
255
241
393
207
504
315
227
164
584
379
190
209
240
251
292
402
298
289
314
335
399
280
143
347
239
271
571
597
593
221
288
232
586
184
202
223
544
393
221
584
296
141
259
195
227
206
206
250
445
184
306
330
185
247
170
268
485
330
248
288
371
175
169
211
192
533
261
601
232
299
188
407
321
451
391
409
174
159
320
355
492
386
170
286
310
306
164
228
199
233
222
130
171
230
218
248
595
251
331
189
361
332
182
327
264
240
234
351
189
348
217
243
608
205
279
275
133
229
175
260
291
179
295
179
147
308
220
173
170
217
248
302
196
177
229
150
289
227
213
297
296
476
265
198
486
475
250
232
600
196
247
233
305
298
287
302
233
377
327
277
198
235
268
175
256
212
285
289
168
262
219
328
256
299
243
272
46
338
285
324
261
136
405
245
215
154
212
228
561
247
198
272
181
249
232
226
301
281
391
160
263
279
379
445
364
196
40
53
302
296
235
184
252
325
116
270
209
129
151
297
354
269
154
233
207
142
203
241
471
176
481
176
204
287
248
229
285
252
180
224
146
193
238
189
226
269
255
187
297
600
239
127
115
420
266
221
281
104
221
267
202
263
176
396
301
297
188
500
266
187
323
319
98
269
296
230
250
187
200
417
172
134
198
186
193
155
137
108
187
328
238
270
270
397
402
257
353
144
185
142
213
56
262
323
126
349
289
135
193
346
134
152
258
198
274
230
163
243
140
123
120
274
283
249
337
267
132
176
132
145
250
170
93
121
107
165
338
177
258
242
168
382
179
241
198
191
101
239
241
196
77
146
137
250
418
143
122
249
155
180
117
90
234
179
170
171
285
170
141
150
153
101
211
166
163
106
207
43
63
148
191
99
160
227
226
188
236
191
198
149
123
119
112
130
141
128
150
103
179
141
200
120
123
126
161
132
275
275
151
89
62
156
127
125
239
92
239
229
91
146
120
87
105
66
212
147
79
94
124
131
62
191
133
101
159
221
137
138
145
49
88
116
85
52
52
72
116
82
82
85
80
89
79
479
329
