1283
1582
1524
1480
1415
1106
1595
1464
172
1481
1401
1283
1224
1116
1178
1212
1145
1242
1181
1393
1172
1174
1043
1141
1011
911
1123
1303
1416
1435
1510
1489
1730
1629
1797
1924
2189
1807
1866
1728
1842
1875
1846
2012
1851
1691
1600
1741
1460
1772
1992
1745
1690
1750
1641
1639
1708
1635
1680
1592
1711
1674
1727
1508
1488
1610
1768
1559
1546
1577
1789
1666
1771
1744
1303
1171
1703
1814
1366
1482
1075
1502
1407
1309
1476
1400
1422
1103
1464
1502
1838
1793
1712
1621
1606
1264
1021
1604
1755
982
1097
1464
1469
1588
1699
1322
1274
1282
1306
1314
1101
1233
1257
1094
1146
1183
1184
1055
1214
1126
1172
1078
1107
1619
978
1470
919
1072
1358
1048
1553
1052
1070
1117
753
1013
1125
1219
951
874
1451
1360
928
1158
1015
1083
714
1096
1647
1505
1412
1469
1364
1089
1108
1557
1542
1195
1235
1609
1679
1307
1351
1297
1384
1668
1629
1042
1017
950
940
1010
697
808
660
859
722
713
1007
755
639
1098
1108
1453
1261
905
617
780
571
546
543
634
564
628
748
724
1249
1246
759
1081
1430
1010
1376
1431
1176
913
1141
1489
1235
1326
1502
1475
1170
1301
711
1736
1128
1462
1479
1381
927
-1
1338
1346
1485
1549
1330
1474
1269
1391
1000
1408
1314
1366
1322
1435
1617
1163
1616
1591
1456
1385
1102
1005
865
1402
1099
1066
893
628
749
584
562
881
875
1039
1044
1245
1031
418
631
462
761
1512
855
1055
399
1239
1143
1458
1694
815
1031
913
1339
1241
1265
1114
1095
1317
1402
1533
1565
1463
1356
1339
1257
1062
1005
932
1287
1379
889
1143
1580
1083
1252
904
1461
1332
1474
984
931
977
758
956
1452
982
822
973
755
676
747
889
1475
785
1343
1184
1459
1059
1356
1615
1571
1289
1398
1459
1199
1041
1104
963
1112
1513
1501
1334
749
1185
1384
1260
1223
624
1359
1262
1430
1400
1221
1253
801
1243
1045
939
1245
1222
1356
1446
1200
1214
1263
1113
1102
1339
1244
1126
1323
1383
1395
964
1236
1277
1167
1143
1311
1172
889
810
1237
1191
1308
1294
1281
1484
1176
1249
824
988
1306
394
1216
1179
1470
1368
1049
1064
927
818
820
895
1254
774
772
735
1185
345
1251
992
1145
1250
1174
1244
1476
929
1441
1390
1078
1361
622
1321
1266
1259
1074
715
1305
1218
1291
1049
1163
768
1052
877
1125
1211
1337
1057
751
675
616
679
945
675
910
823
939
1165
1133
1065
686
752
747
650
1159
1284
739
838
1283
832
740
978
780
1276
1106
895
1071
1024
1046
489
987
1192
1249
458
544
1228
883
669
677
867
870
920
863
834
1054
900
965
1155
1078
954
902
1064
902
1160
1075
1136
1268
1231
737
1110
1099
888
1002
1293
1344
1269
1110
1171
1406
1285
1326
1005
924
1119
1025
903
1497
1113
1292
468
295
562
1263
870
1269
1035
924
1332
1136
1035
1469
1194
835
1248
1082
1256
1216
1216
1053
1338
1203
1071
1109
515
1090
1081
841
1183
1024
1152
918
979
767
918
994
1059
971
955
985
983
866
914
861
918
1011
966
1114
897
490
1023
1206
1085
1026
883
983
911
847
961
1500
1320
957
735
594
985
905
1000
981
973
1110
1065
800
1166
1314
933
343
825
814
867
799
846
875
1038
1031
1164
1032
927
703
720
527
523
704
592
704
535
769
908
909
832
980
1015
963
756
944
894
859
820
905
919
941
857
1027
966
924
951
881
935
668
739
915
1122
1004
933
1094
918
1222
804
908
788
1083
887
963
833
877
775
685
710
1036
931
988
978
750
1087
641
601
822
302
1063
437
556
699
593
961
877
824
715
772
664
678
725
798
755
374
937
1207
1173
1123
1141
1116
1094
1070
1053
1035
764
701
692
864
1050
891
1049
830
769
878
715
754
625
823
819
767
721
806
749
909
759
1363
693
661
858
760
817
863
860
985
929
1014
887
721
710
670
759
862
1215
761
1111
1294
1020
1146
498
717
610
682
853
599
734
662
455
796
685
804
803
852
882
996
1354
462
690
680
458
654
634
656
574
759
866
946
754
836
792
767
630
614
903
690
841
910
868
616
764
383
1021
733
488
565
661
667
651
863
653
861
815
707
857
647
1274
849
637
909
723
815
638
678
936
745
867
599
763
709
833
656
734
609
691
1015
677
648
929
730
429
707
885
633
648
557
940
576
655
452
923
1135
703
727
800
881
800
719
700
703
653
875
1144
726
1126
1046
779
935
811
721
820
808
762
655
658
611
692
646
571
952
916
866
945
1006
721
723
792
789
820
878
779
663
773
824
645
643
833
1053
648
558
601
607
415
547
486
771
800
670
704
854
628
816
924
712
856
791
279
1039
300
675
539
981
545
1131
690
695
690
570
696
875
656
488
715
616
729
828
885
583
713
615
605
822
687
992
639
627
848
772
849
590
553
984
668
765
1045
660
1005
898
610
764
772
709
540
690
660
909
725
598
584
700
703
499
530
985
659
797
741
1304
767
662
687
676
606
476
582
545
599
748
481
726
614
767
668
584
651
646
881
848
837
1038
737
1260
690
664
775
567
750
600
715
700
663
871
627
1088
864
659
600
622
699
735
541
533
467
631
658
598
624
629
797
596
954
751
1138
735
651
653
772
1011
941
769
773
439
509
575
668
918
645
622
678
436
730
897
560
604
660
623
768
601
903
558
822
596
549
1060
804
737
885
282
702
809
588
577
510
615
667
519
625
474
672
735
556
800
620
590
570
869
585
511
679
624
899
731
577
904
646
802
405
798
536
1037
558
554
597
500
584
323
442
685
516
772
947
641
634
741
526
476
490
510
539
716
550
571
859
714
584
717
632
520
805
562
391
353
584
691
464
584
430
546
530
1033
595
418
309
596
638
652
488
549
558
411
456
491
614
593
598
623
764
481
390
753
475
768
562
463
856
565
514
635
560
514
364
441
527
412
443
541
525
654
606
459
310
564
575
568
486
613
238
284
204
563
352
724
613
567
557
287
738
797
500
822
800
566
509
712
665
677
654
634
486
647
755
893
550
535
446
426
490
503
678
363
579
638
415
310
584
632
664
595
691
529
354
380
326
591
699
538
514
690
575
572
327
454
732
665
672
628
753
734
640
694
860
589
364
474
445
379
598
358
627
431
338
392
504
547
364
539
502
450
383
502
406
660
814
493
540
574
749
514
427
467
454
527
588
415
448
605
721
677
438
494
266
514
745
406
401
435
410
371
459
514
583
585
545
441
720
343
293
177
843
516
383
726
326
454
649
569
329
457
513
458
579
782
536
454
501
343
392
405
382
361
347
607
547
408
992
437
636
500
569
405
413
410
332
441
370
345
634
677
569
371
469
701
592
384
557
344
528
476
617
438
522
454
667
335
342
319
378
694
638
703
567
358
354
670
299
624
437
380
657
631
703
517
461
841
372
405
404
367
342
418
418
365
384
332
946
485
719
544
511
487
540
912
330
419
568
635
541
468
548
484
472
343
648
482
826
541
719
438
680
362
382
440
379
361
450
443
409
300
293
305
358
781
321
328
424
417
475
562
355
639
317
286
460
467
309
355
347
483
389
423
351
457
598
497
669
592
394
446
453
606
300
395
397
522
709
564
597
305
493
564
514
796
572
448
447
669
191
471
374
743
312
355
376
588
419
399
305
416
367
422
404
333
333
447
650
353
280
464
549
499
676
553
374
394
404
323
312
606
592
252
305
344
331
463
536
653
609
837
442
733
459
433
324
788
393
507
425
346
581
469
372
224
501
440
501
261
554
403
452
315
425
415
379
344
294
452
280
582
508
392
622
246
718
365
329
486
450
332
337
154
650
635
444
505
750
267
703
467
597
727
409
447
564
302
316
599
430
327
314
374
360
391
434
350
444
403
315
674
784
416
348
465
453
788
513
382
395
311
640
292
496
257
783
371
439
371
362
399
296
601
466
621
306
398
300
328
350
344
459
251
308
569
270
451
346
398
385
440
314
633
616
402
416
257
355
313
413
371
447
297
359
238
286
256
451
569
372
457
601
383
350
559
285
215
292
376
324
233
249
327
375
309
218
456
418
237
356
282
345
353
178
359
456
326
344
306
462
557
333
319
638
320
549
454
334
385
220
423
473
327
315
335
371
597
613
187
451
393
270
246
460
567
359
287
228
321
415
301
362
361
704
423
244
359
250
621
347
445
445
615
385
501
315
308
345
373
309
294
337
341
346
475
480
295
323
328
281
517
521
437
387
441
337
423
397
534
559
283
390
399
253
406
223
493
353
172
566
327
368
402
290
578
354
374
273
379
389
471
360
314
437
329
270
316
345
253
239
412
228
340
651
274
233
284
348
76
100
718
647
446
367
311
559
328
288
416
251
245
750
295
273
220
424
389
307
352
473
344
304
273
265
300
469
229
456
662
475
331
387
253
335
416
233
431
247
533
294
396
376
557
271
223
316
431
355
466
200
374
544
451
413
266
379
322
539
422
280
362
348
314
610
190
440
605
485
236
282
308
269
332
274
450
295
254
235
254
156
357
238
515
251
534
341
344
281
273
242
294
247
352
142
472
298
240
263
186
220
310
262
251
450
235
175
547
392
246
391
255
238
254
408
278
141
231
595
240
222
210
228
442
252
190
200
281
376
241
251
450
206
303
413
285
187
302
350
136
392
398
433
116
227
200
423
369
243
247
205
289
231
132
208
182
273
310
309
443
458
241
260
221
171
191
283
256
272
343
88
135
226
193
157
247
419
254
283
308
373
341
271
208
215
278
213
234
203
239
185
437
226
319
194
229
190
270
212
301
298
294
119
105
306
189
188
382
153
252
248
131
255
82
133
170
94
122
248
199
156
161
183
89
308
178
169
141
207
191
113
153
87
154
128
159
93
85
139
207
181
111
111
187
96
113
1078
235
