1065
1332
1416
1289
1269
1021
1486
1302
156
1336
1343
1206
1037
1005
1123
1093
1086
1164
1128
1327
1080
1002
897
908
785
782
964
1160
1276
1389
1299
1430
1506
1598
1890
1912
1916
1584
1727
1528
1563
1582
1615
1697
1603
1402
1323
1475
1229
1440
1821
1646
1758
1631
1551
1571
1641
1485
1676
1677
1724
1517
1739
1433
1485
1631
1686
1455
1591
1534
1820
1524
1894
1721
1061
1167
1764
1737
1397
1646
1059
1551
1539
1323
1731
1541
1226
1079
1420
1228
1653
1491
1600
1530
1418
1101
910
1207
1456
944
1214
1320
1159
1426
1498
1182
1184
1151
1197
1222
1028
1093
1126
979
1021
1150
992
1042
1086
1040
1013
866
871
1413
814
1221
855
958
1329
931
1409
1023
982
1051
698
908
937
1016
988
858
1323
1384
734
1019
758
936
579
988
1495
1317
1272
1265
1186
876
956
1487
1487
1014
1060
1650
1727
1189
1185
1375
1232
1456
1732
894
911
853
846
863
593
666
628
747
676
660
857
654
473
1004
1176
1235
1190
875
525
645
500
426
492
554
556
629
781
705
1075
1068
589
1009
1232
949
1283
1254
1089
805
1113
1444
1461
1295
1888
-1
1034
1156
691
1400
956
1580
1488
1506
817
1475
1362
1282
1332
1350
1227
1342
1395
1343
1083
1378
1241
1375
1238
1701
1323
1057
1654
1561
1540
1433
1158
1128
898
1675
1229
836
798
675
635
528
530
761
699
941
877
1044
956
360
628
479
702
1504
860
944
382
1179
1050
1376
1534
716
1095
1119
1536
1113
1092
996
1007
1145
1253
1269
1241
1342
1229
1439
1056
956
909
962
1506
1529
932
1231
1489
1117
1194
928
1433
1272
1294
923
920
937
709
906
1293
946
690
934
725
588
731
884
1379
610
1400
1130
1294
896
1236
1302
1382
1364
1294
1596
1133
987
915
821
950
1188
1427
1266
683
1085
1161
1145
1339
476
1293
1172
1526
1286
1246
1368
777
1227
1128
876
1383
1238
1528
1342
1144
1175
1132
944
914
1471
1090
1019
1211
1308
1168
1031
1254
1187
1016
1024
1189
1157
828
850
1282
1076
1129
1307
1216
1393
1519
1100
775
1061
1095
388
1214
1034
1351
1409
1098
1082
847
740
621
838
1216
749
748
783
1244
353
1349
962
1036
1215
1222
1023
1234
860
1508
1331
1124
1153
598
1201
1125
1117
1230
596
1225
1084
1175
968
1128
843
971
830
1061
1161
1205
936
745
650
531
715
877
847
1134
747
901
1194
1218
1136
675
758
685
649
1208
1293
645
735
1253
737
732
823
682
1303
1116
856
1109
1058
972
546
931
1069
1221
512
511
1049
978
690
794
998
1008
1032
996
825
1130
971
1027
1037
1127
985
843
1181
893
1166
889
1051
1151
1300
590
987
910
763
894
1120
1187
1196
1057
1040
1203
1267
1151
954
910
972
1050
1063
1271
1018
1128
552
302
504
1138
961
1066
827
877
1180
966
916
1373
1103
755
1147
1149
1128
1130
1061
1006
1056
1086
977
936
459
1232
1136
864
929
816
1153
841
942
869
899
988
1339
1223
1000
993
951
870
1028
828
989
942
978
1211
975
453
950
1021
1109
898
889
1007
931
903
964
1218
1074
1095
567
483
1003
952
884
838
840
1034
916
812
1130
1222
882
314
881
715
888
851
1042
917
1023
1075
981
831
832
777
830
615
584
847
541
775
443
728
1055
801
988
975
981
1089
730
852
833
798
794
716
890
862
810
1068
1029
805
872
833
979
748
760
877
1213
1016
899
1029
1018
1118
848
843
811
999
849
918
848
908
806
601
645
1004
731
912
878
882
1278
616
561
918
266
1037
396
636
664
636
1006
917
725
633
741
630
699
764
799
820
352
789
1001
1145
1063
1133
1084
1059
959
922
969
807
705
765
855
998
859
936
811
911
841
663
750
748
793
789
644
889
849
822
885
728
1113
789
688
852
740
829
980
817
906
839
899
834
745
778
769
727
915
992
774
1074
1201
956
1062
521
721
640
716
832
592
588
661
470
891
726
849
776
839
884
1015
1207
437
664
684
473
783
612
683
675
797
919
888
791
692
794
726
613
592
995
896
787
851
814
638
664
414
963
704
475
683
728
779
692
828
513
864
883
743
916
689
1181
862
677
819
660
788
623
643
851
705
801
558
844
643
840
654
619
728
680
947
747
683
941
633
458
793
822
710
598
418
950
497
694
439
848
948
710
795
1027
939
977
844
904
690
752
801
1017
774
1194
855
782
913
793
676
717
913
673
746
721
564
758
749
585
813
797
706
751
886
818
787
831
963
892
869
980
717
770
725
687
571
801
927
835
711
777
724
522
757
632
882
834
788
811
784
512
703
862
652
888
778
305
919
353
687
604
815
624
1059
690
632
647
582
686
753
790
586
755
765
686
744
949
710
661
634
654
793
684
854
670
680
796
615
649
625
505
733
676
814
965
552
954
707
768
718
791
744
683
725
732
776
695
561
648
828
639
491
614
983
554
618
961
1158
693
564
598
583
551
544
621
540
629
628
542
765
671
792
673
613
634
592
804
748
735
843
659
1025
643
684
674
622
636
564
661
619
588
960
713
1004
654
715
657
672
660
650
515
715
583
626
629
517
583
607
776
594
780
784
1100
627
668
642
810
809
866
636
639
476
684
532
708
798
717
524
715
497
718
768
560
477
590
615
618
674
759
493
676
658
574
802
601
697
755
382
633
818
634
549
547
716
754
610
590
558
657
658
508
801
700
619
658
837
500
561
702
584
819
794
616
813
632
653
432
877
552
911
565
624
619
470
608
330
506
859
410
625
860
567
696
692
477
587
542
549
573
781
590
618
813
953
582
634
568
462
696
639
507
470
583
605
471
580
447
549
528
914
570
385
278
507
701
512
572
533
592
480
547
469
589
592
596
690
836
541
401
636
629
626
546
468
885
594
573
694
621
566
369
435
532
433
440
588
489
710
564
548
429
500
687
515
571
505
213
224
173
597
415
588
498
528
607
324
746
810
491
735
663
552
445
650
634
665
622
586
424
681
782
828
549
533
506
516
484
506
606
277
609
687
529
425
677
588
615
511
767
585
326
437
380
632
600
460
482
690
649
654
336
489
780
670
583
603
756
714
622
661
748
675
389
527
512
441
556
348
605
430
309
357
462
497
346
549
477
409
404
509
419
578
705
457
565
587
660
485
534
488
440
590
574
479
402
504
858
557
477
619
309
488
718
453
479
478
436
447
398
472
538
589
584
414
641
327
313
174
625
432
375
756
390
454
720
614
373
415
518
448
646
730
467
479
441
388
476
403
403
397
408
509
541
361
864
523
555
426
471
416
432
478
385
418
316
275
445
552
615
384
497
592
520
369
474
460
510
532
568
482
458
451
632
377
378
354
414
615
683
615
519
384
378
558
336
535
471
380
536
534
765
632
584
823
442
455
470
399
394
507
444
447
335
396
721
434
626
528
474
414
507
742
412
519
565
642
532
408
509
449
496
389
671
494
890
557
626
455
640
447
368
504
385
370
398
403
464
347
348
359
412
838
326
407
491
492
460
596
423
658
409
400
426
463
302
400
368
412
347
379
412
418
571
496
601
561
376
408
464
557
307
400
357
558
740
482
531
294
506
472
452
603
503
454
396
656
199
436
343
733
378
421
491
566
354
424
316
362
400
503
428
410
382
407
553
333
282
522
537
455
582
611
434
395
370
345
349
622
520
302
363
420
379
481
570
656
613
921
389
685
521
405
368
697
396
516
362
391
625
471
380
280
439
446
437
323
599
445
448
299
419
395
324
359
301
504
340
667
586
364
484
217
621
302
406
465
390
303
446
197
757
711
415
499
659
336
711
505
612
578
465
447
497
374
301
531
365
323
381
418
420
466
359
397
498
454
293
739
680
376
392
404
415
711
549
465
411
346
574
359
458
290
718
379
392
392
404
442
323
473
376
702
277
357
339
358
408
314
453
273
235
476
288
381
314
356
461
439
297
573
677
306
358
254
434
363
463
391
415
371
289
339
344
350
435
521
460
371
561
330
375
492
332
301
374
352
274
293
297
374
412
307
258
525
427
239
327
326
358
347
200
301
424
291
365
410
390
570
335
346
604
297
534
398
347
452
285
429
540
340
354
411
385
529
566
162
429
362
319
272
437
474
333
244
289
376
381
304
400
348
646
359
282
330
238
574
335
426
426
553
406
447
353
361
441
375
307
337
325
350
367
425
442
321
338
320
357
530
471
406
413
448
308
446
371
505
483
271
378
336
301
444
263
472
368
211
616
342
425
374
271
658
362
317
265
414
401
492
338
366
480
286
314
312
367
324
317
435
231
386
616
336
331
321
362
77
85
724
514
389
403
349
534
312
310
323
225
218
632
293
283
229
390
336
268
328
427
353
289
358
271
286
443
271
424
603
400
327
387
227
306
368
314
360
305
418
255
354
420
446
244
190
366
427
388
480
218
293
512
413
390
302
428
356
443
343
334
394
291
346
621
169
372
513
432
262
271
276
318
272
214
382
243
351
273
196
175
362
264
404
277
449
388
389
323
298
251
282
251
309
111
433
331
294
275
187
279
281
335
235
309
284
233
462
313
270
399
292
220
280
388
314
142
274
507
193
241
198
219
371
234
175
197
287
327
300
232
414
252
260
416
334
247
319
355
176
412
359
443
132
234
210
479
372
208
226
220
206
245
152
169
223
245
245
244
412
327
227
238
241
172
202
231
224
279
337
97
120
208
210
178
282
403
271
291
287
350
322
301
213
236
281
203
219
189
227
159
341
214
288
176
223
173
241
191
307
307
252
127
87
258
201
200
364
119
218
256
122
226
98
126
153
90
137
210
188
126
180
196
72
311
198
133
160
211
216
109
157
65
124
127
112
68
62
108
173
112
109
110
158
89
124
886
297
