1695
1785
1818
1724
1502
1201
1940
1674
100
1654
1722
1545
1623
1545
1289
1407
1326
1467
1363
1591
1431
1372
1338
1741
1434
1363
1408
1545
1650
1703
1474
1653
1651
1613
1649
1613
1586
1465
1475
1521
1600
1472
1445
1442
1401
1482
1358
1480
1493
1336
1565
1436
1416
1381
1259
1260
1320
1204
1367
1207
1252
1206
1330
1440
1125
1237
1368
1170
1222
1196
1538
1476
1398
1505
1316
1247
1186
1296
1245
1220
1152
1099
1050
1096
1078
978
1437
1188
1046
1525
1360
1254
1414
1584
1493
1578
1160
1206
1344
1073
1088
1277
1498
1419
1324
1199
1147
1090
1167
1163
959
1087
1156
937
1040
1029
972
1023
1092
1033
1085
961
1179
1289
1217
1141
1139
947
1065
921
1496
954
976
998
891
865
966
1042
733
1034
1218
1125
946
946
918
916
773
940
1548
982
1217
1265
1119
914
1239
1376
1261
1056
963
1424
1307
1169
1167
1447
1473
1410
1425
938
899
899
892
909
775
847
673
772
687
710
941
760
675
926
929
1056
1141
1441
633
677
582
567
509
590
522
591
882
687
1242
1240
1230
1202
1551
901
1605
1623
1240
925
940
1100
1016
1048
1149
1034
-1
1126
790
1267
1161
1462
1411
1354
840
1170
1074
1061
1111
1157
1004
1071
1250
1029
1317
1521
1206
1142
958
1131
1300
1008
1229
1195
1245
1031
883
897
747
1127
852
1544
924
799
1047
632
618
1043
872
1083
1138
990
841
476
608
576
732
1394
690
941
505
965
1117
1385
1191
739
1044
1040
1028
963
940
865
830
964
1012
1097
1121
1108
1048
914
1335
952
812
766
969
1021
820
840
1396
896
1480
883
1195
1124
1278
868
826
861
675
797
1209
1027
1165
1035
766
969
750
864
1412
1120
915
903
1375
1105
1300
1277
1190
983
1102
1284
1433
859
1326
814
918
1107
1186
844
779
1213
999
944
992
970
1088
805
982
1241
1060
947
1311
1117
1016
1081
1092
1121
979
1374
1047
946
895
1564
921
1198
1074
1213
1364
1333
1214
932
853
1047
903
933
1089
978
809
703
861
1065
968
946
1004
1158
863
1316
663
828
934
494
1340
1328
1272
1071
776
800
804
674
681
775
1129
1152
1149
638
896
423
1332
1305
1270
1209
1175
1016
1059
951
1071
978
738
995
655
1021
1179
979
868
665
1044
1340
1026
781
926
803
750
812
950
940
1123
892
699
629
569
609
804
653
811
688
780
923
855
821
612
661
646
539
1029
1099
676
883
1219
1203
672
1035
851
1029
832
778
786
740
730
508
863
1073
987
563
597
1266
764
738
632
720
775
787
748
736
917
719
835
883
819
880
1098
777
743
992
1080
830
931
944
663
1059
1315
913
1043
1165
1166
1161
1206
1078
1179
1047
1061
999
849
1220
944
800
1032
844
1043
564
271
918
1289
723
915
1273
837
1056
1271
1211
1169
1022
724
1225
1289
926
994
1030
883
1001
925
870
828
540
807
928
687
911
757
979
682
742
617
654
790
862
723
854
807
815
728
613
999
707
755
881
885
761
546
764
934
944
778
639
832
753
640
749
1134
1002
941
734
591
912
768
729
713
721
742
906
682
1082
1203
827
334
624
1157
671
671
742
692
900
832
1085
943
707
674
591
628
597
568
669
541
527
427
662
778
751
1014
983
1150
644
737
722
672
644
684
716
700
820
869
751
1430
845
585
664
504
677
702
890
778
667
813
725
900
782
777
753
864
688
797
628
760
731
945
748
789
781
934
935
640
849
571
520
817
327
1013
753
532
737
511
687
716
721
644
696
618
561
571
608
586
342
711
856
939
893
909
927
898
965
991
776
604
545
559
791
810
653
781
732
569
673
584
623
495
648
633
1195
585
741
781
760
558
1025
558
507
764
610
661
604
694
873
853
869
915
751
711
528
574
862
928
592
1221
859
870
801
531
635
478
573
648
425
602
491
504
514
562
714
627
684
691
1048
1248
461
492
508
518
637
495
502
561
590
670
1377
693
1012
673
677
521
762
687
525
716
1221
1131
482
681
449
1053
561
588
420
643
449
460
694
715
786
749
585
688
539
1018
609
490
681
525
500
479
515
682
556
644
446
720
858
696
565
712
456
489
858
535
941
691
571
252
560
659
552
613
938
1094
550
664
569
729
1052
495
596
639
707
587
550
551
771
641
788
883
530
946
806
567
754
536
555
699
712
646
591
535
673
571
528
722
805
975
905
832
861
646
623
656
668
578
615
613
526
496
758
608
447
650
808
568
476
545
484
368
512
403
618
632
601
658
807
639
945
1032
470
672
610
315
848
377
630
472
830
459
856
567
518
504
388
567
731
586
372
557
530
570
736
755
420
527
501
535
628
499
708
541
583
629
933
731
563
435
686
537
662
887
510
869
648
499
741
614
607
377
487
471
737
531
431
518
551
593
704
412
891
1123
1067
586
983
577
483
547
520
482
390
520
502
468
535
378
443
424
667
484
428
455
487
679
674
631
784
525
1112
605
488
675
474
560
378
549
483
502
848
486
909
560
564
665
494
486
528
428
435
333
515
658
568
551
510
1304
458
674
850
837
662
592
597
644
872
782
533
663
378
451
456
619
792
478
515
610
370
659
718
500
603
737
510
592
563
892
421
576
601
425
704
531
862
724
283
504
685
631
429
432
554
512
408
464
339
549
650
454
549
512
430
458
688
389
410
538
495
708
608
410
673
600
606
382
571
362
823
450
458
472
633
459
336
563
544
406
494
768
640
513
530
432
363
374
393
412
529
402
430
735
594
456
560
501
455
1003
465
360
316
456
511
354
511
463
422
361
793
470
379
346
456
528
740
372
402
427
335
436
415
699
478
483
536
644
391
285
535
392
553
385
374
551
410
408
549
566
475
203
315
404
453
446
455
484
508
507
365
266
434
585
415
387
409
305
337
282
840
329
522
425
566
523
251
537
605
356
608
599
422
369
446
423
439
437
420
316
427
535
664
476
557
361
316
379
492
541
332
648
647
340
260
483
584
627
408
505
410
314
324
256
438
531
369
364
503
536
535
286
570
678
552
639
499
637
607
539
606
1049
608
275
396
329
329
486
276
505
338
263
338
505
611
308
460
400
363
311
390
370
542
664
339
382
420
600
388
372
612
562
580
477
329
308
574
512
446
302
428
240
561
622
315
282
368
376
340
332
390
466
470
420
339
562
376
229
132
689
417
282
551
250
533
478
418
235
331
402
339
477
592
377
360
418
268
300
297
295
300
292
469
440
306
909
407
480
400
398
317
327
409
276
299
283
270
578
712
488
288
331
553
454
383
486
334
397
460
467
348
373
294
476
252
275
260
318
730
625
899
421
496
387
577
222
467
307
288
514
502
534
387
365
577
292
355
317
302
292
304
299
312
278
293
665
392
566
468
428
471
468
739
311
360
404
471
424
320
383
352
401
283
486
405
732
402
540
331
567
336
278
366
278
321
505
502
383
262
263
288
293
612
336
297
300
354
374
445
255
765
283
257
400
353
229
291
291
333
285
343
321
343
669
509
636
447
242
486
600
474
229
304
309
474
477
342
414
232
410
587
413
652
382
633
336
543
223
338
300
603
262
331
378
501
325
322
242
524
421
284
305
320
316
276
435
293
225
482
437
436
482
503
302
295
309
230
230
530
362
246
251
274
272
372
449
457
765
606
472
569
341
325
233
642
389
408
553
280
425
341
307
248
378
382
348
168
459
379
359
244
430
276
228
270
246
408
285
562
395
331
835
331
497
256
325
347
281
201
294
144
467
489
341
428
566
222
591
482
563
526
329
311
390
236
255
603
401
249
262
376
305
314
318
325
445
275
251
588
561
382
278
336
345
727
418
290
467
356
482
234
394
214
526
304
418
357
329
395
208
413
322
510
256
310
238
383
352
272
381
181
310
463
215
330
288
266
284
374
253
497
473
296
313
189
276
288
341
322
431
232
248
215
220
170
419
417
311
348
506
415
278
648
229
199
234
282
245
222
292
279
410
214
197
368
425
209
294
285
292
257
208
221
381
265
301
296
333
496
299
279
432
225
393
359
300
319
197
269
338
292
297
324
313
478
634
228
348
250
248
198
213
470
276
192
185
285
315
218
211
345
691
303
212
271
300
433
288
288
337
451
398
452
252
277
285
368
329
314
282
251
272
553
531
213
265
253
260
368
387
325
275
311
283
390
320
361
474
221
322
357
236
332
187
401
396
125
465
244
314
329
189
578
261
276
194
261
252
431
396
309
334
336
213
349
337
196
206
350
168
380
447
231
202
223
264
90
147
521
725
341
214
311
519
261
200
319
212
198
558
221
226
166
323
245
262
267
401
364
261
281
181
247
382
222
395
424
517
360
284
213
273
316
183
282
186
428
444
460
359
411
193
176
286
318
261
431
114
259
545
323
361
237
279
291
399
317
247
298
327
249
728
142
396
487
459
226
171
220
266
221
201
318
332
242
212
210
124
246
175
456
212
379
259
258
219
301
174
223
180
298
26
362
235
212
222
161
161
256
238
184
269
199
151
561
474
207
264
135
161
175
344
380
134
296
419
196
170
162
203
556
202
114
143
213
265
205
236
373
160
232
411
164
162
298
260
113
311
367
303
101
170
196
336
314
188
219
154
375
176
98
145
133
278
278
276
372
330
178
193
216
128
148
201
169
175
273
121
97
175
136
100
211
356
201
215
228
337
256
180
139
133
178
176
188
160
192
138
321
188
236
157
162
193
204
142
232
232
256
103
69
233
128
127
340
136
221
202
104
218
67
103
145
89
118
190
127
118
134
143
75
255
134
135
110
167
177
81
147
76
102
90
124
63
63
104
156
201
89
89
120
69
121
1472
193
