141
169
191
193
182
174
208
182
19
187
184
167
153
140
147
165
166
182
167
196
145
152
124
150
125
128
165
181
191
204
192
179
195
226
231
222
231
214
224
215
215
230
226
237
226
205
192
221
182
234
241
228
226
207
207
211
237
203
246
271
258
238
266
172
218
211
232
227
227
229
234
210
202
218
160
116
214
215
156
172
150
212
229
154
203
198
164
158
207
184
227
193
212
217
198
159
125
190
192
128
177
211
169
212
204
190
216
198
203
221
192
173
177
168
170
225
175
160
159
200
167
156
139
217
126
204
102
180
173
177
200
197
200
212
128
200
166
172
133
93
179
271
115
194
135
175
103
166
203
211
196
183
184
171
167
231
214
184
187
222
205
184
199
171
185
186
193
179
187
161
164
170
117
117
146
156
139
128
168
128
82
180
160
191
161
93
113
137
108
92
101
115
105
156
78
118
142
144
104
160
175
230
201
203
184
107
183
227
214
190
218
211
167
199
68
213
165
224
220
221
169
207
240
227
211
192
200
202
188
199
113
190
198
197
191
201
224
211
217
249
193
187
223
147
132
207
222
136
91
72
88
59
77
93
111
123
141
175
207
63
105
68
146
223
130
191
50
228
152
190
227
152
167
125
208
184
180
188
181
168
194
191
171
221
246
238
176
202
173
158
189
186
103
165
211
219
204
113
199
235
187
228
233
226
182
206
227
111
99
124
93
91
95
109
207
98
195
179
181
163
188
220
185
176
212
214
154
166
136
144
159
185
188
157
128
166
182
195
209
83
216
161
170
226
196
203
105
231
198
159
217
235
186
199
194
158
177
151
173
215
186
213
176
204
192
123
178
181
182
181
198
177
230
238
200
207
186
173
231
212
167
187
125
263
192
58
204
168
219
230
177
175
177
149
133
170
211
111
111
119
194
56
199
144
157
186
184
124
208
129
177
161
156
203
66
197
233
183
218
121
197
181
202
199
166
105
158
124
219
171
209
191
222
235
175
249
214
88
155
159
190
234
223
229
233
227
176
217
250
209
176
95
194
126
207
148
131
216
218
114
166
170
119
67
182
172
224
93
144
167
195
131
122
246
266
283
261
260
253
252
228
201
205
107
151
153
128
181
160
188
192
243
123
167
156
146
174
195
192
222
211
181
192
236
193
161
225
165
181
187
219
208
213
59
35
68
197
256
191
126
139
198
156
141
227
204
194
218
186
189
189
172
151
205
198
191
177
75
226
225
230
203
159
210
175
176
172
183
170
188
239
205
219
224
202
234
169
202
199
190
221
185
101
207
205
237
164
208
231
256
272
206
190
176
211
92
78
172
187
183
181
187
143
157
147
193
179
129
60
169
85
259
280
257
294
186
169
162
161
196
171
179
139
106
191
147
218
110
90
202
200
243
146
187
141
168
204
198
162
181
115
137
177
135
180
214
139
177
221
152
129
93
193
204
242
175
223
169
226
195
222
205
225
226
204
218
226
189
84
117
226
153
190
185
286
212
264
231
256
47
148
51
145
141
92
176
197
196
158
191
172
205
256
216
152
76
175
174
257
248
249
248
251
215
201
212
313
263
206
215
186
200
203
191
191
221
139
156
206
219
231
135
260
269
231
202
174
224
238
200
128
203
195
172
201
200
178
199
188
225
190
304
191
196
140
232
141
169
161
196
164
186
127
121
173
105
138
119
70
122
240
224
248
212
181
131
170
78
109
118
53
114
173
204
212
262
197
153
278
135
173
170
208
77
276
158
162
171
159
239
159
60
165
168
116
138
191
201
162
174
94
193
177
202
252
223
210
158
278
177
176
102
218
209
161
191
195
150
134
97
134
185
92
273
229
171
285
106
245
204
89
143
205
252
167
83
186
129
210
57
182
156
145
223
226
189
233
272
182
178
195
169
184
252
197
194
183
156
161
149
164
167
163
292
254
165
257
265
199
140
142
138
136
184
179
170
175
175
173
181
216
157
100
190
106
203
160
198
95
102
115
103
109
106
124
195
182
180
189
154
90
141
176
86
175
207
43
207
77
93
281
195
231
169
209
199
200
120
241
184
275
188
191
208
141
158
197
210
181
286
192
153
177
168
173
190
184
144
163
178
58
162
204
186
202
133
196
166
242
150
170
169
101
191
186
161
151
135
181
243
155
93
207
163
92
138
183
197
215
192
184
150
164
295
227
162
230
120
139
117
112
232
220
180
160
179
183
182
183
182
198
182
159
148
171
191
187
163
176
199
172
117
180
229
104
162
160
160
141
196
156
255
216
177
98
167
181
164
153
192
146
190
248
138
154
192
172
147
206
170
162
123
89
179
177
170
130
159
195
271
180
169
166
98
170
176
174
86
144
153
154
173
327
127
123
166
168
101
168
121
214
171
213
170
149
207
167
140
183
154
124
139
252
266
147
206
95
209
194
187
158
215
184
127
96
158
179
138
161
194
149
203
216
65
235
80
92
214
145
155
204
75
155
164
153
181
273
194
134
213
136
153
215
200
165
146
122
149
161
166
116
99
200
103
125
168
52
212
174
192
182
88
43
154
175
97
176
252
146
192
179
136
168
198
196
184
152
139
150
134
194
125
162
156
168
152
141
220
162
170
69
153
239
149
125
158
144
186
155
229
249
211
221
164
187
134
29
30
20
66
170
196
168
92
194
88
147
154
121
174
120
178
143
132
124
140
125
127
105
100
181
179
153
127
151
209
165
171
180
45
180
154
172
158
158
169
179
71
167
172
131
210
147
159
135
120
116
113
171
170
148
146
224
316
125
189
214
198
195
176
141
124
147
156
125
257
143
138
160
140
97
142
143
125
122
120
154
104
120
186
131
158
174
150
168
208
193
195
214
126
149
157
176
162
139
130
175
143
107
122
138
138
171
187
171
183
170
270
153
174
165
136
131
162
180
43
105
92
120
155
170
85
243
139
123
137
128
141
145
142
181
90
139
123
115
220
253
153
228
215
215
110
195
124
174
193
200
150
188
143
139
153
167
139
136
126
89
151
141
105
131
193
175
61
120
80
209
163
70
320
140
136
157
167
172
175
183
150
167
139
143
110
158
174
124
145
170
154
176
178
201
155
156
160
259
166
206
177
176
163
94
193
113
99
144
106
124
177
149
123
131
195
92
201
205
226
198
141
194
203
117
166
152
205
175
143
159
248
78
85
149
290
173
139
119
112
279
231
224
219
219
152
130
278
193
205
158
166
143
153
108
85
153
150
102
221
144
175
141
135
185
122
133
156
140
154
68
139
132
137
124
320
140
166
137
95
132
113
182
90
131
158
87
143
148
156
153
145
141
214
228
241
188
174
140
150
132
132
136
90
207
77
71
124
141
140
113
147
107
159
143
156
155
154
138
142
145
160
90
208
227
199
171
168
117
185
97
179
133
211
132
114
207
156
118
144
116
192
115
160
101
196
165
77
132
114
168
148
182
136
159
132
110
157
118
146
187
164
189
97
123
94
98
121
85
108
117
92
94
65
129
135
146
115
136
214
161
192
187
161
187
159
186
91
118
129
122
129
211
113
144
151
104
189
152
116
105
189
149
96
126
135
120
103
250
177
130
132
166
247
131
59
174
149
116
179
171
178
142
161
129
246
113
122
166
160
135
113
261
134
74
143
129
126
133
134
149
191
136
106
163
123
137
115
165
179
187
140
154
230
118
58
77
113
198
125
228
125
164
67
309
149
174
162
192
118
112
143
129
164
99
135
180
145
133
95
138
92
145
125
27
86
109
113
164
195
138
157
127
165
148
104
144
111
168
125
149
64
173
125
145
212
144
148
79
42
146
104
197
187
71
143
100
95
187
131
112
121
123
143
105
132
60
146
89
135
165
94
163
155
218
110
105
167
245
136
125
185
127
153
158
145
132
215
180
144
130
142
144
107
135
166
90
157
141
168
180
124
154
126
164
153
203
155
133
25
143
176
170
164
87
142
148
124
104
125
135
202
139
82
155
91
178
132
102
257
182
186
113
99
152
199
167
266
119
8
14
121
104
90
122
146
149
46
157
108
106
101
148
198
154
105
106
98
98
137
139
151
107
153
137
142
143
147
91
126
108
121
131
97
143
145
101
144
154
155
105
136
194
125
64
87
215
167
165
146
52
124
97
127
155
108
203
167
166
100
169
205
97
223
79
72
123
122
123
131
131
114
154
107
87
92
93
87
77
82
46
91
221
123
174
167
140
140
137
83
76
131
91
147
33
170
200
39
161
133
47
122
165
88
53
146
131
124
92
126
146
46
87
61
153
85
114
154
151
90
118
77
100
116
110
56
92
32
114
232
92
165
152
78
141
110
129
134
109
39
140
133
124
38
102
78
136
216
101
59
223
82
131
83
38
130
76
98
97
170
63
72
117
81
85
139
123
105
36
129
14
38
96
141
53
111
157
155
118
175
123
124
84
82
56
59
85
93
91
90
88
145
94
125
85
91
87
99
107
178
177
121
68
60
112
103
101
142
64
136
155
71
66
72
57
82
55
91
108
22
72
82
92
55
109
97
71
171
-1
93
120
104
45
66
130
64
43
37
62
95
40
85
84
40
92
58
150
181
