317
362
368
380
357
348
425
363
63
392
376
326
285
268
301
317
332
343
332
390
299
324
294
313
265
230
324
370
386
390
377
388
399
412
423
476
476
400
449
413
457
460
397
471
484
454
416
449
380
445
511
514
476
492
453
474
518
462
511
504
577
553
451
375
523
485
476
571
521
585
419
437
465
454
362
274
442
468
340
396
300
538
506
451
458
478
364
299
552
383
446
418
388
394
393
318
306
419
410
277
349
473
390
438
408
457
453
460
474
417
409
389
389
365
418
409
410
348
395
402
337
345
293
451
270
487
179
357
452
395
398
340
365
401
228
395
428
433
359
299
426
406
254
438
331
379
147
390
435
491
365
389
386
415
343
437
474
431
420
416
419
405
417
338
382
395
433
341
344
320
298
314
186
172
212
251
257
266
304
282
129
391
424
440
325
235
182
254
184
126
173
195
212
203
238
265
358
355
124
318
384
348
383
391
354
319
393
372
369
530
463
418
299
361
131
405
328
412
439
397
298
441
483
487
554
445
378
469
338
513
296
386
374
386
442
438
470
468
454
504
396
361
355
340
342
411
450
284
227
247
209
172
195
229
132
180
302
447
369
106
223
195
231
433
301
378
151
421
307
393
462
263
249
257
474
321
366
379
379
412
410
488
390
485
472
435
353
427
354
404
410
412
291
428
462
458
389
299
451
475
409
305
329
322
287
343
453
296
222
259
277
212
244
274
439
162
427
404
397
306
349
461
422
425
480
403
271
406
303
376
385
420
441
389
224
371
431
542
399
101
487
358
400
412
394
440
233
361
271
296
385
316
408
426
371
497
418
293
394
406
373
382
380
402
406
421
395
349
340
348
456
438
289
322
446
390
390
429
441
411
407
367
377
329
489
156
405
373
443
460
499
499
391
349
329
390
363
176
181
310
490
91
394
277
321
416
379
283
433
150
382
383
607
420
209
407
424
371
397
243
410
340
438
509
515
242
343
272
427
325
478
422
255
246
177
246
321
202
343
303
372
579
537
529
229
257
235
247
344
382
296
256
386
259
282
274
263
560
573
412
623
631
521
207
517
333
513
226
171
349
248
213
238
331
337
321
303
324
326
318
330
370
352
299
247
342
393
384
305
458
469
493
268
330
290
252
333
406
388
430
411
370
432
402
395
324
269
365
421
280
485
448
475
202
143
202
405
306
457
278
292
448
337
268
439
426
323
409
351
430
438
421
338
484
388
472
464
176
452
325
288
397
367
456
552
527
325
374
320
385
386
289
276
272
263
282
226
294
360
281
416
423
135
359
369
527
408
614
276
253
277
349
358
370
289
271
235
347
234
459
383
378
342
340
278
416
413
295
14
378
248
322
277
295
265
421
240
342
361
617
248
265
179
158
313
154
305
130
315
446
411
308
286
400
320
421
442
422
291
409
317
372
310
212
467
417
233
328
526
496
534
410
482
423
486
425
466
354
521
230
557
326
466
490
427
262
264
504
174
217
381
412
426
402
326
435
223
220
229
71
297
126
222
212
128
341
286
349
373
276
234
234
259
312
317
119
529
429
454
444
462
432
427
402
389
361
336
267
303
424
371
554
397
251
263
283
268
274
334
643
641
221
313
253
239
516
593
443
291
323
229
345
531
388
399
394
388
415
363
200
248
324
563
252
370
355
295
444
388
509
155
201
446
516
561
464
314
290
201
370
284
300
303
508
488
239
345
214
505
473
138
299
542
622
324
303
295
273
239
222
403
279
229
188
317
325
271
361
331
290
384
107
298
589
127
202
241
333
283
380
203
314
402
275
595
470
391
313
328
470
551
330
520
558
404
610
557
497
308
245
254
249
323
333
488
339
349
189
536
576
254
423
378
324
362
91
356
212
242
148
363
342
287
303
355
416
366
314
367
330
214
519
359
393
407
478
387
333
344
321
394
390
385
264
250
157
250
440
168
304
319
306
308
380
417
409
413
329
411
441
385
378
290
384
235
527
378
383
257
317
315
293
314
271
334
391
436
266
284
296
96
305
346
366
349
450
256
389
105
136
323
344
379
342
428
400
389
392
274
387
266
289
346
250
275
341
361
278
518
303
240
486
498
436
275
275
493
255
299
307
205
309
244
268
407
284
401
379
253
307
381
382
226
441
449
375
312
289
382
257
378
159
304
359
104
242
438
430
605
561
515
490
564
317
237
317
446
373
245
297
223
481
538
399
434
530
439
449
440
425
398
367
331
324
361
259
494
522
486
569
411
276
356
427
272
384
336
400
341
555
374
229
231
463
315
343
374
374
231
422
455
379
444
278
268
381
294
341
490
465
343
208
293
311
270
331
316
305
371
335
244
320
364
167
323
316
342
201
319
416
430
325
242
320
279
306
407
208
418
351
242
550
250
427
385
359
530
364
463
337
290
305
270
291
381
544
397
293
542
429
280
483
379
306
253
345
280
289
368
415
223
467
551
194
391
81
148
424
483
445
487
318
350
396
403
328
366
478
398
389
263
345
422
393
475
311
240
234
259
343
299
225
526
275
586
379
283
448
405
473
232
197
112
422
336
216
293
200
358
251
270
421
319
386
390
228
355
245
316
423
274
328
370
382
452
348
319
265
335
320
328
560
250
274
285
339
364
420
299
280
206
470
224
486
363
443
80
101
82
179
279
392
335
104
358
247
375
393
324
511
369
486
512
363
331
360
360
381
314
379
427
452
329
184
365
294
405
329
479
67
227
190
267
218
328
311
329
259
345
382
309
283
270
365
257
266
251
282
207
210
252
166
351
219
257
475
437
399
371
344
255
298
284
286
298
262
357
327
346
357
241
339
280
267
309
214
366
490
406
438
256
358
341
368
367
333
545
567
329
227
244
210
454
312
345
319
381
371
532
345
229
301
359
216
328
273
274
234
332
443
339
354
329
400
464
258
232
143
324
439
473
261
319
182
325
386
261
446
285
353
303
263
323
621
377
320
318
391
296
344
319
293
418
460
371
215
465
481
543
332
281
148
412
-1
458
485
187
318
230
451
251
399
343
285
271
202
365
274
236
292
364
361
503
262
257
240
243
270
324
260
338
162
196
375
253
355
358
390
348
359
417
394
365
510
272
272
281
230
242
321
302
252
471
247
287
256
297
327
305
285
162
411
252
253
420
445
431
396
456
419
273
359
355
372
325
389
289
343
334
241
283
270
368
333
208
232
212
188
198
201
265
302
287
249
236
217
322
188
252
253
248
225
352
316
257
374
234
367
288
301
189
311
285
321
229
412
373
253
202
332
258
321
335
332
283
319
406
238
409
194
307
305
301
253
412
351
93
316
338
422
248
246
262
341
314
276
236
216
236
242
320
238
208
325
335
272
228
283
296
339
322
232
284
287
291
245
239
358
230
201
235
193
244
342
327
377
156
399
277
446
231
531
247
410
209
325
104
292
331
323
223
148
392
165
422
246
344
202
459
286
334
427
323
313
206
230
191
295
340
232
142
108
277
452
209
294
294
370
250
150
341
350
308
252
325
223
289
255
381
384
314
310
392
251
211
268
264
258
185
181
291
263
313
205
291
344
446
275
359
250
279
387
309
235
247
242
227
182
377
186
341
173
403
325
229
212
209
207
250
433
314
375
271
339
299
170
176
320
222
221
115
303
212
390
478
305
378
196
269
376
359
338
391
204
265
216
293
282
257
212
242
209
229
244
302
324
183
340
242
98
258
318
203
157
217
323
273
163
134
203
167
274
206
287
277
177
276
216
483
330
68
339
359
287
288
188
327
228
300
189
407
310
304
346
220
279
168
177
365
245
223
164
256
434
225
41
365
403
241
285
268
328
235
245
215
268
308
239
324
204
215
270
189
329
160
436
263
212
243
344
198
185
241
197
217
234
216
178
302
235
249
251
272
297
223
306
168
280
327
274
509
352
199
329
282
292
320
266
353
302
194
338
292
449
182
60
320
308
298
375
234
249
245
285
187
259
255
241
224
237
274
203
196
221
191
203
189
209
191
239
302
200
188
205
268
29
31
377
150
182
326
212
307
144
244
276
232
182
331
233
199
169
300
269
194
325
266
191
200
149
193
289
417
206
153
276
247
186
353
163
268
304
218
335
198
305
149
238
192
301
299
237
253
345
321
274
191
321
181
228
266
332
229
194
456
276
174
281
202
253
242
212
211
307
210
198
258
368
197
226
189
247
154
231
208
137
130
272
205
225
278
344
218
219
180
157
206
291
206
244
140
385
333
123
169
121
162
229
156
178
157
155
173
228
229
267
358
165
282
174
217
89
100
131
323
263
187
276
160
197
192
247
184
117
246
163
176
256
170
216
190
290
156
228
398
108
242
222
294
105
165
192
283
232
201
285
227
112
209
118
112
221
147
222
220
305
150
216
200
153
138
150
225
229
84
241
138
219
196
156
141
201
248
233
191
181
223
277
270
176
205
117
179
191
163
195
142
289
173
193
152
139
160
212
165
185
183
177
106
89
210
228
228
203
91
117
186
147
157
72
105
130
69
88
163
99
130
127
141
74
184
110
120
98
139
124
86
102
48
104
93
76
66
70
107
143
90
80
81
115
69
67
249
213
