209
231
256
260
249
242
290
252
34
245
247
223
211
193
176
207
223
245
234
250
209
215
181
229
184
162
198
261
252
278
234
270
252
235
267
258
246
244
251
248
246
257
242
258
249
240
212
246
212
232
284
232
240
248
225
211
241
213
209
237
257
250
224
211
238
237
241
238
238
230
279
270
278
284
179
156
248
259
226
253
171
236
229
187
246
226
205
144
226
229
247
242
243
266
274
242
164
229
246
144
167
205
240
255
253
201
194
208
195
171
178
173
176
163
169
171
173
156
187
180
168
169
162
234
137
217
113
152
176
157
245
152
169
165
108
184
177
191
119
129
188
200
136
202
143
165
97
161
308
236
213
249
202
169
191
276
237
187
187
247
249
209
215
214
270
254
276
161
173
144
137
161
106
121
102
133
111
117
156
114
84
194
174
205
196
166
102
125
80
78
81
95
90
99
99
123
181
181
155
189
317
150
276
268
227
144
170
187
196
215
257
232
236
190
69
238
217
278
294
255
151
251
213
224
250
235
171
239
189
218
194
308
207
243
203
272
225
217
249
258
249
211
171
138
121
263
190
211
105
88
132
74
79
114
104
149
191
203
181
64
102
67
116
298
104
184
50
202
182
219
268
140
162
154
300
179
183
202
209
201
200
212
226
252
268
226
230
192
190
133
221
238
173
217
286
181
261
179
265
235
253
172
175
163
141
155
259
160
149
172
127
132
125
132
311
142
223
199
261
179
262
276
256
257
247
275
277
162
205
164
182
207
269
226
104
175
199
245
193
106
221
195
213
234
247
206
162
179
163
155
239
163
248
300
210
163
193
227
187
291
227
248
283
301
258
151
240
176
187
185
230
245
131
166
237
229
212
212
213
259
214
282
123
153
207
64
292
250
254
236
167
173
164
134
137
166
224
171
169
108
277
47
310
218
265
325
316
164
223
147
275
204
181
237
93
200
252
197
173
119
247
238
211
192
202
107
182
146
261
160
286
197
144
124
110
135
151
103
177
115
177
232
228
224
130
135
127
126
193
235
142
121
243
188
144
198
199
249
213
157
192
194
149
86
223
212
239
92
102
256
128
106
106
144
154
151
163
165
172
165
165
173
183
166
176
177
139
239
217
218
225
223
124
219
221
180
186
260
242
265
345
251
282
207
221
172
146
265
184
143
279
251
340
92
45
109
273
160
220
192
185
243
204
288
260
257
174
274
267
229
210
260
162
245
235
202
189
99
238
203
205
230
231
295
214
200
142
168
187
234
201
197
170
170
155
172
166
192
181
173
224
224
80
168
195
233
177
222
160
163
164
221
236
231
193
106
96
269
141
226
214
244
189
249
141
198
289
152
37
193
138
163
157
193
168
212
135
234
228
229
131
134
115
103
132
115
148
76
123
247
195
202
170
279
256
203
269
246
165
178
137
156
157
144
222
200
245
249
263
172
163
139
202
193
224
174
238
199
256
178
276
261
285
299
212
171
185
271
116
126
209
173
299
269
168
224
122
113
162
43
173
85
118
124
97
218
183
181
173
124
111
97
147
144
181
57
216
214
246
237
241
248
245
269
269
185
154
161
159
276
231
203
225
168
184
151
103
142
134
273
262
202
153
150
162
245
211
233
181
181
146
183
249
175
245
310
268
300
311
139
166
171
234
166
234
183
211
191
243
230
76
98
148
163
220
145
138
118
84
185
141
156
184
225
231
165
221
106
145
153
50
149
183
220
208
196
175
233
145
139
240
165
120
107
164
146
149
258
238
185
158
55
224
206
73
104
173
189
160
286
122
209
331
190
235
186
238
185
170
231
202
102
209
200
187
238
249
184
218
139
166
130
115
176
209
249
157
207
215
242
105
179
214
166
398
165
290
111
121
68
203
254
167
176
187
265
210
157
205
293
140
225
208
202
279
212
212
228
181
130
186
302
345
174
186
109
159
182
135
158
228
202
174
245
304
290
267
229
302
290
248
221
131
299
128
245
252
230
144
156
180
164
196
120
165
221
236
184
191
180
99
285
253
104
258
293
73
246
57
156
151
227
193
231
239
181
192
113
163
226
192
179
205
125
172
239
232
181
218
140
139
176
180
257
174
191
244
244
169
259
58
157
155
147
286
215
208
235
148
141
257
261
123
246
251
227
185
188
365
160
296
85
206
202
150
211
298
247
236
221
229
205
235
149
136
223
152
148
88
120
107
227
248
236
247
245
228
206
213
202
215
256
291
181
173
173
234
211
235
211
204
169
253
279
139
305
318
321
197
234
201
157
145
250
103
314
367
335
210
262
205
288
221
179
133
376
163
191
218
201
270
82
153
188
182
189
171
201
218
144
139
244
371
92
344
134
240
138
201
193
180
367
119
178
172
287
244
127
208
197
150
184
103
330
167
183
233
234
223
334
219
177
160
165
293
242
97
117
212
290
166
246
272
227
142
217
188
143
215
234
132
230
247
94
208
62
80
245
185
208
228
98
254
184
230
214
180
226
277
236
156
262
280
260
198
191
209
189
237
255
172
150
258
121
157
203
84
236
270
219
129
69
47
156
195
116
198
128
248
150
161
234
360
310
310
131
195
144
284
183
183
180
264
240
182
192
173
169
295
293
90
184
166
353
134
206
201
240
254
222
156
217
177
216
202
163
27
30
22
95
167
280
246
102
328
159
234
213
202
196
172
203
196
183
180
164
162
161
141
143
262
237
257
143
291
198
194
330
193
53
161
118
197
184
255
310
302
80
215
283
252
157
173
197
153
187
157
165
141
138
204
153
241
143
199
262
221
207
170
253
176
245
259
205
197
125
186
280
221
223
173
178
333
271
265
110
206
149
141
212
223
264
232
245
289
197
242
201
155
295
335
137
250
291
214
149
202
258
128
274
212
330
214
144
157
221
252
134
165
221
254
275
300
255
190
80
160
142
172
205
214
129
157
197
179
202
210
154
184
245
274
125
196
169
157
139
127
211
148
153
139
191
196
156
248
163
241
190
218
300
226
132
138
176
185
168
117
283
111
139
174
232
203
84
177
92
151
309
85
144
230
266
177
128
130
130
119
170
266
221
211
231
194
297
172
208
222
259
241
257
233
250
251
181
184
200
215
119
124
333
107
206
169
155
203
196
222
271
263
161
106
217
132
171
211
238
217
210
248
224
165
225
243
193
264
235
174
177
120
146
294
162
160
262
229
317
162
181
174
179
123
206
168
156
171
164
320
111
236
268
156
149
309
262
208
151
200
223
191
220
134
277
227
269
136
188
94
334
222
226
235
127
208
168
174
99
138
194
240
91
258
203
102
246
190
186
133
240
200
254
142
148
270
313
184
179
163
254
368
98
115
116
105
253
222
312
232
300
238
204
172
147
315
257
324
211
227
315
135
128
179
134
212
233
198
239
123
230
359
185
95
156
173
187
234
206
95
134
227
210
139
148
215
117
136
203
273
106
209
189
213
145
167
179
191
145
228
273
226
174
160
171
165
173
119
166
137
93
148
135
200
193
241
141
163
200
212
229
287
196
286
152
230
148
220
257
248
245
128
152
244
128
132
219
355
191
169
199
226
138
232
200
248
148
123
181
298
231
224
119
287
98
229
207
326
182
182
195
222
193
216
191
225
160
170
188
148
143
139
88
142
244
180
182
201
278
160
141
219
125
247
178
189
198
246
205
244
342
159
195
206
138
146
148
189
125
119
151
119
62
136
262
155
152
160
183
154
192
161
178
94
208
145
171
224
178
194
138
199
155
35
104
152
158
205
142
164
131
183
203
186
128
231
163
175
264
147
101
158
299
250
170
255
196
116
120
186
121
127
147
70
259
162
202
133
308
161
204
202
211
126
232
113
195
259
183
201
155
144
189
151
116
213
193
162
326
314
185
200
103
246
243
262
115
123
161
80
215
264
226
146
219
180
341
258
144
243
184
222
169
155
209
122
182
190
11
228
172
126
193
168
186
213
215
229
221
135
146
342
138
244
247
147
299
192
175
98
109
151
150
166
150
141
122
227
9
18
163
132
172
120
130
291
120
133
148
165
169
181
169
177
168
153
191
183
212
245
185
231
101
128
189
206
169
124
174
250
207
178
270
244
195
139
216
164
263
207
285
141
159
81
171
136
196
222
206
106
166
132
147
234
171
117
120
215
126
129
188
173
157
205
109
199
169
167
102
105
166
209
156
175
152
170
130
144
149
129
162
131
135
139
211
137
137
135
92
185
175
205
169
46
218
171
82
115
130
99
193
112
165
105
188
153
129
186
166
168
90
143
97
112
63
140
142
188
146
118
121
249
209
344
63
159
52
199
137
-1
202
96
194
137
173
150
182
131
137
132
134
183
78
196
110
180
152
167
91
121
162
151
105
112
108
140
162
164
186
126
108
142
173
178
155
146
151
33
214
36
69
150
106
81
157
198
150
180
150
153
198
162
151
136
42
180
207
181
200
123
148
201
104
175
167
121
201
109
140
138
164
119
104
167
118
118
186
125
83
143
90
118
62
130
102
83
95
141
47
118
156
140
80
172
154
109
88
92
155
80
95
75
128
89
111
78
60
118
118
58
80
78
78
64
108
190
126
