1512
1822
1545
1478
1348
1062
1744
1525
178
1540
1501
1401
1361
1402
1373
1382
1258
1264
1196
1439
1303
1324
1195
1258
1076
1143
1204
1272
1419
1443
1567
1499
1705
1795
1875
2045
2179
1907
1902
1898
2095
1969
1817
1913
1913
1798
1693
1855
1942
1720
2055
2203
1888
1903
1898
2017
1895
1710
2052
1840
1845
1672
1968
1631
1628
1614
1807
1718
1778
1713
1726
1580
1659
1797
1529
1191
1634
1703
1340
1336
1286
1588
1450
1544
1555
1329
1896
1490
1430
1711
1823
1645
1727
1600
1429
1357
1101
1507
1638
1126
1512
1996
1517
1658
1571
1795
1804
1646
1767
1897
1435
1637
1941
1536
1534
1706
1435
1455
1754
1607
1526
1394
1301
1744
1054
1498
947
1467
1550
1406
1774
1495
1443
1475
1095
1334
1398
1519
1359
1278
-1
1671
1098
1454
1230
1421
985
1526
1502
1387
1307
1389
1455
1310
1248
1538
1864
1651
1479
1542
1492
1901
1866
1406
1366
1590
1430
1392
1374
1355
1370
1350
995
1081
988
1148
1017
1098
1341
1106
876
1416
1419
1404
1263
1202
816
966
781
683
733
872
786
895
1107
971
1877
1881
927
1108
1327
1422
1343
1340
1165
1298
1649
1562
1476
1318
1327
1323
1218
1268
865
1645
1080
1540
1443
1416
1193
1451
1561
1424
1465
1452
1465
1329
1347
1387
1047
1472
1365
1274
1300
1270
1631
1525
1618
1587
1435
1315
1271
1158
1244
1232
1209
1084
1041
921
812
691
721
1096
972
1171
1124
1490
1267
741
872
698
1095
1325
1304
1415
656
1378
1106
1741
1494
1071
1211
1041
1191
1240
1206
1027
1049
1281
1474
1577
1444
1460
1345
1342
1157
1384
1013
1261
1243
1288
940
1145
1498
1398
1297
995
1291
1496
1354
1358
1331
1316
1016
1260
1491
1056
975
1071
841
807
847
938
1287
934
1272
1193
1372
1035
1248
1414
1250
1139
1531
1293
1123
1436
1082
1222
1135
1504
1194
1060
940
1397
1308
1300
1370
749
1602
1045
1252
1484
1119
1273
916
1638
1088
995
1169
1323
1157
1263
1214
1392
1431
1092
1254
1215
1109
1121
1194
1231
1277
1190
995
1359
1090
1116
1436
1185
1230
1106
1085
1102
1131
1156
1385
1368
1224
1106
1107
1170
1231
636
1119
1094
1525
1440
1182
1186
1196
1011
945
1134
1118
828
824
1104
1078
541
1184
1013
980
1065
1019
1086
1429
1086
1152
1219
1206
1221
718
1284
1170
1249
1310
886
1111
1214
1296
1155
1292
822
958
823
1101
1266
1165
1344
1014
860
813
898
1184
804
908
1164
1224
1124
1123
1097
818
921
941
770
1437
1281
956
783
1471
905
940
953
819
1304
1209
1075
1168
1109
1132
544
910
1201
1302
609
688
1065
1044
833
791
1017
1043
1091
1015
1029
1181
947
1193
1074
1107
961
942
946
1221
967
1016
1072
1186
1402
862
1035
1064
904
981
1188
1165
1239
1054
1071
1162
1413
1333
945
1184
1011
1351
1014
1224
912
1046
585
326
615
1178
1031
1246
1102
957
1140
1139
870
1571
1118
964
1251
1145
1138
1109
1033
1505
1195
1101
1070
1069
616
1000
1130
799
1007
821
987
940
941
873
878
881
967
953
933
1012
995
854
819
865
879
936
1110
1112
914
645
1006
1082
1248
1052
885
957
880
824
963
1265
1102
1020
842
682
863
885
792
806
732
954
831
752
1302
1155
860
482
748
890
880
855
816
890
1399
1112
1050
885
917
843
867
679
579
854
696
734
722
572
772
1138
874
1079
954
878
710
844
819
839
786
949
1114
833
961
1066
986
954
813
715
994
775
826
904
1219
1112
876
1108
852
1096
795
892
744
1004
757
1210
796
870
713
821
756
1117
1046
876
861
851
1029
800
725
940
463
1079
614
633
660
654
829
847
992
882
954
841
812
664
697
666
475
834
1066
1216
1109
1196
1160
1137
1034
1020
1002
883
720
714
804
926
891
995
849
685
924
690
716
687
816
791
745
738
926
788
937
745
1193
670
585
832
649
787
744
804
850
819
861
775
839
728
654
719
889
1031
729
1077
1123
831
1018
756
990
713
738
830
657
835
764
551
657
792
862
811
878
975
1171
1436
478
717
729
658
690
637
634
566
716
758
905
768
827
702
702
747
706
1008
791
736
983
940
622
923
446
967
695
577
644
638
606
603
708
633
856
688
648
859
603
1265
817
636
779
638
853
586
602
833
695
729
547
625
770
651
698
742
545
668
831
724
716
926
700
376
772
719
663
517
601
924
733
744
549
920
1060
608
779
816
752
729
685
708
655
782
899
1205
699
970
1059
678
784
670
718
994
690
600
652
595
591
699
696
613
957
862
832
1014
833
624
629
681
822
654
711
751
584
697
683
593
572
672
943
533
478
557
514
342
564
390
731
715
647
700
1004
898
663
820
875
788
718
336
981
431
641
604
893
550
1002
672
619
640
647
710
820
637
452
616
666
645
652
791
519
654
658
679
865
707
751
578
585
790
682
1009
515
632
1052
609
887
903
529
1155
722
660
1086
625
594
515
524
532
817
679
522
516
717
568
608
497
964
800
675
608
1193
639
546
609
594
573
532
650
504
686
721
593
662
791
787
617
474
549
565
896
870
826
1022
621
1097
601
523
877
519
653
532
634
638
597
761
602
983
723
555
528
482
582
629
445
500
454
542
914
476
491
489
809
488
805
750
1163
585
697
539
820
963
1083
683
640
558
437
526
671
902
675
502
647
467
963
715
443
733
539
780
701
487
830
468
759
491
588
856
665
735
685
279
604
683
664
555
573
509
758
494
525
420
629
553
433
742
712
557
463
873
586
584
654
537
750
691
453
715
594
756
431
709
450
961
514
543
566
661
608
333
643
616
479
592
1045
713
564
637
474
424
441
478
416
619
507
484
748
709
584
713
643
520
848
503
341
314
490
681
441
527
499
504
379
1045
571
578
430
576
621
788
415
559
435
388
468
412
526
505
510
603
671
472
328
665
432
652
443
402
742
503
533
687
499
433
417
407
526
343
414
510
403
585
445
440
276
538
610
472
466
534
362
398
358
544
345
630
529
621
493
225
560
636
394
801
744
543
439
559
565
601
563
556
402
562
589
795
456
554
355
381
444
439
676
425
605
702
344
263
480
517
569
639
585
444
277
389
266
519
610
388
408
728
544
542
308
449
722
732
605
537
864
841
794
724
865
447
278
428
368
365
513
292
593
358
266
341
399
423
292
539
461
442
434
501
366
522
708
368
436
542
738
495
460
429
373
571
522
347
355
605
616
484
483
409
240
418
817
343
342
360
361
410
450
429
488
442
436
361
838
381
224
127
845
457
361
762
316
381
601
445
256
396
442
368
481
747
410
463
436
346
439
401
382
367
370
496
526
360
856
433
567
447
473
336
364
386
357
426
351
317
631
582
739
372
365
605
516
368
472
297
530
394
636
430
392
323
683
361
351
334
395
953
620
761
421
340
309
534
226
513
357
304
528
524
641
437
433
885
343
352
334
404
385
332
360
330
364
313
837
359
529
431
390
436
560
886
270
399
506
613
522
366
424
441
422
298
579
479
691
417
646
377
744
294
295
455
338
298
360
360
414
281
284
303
357
666
295
351
379
421
390
565
276
554
245
234
394
392
263
384
328
394
287
337
378
341
574
466
708
626
393
323
411
462
268
372
331
464
649
590
608
243
474
560
385
650
671
455
411
587
170
385
353
683
297
379
383
481
325
329
248
361
308
434
395
323
259
318
488
283
238
436
451
491
586
531
300
329
288
264
248
477
458
261
275
336
278
406
398
491
593
743
357
816
526
392
265
936
322
425
483
330
418
385
301
214
430
352
474
240
436
432
424
279
378
416
280
318
250
434
242
529
483
343
548
256
604
338
286
365
360
383
287
114
551
556
349
556
669
247
674
450
507
612
366
461
446
227
247
453
333
268
334
318
289
449
390
315
385
365
288
608
650
363
295
367
329
746
543
364
347
274
586
287
383
189
602
327
335
321
335
384
232
601
370
620
260
336
264
313
307
341
501
280
258
435
268
372
306
297
339
411
263
721
502
313
364
209
307
271
345
289
547
267
256
195
226
210
435
575
405
438
593
488
340
546
259
195
260
331
251
218
210
313
398
256
201
367
429
229
302
215
310
373
265
329
448
260
326
357
493
525
271
261
508
316
484
384
326
294
203
385
428
264
301
309
296
620
605
154
396
375
287
234
531
495
285
211
228
260
352
237
304
335
706
348
202
376
220
579
342
314
393
566
337
473
258
297
320
302
266
279
278
340
288
427
441
289
292
299
354
452
383
300
417
350
269
349
330
480
513
242
345
317
235
345
241
461
350
184
496
284
427
372
213
507
295
306
214
300
305
518
295
240
366
280
228
275
276
220
258
408
209
380
540
256
236
288
277
121
158
737
697
327
343
279
443
236
282
357
190
201
639
281
233
179
353
280
232
281
330
285
218
290
222
277
430
209
347
515
385
285
317
183
276
369
207
305
197
415
245
372
369
502
292
178
313
380
288
478
151
343
537
417
395
293
411
365
436
367
274
319
310
264
600
164
359
550
433
212
322
264
237
268
216
331
231
252
168
178
101
265
224
560
243
457
288
289
219
276
148
271
175
349
118
448
274
190
292
173
145
310
277
184
375
198
171
616
350
239
379
151
218
202
445
324
120
217
525
191
174
201
180
379
189
203
151
311
281
257
188
398
198
223
411
231
170
246
367
101
435
412
327
79
161
192
382
379
185
218
190
251
178
128
172
191
229
238
235
439
367
182
243
170
118
165
266
240
291
279
103
127
199
172
120
214
363
245
237
277
335
268
200
150
145
352
163
188
162
186
168
344
180
328
133
181
166
200
167
242
243
259
96
79
245
179
178
334
110
247
220
138
200
88
102
150
75
105
226
220
121
137
153
79
247
149
133
132
179
154
93
137
61
113
104
122
66
69
106
168
227
86
87
143
80
82
1048
240
