960
702
582
542
498
377
646
572
48
607
564
490
626
650
436
461
415
432
413
492
457
500
576
807
804
567
460
458
513
494
532
506
659
665
678
729
788
620
630
626
727
719
688
657
637
664
673
667
1002
579
743
822
789
844
618
843
777
633
996
741
825
738
686
916
611
623
619
681
715
761
593
559
627
618
889
798
546
574
602
534
769
665
609
830
629
538
1056
1332
620
716
604
649
591
511
559
605
919
676
572
976
926
1123
549
516
546
882
1004
885
927
1055
1185
1099
1114
890
1067
966
877
1411
1001
805
963
825
822
637
726
691
1074
744
968
1057
547
897
892
778
1182
697
772
755
910
1088
721
768
882
723
1035
838
820
766
568
575
452
477
547
636
495
539
568
971
740
581
543
748
760
525
509
538
552
796
754
1019
1019
893
1075
936
1066
724
1042
1008
731
1054
787
780
963
475
415
826
1002
603
912
983
916
753
996
1017
1242
1224
612
608
635
426
564
675
488
473
431
1139
735
596
590
679
536
530
618
444
1056
606
440
488
490
512
754
562
606
585
590
603
675
481
675
541
664
502
469
516
487
447
591
693
535
643
506
554
528
815
1023
456
528
509
1278
1307
865
1074
-1
1044
752
571
417
772
737
971
1247
1316
603
452
1066
743
1506
604
563
648
495
673
725
821
397
438
457
348
343
502
568
585
504
476
434
503
453
692
345
937
514
536
568
506
557
723
445
582
416
669
486
631
620
634
648
686
461
478
566
394
492
473
431
398
419
658
462
434
559
412
499
522
525
427
562
445
524
882
490
570
506
638
491
450
754
754
568
515
531
633
636
391
525
433
378
560
717
657
586
421
459
530
420
437
449
810
541
452
630
405
389
392
474
435
425
895
413
594
400
418
581
428
604
550
386
342
403
479
640
531
390
440
1052
546
544
1058
343
394
481
443
642
639
615
621
627
538
406
370
367
1023
324
1112
404
402
405
393
345
524
513
437
439
315
572
385
460
493
419
407
695
495
382
426
470
608
629
470
300
382
336
626
394
622
589
586
467
462
592
588
547
735
556
464
454
430
475
417
492
411
537
417
568
743
403
414
482
365
276
474
539
663
564
545
584
647
473
403
540
516
669
482
598
637
543
429
458
468
454
512
453
405
491
427
380
588
431
456
897
427
371
412
461
483
1126
352
496
327
353
409
393
373
364
328
449
480
434
331
458
381
639
432
487
319
373
606
548
502
396
400
525
529
364
434
475
456
459
339
528
445
405
419
470
376
635
452
327
445
478
732
315
399
275
399
323
341
379
435
633
432
305
324
323
347
396
373
415
327
431
368
358
414
352
351
747
421
380
511
452
425
358
366
326
377
480
413
387
653
533
286
337
271
279
277
353
308
295
656
419
569
304
233
635
388
374
316
370
614
535
366
310
386
575
485
495
633
396
468
372
412
314
290
535
335
568
306
405
289
244
259
297
324
358
814
328
433
369
317
501
283
261
561
329
534
439
487
354
392
373
281
391
322
334
235
317
239
515
310
315
289
592
432
406
513
267
289
361
427
416
365
399
633
568
730
392
278
146
271
308
451
398
510
459
359
307
272
330
522
401
418
402
363
391
375
350
307
311
394
378
284
349
243
309
410
314
331
197
333
335
263
363
301
298
392
287
358
333
368
369
427
301
241
452
241
283
300
240
264
252
292
245
343
288
250
306
333
431
295
486
505
304
317
493
457
332
411
421
273
435
495
673
214
352
326
318
311
348
546
562
339
360
353
661
422
307
291
270
279
303
411
310
410
283
253
388
308
377
203
294
364
354
249
560
577
329
336
419
267
232
227
240
233
301
276
230
269
349
280
417
256
257
316
232
333
229
226
395
315
279
244
300
392
214
370
778
218
254
287
320
290
411
281
105
356
243
277
196
203
282
518
300
253
284
403
193
298
260
240
265
282
239
186
262
330
388
253
306
380
214
320
253
299
460
204
222
259
231
377
259
268
299
305
283
275
283
281
205
219
247
233
268
211
221
163
241
215
307
223
240
312
341
278
304
278
195
328
225
256
259
217
241
438
333
291
303
383
249
228
221
308
802
233
269
285
206
274
206
203
226
269
268
277
242
179
214
249
209
231
270
178
278
268
243
403
340
331
250
242
289
299
529
165
511
305
240
332
297
187
395
264
261
537
181
175
268
166
164
349
175
141
178
261
218
563
172
401
282
344
204
379
284
239
249
265
228
206
243
160
262
316
308
203
452
286
224
183
160
211
304
312
310
436
238
395
183
243
396
232
280
193
241
235
199
430
154
341
245
180
196
163
197
234
171
227
227
201
770
176
168
162
365
186
405
246
373
281
232
184
266
465
488
270
262
408
255
183
234
324
267
170
267
179
308
236
175
471
220
474
221
328
377
192
349
177
178
354
259
255
250
159
244
309
240
248
269
177
379
165
223
165
236
219
203
273
268
249
138
360
276
339
281
170
269
269
135
288
353
243
137
329
151
299
200
199
207
745
191
336
540
203
182
236
351
548
146
224
163
130
183
201
139
213
159
147
279
265
257
242
202
186
395
166
187
155
210
358
233
210
328
203
121
439
254
715
933
213
175
557
134
210
141
165
198
165
185
159
162
316
312
183
107
312
164
319
118
119
350
221
217
296
160
130
111
168
215
131
227
177
243
204
167
132
133
189
234
178
171
257
1018
819
696
376
143
205
169
324
157
129
191
211
124
345
377
227
201
219
205
220
210
228
204
275
220
383
153
273
118
118
153
156
237
383
216
253
151
108
130
179
186
401
158
125
143
160
95
163
236
115
121
213
280
278
106
223
211
299
188
225
294
274
317
207
326
287
92
137
147
171
168
98
163
145
67
140
172
186
103
162
156
237
206
179
131
202
234
123
133
241
286
243
185
160
145
235
192
119
110
361
276
188
149
125
84
173
243
131
113
134
128
147
162
184
154
144
132
146
423
270
113
51
449
165
137
280
116
178
286
212
102
165
163
128
144
349
162
204
265
188
234
143
151
169
159
174
199
165
312
149
230
174
198
124
84
206
168
195
163
144
449
213
409
168
156
193
185
354
193
203
203
137
196
167
142
151
326
174
179
171
193
277
169
299
142
120
127
174
71
215
101
114
177
169
239
165
129
463
123
127
124
195
201
123
190
126
168
142
294
162
197
153
136
226
213
271
172
122
164
178
179
131
177
180
133
131
241
175
229
167
210
153
455
166
95
187
145
117
174
143
135
90
86
124
154
231
141
145
129
142
120
193
82
201
155
150
147
123
88
160
113
150
117
153
134
125
200
180
310
257
164
149
156
163
82
161
130
220
224
271
293
62
174
374
159
235
190
164
175
227
87
129
129
220
115
154
130
159
118
143
111
144
116
153
190
172
158
108
136
95
67
136
160
184
193
264
107
93
110
84
81
195
188
118
83
101
111
142
197
146
235
231
147
375
263
222
92
395
114
131
205
125
210
140
131
128
173
178
263
93
144
148
139
105
199
191
90
130
94
146
109
169
180
122
240
96
259
143
178
146
114
116
156
69
202
202
119
216
262
83
210
142
167
253
121
228
163
130
101
209
139
105
98
168
90
250
192
125
118
108
131
233
272
175
77
140
161
381
235
100
138
121
206
95
150
99
224
126
124
109
111
123
78
192
148
247
92
137
104
129
178
136
195
134
102
147
95
177
136
112
182
151
94
398
181
135
138
75
107
103
126
96
215
112
98
118
132
88
134
303
155
231
210
212
143
173
85
90
96
92
111
83
100
123
261
81
82
157
119
85
131
162
149
151
514
152
298
149
114
128
167
222
115
105
263
180
134
211
117
122
66
85
220
85
98
119
94
262
246
35
170
178
152
106
125
148
105
67
89
84
135
69
115
102
310
117
102
116
90
292
121
115
141
184
158
244
97
114
116
100
87
103
109
123
90
153
163
133
164
101
188
119
169
128
169
143
114
112
127
183
158
105
149
159
89
117
106
205
98
20
154
121
211
161
91
250
114
114
61
108
110
178
117
154
127
126
90
102
131
82
135
235
81
210
138
95
93
117
89
426
335
292
279
131
108
148
160
45
140
145
74
88
257
114
80
64
176
90
84
101
178
118
97
147
69
108
172
106
200
172
187
107
145
82
97
132
86
96
82
161
114
136
145
195
132
72
128
138
100
120
60
136
225
97
116
160
216
151
174
160
87
124
116
105
291
83
128
226
135
90
149
120
85
122
85
145
86
103
110
96
63
106
72
213
107
171
164
164
119
171
72
116
81
109
9
158
117
102
122
60
67
141
85
78
112
71
54
405
191
79
163
89
106
110
214
360
49
110
126
82
76
97
62
164
66
69
47
87
101
81
79
172
72
86
174
99
77
102
148
30
217
246
127
54
62
147
140
128
76
123
87
110
76
51
44
86
97
128
126
145
126
89
67
80
47
57
121
86
39
97
44
56
104
70
43
71
121
87
67
103
111
98
94
68
65
176
52
56
48
58
62
139
50
131
50
41
103
63
56
103
104
69
29
27
84
77
76
100
54
147
93
73
88
44
28
54
34
48
85
65
52
44
53
25
80
40
62
48
77
50
44
69
26
25
43
29
20
26
31
66
114
38
37
42
32
35
558
108
