1239
1398
1476
1426
1390
1208
1524
1409
156
1388
1268
1262
1108
1025
1136
1136
1141
1246
1217
1502
1122
1229
1078
1216
1014
930
1337
1309
1500
1424
1457
1350
1489
1553
1556
1490
1558
1352
1371
1376
1441
1412
1387
1458
1399
1549
1449
1735
1142
1640
1621
1325
1241
1262
1188
1171
1208
1256
1257
1178
1288
1326
1299
1063
1121
1078
1480
1249
1190
1235
1512
1684
1382
1557
1292
959
1251
1300
1040
1181
781
1059
1038
930
1130
1064
1076
826
1080
1273
1449
1308
1266
1543
1618
1285
754
1358
1240
729
828
1137
1574
1758
1279
1080
1068
1036
1065
1047
943
977
968
886
911
921
1020
839
949
937
892
923
1034
1283
1103
1260
728
897
1056
823
1410
825
843
866
646
910
1066
1114
754
640
1170
1029
752
1059
877
907
585
896
1454
1267
1585
1570
1354
1024
1311
1405
1183
1069
985
1480
1519
1019
1097
1172
1379
1419
1371
886
847
809
792
778
560
595
564
694
593
603
794
630
488
846
857
1311
1321
774
523
685
439
433
441
544
442
530
592
618
1047
1047
777
1338
1283
834
1383
1398
1457
744
881
1287
931
1035
1295
1125
1179
1562
499
1361
1168
1451
1465
1285
747
1266
1084
1109
1192
1130
1002
1388
932
1055
892
1277
1383
1326
1137
1192
1489
962
1221
1300
1427
987
849
718
674
1173
823
1223
643
493
813
451
419
668
625
766
1134
992
851
343
488
391
580
1671
661
882
313
1046
984
1175
1325
665
735
635
1133
1220
1251
1142
1128
1250
1037
1208
1120
1281
1244
1021
1240
896
1117
769
1050
1143
660
948
1503
901
1417
978
1485
1155
1315
786
770
802
623
768
1644
887
813
870
749
699
649
827
1632
774
1098
1183
1414
1212
1328
1565
1497
1037
1120
1392
1074
841
1288
848
1078
1238
1345
959
555
956
1076
1100
948
567
1043
1087
1249
1372
1373
984
882
985
872
1031
1204
1046
1148
1484
1369
914
968
1155
1032
1340
1557
1521
1280
1452
1441
751
919
1093
1155
1178
1009
1040
715
693
973
1537
1219
1179
1077
1124
974
1406
697
807
1193
353
1405
1366
1339
1164
934
961
897
764
761
840
1466
818
819
564
1109
251
1175
1060
1276
1373
1129
941
1252
714
1122
1117
822
1288
661
1243
-1
1261
879
661
1329
1239
1339
898
935
687
1024
790
1047
889
1156
852
572
554
500
541
742
431
778
647
842
1175
966
894
531
606
611
544
930
1044
666
788
1190
918
588
1085
874
1046
977
675
895
882
903
375
809
1143
1004
332
418
1206
684
521
532
693
707
725
689
699
795
690
758
1044
843
838
973
881
721
1248
1127
1035
1226
999
649
1439
1230
1007
1253
1448
1417
1352
1325
1464
1338
1155
1014
1313
745
1226
879
714
1249
1207
1201
326
207
657
1488
725
1062
992
899
1105
1116
1053
1282
1177
729
1380
1178
1152
1064
1341
850
1139
1013
1182
1059
404
1059
1025
814
1250
1063
1209
931
792
601
812
1007
967
902
824
798
785
719
708
822
726
992
744
934
835
391
844
1288
962
952
794
996
760
666
785
1268
1166
826
668
538
1020
720
1057
1020
1048
1007
1177
845
996
1234
791
253
942
769
727
634
749
685
897
754
1369
1285
867
533
558
399
358
537
487
588
421
705
879
781
736
705
1151
875
779
888
882
897
867
877
713
930
635
928
861
988
1248
785
797
601
550
833
956
913
825
1023
832
1080
685
855
925
1012
852
810
673
742
754
624
665
851
898
1175
1140
634
939
559
513
697
256
808
388
448
802
429
997
713
718
705
650
573
564
629
800
691
314
862
1069
1102
1027
1029
1053
1043
1088
1085
937
643
602
537
870
911
795
915
748
749
769
711
849
506
822
799
1017
638
711
667
820
689
1397
591
534
655
787
773
987
1139
1140
1095
1174
1091
625
651
582
697
794
1094
647
997
962
1211
971
411
557
535
614
741
533
721
578
368
630
568
681
667
779
744
784
1106
355
704
644
336
562
622
617
515
757
824
1046
754
1018
669
893
515
575
734
653
885
1094
1059
515
777
283
960
637
434
414
610
652
614
1036
672
783
818
655
784
561
1089
848
526
771
733
648
637
696
942
668
745
587
649
741
744
566
657
552
622
1067
575
685
817
764
538
651
891
549
750
702
1100
488
667
414
1067
1157
687
592
761
828
767
692
643
897
557
768
1100
709
1094
1102
842
1000
870
710
765
828
789
629
612
524
629
596
519
1019
1214
1086
1134
1110
758
742
816
716
784
789
745
713
852
943
593
565
899
1080
482
522
572
529
425
459
480
741
716
616
613
692
504
1036
1051
570
1074
765
256
981
224
540
511
1121
476
1203
642
849
849
478
606
986
636
477
781
560
883
1075
941
522
627
536
537
681
712
952
605
632
769
947
687
660
459
877
630
656
1006
610
916
931
533
642
769
742
445
626
632
838
838
672
616
587
788
391
470
803
659
888
705
1172
780
645
713
667
553
458
588
813
565
692
408
754
599
764
657
536
722
678
852
906
868
889
834
1387
975
595
768
484
695
556
632
623
742
737
622
1174
753
658
672
645
667
722
578
501
410
534
561
720
713
647
851
555
813
970
982
640
628
704
655
963
899
651
1000
391
488
641
710
1132
625
846
603
451
623
972
596
510
755
538
819
505
1068
610
713
632
501
828
664
939
812
269
695
745
624
536
494
637
535
499
566
567
575
795
589
861
547
524
570
784
581
421
616
594
820
701
558
826
605
873
388
751
489
1058
591
495
580
399
571
222
348
710
518
707
937
479
573
807
541
432
476
491
501
679
600
538
974
711
524
634
596
468
906
624
367
312
586
676
429
591
300
526
478
976
577
354
268
671
815
573
487
538
512
365
413
502
734
689
691
643
627
471
410
671
463
732
545
536
720
608
497
512
601
531
378
450
482
520
447
487
455
619
703
438
309
540
529
585
447
564
203
249
178
531
333
666
550
490
617
266
803
894
574
826
604
559
474
609
578
596
597
569
448
536
707
817
678
508
446
425
532
646
634
301
621
572
415
309
582
770
821
456
672
520
344
372
305
514
724
549
576
661
504
505
497
423
808
574
832
565
679
643
596
692
910
567
334
434
509
349
673
365
754
442
363
440
547
621
332
594
554
389
363
493
535
721
996
440
534
521
706
492
405
547
529
519
552
498
472
631
685
652
414
538
275
647
693
347
405
469
465
372
551
562
711
575
549
449
733
343
245
148
738
508
362
596
348
447
703
578
337
472
669
424
629
661
500
425
475
315
377
367
369
330
338
655
549
444
1200
411
614
531
515
415
407
376
289
424
394
377
501
759
460
336
501
779
637
309
504
299
505
490
640
438
509
476
645
309
329
308
346
720
700
818
626
424
348
682
280
564
429
383
616
639
601
519
480
756
407
494
411
329
304
407
381
354
409
320
854
508
727
562
526
444
499
884
360
399
567
638
535
437
500
490
419
318
680
468
782
512
794
410
549
336
374
427
403
364
658
536
447
306
293
313
344
684
303
320
417
427
479
510
356
730
348
277
540
531
388
349
327
481
377
406
323
516
766
640
650
510
376
486
533
718
402
391
399
458
648
557
618
279
478
574
627
895
582
555
449
672
188
473
431
704
274
366
404
614
396
423
337
551
419
346
391
332
333
414
600
389
283
485
650
481
685
541
372
387
435
353
347
645
506
273
320
356
304
401
459
586
687
715
484
654
384
395
323
705
514
515
394
305
604
591
316
227
462
394
510
265
538
464
510
347
392
388
322
356
275
395
289
619
516
499
701
277
639
364
289
595
460
323
333
145
588
606
501
565
655
280
777
471
677
710
422
415
548
295
413
652
507
416
292
345
370
339
442
351
483
373
341
641
717
472
347
396
430
568
467
380
464
369
561
308
464
275
689
340
438
340
334
375
276
551
410
559
289
419
271
313
325
298
434
236
377
685
270
445
350
380
332
522
397
544
585
366
381
241
370
284
410
391
425
327
302
246
281
257
439
539
389
452
741
436
335
683
277
196
292
378
312
224
245
310
329
363
207
365
453
237
333
269
327
329
148
327
441
298
316
325
418
667
351
306
576
297
499
392
387
375
210
375
439
319
333
332
450
566
592
215
453
411
273
250
414
634
387
288
225
358
427
300
358
392
559
442
240
380
324
574
359
362
496
569
419
513
301
294
334
418
347
259
374
362
373
613
574
297
308
335
268
493
513
446
389
404
390
437
489
543
607
295
353
370
249
377
217
510
446
171
514
330
359
408
258
487
329
480
274
363
382
450
430
278
420
402
273
367
343
260
237
415
212
342
732
271
221
272
298
66
96
680
598
378
354
314
629
296
263
356
276
256
672
265
320
207
374
338
331
322
447
309
319
248
278
296
424
239
351
659
507
464
344
274
421
381
256
353
257
647
385
459
359
573
285
206
306
378
338
494
198
329
442
505
414
273
374
334
461
377
267
361
432
318
571
175
446
516
586
222
289
282
258
292
285
411
351
253
221
226
139
340
219
523
227
453
329
332
258
273
209
269
217
325
161
431
290
209
231
161
186
370
251
266
380
232
193
516
445
238
398
220
239
261
390
234
134
258
600
227
260
207
233
521
259
199
200
252
384
249
252
588
200
293
401
274
188
363
328
121
383
379
451
111
195
178
422
372
233
234
193
353
239
127
207
172
303
265
262
466
439
203
263
202
217
166
278
229
228
295
95
129
196
193
142
254
468
246
303
293
482
325
264
190
213
207
208
219
186
234
192
456
225
320
188
208
171
259
205
270
270
379
106
86
293
174
171
394
135
221
234
131
241
80
122
195
76
86
230
215
135
154
179
73
295
182
138
144
233
169
91
157
79
134
107
160
91
74
131
183
169
120
120
183
82
125
1062
245
