1004
1194
1186
1084
1036
884
1276
1109
114
1148
1109
1049
931
904
916
993
947
998
952
1167
905
939
810
945
791
787
913
1031
1103
1173
1168
1190
1281
1324
1467
1585
1724
1453
1550
1344
1476
1593
1443
1603
1614
1328
1209
1399
1238
1379
1747
1810
1751
1703
1553
1489
1810
1608
1588
1649
1778
1607
1519
1467
1520
1617
1622
1599
1606
1651
1439
1310
1454
1441
1091
860
1524
1585
1087
1207
1170
1514
1508
1212
1499
1452
1264
1074
1480
1166
1536
1308
1329
1292
1187
1049
1009
1199
1433
985
997
1427
1077
1287
1335
1395
1346
1320
1372
1268
1016
1176
1174
1118
1166
1142
1115
973
1116
1207
1181
1057
892
1435
744
1388
705
1114
1225
1019
1277
1075
1037
1101
733
1063
1138
1245
792
890
1304
1283
953
1225
918
1074
737
1215
1223
1376
1035
1176
1176
1095
915
1310
1587
1135
1211
1298
1390
1336
1346
1039
1060
1302
1319
1120
1124
989
936
930
788
829
667
892
737
687
1064
777
622
1147
1034
1301
1041
787
614
771
588
562
528
643
522
565
676
685
1035
1038
626
846
1101
1039
1154
1123
938
854
1138
1256
1247
1293
1334
1303
1029
978
514
1272
877
1334
1306
1269
932
1276
1475
1352
1651
1487
1272
1327
1243
1500
749
1165
1023
1136
1314
1332
1375
1325
1579
1571
1236
1295
1017
886
744
1328
1148
862
684
563
557
424
474
652
742
893
811
1220
1047
434
564
444
757
1232
734
1144
334
1207
1054
1501
1457
844
999
731
1364
1052
1055
1030
1039
1098
1327
1423
1228
1438
1360
1460
974
1147
988
830
1177
1139
724
980
1242
1097
1067
675
1210
1508
1142
984
952
986
736
985
1259
696
670
705
569
522
543
618
1229
660
1278
1129
1096
783
1084
1346
1141
1213
1532
1277
980
1040
847
938
1066
1190
1126
1056
778
1371
1369
1413
1321
529
1521
1057
1087
1265
1069
1309
682
1110
794
743
1088
994
1146
1195
1051
1074
1296
893
1021
1226
950
947
1055
1159
1096
931
1163
1138
1016
1020
1460
1340
825
830
1321
988
1117
1054
1340
1362
1194
1012
727
848
1242
323
1125
967
1370
1409
1014
1077
1031
826
750
1028
1035
742
747
678
1218
291
1164
862
924
1030
1091
1005
1259
886
1103
1119
1142
1185
447
1256
1046
1115
993
745
1127
970
1189
1118
1301
569
952
922
1235
1268
1292
1198
664
584
560
652
863
711
832
739
1021
1341
1336
1297
615
720
697
600
1035
1173
737
598
1177
704
743
781
685
-1
1339
785
1091
1104
948
496
1117
945
1403
476
521
917
734
615
585
871
856
881
859
893
943
797
918
984
978
754
762
900
834
1060
800
1204
1250
1432
622
913
923
733
794
1062
1074
1166
1049
967
1114
1236
1123
826
813
922
1298
914
1258
1048
1146
486
295
425
1050
857
1254
856
855
1225
886
902
1395
1177
947
1064
1059
1195
1208
982
1025
1240
1210
1169
1166
534
1239
935
804
974
895
1056
1090
1188
748
911
835
1101
1066
802
826
794
665
839
703
822
949
859
1263
1151
478
1035
1051
1384
1072
1091
805
703
747
946
1116
996
849
702
589
853
790
999
904
859
956
829
677
1322
1086
787
447
929
601
821
755
747
760
1226
972
945
870
1125
612
636
469
451
655
525
661
556
559
1078
1064
773
1112
1016
958
897
1016
929
777
1003
769
925
825
1030
1287
1202
820
788
914
1002
856
685
998
1272
1254
960
1207
954
1281
657
1216
784
1184
1002
1185
745
766
972
550
746
1037
934
947
923
835
1121
630
594
730
315
1025
371
540
546
682
899
786
936
863
702
588
614
687
809
667
371
1009
1149
1277
1217
1285
1232
1152
1061
979
915
777
762
699
960
990
1074
1080
725
747
792
671
696
658
1106
1093
690
769
743
680
1219
991
1218
731
697
821
755
1038
764
832
927
895
953
804
580
623
717
901
724
851
900
983
1168
854
1345
390
586
742
814
1024
704
730
572
431
831
736
796
801
1168
1148
842
1077
581
759
722
405
653
918
924
673
773
917
884
627
663
941
664
610
495
938
817
657
854
809
696
829
328
871
1012
427
495
600
775
722
770
481
821
848
688
1171
813
1210
846
751
1082
887
740
872
887
877
930
993
745
849
533
867
684
645
705
873
929
743
621
1050
905
360
822
861
714
592
510
872
624
608
358
930
858
760
811
873
916
831
670
865
706
673
1094
1118
819
1071
1122
839
799
796
754
977
832
707
638
558
528
636
850
549
779
750
722
801
874
745
725
769
899
753
867
889
722
525
811
640
762
733
1003
617
559
648
551
454
557
530
864
992
679
715
929
680
714
799
604
804
902
350
1055
235
635
631
884
659
1020
812
789
736
630
704
878
657
586
765
629
646
685
850
629
840
685
618
972
850
946
593
610
964
669
811
597
450
935
553
808
1022
565
1225
821
614
820
798
747
453
797
805
972
718
624
617
692
639
405
630
1272
584
644
813
1185
908
739
779
753
766
592
627
566
806
796
433
618
596
1029
885
691
672
762
1100
1009
1001
1063
727
1030
632
610
906
627
853
760
894
861
760
761
750
1085
686
662
650
624
695
905
621
525
447
812
609
556
591
588
748
708
995
778
1265
771
627
688
824
910
1103
910
684
393
530
613
688
833
629
547
866
547
705
752
554
642
636
664
737
570
701
658
906
629
606
831
672
735
829
337
778
621
614
771
527
712
779
654
700
511
935
630
520
744
662
628
653
1081
585
544
911
745
840
985
674
784
660
755
510
674
578
1018
549
768
786
545
717
292
395
733
622
832
1183
570
705
811
621
557
571
623
582
827
636
636
814
792
765
719
674
547
748
598
469
434
710
622
649
717
485
687
608
1199
580
356
257
723
703
677
552
494
629
456
559
574
639
625
625
510
886
536
427
735
520
670
571
511
921
544
602
720
628
563
405
602
594
414
594
669
671
869
532
489
354
685
581
629
629
669
185
210
159
418
455
738
592
614
604
290
689
737
483
917
769
718
660
702
703
735
694
624
460
651
749
958
524
467
488
478
587
525
890
362
556
514
467
366
668
585
620
467
761
629
380
471
408
792
587
514
529
674
550
546
340
448
747
613
593
743
1033
949
807
736
725
622
449
519
484
417
646
439
683
523
404
464
465
511
447
647
573
559
485
632
433
575
731
508
595
665
946
699
565
494
451
545
739
458
435
704
767
620
583
513
328
508
769
425
462
459
451
455
519
603
583
526
518
512
836
322
292
185
823
608
527
618
405
449
608
574
351
553
460
529
613
631
532
652
598
445
463
515
452
481
445
562
720
514
843
439
779
609
670
419
460
462
412
560
436
394
552
624
517
503
429
712
659
458
579
429
629
519
460
546
538
427
782
405
411
375
434
701
655
693
518
399
364
625
359
644
523
460
651
623
869
536
530
956
407
442
420
449
449
424
409
401
436
363
783
416
559
563
505
575
504
924
366
452
713
782
640
493
603
574
613
446
644
617
791
553
703
512
574
387
440
479
447
444
418
411
443
326
324
327
435
775
412
399
510
424
445
464
415
652
335
327
442
454
311
484
368
519
404
433
394
409
578
536
852
734
435
421
476
515
288
549
428
624
768
544
660
368
664
566
443
674
591
490
542
733
209
505
452
908
382
426
449
572
463
427
336
401
401
529
491
362
343
418
624
339
307
499
502
672
694
493
405
447
378
342
321
599
479
310
351
393
340
600
620
752
581
990
425
907
447
514
371
902
364
544
454
482
524
459
511
257
582
421
619
289
596
406
586
368
568
509
417
429
356
652
290
635
574
368
576
238
591
474
356
431
462
417
377
178
638
664
449
624
803
297
688
510
632
740
446
521
634
319
295
525
397
326
386
458
443
452
472
367
495
424
358
697
705
448
411
497
413
822
585
454
416
349
727
309
462
242
816
455
374
385
382
421
338
692
456
812
336
442
391
338
419
443
525
290
290
553
308
488
431
371
467
416
302
714
624
396
560
287
402
356
449
394
626
312
324
268
295
275
490
577
389
534
566
337
395
579
310
232
316
425
350
254
273
364
326
338
266
538
466
249
381
330
458
433
128
437
539
347
446
342
564
499
373
329
685
372
571
478
374
409
263
427
537
347
368
361
382
750
455
188
514
456
371
307
422
539
375
268
268
337
484
291
379
406
698
393
246
461
263
733
438
433
465
653
424
457
328
333
358
390
317
318
392
451
365
488
468
384
391
399
305
534
503
370
462
542
321
459
389
625
589
315
461
424
278
532
287
627
375
127
625
387
492
489
282
700
371
347
297
370
473
511
362
327
514
300
320
314
416
264
253
444
282
463
651
306
259
348
401
61
78
738
577
421
401
405
519
265
349
439
272
254
835
337
296
261
470
345
285
414
518
356
283
307
315
371
603
282
429
605
443
352
406
227
352
484
254
475
266
501
319
392
424
616
294
234
409
596
424
499
184
419
670
504
461
333
411
391
583
470
323
445
334
352
526
207
392
674
448
327
350
368
315
306
231
439
275
336
251
226
168
336
264
583
317
632
326
331
308
251
245
367
224
474
138
647
363
267
311
193
223
288
316
259
352
246
233
666
397
326
499
214
283
225
463
225
155
266
665
260
237
248
224
417
255
261
228
201
354
270
249
412
244
266
388
334
210
362
453
153
541
519
391
120
254
269
470
420
271
271
257
252
258
144
189
247
256
336
339
545
315
240
297
258
155
212
317
300
186
402
105
155
246
223
153
292
443
349
311
326
385
359
280
227
211
262
244
245
210
249
195
497
237
379
193
256
224
280
240
310
308
298
143
106
312
250
247
395
160
275
310
152
234
83
142
193
111
127
276
151
161
190
194
96
306
177
181
176
216
214
109
138
99
150
141
183
82
77
141
238
162
126
128
176
105
148
823
288
