1606
1900
1678
1567
1429
1113
1866
1606
164
1592
1648
1578
1434
1423
1451
1479
1389
1406
1275
1562
1435
1423
1269
1442
1191
1227
1400
1434
1538
1632
1718
1657
1960
2111
2132
2504
2670
2261
2469
2224
2392
2365
2303
2296
2428
2114
1989
2226
2127
2112
2442
-1
2732
2527
2456
2565
2651
2405
2665
2447
2342
2429
2280
2294
2220
2202
2141
2356
2392
2395
2072
1851
1985
2097
1771
1442
2168
2195
1727
1681
1798
2095
1950
1936
1979
1754
2135
1996
1892
1841
2253
1882
2071
1806
1631
1518
1672
1782
1987
1697
1695
2454
1630
1907
1883
2284
2192
2135
2163
2063
1752
1951
2170
1830
1828
1881
1808
1776
2085
1959
1846
1691
1436
2153
1254
2043
1239
1740
1957
1614
1876
1829
1708
1740
1281
1700
1774
1924
1566
1548
2203
2104
1522
1815
1518
1708
1240
1797
1744
1872
1516
1626
1814
1690
1356
1717
2422
1789
1791
1815
1962
2187
2121
1530
1481
1740
1729
1729
1718
1612
1573
1593
1310
1399
1115
1440
1188
1170
1652
1281
1097
1850
1603
1855
1613
1259
985
1229
929
921
881
1013
848
964
1259
1090
1841
1836
991
1210
1492
1629
1542
1501
1291
1474
1898
1859
1835
1789
1668
1646
1436
1441
961
1839
1225
1794
1712
1711
1428
1745
2103
1896
2009
2000
1981
1774
1794
1874
1234
1670
1555
1567
1856
1623
1818
1992
2140
1927
1586
1726
1590
1496
1339
1646
1515
1206
1156
1076
897
824
822
1107
1232
1508
1234
1820
1598
772
965
784
1253
1516
1407
1750
652
1888
1557
2109
1840
1259
1510
1147
1533
1551
1520
1411
1360
1679
1897
2022
1683
1698
1558
1851
1297
1710
1231
1428
1635
1533
1044
1224
1641
1694
1432
1038
1615
1832
1546
1593
1517
1548
1140
1530
1668
1129
1017
1131
900
852
863
1001
1486
1145
1603
1463
1522
1189
1459
1604
1490
1434
2002
1538
1297
1621
1221
1554
1479
1737
1418
1364
1297
2028
1795
1713
1843
841
2099
1368
1453
1583
1404
1658
1038
1802
1214
1154
1433
1455
1417
1431
1421
1834
1844
1257
1644
1460
1222
1272
1357
1432
1379
1574
1344
1817
1334
1421
1936
1576
1385
1204
1463
1320
1455
1397
1770
1715
1505
1290
1220
1333
1587
607
1347
1237
1801
1753
1551
1596
1480
1278
1181
1471
1326
990
988
1139
1353
542
1407
1157
1118
1232
1260
1473
1595
1222
1393
1580
1500
1500
703
1602
1325
1405
1607
1161
1444
1304
1602
1479
1730
881
1262
1123
1394
1700
1468
1667
1109
947
893
980
1339
990
1116
1199
1543
1506
1554
1489
935
1137
1138
902
1626
1527
1148
956
1542
962
1095
1048
887
1810
1576
1382
1508
1411
1454
800
1200
1407
1730
739
791
1164
1218
956
907
1207
1213
1222
1190
1180
1396
1164
1433
1328
1377
1199
1159
1192
1448
1226
1073
1513
1589
1783
995
1180
1320
1059
1112
1280
1299
1398
1183
1212
1322
1627
1606
1064
1270
1108
1711
1219
1458
1163
1286
766
486
666
1339
1216
1557
1194
1189
1384
1262
1038
1865
1323
1321
1295
1357
1463
1505
1192
1538
1369
1344
1375
1444
847
1338
1320
975
1188
995
1184
1234
1297
1195
1223
1071
1252
1196
1163
1196
1185
1013
1067
1008
1140
1204
1240
1470
1275
774
1324
1354
1636
1466
1141
1115
1025
969
1225
1431
1234
1132
1022
871
991
1018
1023
1018
932
1179
983
898
1707
1269
1155
708
1028
932
1083
1056
916
1061
1737
1494
1184
1039
1232
1039
1026
729
716
1016
799
946
874
730
1092
1413
984
1612
1107
1080
922
1042
1002
1064
1037
1240
1336
1080
1319
1497
1396
1083
899
893
1304
952
1025
1141
1543
1406
1193
1382
1059
1312
952
1248
855
1261
1003
1542
975
1043
1015
838
1105
1435
1280
994
1001
1002
1316
925
874
993
512
1351
639
757
732
820
1048
978
1232
1144
1073
855
965
827
870
767
596
1114
1380
1479
1366
1451
1364
1348
1253
1189
1185
956
927
883
1018
1078
1193
1249
1012
834
1131
950
875
815
1067
1071
884
877
1030
897
1319
1019
1452
857
773
1172
820
1033
872
933
1025
993
1024
930
884
817
786
934
979
1139
936
1325
1389
1002
1412
764
966
857
920
1038
805
1011
907
659
813
915
1011
970
1195
1324
1194
1561
736
892
906
736
784
847
879
722
861
1001
1031
821
978
1024
787
878
751
1225
914
844
1036
948
769
1133
594
1151
948
664
725
734
815
845
859
694
989
887
812
1153
826
1463
1080
772
1075
880
1009
798
800
1077
932
1007
725
866
795
948
917
961
717
827
1093
881
756
1163
901
415
912
915
775
610
668
1026
937
772
579
1085
1170
881
1005
994
973
881
790
914
767
925
1147
1429
886
1217
1311
934
936
847
918
1240
908
689
712
677
725
763
820
669
1103
965
881
1066
966
772
761
776
1026
778
886
944
768
742
829
748
740
765
1226
756
587
702
644
456
640
521
963
964
775
817
1208
1031
786
910
970
923
936
417
1197
431
730
699
1067
715
1250
832
758
740
734
856
1013
755
594
816
734
762
767
880
653
899
742
717
1102
892
1010
706
688
1033
798
1152
641
780
1102
686
1029
1132
668
1460
892
765
1274
807
729
582
740
757
1081
848
692
622
855
667
627
661
1398
851
763
767
1388
863
715
776
816
743
611
735
597
816
977
639
751
893
1055
853
653
704
770
1189
1151
1127
1370
784
1254
677
651
1165
676
888
653
939
786
819
970
745
1141
896
698
676
606
725
855
615
593
501
795
974
576
597
604
891
661
1004
835
1384
743
751
721
953
1151
1283
887
757
605
595
628
785
1088
697
597
913
536
953
867
554
1009
661
828
854
636
873
645
977
640
653
1136
846
873
873
341
818
786
736
751
646
683
977
655
686
526
888
679
549
955
809
728
629
1145
697
612
909
733
950
963
636
858
805
868
519
894
594
1224
645
721
776
789
713
469
604
775
628
806
1414
906
712
849
643
562
542
607
559
800
698
643
812
813
817
805
734
581
907
605
463
411
691
872
597
728
633
678
573
1398
659
602
485
719
791
1053
548
612
602
486
588
561
641
613
617
673
907
558
409
828
547
852
593
511
943
602
626
833
621
563
469
569
621
443
619
709
633
806
556
529
365
732
673
648
642
718
376
404
330
644
452
804
624
803
600
319
687
822
491
1062
945
700
629
725
718
748
712
667
482
718
766
1035
547
620
482
460
565
526
959
631
669
716
469
352
661
615
661
756
766
609
349
464
391
769
714
557
554
757
644
641
355
490
822
784
696
764
1149
1100
942
830
949
623
376
545
464
427
660
396
749
496
378
462
481
515
422
740
585
543
493
640
438
599
846
489
581
672
981
655
590
515
487
609
727
440
465
785
845
614
591
519
306
511
889
455
444
448
434
495
560
577
601
538
514
504
941
469
277
159
1054
639
459
839
380
479
669
561
340
523
498
504
611
871
542
585
638
427
480
522
457
485
453
597
683
486
977
484
728
575
657
397
472
513
400
514
440
401
807
653
760
488
446
768
700
513
610
448
659
537
649
528
519
419
891
451
456
437
505
879
705
816
524
406
372
660
337
667
490
435
627
600
908
545
501
1121
393
447
412
507
487
417
415
406
473
388
956
454
644
553
514
611
692
1010
396
490
675
793
651
492
557
570
637
420
688
642
884
535
778
494
943
403
411
530
436
429
438
424
483
328
328
347
460
934
397
439
510
478
485
598
375
692
316
313
459
496
338
477
403
540
415
455
461
420
697
558
949
813
464
426
488
551
321
459
422
642
819
682
731
330
689
802
470
776
748
534
558
787
217
522
459
931
384
455
463
581
472
404
329
416
407
522
467
382
343
385
640
346
305
513
511
690
799
624
384
400
364
322
306
609
549
333
349
403
357
615
584
711
711
1031
443
987
612
510
336
1140
390
600
562
456
519
450
512
274
584
459
615
280
552
460
564
382
568
502
391
434
346
632
304
661
605
415
617
242
693
433
397
451
460
452
374
172
643
650
457
707
937
294
804
544
663
765
424
567
636
317
307
545
406
326
423
459
429
557
531
368
482
397
362
729
766
475
397
479
409
1043
606
441
439
335
723
325
476
257
826
442
383
408
416
462
319
743
484
827
342
452
372
365
399
449
582
328
280
572
330
479
426
357
479
456
315
878
597
394
499
275
363
351
448
383
670
293
350
251
295
274
525
696
451
558
668
545
385
642
325
251
317
422
336
273
262
358
440
332
259
533
513
262
398
311
424
493
237
427
587
356
460
391
626
597
393
347
670
404
602
479
369
390
266
457
537
335
375
360
377
825
691
196
499
465
391
292
596
593
360
278
280
340
467
295
368
417
874
411
256
482
264
805
431
414
467
754
439
572
355
363
390
411
340
346
381
448
332
526
529
351
371
382
353
549
492
371
479
495
312
454
403
646
628
308
452
427
275
481
279
643
397
212
633
368
547
493
282
715
379
365
278
376
429
592
394
337
490
325
308
345
375
257
308
510
283
497
676
324
279
342
388
135
155
873
773
425
432
399
547
273
345
425
281
270
924
345
276
244
477
345
286
384
470
383
277
333
302
381
612
268
474
640
437
352
418
231
339
502
246
441
245
520
331
410
467
657
330
240
408
536
379
546
180
446
755
551
502
365
440
412
589
490
348
441
365
345
643
221
423
714
501
280
376
373
310
340
248
437
281
320
230
229
161
328
283
719
316
622
346
350
287
296
211
357
231
480
125
628
354
282
355
218
223
316
329
248
427
262
218
796
405
326
487
219
277
236
560
361
159
265
689
263
222
262
225
460
242
219
215
328
355
290
232
455
243
264
482
315
202
347
458
136
559
552
419
119
233
265
475
465
258
311
233
281
249
146
194
220
274
321
322
536
404
243
304
227
159
211
338
298
305
390
127
163
253
212
144
288
447
320
311
360
407
348
288
208
209
397
231
243
217
244
196
487
239
410
189
243
233
275
222
309
306
316
136
107
326
234
232
419
165
335
296
175
236
99
142
196
105
135
298
200
167
186
193
110
329
176
170
155
228
207
128
159
92
143
134
188
84
94
144
229
240
120
122
177
106
130
1178
306
