356
423
479
457
452
413
509
495
40
480
434
407
361
322
330
395
396
431
406
482
352
432
313
368
305
281
442
449
498
488
490
473
483
558
572
566
634
529
566
514
531
585
532
598
633
542
502
638
384
637
637
615
607
567
542
556
611
603
524
588
632
681
549
488
603
557
591
605
552
600
611
632
572
606
459
291
584
594
399
482
458
548
552
416
645
720
374
290
555
430
607
523
482
545
508
420
398
485
533
382
370
453
487
574
513
469
430
480
455
416
350
359
370
347
375
394
427
303
364
430
381
393
330
519
317
607
257
365
412
348
496
352
365
363
263
446
487
485
244
292
445
453
390
469
345
388
256
405
527
677
519
585
549
468
449
538
537
397
439
519
627
434
422
409
482
527
516
405
402
341
333
344
266
303
236
328
251
235
374
269
221
403
363
628
510
272
220
318
208
208
192
245
180
198
205
235
369
373
268
439
493
378
496
481
471
302
398
485
582
520
558
515
428
497
169
539
427
570
608
545
321
541
538
542
607
572
488
665
486
548
271
484
465
517
608
607
535
447
573
581
543
616
431
266
225
635
430
428
242
187
245
173
171
220
268
364
395
431
372
156
160
131
238
564
222
412
110
455
533
475
598
298
395
254
637
541
552
575
581
552
507
589
508
580
565
547
433
417
511
272
467
495
324
465
523
372
495
330
627
553
489
337
324
351
266
359
591
258
252
266
209
188
197
228
524
289
619
520
483
402
473
621
526
555
559
528
392
305
423
424
543
481
492
484
293
504
563
615
469
197
516
560
482
469
605
474
254
355
297
353
481
360
520
531
484
372
478
385
473
525
522
464
493
494
494
302
629
465
499
516
489
586
298
319
648
557
579
501
468
531
485
564
260
358
605
83
517
485
511
565
393
410
406
307
317
413
503
331
329
204
666
103
532
448
452
548
491
500
496
331
508
511
404
583
175
524
578
489
402
320
637
441
598
398
491
210
565
590
517
400
570
406
238
210
201
249
316
250
331
251
389
640
610
628
224
278
267
224
350
446
280
286
438
307
280
370
333
621
507
274
452
479
399
201
601
434
518
248
171
420
279
255
213
341
335
325
318
332
349
327
330
463
372
267
329
417
265
593
379
605
651
493
267
507
447
400
386
483
466
497
552
524
528
474
452
438
284
430
413
356
575
641
585
197
122
186
525
356
541
321
415
513
357
452
538
512
351
496
463
614
603
537
343
533
492
634
539
245
621
359
349
559
537
595
583
463
269
394
438
548
523
341
296
312
266
373
267
321
441
311
475
512
194
395
558
504
530
545
343
309
300
390
480
459
337
339
325
450
327
618
584
583
576
522
362
456
480
398
154
657
211
346
316
344
299
429
326
494
493
586
222
221
184
184
220
219
285
214
391
623
392
328
445
472
448
659
518
484
423
534
370
289
402
409
594
534
380
514
677
403
357
276
462
523
588
450
557
518
610
270
653
384
565
598
434
299
298
751
197
434
392
426
520
506
341
451
235
237
271
117
439
141
195
270
345
538
329
355
362
252
206
244
305
369
309
131
576
555
546
517
505
513
523
504
495
374
318
304
292
514
470
473
502
306
335
334
299
386
270
664
639
394
369
295
271
584
497
599
351
369
361
386
639
438
589
517
499
517
472
211
262
392
518
284
401
337
401
475
515
587
149
231
318
323
470
296
351
217
149
483
293
296
316
559
504
302
391
278
387
378
84
293
412
499
356
377
399
359
270
343
587
340
246
152
362
433
313
403
374
294
358
109
393
482
132
200
253
475
390
619
207
375
507
308
549
408
474
535
358
632
706
247
569
587
502
539
671
451
555
213
482
256
257
466
455
575
337
287
484
627
227
372
427
336
461
243
418
227
271
99
496
441
505
329
497
577
459
392
491
405
244
510
517
468
569
576
680
541
590
357
418
529
454
275
281
229
287
399
207
408
432
391
388
474
517
489
469
467
492
609
541
563
238
474
297
541
454
567
324
334
340
318
324
280
362
485
615
317
325
320
238
442
390
221
578
523
217
487
93
334
289
512
391
533
432
465
447
219
298
501
313
361
579
278
445
524
407
395
510
313
260
364
419
651
292
301
633
361
323
385
138
367
261
323
530
351
472
487
272
264
485
466
191
635
649
514
501
502
452
306
461
161
329
474
258
348
555
536
648
591
682
577
552
297
261
489
394
391
159
379
255
539
632
665
755
694
529
520
523
518
564
488
506
347
435
338
594
504
631
570
604
365
519
554
348
509
457
529
545
685
-1
262
222
587
166
480
451
455
310
671
482
425
510
445
297
482
355
467
443
510
463
151
307
343
317
432
323
440
541
373
265
495
422
280
419
254
487
316
360
674
453
460
260
451
398
416
527
218
671
324
275
418
274
554
281
457
589
538
528
447
440
474
275
306
560
540
258
203
502
458
411
587
537
457
429
488
275
304
491
536
291
510
593
209
401
126
126
515
553
577
587
236
493
547
585
460
413
467
536
542
445
554
515
444
399
365
323
288
376
409
292
252
624
314
349
553
194
564
593
550
262
137
99
461
538
285
369
232
574
379
327
687
458
516
516
242
361
349
391
481
303
458
561
574
453
413
377
283
424
413
233
444
280
341
530
565
545
627
467
355
249
465
259
725
462
430
73
74
42
168
364
477
387
262
443
246
548
514
532
515
392
504
433
463
441
451
423
396
316
363
500
499
483
186
505
442
621
449
483
154
301
208
300
237
474
420
413
167
475
548
418
279
362
537
326
478
415
358
248
249
311
206
399
275
368
584
429
422
316
434
316
381
441
404
410
285
552
311
497
540
474
618
379
377
445
396
624
285
282
450
378
487
485
519
547
302
504
407
367
301
351
270
575
441
554
385
431
488
297
421
232
477
405
288
384
327
299
298
444
619
428
476
423
508
377
172
220
160
384
566
378
299
381
245
360
405
270
499
453
486
428
374
496
333
360
249
248
343
269
258
273
437
427
453
460
227
440
575
543
385
396
245
213
374
434
400
250
397
200
264
311
526
479
211
383
255
380
364
156
308
573
492
381
208
213
205
220
315
430
379
591
293
231
448
329
486
539
487
398
413
514
445
410
358
307
363
331
198
211
353
285
298
387
271
398
366
408
403
392
466
207
475
312
256
549
596
509
559
497
493
463
347
503
422
426
516
444
337
292
279
368
312
401
471
398
383
261
219
211
214
318
410
405
296
289
261
385
202
354
387
271
241
451
430
421
289
303
527
426
495
269
489
345
461
381
378
257
372
312
485
368
292
396
453
495
240
345
401
495
266
458
440
252
295
429
554
133
544
506
517
308
297
336
432
484
352
288
306
289
269
234
231
239
438
473
334
294
345
435
445
462
220
373
408
393
318
290
445
322
220
304
229
274
431
438
586
251
561
332
370
188
357
299
389
314
494
180
287
440
470
429
220
437
298
379
280
401
209
605
401
454
303
443
337
307
416
217
444
360
330
303
172
321
357
232
427
447
196
252
153
392
397
429
344
467
260
388
306
446
472
369
224
485
260
340
350
350
373
224
306
451
180
314
251
371
380
351
323
393
382
399
514
411
406
272
341
322
255
402
224
413
221
521
338
301
235
237
242
320
487
449
392
346
491
385
223
246
355
232
144
297
489
342
424
391
365
335
221
308
236
371
386
368
309
287
249
332
316
296
271
354
166
205
188
289
289
211
394
278
114
295
392
252
179
241
462
416
182
190
229
137
422
237
428
308
201
333
248
355
246
39
230
260
313
336
205
368
244
381
218
449
219
430
353
273
370
212
275
299
322
280
204
384
404
163
143
481
312
238
230
116
346
426
391
243
309
413
323
379
259
297
347
198
353
244
375
295
339
264
412
262
199
331
224
249
262
240
199
463
202
289
326
329
241
272
391
148
368
421
372
281
436
280
415
393
351
413
287
366
399
220
429
199
406
244
21
397
293
241
398
399
360
277
344
299
302
367
255
314
224
426
314
270
256
354
231
175
192
222
315
517
211
204
231
471
22
20
459
285
326
281
290
385
229
166
328
394
309
444
206
212
260
338
366
277
421
478
212
279
178
222
298
362
208
262
438
325
290
369
260
349
356
203
445
243
433
234
266
237
378
207
301
239
394
447
333
180
282
316
376
310
275
190
193
398
343
212
362
233
276
261
205
281
340
282
187
172
334
223
240
231
326
221
218
189
232
147
325
244
315
223
403
181
179
177
113
286
266
261
284
102
347
236
170
170
128
164
190
184
245
208
194
202
318
252
311
311
182
223
185
209
107
115
156
457
291
237
212
211
244
226
116
269
95
393
178
201
286
210
243
171
270
157
312
229
141
248
264
368
134
260
207
330
244
256
208
172
198
297
96
217
157
197
320
322
315
211
219
196
195
199
174
198
210
55
339
91
164
180
162
164
240
267
187
230
201
302
295
216
169
175
72
205
203
193
208
161
404
205
180
189
202
159
237
197
192
193
236
144
137
252
152
150
259
135
125
191
145
191
63
125
144
115
104
188
74
168
188
162
100
209
127
141
159
156
157
106
115
77
143
147
164
74
75
157
169
98
108
110
156
76
147
352
170
