238
273
270
271
263
246
286
260
10
250
257
215
218
186
173
203
212
258
221
275
180
225
171
248
200
188
205
248
282
284
267
251
264
280
283
300
347
296
325
290
292
321
279
343
324
273
253
314
246
311
334
322
360
348
329
341
348
347
309
336
344
339
294
352
370
319
292
355
343
362
313
323
296
302
256
186
319
344
272
282
322
329
326
261
332
352
276
241
353
268
309
311
264
290
291
268
315
319
299
273
232
268
270
288
298
257
232
265
265
237
203
238
229
226
258
211
230
209
224
242
253
242
223
288
191
335
172
195
259
205
282
209
217
219
175
240
240
249
116
211
235
278
227
242
192
239
187
229
300
355
233
264
237
237
208
311
327
248
263
272
299
263
247
240
278
296
287
274
237
237
212
221
187
194
157
205
162
153
232
162
160
259
194
275
201
174
170
201
142
159
131
169
135
144
148
161
193
192
170
201
297
210
279
291
222
197
244
203
299
343
278
244
276
210
122
295
206
294
311
304
241
309
296
309
357
317
277
318
311
376
179
308
219
247
294
320
296
274
333
321
283
325
266
193
118
287
271
272
184
137
182
121
126
178
204
244
192
265
202
92
136
103
169
302
124
240
83
254
262
333
344
224
272
203
334
216
235
258
254
246
295
330
312
301
328
294
225
232
213
135
282
274
219
269
307
218
282
152
291
300
292
201
203
200
164
196
278
115
163
134
99
109
99
95
297
176
335
222
284
177
249
330
279
307
324
291
270
187
221
210
280
298
289
316
211
356
356
386
312
145
301
273
255
275
273
295
168
215
166
162
227
211
285
291
226
208
266
246
256
281
250
248
290
267
285
241
345
274
230
233
290
350
166
184
332
246
260
244
228
315
259
303
152
209
330
60
287
272
310
334
212
234
220
167
171
203
235
225
229
107
322
79
326
270
303
319
297
298
309
234
274
255
206
297
80
264
262
272
255
174
274
253
292
220
309
108
252
244
310
225
316
242
164
138
146
151
198
175
223
181
205
361
337
345
158
170
168
140
221
247
158
181
248
189
189
192
195
339
291
168
242
249
208
169
385
266
321
139
137
271
198
183
164
231
219
217
207
200
218
189
200
238
204
173
192
195
141
300
206
325
336
326
183
223
269
182
219
290
273
280
310
275
305
254
270
209
189
279
254
244
311
285
321
137
78
134
286
181
309
222
262
310
226
282
302
291
199
287
290
337
321
282
181
329
286
309
267
158
314
198
195
297
274
331
279
315
163
223
187
259
253
194
174
174
148
174
172
188
214
201
310
334
168
201
251
291
279
299
168
152
155
226
290
274
211
217
194
259
192
268
245
257
290
271
162
262
281
247
76
272
144
201
178
198
175
249
214
254
267
314
166
148
131
132
147
162
166
134
218
263
250
188
305
290
264
315
315
290
188
263
170
205
185
272
348
318
249
205
346
221
174
171
260
304
357
240
335
271
353
172
342
228
360
328
255
177
194
395
130
236
221
246
315
298
214
282
153
132
177
91
311
100
156
129
131
231
206
222
218
133
118
127
155
178
153
106
339
319
283
272
277
264
278
293
271
175
183
169
176
300
284
270
304
165
170
180
148
171
182
397
396
229
217
177
205
353
287
304
200
205
248
186
377
207
287
281
275
294
267
139
169
198
338
192
225
192
256
276
283
317
86
148
174
179
293
144
193
107
118
197
203
197
182
336
320
184
264
190
168
163
61
221
235
301
214
183
208
242
135
181
375
147
142
99
207
186
156
234
215
187
196
74
241
317
86
107
164
177
188
260
106
234
309
182
351
284
293
227
189
356
297
123
308
327
279
346
379
229
296
109
251
170
196
219
220
294
196
186
287
313
105
204
222
221
332
154
251
174
176
54
235
255
196
206
254
316
235
178
264
262
165
348
261
216
303
320
290
235
214
189
253
297
306
186
143
129
142
288
181
185
225
203
171
295
335
325
265
249
218
296
275
264
116
303
206
343
252
283
230
202
217
190
226
193
217
297
363
195
214
214
166
296
238
91
236
330
117
284
64
177
192
284
238
271
272
241
228
103
182
261
193
180
262
175
176
249
234
183
335
184
167
266
228
323
182
173
385
240
234
266
90
215
139
202
309
223
282
289
164
174
328
312
102
325
301
335
198
200
295
187
294
136
179
349
151
235
323
308
391
355
362
292
354
182
188
210
239
216
86
127
129
309
327
298
314
367
280
274
261
296
250
280
217
252
252
188
372
242
327
338
283
253
241
303
166
288
302
276
254
350
322
155
122
379
117
274
316
285
235
397
326
248
283
290
160
320
210
295
302
323
264
80
185
187
193
211
185
215
362
203
196
259
300
197
302
157
279
193
200
284
310
304
128
264
246
278
386
167
315
187
187
268
143
277
208
248
421
215
359
306
210
225
182
173
296
378
107
133
326
305
217
361
335
252
237
266
211
155
262
275
149
359
422
148
255
116
106
257
322
317
317
171
297
247
346
238
203
374
293
270
202
280
288
259
263
218
196
222
260
235
207
188
450
191
196
311
145
365
338
296
135
84
59
244
249
173
192
121
277
181
218
366
293
322
321
121
225
206
251
284
166
259
288
265
276
245
227
188
266
289
80
247
158
270
310
363
353
323
240
223
145
300
171
314
287
239
45
51
36
110
201
302
247
181
297
197
279
290
233
299
279
245
280
242
252
266
295
266
238
264
331
421
248
112
294
216
265
258
342
104
216
140
171
143
244
250
273
86
253
312
312
164
248
335
153
210
187
173
172
166
194
166
237
150
180
392
280
292
215
284
202
251
245
203
205
147
276
211
219
255
193
289
250
256
326
158
261
169
172
299
214
299
273
278
284
207
333
308
229
245
251
203
416
236
264
247
268
266
116
262
180
265
258
183
169
205
205
168
225
345
259
287
284
405
238
100
165
149
213
369
251
175
208
199
208
276
211
247
194
310
231
191
254
208
265
146
140
250
162
173
188
242
278
214
274
146
307
296
325
235
233
172
140
220
258
260
182
286
138
156
173
282
304
159
243
206
225
261
62
185
306
254
241
157
163
157
155
187
272
251
230
202
184
294
207
311
295
369
285
265
295
265
275
213
203
192
196
160
162
209
180
188
274
194
239
191
255
315
289
306
114
278
219
176
358
350
359
292
357
279
259
268
231
302
244
260
200
217
151
225
247
214
263
276
220
253
168
138
128
145
195
225
338
206
159
150
251
117
186
284
204
185
263
233
216
208
259
358
305
324
171
223
191
229
255
281
117
254
249
264
204
172
260
329
276
98
201
223
340
183
254
234
133
216
296
305
108
311
278
308
197
170
234
285
300
218
222
251
225
144
136
170
185
270
235
243
172
275
205
269
221
142
263
283
286
189
172
289
184
172
158
131
156
311
254
305
145
327
246
237
123
222
176
280
174
274
147
187
241
219
214
166
344
189
230
145
284
141
343
214
359
182
237
291
253
284
177
289
239
155
200
113
201
226
187
197
199
94
168
137
205
203
236
157
285
165
214
221
317
276
249
154
310
195
180
230
219
199
141
243
284
143
190
161
283
236
213
201
257
197
231
307
250
320
173
193
253
195
292
134
261
139
270
269
233
178
185
181
179
285
291
257
272
286
280
178
183
239
161
93
147
254
228
278
310
235
279
117
211
140
223
267
257
222
187
180
224
203
221
167
237
126
138
131
194
188
142
267
146
67
170
266
164
130
142
253
242
145
122
159
101
233
186
263
238
158
295
222
297
212
31
145
214
312
262
147
255
129
267
159
325
146
244
309
196
259
143
127
154
235
215
149
221
287
89
79
269
157
186
165
31
233
232
217
148
219
212
203
190
234
210
237
137
234
183
253
208
192
144
285
184
118
215
155
174
217
199
168
297
132
222
262
236
147
161
237
79
228
264
247
126
303
166
254
222
190
265
287
285
289
180
264
153
208
143
3
239
211
188
322
234
267
185
215
193
198
165
199
226
192
257
210
175
210
231
142
131
125
181
236
200
160
119
184
273
17
20
221
190
183
172
202
248
134
129
228
255
168
301
159
142
211
266
226
184
345
309
166
209
120
129
242
290
154
213
231
262
165
305
173
225
327
149
297
119
243
208
190
178
200
104
229
188
263
261
228
123
244
246
160
227
189
117
112
283
238
134
240
177
155
166
140
201
239
168
138
117
254
161
180
171
196
179
166
163
177
131
241
154
179
172
288
112
112
127
90
184
225
187
227
24
265
176
120
148
128
125
132
131
168
111
144
140
232
216
239
230
121
163
129
138
72
109
141
242
193
134
158
163
204
152
54
188
49
196
126
164
162
139
195
116
175
122
256
146
97
169
209
199
105
175
165
229
170
197
122
137
159
162
81
94
94
133
1044
-1
212
131
180
146
160
146
135
179
166
20
252
49
95
175
103
98
195
191
154
149
159
143
269
180
164
130
38
175
178
162
187
93
236
190
121
164
123
187
203
120
135
131
143
111
107
207
129
128
178
115
122
161
104
134
66
109
114
110
81
158
33
146
128
157
76
147
92
123
103
97
114
87
97
75
109
91
104
54
68
112
142
84
82
81
87
64
104
229
126
