786
914
874
834
806
693
979
847
93
844
796
803
706
686
691
782
767
816
743
909
684
700
648
715
634
619
694
758
871
941
937
886
876
927
1050
1163
1258
1159
1288
1095
1074
1127
1033
1202
1151
978
919
1076
938
1063
1233
1275
1424
1208
1211
1155
1194
1174
1082
1148
1195
1098
1108
1221
1205
1181
1116
1113
1196
1141
1112
1048
1026
1157
810
749
1167
1227
945
1015
946
1147
1152
877
1135
1183
958
837
1148
884
1158
1049
1041
1034
890
860
831
885
1071
748
793
953
854
1026
1011
970
886
904
909
897
674
757
848
744
768
781
695
727
827
813
831
699
741
977
610
970
550
738
963
677
1049
778
710
786
515
738
766
900
575
614
914
978
639
869
635
740
473
846
941
1039
793
907
865
734
669
1039
1240
793
829
982
1041
963
946
785
864
1001
1001
760
755
703
653
679
506
514
469
624
513
511
728
520
397
805
675
976
813
531
438
519
387
366
369
454
376
428
507
497
762
762
429
660
891
733
872
824
719
617
847
888
958
1012
979
975
761
775
388
917
629
1077
1047
1001
635
897
1023
944
1115
1096
857
1005
953
1151
655
932
770
786
942
1129
984
958
1275
1118
978
1059
807
708
555
1061
906
670
533
421
442
343
351
509
579
713
648
854
696
281
411
314
610
952
565
769
233
860
797
1195
1191
603
706
593
1152
787
775
782
772
857
911
1064
896
1037
1011
1060
696
784
782
561
991
956
604
764
979
803
829
511
951
1009
873
685
678
679
534
690
1002
531
531
559
452
422
425
485
927
500
1076
842
843
586
856
1000
868
1085
1147
943
785
710
658
686
840
902
896
804
582
987
999
1174
1192
393
977
796
902
993
847
957
523
808
618
569
802
745
972
897
744
834
916
755
775
917
781
789
793
877
860
729
1103
911
740
730
1093
1313
613
628
1051
806
906
831
868
982
990
835
562
722
856
244
931
766
1076
1233
732
784
668
536
514
624
743
600
597
513
1016
216
971
757
748
875
927
769
937
656
817
928
838
956
337
914
835
958
769
540
883
789
954
868
1032
438
829
739
1021
928
1108
845
487
437
405
471
686
558
648
620
713
1040
1109
1153
456
541
515
437
793
869
517
530
941
581
584
611
529
1151
1023
659
929
922
753
382
961
793
1016
391
413
722
667
522
561
800
791
732
737
657
774
672
666
688
771
608
571
638
581
817
615
961
1037
1164
458
730
754
605
658
877
900
985
922
810
911
927
935
651
687
731
925
835
922
884
954
356
273
349
858
636
915
671
765
1060
700
701
1090
970
632
851
976
972
1021
834
673
913
967
861
772
365
956
687
600
819
709
864
902
950
543
622
640
923
858
616
628
607
542
605
530
614
666
781
1104
-1
398
720
775
991
783
865
596
545
531
715
850
776
757
508
443
696
712
759
755
689
770
658
521
915
871
602
305
746
483
622
550
611
570
887
733
748
736
947
542
533
409
371
536
406
548
344
487
858
777
642
817
874
847
815
904
877
623
719
569
628
588
788
1177
1091
635
603
795
818
740
574
731
1004
1046
686
949
1022
1084
526
1028
598
1056
878
834
594
640
912
403
573
709
630
840
819
753
922
455
451
582
206
833
260
504
419
526
702
674
615
557
471
410
450
510
616
521
267
853
894
924
872
912
876
823
933
852
647
664
556
585
924
866
843
898
523
573
598
499
510
624
1028
1029
540
709
560
598
1060
765
952
649
681
631
596
920
593
673
824
802
858
703
466
539
623
808
683
654
650
762
898
753
985
341
466
662
697
851
567
492
417
309
706
606
696
626
1063
1058
651
887
510
590
582
303
536
663
762
669
596
610
680
472
546
909
513
438
408
726
722
470
695
665
615
602
265
674
836
337
405
537
633
545
635
385
747
775
526
890
739
928
687
668
951
775
563
721
677
660
819
911
594
748
449
668
497
519
636
664
798
695
506
847
783
295
792
638
751
551
398
705
455
541
299
797
685
631
688
794
844
687
581
884
679
568
1033
860
718
909
908
676
697
585
512
712
787
610
513
454
398
494
682
459
598
636
576
597
770
674
643
677
911
608
773
811
651
492
717
500
664
620
834
531
519
577
484
447
543
466
831
988
685
666
652
446
616
654
439
655
835
374
858
207
501
577
774
662
845
728
615
609
537
540
757
532
527
673
579
530
567
778
540
770
597
594
769
616
765
487
505
956
583
544
613
325
631
412
856
839
474
1001
656
478
643
691
657
353
665
648
756
585
500
580
569
570
371
556
1083
435
522
723
912
750
624
676
623
675
571
568
480
705
579
417
486
433
962
772
626
622
738
865
749
724
789
627
848
546
565
636
486
820
652
815
767
623
687
624
823
495
683
655
583
597
803
512
432
380
826
469
477
530
552
625
643
774
658
905
632
672
613
726
733
883
814
580
305
542
469
568
645
557
478
766
560
653
675
506
438
567
521
696
512
557
565
761
612
448
675
513
727
739
333
701
511
538
676
462
639
651
631
641
440
840
568
445
651
584
531
598
942
433
449
779
673
703
907
581
608
559
641
509
536
586
798
437
747
702
365
548
248
324
611
595
736
917
434
704
652
593
542
485
544
517
675
480
620
644
713
651
598
519
477
660
564
421
415
621
440
532
614
451
589
527
868
428
275
169
577
654
446
489
366
625
470
607
539
588
539
543
408
668
612
378
629
490
554
547
475
804
508
551
570
621
563
350
502
439
436
533
681
629
742
457
485
328
607
522
612
705
551
136
143
114
348
453
581
491
506
587
321
604
683
433
748
590
576
540
622
621
628
613
553
414
566
660
847
438
341
499
400
548
448
832
285
588
457
425
329
667
550
582
305
621
631
348
490
468
699
431
430
424
554
469
466
305
420
644
489
517
709
850
834
684
713
604
571
373
561
383
401
539
386
580
464
358
443
434
468
469
499
562
469
456
570
363
502
668
442
552
510
715
504
595
470
452
547
720
416
392
542
709
540
470
512
298
461
726
448
406
390
390
475
456
540
557
507
468
481
650
281
295
182
550
644
433
498
353
414
520
561
364
467
431
506
506
477
476
569
526
416
424
466
413
471
471
502
538
427
707
408
617
541
594
342
478
425
365
423
406
386
372
529
481
469
335
564
582
376
491
394
543
478
396
464
513
398
689
371
386
367
422
636
626
635
471
394
347
546
378
595
448
432
565
576
779
476
453
701
360
381
389
406
397
425
371
383
396
359
600
348
467
501
440
576
381
717
359
428
575
637
556
480
513
482
645
462
552
537
692
473
534
431
452
396
397
484
417
438
395
370
376
294
288
315
462
676
415
442
437
445
429
363
372
606
337
343
418
395
318
473
368
478
387
405
455
383
518
478
658
688
355
399
440
463
269
464
407
641
715
399
508
338
616
439
408
590
458
499
504
698
200
484
442
670
418
450
407
539
417
416
328
402
395
490
407
317
320
374
522
326
282
488
441
576
592
419
358
394
362
285
261
577
358
317
321
356
341
563
495
647
524
909
386
634
451
466
339
717
350
501
347
512
486
424
492
257
529
379
479
312
517
350
547
354
566
425
370
371
343
659
271
615
552
337
434
213
496
427
367
363
437
291
391
170
580
576
410
472
655
277
609
480
588
577
377
404
563
339
296
415
330
309
396
449
438
425
373
339
454
375
353
566
633
431
376
467
388
690
477
384
395
294
586
303
466
245
692
444
354
409
402
479
298
627
409
738
321
386
397
368
374
473
412
267
243
462
276
456
394
359
493
327
309
516
520
382
523
285
343
341
386
383
527
288
312
281
332
227
465
487
414
452
434
260
363
525
339
242
309
410
321
246
253
349
306
293
261
521
442
224
397
308
412
411
102
310
439
328
392
375
548
375
340
295
615
290
550
444
309
373
252
368
428
337
349
329
328
645
386
191
429
339
324
281
270
494
333
257
297
320
421
270
340
385
550
358
245
415
246
643
370
357
366
640
375
361
324
322
337
360
310
338
397
320
300
444
438
344
323
349
320
502
456
326
379
426
268
414
372
464
545
296
428
411
304
472
309
520
324
115
599
318
462
394
270
634
321
329
238
349
391
531
354
331
435
282
268
320
365
249
276
331
232
446
522
294
266
314
375
55
49
619
443
375
326
333
481
202
281
390
255
234
666
315
253
259
424
309
239
387
448
358
239
303
275
310
521
257
370
531
396
312
418
215
307
439
223
418
237
423
285
362
415
413
253
230
399
487
384
436
180
366
524
411
429
310
350
317
496
387
329
377
291
333
425
201
358
481
390
317
243
330
293
292
209
380
231
339
237
247
156
306
269
418
344
553
282
285
259
228
205
302
216
407
139
477
317
231
288
211
221
250
330
226
237
232
202
500
331
311
396
206
228
224
350
188
164
240
606
240
202
209
215
410
231
175
221
163
303
250
224
332
259
229
314
306
202
316
379
136
439
384
391
119
239
214
483
356
238
239
232
221
237
124
158
228
237
334
334
414
231
233
261
231
144
193
257
231
154
384
151
153
235
221
153
284
348
286
264
266
309
334
284
199
209
188
218
228
204
237
146
374
226
273
187
214
198
242
191
263
261
276
140
103
293
182
181
348
126
226
256
140
204
95
121
190
118
143
214
120
153
176
209
94
278
176
153
146
185
199
122
177
76
136
114
152
72
85
134
189
113
103
105
138
90
120
687
269
