538
580
570
556
510
438
614
549
56
551
563
488
480
457
349
464
410
517
472
537
416
471
407
532
468
356
430
505
556
614
539
558
620
649
745
810
822
667
761
657
657
675
704
739
711
612
594
645
614
682
790
756
857
735
660
850
695
662
701
689
752
767
640
746
819
792
669
788
823
786
853
782
837
764
588
588
929
775
832
820
822
798
757
773
999
910
568
578
748
551
714
671
607
671
605
554
788
620
616
739
628
578
550
620
619
558
502
513
528
513
478
502
515
469
464
470
465
541
475
482
478
418
491
605
433
625
519
378
615
429
586
429
428
430
364
425
429
486
310
515
533
571
419
487
389
455
304
415
733
672
540
547
511
435
460
707
682
469
477
672
735
525
525
496
553
575
700
430
418
436
419
411
373
390
319
351
349
333
413
329
296
494
509
593
537
505
317
333
267
311
287
308
303
318
424
416
457
458
319
399
668
379
571
557
431
443
491
513
721
809
809
835
568
470
422
604
403
723
743
727
406
648
620
634
644
642
580
633
697
714
634
728
484
625
591
791
578
480
771
689
671
809
592
569
331
807
560
473
508
417
423
389
341
474
477
569
372
479
408
226
338
254
316
591
366
424
215
543
621
691
684
366
656
666
918
525
519
505
495
587
585
612
585
572
513
645
488
446
437
371
976
928
789
875
657
501
521
493
642
569
565
414
414
422
347
382
562
363
344
332
265
254
271
266
565
452
816
509
612
377
560
603
620
793
591
624
564
480
485
359
565
576
637
829
505
708
595
623
638
300
545
669
674
541
634
705
463
510
441
419
566
489
787
574
528
597
495
495
458
632
464
446
610
551
513
641
772
570
472
481
558
665
354
373
806
480
524
746
532
604
768
624
368
511
599
182
499
479
609
622
577
595
395
367
304
338
474
495
495
301
672
191
685
614
644
650
594
654
514
450
682
556
544
537
235
543
482
494
623
309
562
459
586
494
612
299
593
598
480
417
570
416
341
288
258
306
368
607
828
333
429
678
663
655
308
333
301
284
477
500
292
527
505
373
316
328
296
617
618
454
633
607
524
506
646
474
589
393
279
558
494
510
511
486
514
485
446
365
453
448
437
480
444
551
416
601
375
642
371
538
644
600
329
440
579
411
417
493
526
518
490
469
583
527
510
431
371
468
468
560
576
490
510
482
244
304
543
408
516
424
684
565
485
570
613
500
350
516
614
631
635
513
383
512
456
528
512
355
718
443
358
459
418
590
534
568
429
472
458
581
527
439
383
386
359
471
363
418
432
404
519
531
313
413
450
547
468
492
401
423
380
420
562
499
448
425
390
469
426
405
405
381
677
511
367
518
534
576
118
487
407
439
388
450
379
478
437
444
422
502
389
387
368
385
405
331
411
216
500
531
371
468
671
434
625
464
414
381
386
419
372
434
396
568
598
564
474
390
497
509
394
495
503
680
540
478
488
596
574
343
479
329
463
399
438
350
401
510
381
525
411
398
436
411
399
959
275
261
415
192
710
304
372
287
252
498
372
340
339
345
297
310
347
356
370
196
516
502
491
472
462
435
457
458
412
370
376
316
415
423
453
479
473
365
366
365
321
340
407
456
463
410
393
361
364
541
461
529
401
353
550
335
498
441
366
410
380
407
374
332
337
344
423
355
521
363
650
582
448
472
263
310
358
402
532
328
286
284
314
442
331
350
370
446
485
464
583
364
386
367
213
871
364
418
402
331
387
489
318
350
494
317
268
220
430
419
331
415
376
314
369
235
433
442
220
392
307
376
339
404
228
348
372
335
475
370
528
442
314
470
352
253
350
346
498
440
477
329
700
309
493
343
424
340
338
507
334
403
494
420
176
415
360
349
343
250
408
286
331
156
399
489
395
393
469
521
425
358
424
295
366
482
509
323
616
441
438
530
403
352
338
500
343
328
319
328
354
370
302
372
366
332
300
434
383
367
357
424
469
409
472
409
245
336
567
341
355
451
-1
840
929
841
689
814
724
734
467
342
346
424
282
415
391
217
428
376
300
443
230
326
293
417
306
494
316
274
284
225
313
362
368
320
351
347
355
355
410
350
418
312
274
469
382
450
352
324
462
329
359
307
201
351
342
384
488
320
464
382
451
309
349
333
459
397
426
417
333
286
320
400
351
310
263
593
298
362
481
583
411
346
386
422
379
265
282
230
316
368
206
358
363
397
348
329
315
392
409
385
375
460
349
481
295
692
352
339
392
262
380
351
351
589
279
440
334
362
377
298
415
420
324
283
238
368
325
261
282
268
451
373
476
354
470
401
281
325
336
486
440
372
314
185
796
231
348
419
369
230
485
246
334
340
283
316
368
310
296
474
402
305
420
348
237
458
338
394
442
462
394
389
294
323
283
382
393
286
342
286
384
378
303
535
352
295
305
508
186
284
452
297
312
416
320
471
427
313
190
441
290
438
262
313
366
353
262
226
261
363
274
358
443
413
318
362
346
249
271
329
299
416
338
310
426
374
354
335
286
250
416
259
588
571
339
328
302
360
377
342
279
469
263
207
185
318
486
341
279
224
321
263
307
306
367
294
294
295
410
307
239
454
282
447
248
215
494
560
553
318
307
293
143
279
260
238
398
365
378
436
296
254
188
277
343
306
315
345
130
146
89
378
238
295
252
300
279
452
426
459
224
457
487
312
313
320
287
338
332
315
235
355
554
502
291
259
225
200
287
269
338
208
272
260
246
206
308
281
308
211
322
336
208
227
203
349
284
236
247
339
371
369
148
243
346
295
249
355
364
368
329
327
360
424
211
281
291
205
306
176
273
266
169
218
297
308
226
271
270
265
234
292
209
311
341
242
261
314
415
308
264
293
288
344
360
227
202
325
597
262
216
285
277
299
373
213
225
215
197
219
225
301
247
295
280
271
346
209
380
199
372
286
205
538
173
273
566
532
342
243
252
284
292
552
323
309
346
225
251
253
223
238
219
288
312
265
400
197
305
246
295
214
174
294
224
257
226
206
300
340
288
226
253
289
311
293
292
599
294
281
157
231
299
251
393
217
213
211
234
303
296
396
308
231
201
309
172
324
230
215
259
259
394
309
285
437
207
207
217
238
247
237
195
215
225
535
389
229
386
279
240
317
209
342
587
238
286
335
316
256
299
266
380
201
396
263
435
280
296
253
435
623
236
261
210
219
259
259
211
174
153
191
223
455
252
183
226
217
250
210
199
372
524
519
233
213
136
195
208
270
232
228
217
215
295
289
384
305
211
265
271
285
163
187
231
365
404
186
313
173
276
365
239
309
218
249
256
505
134
259
219
370
170
212
228
294
227
394
295
226
220
301
220
618
572
215
276
173
152
315
287
282
331
273
232
231
224
149
149
346
407
156
140
195
189
261
302
375
227
586
234
350
242
288
177
362
211
239
223
179
393
253
261
181
284
509
309
169
292
199
262
182
314
223
181
234
208
300
172
369
305
192
307
125
392
218
635
271
177
133
573
267
358
348
214
259
439
154
357
223
341
336
198
246
288
481
167
346
246
159
180
397
190
248
220
203
240
214
205
333
396
234
185
267
267
560
257
183
262
198
267
148
282
401
396
238
251
183
182
224
188
252
286
357
204
240
186
208
224
248
210
135
135
264
179
250
227
199
269
207
164
264
322
209
202
190
193
178
228
210
217
183
189
373
367
161
205
306
224
284
258
169
184
264
154
133
167
157
179
136
151
202
230
158
126
314
244
150
233
444
246
226
95
192
300
217
210
176
236
240
202
172
389
196
246
286
203
250
145
245
273
181
207
205
171
320
231
59
281
210
212
152
106
241
178
142
132
177
210
127
217
160
359
183
377
167
157
375
184
346
199
329
215
266
170
204
204
211
170
185
222
184
170
254
249
182
194
186
204
243
267
222
185
260
180
251
199
258
233
179
230
241
165
249
138
314
253
12
371
191
244
233
184
374
192
187
140
207
180
241
209
446
273
201
155
183
311
155
176
258
158
328
255
158
142
159
207
52
47
434
320
287
163
209
268
156
166
227
138
149
394
160
125
178
272
189
168
192
280
205
170
344
122
176
314
137
353
324
271
210
224
156
146
242
153
191
145
243
165
177
223
261
151
138
182
230
186
267
128
201
374
202
180
197
225
129
302
224
153
209
170
159
415
130
242
346
185
162
137
199
158
180
135
262
156
391
346
168
271
241
116
206
149
256
212
214
267
171
163
175
162
168
21
225
177
394
139
104
427
146
152
145
183
123
101
283
264
177
255
237
153
298
215
208
70
160
256
149
118
150
120
237
137
73
118
121
201
146
144
172
129
160
190
207
123
228
175
127
186
209
244
210
169
200
371
175
149
186
122
146
147
78
117
109
146
227
230
230
195
160
121
178
98
115
130
139
45
230
110
84
152
119
243
209
195
135
131
127
162
266
230
192
141
81
164
185
154
195
72
197
182
176
151
98
146
213
94
142
141
128
90
62
159
119
118
190
94
139
150
90
158
71
107
90
81
90
101
70
98
115
150
52
171
85
100
86
95
111
62
84
49
93
81
77
36
51
71
100
82
64
63
129
52
93
469
175
