215
216
245
228
249
212
254
211
51
220
207
230
190
188
195
193
213
216
205
241
197
192
163
184
174
158
182
192
237
242
243
244
256
264
277
307
301
290
306
272
273
291
269
300
283
267
247
248
244
242
327
328
307
296
302
277
300
264
325
337
333
273
319
235
314
284
308
309
316
324
276
246
289
294
206
195
289
284
217
274
148
304
333
245
251
257
242
270
306
248
307
263
262
251
225
188
197
245
277
179
259
270
230
266
258
265
273
246
262
309
241
220
270
208
233
263
191
263
248
265
213
163
191
262
175
241
153
224
302
261
261
295
280
292
144
211
206
236
302
141
280
392
110
243
189
238
75
244
260
258
186
213
229
210
177
284
332
254
238
286
239
246
249
217
215
229
259
204
206
195
199
201
105
79
183
172
180
180
183
170
61
242
259
212
210
119
147
138
131
77
132
131
152
185
159
182
210
207
54
182
213
257
241
232
202
162
275
257
271
288
283
273
181
213
117
245
196
273
264
272
195
251
282
273
286
251
231
252
214
281
230
243
216
227
228
287
258
302
298
329
265
212
288
303
309
258
307
152
156
155
140
110
134
157
88
126
161
242
211
52
177
145
204
256
237
234
100
262
165
276
293
190
172
212
264
185
203
211
194
214
247
303
222
278
299
255
195
253
205
279
275
258
146
234
286
335
232
165
274
295
209
275
268
269
263
252
281
222
160
201
190
142
164
202
247
108
226
233
242
171
210
254
237
232
292
261
201
278
161
193
185
255
257
199
137
193
212
298
308
65
292
192
246
269
235
297
149
281
255
176
265
254
258
268
217
285
252
185
209
271
209
228
220
232
217
274
233
228
201
200
258
234
282
298
218
198
219
223
263
271
263
193
258
303
215
118
251
211
280
310
258
259
200
177
170
191
221
95
97
270
245
93
245
172
161
228
223
143
251
90
210
237
290
230
139
244
236
218
315
116
211
223
249
315
307
186
190
126
256
260
257
257
281
267
148
250
412
101
236
320
210
290
299
312
236
284
198
246
357
270
170
137
245
153
410
184
157
290
315
240
334
322
271
87
229
205
321
95
206
219
303
172
260
396
510
475
458
387
454
348
313
196
317
210
149
208
261
184
188
232
224
380
168
182
148
129
198
227
207
276
253
216
245
278
282
198
431
211
256
253
252
220
272
78
45
125
245
334
271
185
184
258
196
143
295
252
184
263
219
240
242
221
217
275
235
233
219
70
235
241
238
220
180
245
269
272
231
201
199
248
234
244
266
278
255
211
173
249
208
380
286
267
142
226
208
323
183
338
231
227
267
260
233
211
348
114
78
213
292
193
186
193
168
188
166
244
240
173
2
168
177
265
238
270
288
260
180
192
184
307
429
510
174
227
431
150
286
86
160
206
245
336
160
256
193
193
246
226
170
202
140
244
190
104
256
248
139
195
238
307
290
196
230
289
291
211
282
235
269
268
269
229
291
254
274
254
296
241
126
87
245
200
234
209
411
263
231
222
272
57
194
66
490
135
19
194
340
239
175
184
166
183
196
204
199
80
230
197
298
298
307
299
280
268
250
217
419
243
390
258
205
298
235
188
186
227
157
165
527
314
317
117
374
281
300
298
282
235
262
261
134
193
252
187
211
226
212
248
221
261
275
319
299
306
187
300
172
255
197
227
212
235
306
289
280
225
144
191
117
196
415
459
363
301
289
167
240
80
217
241
129
189
217
297
270
241
181
164
227
132
235
175
187
130
258
223
169
232
200
364
215
136
179
287
143
204
292
207
182
198
123
308
254
217
301
303
261
172
359
219
233
235
194
208
208
306
246
226
128
169
101
191
166
237
246
205
432
102
328
253
148
275
201
476
198
25
222
129
267
118
230
201
155
368
274
258
226
259
282
220
287
252
229
286
248
227
167
195
167
157
220
210
219
329
224
115
241
302
215
158
188
177
157
194
239
241
245
255
233
216
274
183
196
203
129
255
201
212
135
172
175
160
165
187
160
257
238
297
294
195
19
157
206
200
214
264
101
232
161
62
389
208
385
195
268
191
207
267
264
211
309
202
187
300
144
162
252
203
273
382
372
251
233
229
193
207
232
146
178
203
126
144
201
311
254
176
318
176
254
248
212
211
139
214
209
205
170
145
221
309
191
187
271
205
38
124
246
242
257
210
211
197
244
418
265
166
302
163
446
155
131
265
255
190
186
219
239
228
225
240
189
217
198
190
197
160
238
235
216
259
175
165
235
253
134
229
202
185
169
246
144
285
324
210
223
159
198
209
149
194
211
234
276
137
244
223
223
175
307
202
183
190
189
169
225
215
199
155
215
264
392
190
189
84
183
304
194
135
188
150
224
200
218
159
138
200
204
176
202
190
297
276
204
226
394
275
212
166
231
188
145
183
320
244
188
293
189
398
278
204
169
246
199
151
118
186
304
201
194
235
147
258
239
102
241
113
196
267
139
177
274
167
191
169
187
224
217
235
186
216
120
166
212
278
258
169
145
139
175
207
156
135
209
137
239
212
112
241
172
248
160
145
51
172
187
95
175
181
146
229
330
153
167
199
198
196
200
192
156
189
307
148
162
164
233
177
175
343
199
180
149
185
225
151
114
196
154
208
149
278
254
244
296
173
231
210
54
55
50
144
223
237
190
90
212
135
184
182
155
228
191
238
214
199
177
199
179
195
159
205
210
245
147
153
191
182
161
170
222
27
287
268
209
184
194
196
206
157
185
196
134
371
160
176
135
116
106
149
165
164
140
185
226
237
145
225
345
327
354
226
136
192
120
177
149
239
141
137
175
148
78
110
163
149
131
110
167
226
242
230
131
166
199
154
180
220
253
232
365
145
145
220
230
170
126
149
218
181
217
179
123
133
259
285
183
169
159
342
158
175
187
182
186
182
276
102
131
79
154
178
188
128
181
165
178
203
140
154
153
166
198
107
144
215
175
340
345
224
303
451
420
117
187
158
204
226
224
152
215
158
141
147
395
221
160
159
74
175
358
210
137
187
174
115
154
89
204
161
142
258
155
172
276
574
607
627
560
184
195
144
149
92
178
191
132
186
159
157
186
192
261
194
187
296
218
153
172
588
570
183
155
232
168
145
179
118
148
186
183
114
131
246
110
297
199
211
228
148
196
191
113
175
206
236
192
189
145
219
142
114
151
345
177
133
106
105
249
202
243
232
290
178
151
351
175
269
184
189
141
147
130
134
169
171
115
294
174
177
146
132
378
147
160
182
105
285
151
134
105
154
125
255
129
163
174
188
192
97
221
95
142
189
154
164
179
171
73
154
138
239
287
316
195
203
119
149
128
121
153
109
201
111
88
147
162
137
110
187
150
192
172
253
164
127
141
127
132
208
108
216
173
222
190
214
153
185
126
226
139
267
386
210
146
265
104
186
64
222
162
157
75
155
205
77
174
138
183
173
177
117
160
240
133
181
126
132
177
205
247
130
68
57
152
171
128
138
129
185
154
89
178
194
157
130
167
175
190
273
219
181
182
261
161
139
118
134
138
121
309
112
140
505
123
188
165
138
147
233
209
103
128
143
156
102
221
180
144
117
196
239
174
91
198
168
119
258
291
277
127
202
160
288
110
112
165
206
129
137
298
-1
39
136
109
175
153
137
220
175
136
266
210
125
168
94
166
217
176
142
168
168
124
152
175
165
262
191
305
169
169
59
239
173
236
229
218
129
97
154
109
200
225
116
180
166
169
104
163
122
198
219
100
157
186
133
170
266
173
136
140
158
223
160
179
164
133
156
177
68
231
119
143
195
126
211
180
7
141
202
184
220
140
177
99
96
227
122
119
112
159
121
140
143
109
167
63
228
169
104
151
203
169
130
142
216
229
125
129
258
132
152
140
142
159
177
162
124
250
191
187
126
220
162
104
165
142
174
193
111
192
119
189
145
305
193
114
43
185
155
336
174
83
181
147
136
103
156
126
392
130
123
156
86
128
120
80
165
240
180
118
125
151
236
243
247
115
21
22
172
74
86
185
127
154
23
235
117
81
83
170
254
116
80
134
117
85
124
130
183
87
169
111
164
194
122
79
139
127
105
174
89
133
141
145
151
157
153
57
146
244
130
113
79
302
181
136
158
87
161
76
118
174
143
272
159
197
129
271
183
119
169
94
88
122
147
130
86
161
144
195
144
97
113
71
127
100
57
68
131
196
111
253
193
187
188
146
179
94
146
99
129
55
191
197
36
276
184
79
139
251
100
71
122
112
141
119
121
193
92
120
87
153
81
133
119
174
89
116
127
85
125
94
85
71
70
125
188
88
147
156
106
175
156
139
97
198
48
177
133
142
52
81
101
163
224
95
93
172
52
93
106
49
215
90
93
93
170
85
104
129
78
63
125
117
126
58
131
23
54
117
120
72
121
150
137
113
141
127
136
132
103
112
115
76
88
82
96
66
128
81
125
67
75
86
101
85
143
141
106
51
39
107
104
103
126
49
131
143
67
88
144
56
80
20
114
96
51
61
57
88
38
115
87
68
82
134
87
89
98
28
46
70
29
40
31
44
87
38
57
58
44
50
31
173
266
