1301
1315
1122
1064
962
735
1241
1059
96
1116
1063
985
1115
1117
847
932
838
873
792
1014
892
917
940
1187
998
1019
887
906
1050
997
1080
1076
1294
1295
1440
1526
1806
1386
1497
1316
1513
1536
1478
1510
1519
1398
1297
1410
1509
1348
1549
1846
1651
1753
1463
1671
1769
1577
1835
1667
1719
1569
1481
1824
1412
1472
1353
1474
1471
1558
1381
1311
1339
1341
1331
982
1344
1384
1112
1022
1374
1349
1277
1349
1280
1157
1756
1498
1290
1228
1310
1419
1264
1190
1179
1186
1230
1247
1259
1196
1249
2309
1125
1108
1175
2055
2111
1962
2071
2176
1543
1862
1845
1840
1783
1898
1787
1409
1824
1793
-1
1761
1164
1389
954
1530
906
1819
1319
1546
1209
1843
1720
1615
1384
1578
1769
1815
821
1367
1526
1540
1804
1718
1554
1801
1534
1960
1191
1306
1024
1030
1137
1537
905
1123
1379
1881
1934
1156
1182
1653
1637
973
1008
1195
1118
1909
1771
1714
1673
1707
1499
1661
1142
1557
1209
1213
1629
1371
1322
1649
1113
1160
947
1041
1119
1313
979
1053
936
1145
926
1009
978
1201
1206
1203
955
786
1169
1616
976
1006
810
1531
1665
1212
1180
1185
1008
1013
1085
928
706
1274
826
1081
1058
1050
1524
1172
1415
1318
1375
1323
1279
1130
1333
1260
816
1131
993
1044
1210
1109
1282
1788
1215
1216
1108
1187
1098
1030
1094
1019
1034
983
924
939
774
635
963
927
1048
1167
816
1699
1450
882
1031
914
1286
1007
1104
1668
819
1195
1188
1481
1198
1439
1182
852
1003
989
1002
831
826
1024
1299
1387
1156
1132
994
1145
910
1447
798
1055
912
1007
935
951
1113
1128
904
701
975
1453
1003
1416
1314
1398
988
1398
1034
644
830
667
581
657
552
532
933
875
1109
947
1065
810
993
1141
957
996
1294
977
1012
1220
955
1398
1138
1262
920
952
1139
1554
1316
1251
1196
766
1466
989
984
979
856
1074
833
1195
772
742
868
960
960
918
927
1229
1362
904
1274
909
839
786
1019
931
951
1221
882
1197
870
909
1286
1037
1326
1044
945
795
899
920
1265
1134
895
983
1219
953
1182
671
799
820
1067
1076
995
1010
1350
1128
1118
1410
881
726
718
1036
853
618
955
841
881
843
771
1123
1112
1008
905
950
901
975
424
1059
892
973
974
1156
895
885
985
1003
1096
526
812
892
822
1195
915
1504
1007
865
954
912
1271
923
783
1184
1198
1015
944
907
895
930
1052
793
1011
921
1093
712
984
713
1035
723
578
1181
993
952
948
886
912
756
996
930
1220
640
814
883
872
907
711
881
862
966
899
1110
941
752
951
935
825
747
841
759
1080
814
695
1007
1082
1148
1110
817
1028
758
705
907
907
881
820
787
942
968
983
728
945
791
1527
974
990
747
793
716
504
534
890
852
1173
927
772
922
906
833
1075
826
1142
950
914
1007
1139
865
1241
1002
847
997
1059
814
816
792
574
855
726
763
807
822
778
856
697
775
777
724
737
720
628
696
788
731
808
833
918
831
866
913
884
1135
1020
748
691
703
658
793
972
830
775
939
788
656
689
673
689
654
829
677
621
1406
857
889
848
664
758
772
747
636
721
1392
956
815
703
798
772
634
671
572
637
695
570
1015
438
709
1314
649
1129
664
842
657
640
648
657
757
830
1185
731
1039
926
811
844
612
631
825
546
819
836
1058
949
825
920
717
909
617
780
507
770
602
1206
642
678
670
655
899
884
1176
660
687
723
897
852
809
763
578
978
584
551
491
743
735
662
1034
982
799
679
689
574
590
533
629
810
1015
895
811
871
832
800
736
729
736
765
640
595
619
753
774
788
650
510
652
692
598
550
703
732
683
642
712
665
851
652
1002
627
523
893
521
704
553
588
631
610
659
554
610
563
572
640
640
785
649
977
1031
687
877
612
773
575
656
709
489
973
567
571
556
726
688
657
772
828
940
1089
572
600
628
572
634
576
563
561
539
664
791
583
782
603
540
777
479
798
589
554
737
693
538
1047
515
686
634
534
469
479
481
566
582
467
594
528
526
793
568
943
635
571
728
607
486
557
545
763
611
701
481
670
538
727
695
873
486
566
708
622
575
813
612
178
632
575
601
436
574
594
951
591
349
651
799
555
656
630
574
595
544
591
474
639
790
886
593
727
889
594
623
592
648
1249
540
495
522
457
631
525
594
571
711
624
600
704
649
478
467
520
633
501
566
579
498
365
550
638
494
525
747
478
413
490
457
297
435
363
586
632
500
544
989
926
612
583
578
547
564
356
733
427
618
547
661
493
766
528
518
493
477
554
622
504
381
538
552
528
527
587
442
559
577
496
738
571
678
434
430
674
606
1263
402
533
856
457
771
666
412
938
596
512
1213
488
461
328
492
465
808
542
420
379
582
440
533
407
1013
726
633
482
887
611
502
525
550
494
441
523
403
585
675
429
502
585
661
546
434
470
535
765
787
739
1013
545
844
440
473
1056
475
612
463
598
552
493
714
432
752
594
445
480
398
497
579
381
399
316
515
1061
395
396
367
694
446
762
528
905
614
553
409
645
950
938
693
526
450
379
424
476
669
474
407
603
409
688
613
370
1039
467
696
546
428
601
444
714
403
481
842
641
591
644
224
538
474
524
517
493
373
592
415
496
307
587
479
368
518
564
513
394
759
404
469
576
461
622
664
404
665
580
564
320
516
385
722
418
481
498
738
457
389
546
445
412
566
868
716
431
592
413
335
398
402
361
539
489
371
606
514
495
582
511
459
761
368
294
258
486
587
400
526
503
456
341
1024
467
599
542
522
495
897
343
473
364
330
455
422
459
395
397
415
658
388
249
610
330
640
358
339
561
436
403
618
403
332
258
325
432
306
506
426
512
507
397
329
243
464
504
456
396
455
437
449
353
470
318
494
405
599
372
203
504
566
356
716
693
467
409
515
498
528
505
454
324
437
511
731
371
423
290
304
403
393
652
636
467
458
262
203
407
410
437
431
449
379
266
332
243
453
478
377
372
544
486
482
229
394
482
554
452
494
727
696
647
485
707
408
246
377
299
360
437
232
467
360
280
321
343
403
274
490
387
380
351
411
288
430
559
313
356
412
644
414
421
370
333
469
496
282
316
732
486
421
314
305
187
382
522
317
281
308
310
361
365
392
384
362
329
324
761
418
174
109
1069
435
291
606
278
355
438
363
188
393
341
318
360
672
374
390
478
271
351
313
299
310
302
450
479
322
636
346
523
421
443
245
286
383
280
337
307
272
969
499
629
292
292
490
452
475
466
278
471
320
334
386
364
265
581
273
292
283
330
597
435
634
371
264
265
419
226
491
298
286
450
418
568
289
275
715
260
310
254
326
324
250
268
255
312
244
688
311
420
367
335
467
424
636
248
309
408
485
418
318
354
378
395
285
400
425
511
370
498
334
624
243
242
403
302
297
326
310
311
209
214
232
334
541
314
339
321
295
295
346
217
483
226
196
302
286
232
339
232
371
274
315
305
290
430
367
820
480
292
312
336
360
195
360
309
414
510
424
495
202
430
597
323
518
473
353
400
565
176
346
326
565
281
368
274
375
301
302
225
340
277
378
335
291
250
281
408
213
189
299
373
449
476
381
241
261
248
213
206
396
364
233
231
279
238
388
425
457
513
609
320
789
413
348
224
902
274
345
501
319
364
295
316
212
388
349
428
151
333
299
364
248
444
295
215
251
225
436
206
421
343
247
527
203
478
279
229
284
295
254
241
104
417
391
292
503
603
201
464
348
378
520
264
330
399
205
207
412
283
209
269
323
253
360
393
266
304
236
224
458
455
359
235
331
293
849
495
279
304
253
506
240
314
171
549
277
309
256
259
291
195
502
297
581
217
330
239
251
312
300
454
213
259
362
192
328
267
228
266
298
210
553
359
273
343
169
231
221
279
216
595
206
217
175
195
136
333
491
298
375
432
398
289
421
217
165
224
289
239
168
221
244
364
215
175
333
294
160
286
213
258
293
253
272
463
233
285
274
387
382
274
219
432
258
373
341
262
258
175
289
310
210
223
271
246
573
414
139
374
298
257
208
239
356
272
169
192
189
307
192
211
290
646
267
156
312
186
512
291
280
316
424
300
382
209
221
235
255
217
220
293
300
203
392
384
226
312
262
245
350
308
281
298
339
224
276
269
435
404
203
297
331
173
322
208
426
263
80
381
255
360
332
182
509
233
211
170
223
312
403
256
202
320
222
209
235
288
172
190
352
157
373
432
215
179
267
239
170
187
567
621
318
206
311
374
220
215
319
189
178
662
236
198
153
321
217
187
274
338
255
178
251
183
238
363
213
363
453
342
243
272
155
238
322
126
302
176
353
242
292
341
471
231
141
298
361
262
308
94
280
556
324
293
257
308
320
369
339
230
287
233
238
543
132
287
511
289
221
237
233
180
200
143
256
211
230
147
175
97
224
205
697
238
423
222
222
209
229
144
226
138
338
43
405
227
247
283
132
138
218
216
164
282
171
145
858
327
208
280
123
157
144
454
300
106
209
408
165
146
154
137
341
150
145
145
138
241
193
168
293
172
184
311
162
139
263
265
103
457
479
272
70
139
196
277
299
172
199
172
230
166
92
131
141
213
256
253
345
280
162
194
175
96
157
237
182
105
247
113
106
188
155
90
164
258
196
187
236
244
218
145
107
90
258
127
131
128
149
138
324
146
287
114
144
159
158
138
218
220
201
78
57
201
131
131
258
105
285
195
102
170
72
76
144
74
106
203
116
120
103
114
65
198
94
133
122
167
119
87
112
70
90
95
108
52
53
106
149
255
83
83
101
73
84
944
205
