704
696
675
687
680
602
779
664
93
702
623
632
568
580
591
576
579
630
591
715
571
631
516
600
581
484
575
628
691
698
766
657
728
731
751
810
905
751
790
725
806
848
731
836
845
826
813
839
759
787
931
941
855
899
805
855
905
858
939
931
1058
911
841
713
868
760
901
941
911
972
770
737
727
795
686
540
772
777
585
682
537
851
846
695
772
748
762
763
889
747
812
775
717
739
711
608
592
769
743
602
640
915
735
789
698
833
843
857
882
875
862
779
855
783
763
809
727
762
729
784
761
667
625
806
540
809
440
724
910
788
764
704
700
827
517
726
799
827
650
527
838
825
543
852
714
807
411
787
714
810
613
667
679
755
625
738
823
925
864
746
705
799
822
581
665
751
670
740
716
735
714
676
506
436
576
587
606
615
649
610
384
732
788
746
568
390
544
568
472
439
458
526
489
522
486
625
646
647
318
535
637
698
667
681
612
694
778
698
643
821
750
641
562
646
344
726
588
712
721
656
682
720
855
797
907
712
704
771
620
808
502
636
651
667
725
692
823
868
795
916
762
665
655
648
658
653
726
519
503
468
439
316
423
484
403
414
528
818
679
278
499
414
479
723
616
730
303
742
521
765
777
620
492
453
693
598
605
578
584
675
787
908
702
862
865
706
618
758
586
706
740
709
403
663
777
889
664
521
678
963
682
680
652
650
638
678
757
522
460
479
459
390
410
475
711
413
735
699
702
538
656
803
754
647
842
671
548
852
532
661
600
801
686
582
496
711
765
914
724
313
898
564
672
726
623
776
516
692
543
502
622
575
645
718
652
787
797
544
700
680
619
674
637
700
709
751
598
696
598
611
792
686
573
599
663
593
651
674
831
727
571
605
704
664
772
320
651
643
748
748
776
805
718
659
634
663
592
364
362
590
664
248
585
499
534
617
578
499
800
383
572
575
739
727
365
725
733
693
732
482
639
648
765
940
866
417
546
440
665
701
700
739
463
460
388
446
610
337
619
571
636
792
756
746
402
466
462
421
615
640
501
437
665
453
507
541
466
836
882
581
785
796
733
352
700
570
811
278
407
619
583
432
445
575
564
602
538
655
574
549
569
592
554
481
441
488
717
618
543
721
756
852
603
584
522
423
547
718
718
713
681
617
727
727
639
530
545
618
770
549
755
602
724
249
212
343
686
533
858
549
489
691
615
477
751
666
566
733
605
639
702
649
623
770
618
787
735
370
668
555
505
694
564
651
823
750
567
580
502
578
619
477
510
509
461
456
415
482
565
516
688
650
391
602
613
859
642
872
504
427
444
589
679
640
502
437
352
550
446
604
575
571
534
549
419
806
662
486
178
517
475
521
445
465
465
798
509
583
555
833
469
504
268
343
477
318
506
342
416
579
700
520
507
594
479
548
584
587
472
603
494
791
502
455
680
628
455
533
638
770
589
471
722
743
796
651
850
522
749
410
708
495
703
599
773
468
486
562
410
354
616
757
619
576
539
671
434
410
418
284
571
266
427
380
217
550
474
626
617
471
428
392
426
479
466
323
724
689
743
707
718
736
678
660
669
585
565
479
492
569
587
812
666
433
416
477
464
427
491
798
753
405
517
479
414
700
744
738
435
406
432
455
651
498
580
577
588
608
566
370
420
440
726
464
562
541
492
731
599
697
325
446
565
636
734
545
570
472
320
420
550
506
499
762
699
482
639
380
598
595
283
467
650
703
429
517
467
504
413
396
512
470
394
324
550
434
443
627
590
458
774
248
469
733
304
317
395
466
423
519
341
544
500
424
727
548
673
480
461
570
580
525
539
569
606
741
658
594
394
395
382
424
571
447
559
531
539
313
828
702
311
610
539
464
470
222
554
506
446
252
574
590
418
516
534
546
540
488
532
493
390
640
682
558
582
804
479
545
481
496
745
458
500
421
380
292
383
566
324
515
560
504
555
559
492
494
559
493
533
521
508
448
434
556
381
568
492
621
346
356
396
350
336
393
350
530
568
416
428
554
268
465
556
539
494
564
231
626
195
254
522
599
458
566
552
527
564
500
456
550
418
363
474
389
420
489
546
370
625
491
388
682
689
620
388
394
645
461
620
397
373
581
389
532
608
375
724
551
400
570
480
445
327
444
453
638
449
404
420
412
488
291
387
611
250
432
478
711
671
540
584
545
533
417
461
389
622
553
404
353
466
698
571
440
447
552
685
693
691
759
543
679
494
419
639
342
636
553
580
606
500
459
468
711
430
412
452
424
433
600
377
367
348
457
570
424
428
427
421
447
667
556
753
393
409
468
480
607
917
619
510
354
373
439
466
548
467
422
511
368
448
525
406
432
454
630
519
332
617
442
668
404
391
503
428
506
515
255
523
468
410
612
392
469
584
448
489
386
509
457
405
493
458
414
362
742
468
462
644
479
456
608
435
472
372
577
343
465
401
617
337
462
548
375
528
230
291
463
415
507
779
472
398
518
458
354
368
470
366
532
380
380
630
500
603
497
436
383
568
413
315
275
495
438
495
475
289
506
385
790
386
357
223
505
460
420
332
350
369
299
336
367
418
425
425
427
456
378
312
558
344
456
387
360
637
447
411
447
422
407
362
464
399
312
338
412
378
534
388
358
295
590
386
457
435
547
172
224
170
298
282
542
472
361
421
226
433
487
318
689
547
587
507
482
471
486
472
465
401
460
508
700
360
289
313
325
423
381
608
244
387
353
295
248
380
459
458
366
447
380
258
348
275
399
394
339
361
443
373
374
295
289
529
414
388
503
660
599
683
470
433
413
237
347
327
309
407
271
455
357
216
317
352
368
250
337
390
437
433
491
328
434
538
331
387
475
624
592
402
314
306
353
480
333
331
552
568
444
473
347
219
348
507
303
307
338
329
325
411
462
429
376
343
391
-1
284
226
124
553
468
385
359
287
283
516
493
301
416
362
340
385
353
358
471
513
362
426
415
351
380
344
341
506
447
575
295
598
426
504
311
278
263
327
464
411
391
403
446
475
393
305
527
489
358
333
268
508
339
360
347
377
366
732
371
371
340
388
476
428
460
386
236
253
454
212
465
330
334
433
441
518
422
387
789
316
326
309
387
373
317
305
290
447
252
519
322
379
419
400
380
342
648
282
344
475
537
522
354
457
462
318
334
484
447
453
365
451
364
445
271
264
412
339
283
290
287
304
234
248
247
331
373
260
324
300
314
378
314
269
357
260
244
353
355
235
411
267
403
313
309
293
330
397
366
490
606
347
313
280
412
264
380
346
378
462
490
597
191
439
396
348
505
531
331
412
488
117
366
334
551
262
337
306
435
315
341
274
303
276
291
365
231
227
279
422
289
217
334
347
453
484
392
282
290
300
258
236
463
317
256
247
267
255
378
330
436
338
531
312
759
462
434
253
732
271
374
207
305
375
368
280
202
417
230
562
255
350
339
399
310
361
461
255
389
223
333
221
415
474
316
326
153
411
424
249
337
298
390
281
128
376
405
338
406
482
217
454
356
459
517
319
439
439
250
267
347
325
274
260
264
268
416
408
274
319
279
348
426
527
281
257
339
361
390
432
329
265
230
511
231
356
187
506
321
284
281
269
299
232
562
327
497
220
323
278
229
232
304
361
276
172
410
221
432
361
313
385
326
285
546
465
333
367
193
303
248
320
289
397
269
259
225
273
236
343
541
363
499
406
214
278
424
232
185
226
300
261
189
173
274
280
240
181
312
315
215
314
252
369
424
113
403
555
312
309
279
418
342
260
248
575
357
368
408
269
265
187
223
417
245
259
225
272
603
359
74
398
436
329
267
329
403
259
200
220
241
334
223
314
272
330
332
208
381
175
581
317
239
326
474
293
320
233
278
287
268
241
231
299
289
268
349
367
285
270
257
256
372
421
290
432
351
254
301
314
403
461
291
342
331
222
310
242
480
241
85
381
298
452
389
200
397
306
316
189
308
292
387
272
255
357
242
208
239
203
213
273
367
237
316
418
237
192
283
230
55
88
448
284
236
349
252
393
104
293
319
182
197
495
285
204
161
342
257
219
279
311
229
201
222
224
313
435
187
245
374
347
251
366
173
270
372
230
289
190
384
206
340
282
419
315
172
286
378
280
342
167
370
314
320
317
313
360
291
432
332
215
322
283
250
295
188
308
423
331
171
335
286
223
288
203
296
195
213
200
185
121
242
206
433
259
432
273
274
239
218
144
306
173
312
129
420
276
142
251
152
142
325
225
196
236
185
166
464
323
239
436
161
271
214
367
178
120
165
410
191
186
251
175
300
206
226
151
159
279
209
190
373
176
210
265
292
164
249
371
65
410
369
336
101
160
218
367
326
195
234
194
187
191
125
138
197
219
240
238
388
222
217
235
134
156
145
348
264
115
255
96
145
232
162
127
230
317
228
225
242
288
262
229
188
183
229
153
184
151
191
151
327
170
299
142
160
190
208
166
234
232
239
106
74
240
221
219
276
106
228
226
164
163
102
101
152
66
101
232
140
122
125
166
74
223
140
137
130
180
141
101
119
68
98
93
119
77
82
100
186
165
106
106
130
75
65
514
280
