703
842
872
866
855
783
906
835
82
865
765
744
651
624
704
695
715
760
726
891
659
749
575
645
592
588
693
739
917
865
867
831
892
890
947
956
1059
906
942
919
911
970
925
986
932
893
821
997
706
1051
1129
867
852
898
843
816
825
859
750
790
870
855
856
746
806
733
932
837
775
804
1014
1104
925
1059
709
568
926
920
679
803
528
692
719
599
778
784
704
523
745
818
964
954
821
1004
1031
805
502
931
913
499
512
725
948
972
853
712
640
680
703
655
574
590
609
535
578
611
621
497
605
606
613
600
646
815
534
839
413
558
653
531
941
535
559
556
380
580
675
741
414
401
715
705
522
725
553
592
404
602
978
871
841
932
742
682
684
957
830
654
676
838
947
694
708
669
923
958
959
590
567
498
491
538
376
421
359
468
392
396
567
393
325
609
481
823
781
427
339
449
288
293
284
355
278
307
329
376
638
647
498
691
848
555
819
815
735
475
613
691
713
703
818
768
718
821
287
926
657
947
1009
857
486
897
716
738
840
800
637
920
694
759
536
888
725
742
714
876
917
677
881
887
1024
737
601
424
375
809
561
718
414
258
432
243
236
398
493
573
662
686
554
212
307
228
361
983
371
608
160
626
638
828
1044
435
480
386
840
718
730
717
705
778
848
956
854
1019
1051
715
773
604
662
426
714
738
446
691
993
559
858
514
1000
794
978
548
510
534
430
495
978
500
487
557
426
378
386
432
962
480
879
753
949
604
854
1142
1050
780
862
874
884
527
741
591
720
929
953
786
402
642
882
870
671
379
721
850
847
842
944
609
462
609
496
520
743
598
851
1007
754
548
684
671
642
882
883
780
846
900
999
465
710
674
685
685
742
839
463
473
769
858
787
803
687
911
683
890
410
514
776
159
917
857
855
938
534
558
531
433
469
532
753
529
533
332
878
133
841
764
826
1055
912
667
954
625
779
845
518
959
303
791
972
954
564
434
900
842
867
581
628
377
808
613
874
593
1028
619
396
357
337
380
493
350
507
386
514
728
681
645
375
404
395
351
591
714
414
448
756
533
391
704
583
752
633
418
581
590
575
286
689
833
694
220
293
833
447
321
333
454
477
493
470
484
536
440
489
632
548
494
523
549
427
808
664
717
884
728
422
920
788
610
659
987
967
920
975
1025
1008
713
778
676
491
816
626
542
968
924
1185
226
148
337
989
468
838
593
623
872
666
874
891
898
514
981
827
904
765
1068
566
988
858
754
642
307
759
610
524
914
901
1074
660
580
385
502
644
708
642
547
503
503
412
475
480
484
626
508
746
675
258
551
776
659
649
596
514
443
424
532
946
882
565
426
360
882
511
855
776
843
805
822
474
661
879
470
192
646
435
474
405
509
450
630
460
891
868
699
349
349
238
225
356
317
368
297
485
678
576
497
524
803
782
676
879
881
539
614
516
475
555
553
763
703
665
787
742
530
395
343
559
698
745
537
896
706
833
444
692
725
947
829
593
441
494
652
365
506
547
652
960
875
459
690
361
333
450
166
562
243
300
450
386
678
507
501
477
382
328
334
441
509
569
200
735
875
835
761
773
780
773
884
900
565
461
411
380
832
859
553
830
459
506
457
400
556
358
692
659
574
520
455
448
662
486
970
426
398
501
588
681
556
731
890
792
875
801
375
453
429
598
497
764
467
689
784
991
727
242
341
361
418
551
340
449
315
204
553
407
505
474
663
574
536
758
296
445
408
185
390
441
498
435
573
531
630
414
522
597
516
335
358
524
561
479
715
693
383
500
172
638
519
269
266
428
484
408
801
372
601
863
442
577
443
806
588
423
667
601
382
544
534
627
586
667
396
532
408
616
365
414
479
450
809
441
551
596
610
272
484
693
424
834
493
755
326
451
240
751
885
506
431
616
738
541
468
578
721
391
660
752
535
855
866
643
812
583
475
555
714
836
453
423
326
396
461
344
597
721
669
738
963
752
723
756
640
686
717
618
535
512
886
391
492
932
787
340
399
418
397
343
341
369
626
625
546
528
501
431
733
718
320
747
741
204
792
114
535
381
855
386
875
604
603
660
283
419
708
493
354
579
419
564
799
701
392
518
407
443
494
443
858
383
442
687
586
522
621
270
612
380
496
909
675
717
840
357
402
645
645
243
580
589
866
618
502
681
416
860
249
375
626
500
688
666
844
637
528
644
547
478
383
452
585
467
457
252
457
355
623
567
499
633
580
682
681
672
733
593
942
747
500
557
347
681
486
569
514
583
631
598
852
601
611
629
607
630
594
495
354
321
506
318
682
686
734
560
501
705
720
721
627
502
732
528
728
653
613
841
234
382
472
512
612
487
575
553
355
447
-1
633
352
771
366
774
450
707
509
611
706
378
724
588
793
760
238
632
519
441
464
294
583
406
456
549
451
515
799
545
592
438
376
545
617
309
302
495
603
652
592
527
743
484
794
400
463
472
727
418
423
497
245
552
177
222
604
514
672
703
324
555
581
484
380
365
405
488
599
442
511
793
585
405
581
494
438
635
666
306
287
525
441
341
531
191
472
455
702
358
210
150
485
631
368
380
342
502
301
370
442
735
563
560
344
466
420
362
564
367
540
527
441
551
531
443
394
603
532
241
352
353
507
390
492
449
539
649
394
263
468
407
522
399
491
93
95
73
254
288
808
681
515
576
251
693
697
510
572
500
435
417
561
541
546
538
483
399
374
603
679
583
296
413
385
443
518
580
208
465
368
344
250
545
784
788
262
581
450
350
325
297
465
440
508
498
484
346
343
387
343
646
397
591
517
555
540
488
638
530
600
323
397
397
291
598
375
568
409
355
377
591
667
306
419
465
308
287
418
429
795
839
425
471
373
612
368
351
512
561
425
498
416
422
479
528
750
303
525
244
611
604
340
322
400
433
313
432
501
598
586
554
401
525
184
244
140
572
482
302
443
279
351
535
524
263
365
497
406
549
449
539
334
412
261
286
324
284
270
292
585
433
373
797
354
527
477
478
402
384
290
220
320
338
316
407
716
318
271
387
666
596
226
474
275
392
528
347
325
536
496
486
254
267
242
294
480
660
618
575
483
328
650
261
600
376
353
743
742
513
433
405
497
332
374
350
273
254
372
242
304
364
287
705
573
667
561
547
467
308
797
318
333
525
562
466
463
443
432
417
286
624
411
677
480
505
303
339
311
324
365
318
339
480
573
337
284
291
285
309
523
277
302
325
350
459
322
323
579
271
249
534
465
299
293
297
461
395
425
291
488
575
529
548
438
277
539
436
631
327
322
382
386
560
328
428
264
434
324
598
746
414
483
421
554
216
478
334
584
256
311
413
584
378
400
303
461
379
280
268
255
298
424
563
361
264
500
588
466
544
338
358
357
429
307
311
674
426
226
294
280
283
392
435
580
484
637
517
480
296
362
273
574
443
485
304
327
612
453
356
225
457
352
418
228
476
350
425
305
390
322
316
286
253
424
283
581
460
446
541
288
526
304
256
465
401
223
286
137
505
515
442
374
584
239
563
428
573
762
388
303
513
268
370
554
468
352
276
312
362
260
346
338
505
336
281
450
633
435
310
419
445
521
376
322
431
341
682
231
475
241
603
295
565
336
346
377
239
524
414
456
266
358
259
305
274
305
334
190
457
648
260
436
307
404
288
364
309
369
489
354
381
220
312
285
355
369
367
256
302
191
243
193
360
402
325
417
411
206
266
569
265
195
256
362
323
202
212
286
209
302
185
361
405
213
339
259
275
271
78
308
342
286
286
271
381
368
337
303
505
240
471
379
299
379
190
323
292
370
311
331
384
435
331
291
393
287
249
211
239
595
428
290
203
355
395
243
344
381
413
473
226
360
344
462
323
361
341
554
319
302
318
264
284
358
331
242
321
232
303
499
460
212
258
285
194
490
511
455
272
377
373
432
422
368
527
248
315
386
252
342
180
396
354
102
464
244
315
383
272
439
294
403
269
352
295
381
399
275
380
420
228
411
334
226
211
281
194
297
534
237
189
217
285
29
49
488
508
444
254
281
522
413
209
388
239
228
562
241
297
195
354
336
350
300
469
290
339
200
206
261
354
207
370
612
472
379
284
295
317
366
189
320
208
516
331
419
300
441
227
211
258
332
292
429
179
325
379
376
374
237
259
274
419
398
240
318
344
251
388
191
397
468
453
183
195
247
266
330
256
446
295
224
206
294
122
354
197
398
202
480
221
223
194
187
231
222
230
287
120
363
223
208
207
155
179
292
244
282
356
203
166
409
382
209
300
198
221
223
270
142
130
197
509
220
190
186
248
405
235
143
176
155
405
203
244
384
166
334
266
230
171
303
234
133
297
315
410
106
205
170
350
299
202
194
155
353
216
105
235
141
272
261
259
346
346
191
220
194
187
150
245
185
131
281
91
137
176
148
136
222
340
200
254
231
320
284
204
163
174
110
204
209
171
196
167
378
201
240
169
207
151
229
169
207
205
289
116
98
278
138
135
323
131
174
180
110
238
76
116
165
84
96
189
142
132
142
163
76
262
175
137
130
169
170
84
143
71
124
108
165
82
56
127
171
138
96
95
201
72
125
640
201
