1211
1319
1123
1085
969
781
1276
1179
157
1234
1109
1179
1228
1380
1323
1084
1061
940
904
977
1159
1073
1376
1061
1191
1154
1093
1020
1001
950
936
1009
1017
1061
1093
1023
1029
920
915
952
937
875
946
861
826
993
997
932
1038
860
907
863
807
881
789
916
781
765
936
783
825
810
818
711
692
742
812
736
781
779
866
1001
923
982
833
951
747
803
828
862
375
767
684
778
650
590
814
812
660
1082
779
812
908
946
952
862
515
785
824
477
747
790
928
892
815
661
700
621
649
743
763
656
789
550
588
670
578
823
693
588
552
460
841
789
879
717
647
489
931
629
903
612
585
603
459
500
543
571
984
505
847
726
320
514
551
552
234
510
871
648
849
796
707
493
987
810
704
659
542
881
750
665
663
957
931
846
919
437
420
530
516
479
299
306
484
398
483
503
416
511
237
583
816
676
782
677
408
315
391
253
357
350
418
513
645
503
784
775
344
901
809
501
902
972
896
604
643
726
562
625
737
731
750
750
533
812
935
796
778
716
394
747
619
624
643
739
701
663
514
601
893
755
864
746
606
688
730
529
764
739
763
577
578
712
809
689
571
647
639
575
736
464
431
737
315
337
884
614
532
217
523
480
377
779
699
477
404
600
455
650
715
403
412
627
614
588
584
507
511
661
656
659
677
649
602
562
852
506
472
803
739
809
464
583
839
691
832
842
696
610
794
533
523
528
494
500
748
1537
1593
1425
1641
1330
-1
1552
720
441
575
529
851
766
825
703
811
584
609
722
577
680
723
462
546
718
749
542
300
423
531
566
570
334
672
546
734
724
612
644
711
732
870
759
613
777
648
738
646
817
615
761
546
670
729
933
727
726
715
615
466
664
514
536
582
573
526
463
482
684
601
728
619
700
615
618
639
633
539
438
702
748
670
645
655
623
466
479
440
404
631
338
339
675
522
302
659
544
490
581
651
407
652
240
675
681
648
606
1000
596
649
619
712
291
598
809
615
603
641
1093
467
257
516
599
584
460
480
470
291
373
530
248
560
587
458
521
513
481
360
375
353
333
610
594
387
523
685
700
419
987
639
543
548
695
642
589
677
220
359
677
509
283
375
680
646
386
492
468
508
520
487
438
587
451
543
531
560
693
523
533
729
507
889
513
548
599
472
612
501
543
705
674
700
611
675
641
613
629
622
556
535
676
474
478
573
481
593
228
105
720
729
459
548
871
471
601
806
386
667
546
381
761
605
499
503
625
603
564
521
485
447
190
469
607
413
509
421
548
476
482
552
465
479
472
464
487
462
480
502
381
420
452
447
547
495
425
290
452
546
539
468
443
498
470
383
431
643
544
553
322
237
547
424
397
415
385
464
518
415
530
666
402
26
366
973
378
415
427
430
466
551
602
522
440
519
507
309
350
467
259
376
179
450
376
368
489
285
576
418
310
396
376
446
341
416
598
407
226
433
421
465
517
351
598
422
433
434
523
424
438
480
460
504
478
374
399
472
359
406
372
398
305
792
203
478
393
516
502
380
522
349
298
474
169
376
417
373
471
40
447
424
335
279
467
422
353
353
343
379
239
418
501
494
478
479
478
476
533
551
473
389
295
371
385
429
426
434
430
360
458
338
343
390
371
366
397
362
422
428
392
378
603
304
271
314
320
355
419
416
518
492
494
539
516
432
298
375
534
594
327
498
566
519
459
443
514
357
436
411
394
298
477
303
323
346
413
362
387
422
495
712
135
435
447
517
336
302
317
250
327
360
520
413
457
302
439
263
1300
467
371
480
688
613
274
395
290
588
355
405
331
370
309
267
416
1087
439
414
324
369
297
573
423
303
345
291
602
257
258
424
357
351
294
215
1134
205
269
464
254
297
400
342
288
444
334
335
432
364
318
282
130
596
286
424
1096
453
599
305
323
378
405
362
360
327
406
334
405
527
334
520
456
288
522
302
310
352
409
370
351
305
268
384
297
309
484
597
503
535
500
363
374
423
407
388
381
347
285
700
407
254
285
424
483
271
266
293
293
204
296
223
365
330
342
344
415
103
375
554
595
460
356
137
461
298
121
275
462
250
524
310
308
309
354
295
429
324
205
306
347
361
377
458
242
316
305
336
422
356
391
324
323
324
482
316
326
483
366
339
419
477
265
474
369
340
411
334
332
364
276
258
304
328
260
305
336
375
454
235
358
163
418
347
547
320
275
299
299
241
237
298
291
304
349
412
337
408
362
287
203
296
273
378
358
356
412
325
646
354
309
302
219
308
291
292
280
292
375
280
479
359
367
290
292
264
310
197
278
304
241
530
287
317
309
437
216
386
495
477
181
425
329
330
399
483
316
388
339
300
256
338
462
385
314
258
199
434
386
308
186
307
386
354
208
641
220
348
300
259
409
299
475
344
170
262
573
339
278
286
319
402
233
260
256
277
322
239
410
328
249
258
394
411
326
289
279
389
316
221
389
207
371
207
454
190
479
238
240
267
303
287
166
406
316
171
276
399
358
284
291
211
200
197
227
239
304
235
237
389
385
291
309
291
228
453
315
177
156
221
332
254
246
208
253
205
433
265
384
218
265
326
266
213
268
228
159
200
175
305
255
254
382
326
226
186
339
217
311
228
211
437
304
264
310
310
253
261
215
230
211
102
200
131
258
285
238
148
253
305
231
234
282
237
261
253
511
144
314
254
186
280
146
345
409
218
373
335
272
246
320
291
308
297
280
264
401
327
384
267
377
208
193
214
259
276
67
366
480
195
140
276
376
387
506
296
219
124
191
132
227
313
187
187
345
231
231
189
238
371
335
415
269
343
313
332
341
583
255
132
207
205
171
234
161
296
167
105
155
218
247
132
198
218
272
233
236
186
301
403
192
217
264
324
262
200
249
214
284
232
234
192
240
375
264
296
281
128
241
385
179
184
216
208
176
209
218
300
272
263
191
410
243
151
80
301
201
173
382
126
190
394
303
171
197
285
173
278
334
197
247
225
205
238
203
181
194
181
233
238
189
549
224
284
196
237
198
170
146
190
244
161
166
186
307
406
236
230
299
269
209
207
104
253
232
665
185
195
219
375
194
200
187
210
383
348
360
233
157
165
298
110
237
164
149
260
265
301
269
248
484
186
187
189
211
196
213
270
166
193
165
364
225
302
251
233
156
269
407
144
216
232
263
238
183
230
216
146
164
331
195
426
238
295
192
415
146
169
214
173
146
199
175
211
138
158
174
154
374
111
147
166
228
247
387
144
287
144
155
242
246
153
183
161
171
141
158
155
224
376
264
158
343
246
203
174
286
162
180
158
176
266
393
323
103
218
250
230
346
347
300
197
262
41
176
162
305
130
167
193
271
146
178
141
192
189
173
202
149
153
176
248
172
127
260
253
222
279
339
159
152
183
161
154
307
233
115
131
170
160
189
193
258
372
358
203
325
324
237
120
350
222
219
126
138
291
250
92
94
192
140
242
153
277
270
197
153
156
258
154
160
116
126
128
274
272
222
176
73
334
171
169
254
200
222
195
73
331
347
189
211
318
130
401
238
307
302
192
248
211
160
183
262
195
176
149
118
144
274
213
160
227
206
162
320
382
149
138
169
200
217
253
173
167
152
272
135
251
122
325
147
162
186
177
222
130
258
161
279
105
165
126
159
121
142
194
164
66
227
109
209
147
167
219
243
181
425
310
149
159
89
186
146
215
192
148
135
122
151
205
165
202
300
221
223
303
264
152
322
113
103
141
163
114
119
102
187
273
112
90
162
223
125
141
119
164
188
205
212
260
136
146
180
210
317
150
143
299
175
243
194
157
180
112
169
277
142
164
147
190
287
839
20
176
240
138
118
349
315
119
107
116
179
191
130
178
159
303
197
133
158
110
317
180
154
196
277
150
254
142
154
176
191
164
159
126
147
151
220
270
141
135
141
199
238
238
181
257
176
163
206
208
218
266
126
156
138
120
167
111
240
183
563
281
171
209
172
99
198
168
193
99
192
162
221
187
164
173
153
107
156
93
111
148
221
103
124
273
127
119
129
115
62
91
330
156
119
255
108
288
59
160
158
85
94
298
138
120
87
183
148
140
131
137
145
125
140
122
138
222
109
94
269
222
208
219
109
158
166
153
150
111
238
97
252
159
212
173
96
145
163
142
237
133
167
130
197
195
147
241
172
211
145
134
151
195
133
268
95
176
223
331
72
179
138
133
161
114
164
107
119
114
56
61
167
92
162
116
204
200
199
130
210
100
130
118
120
96
193
138
55
95
76
98
225
137
111
169
103
80
192
215
117
192
125
117
153
158
234
71
105
282
97
97
106
115
267
129
124
78
419
171
125
125
260
103
141
232
171
101
103
216
47
170
147
221
56
82
95
239
165
108
119
89
91
96
85
86
111
137
99
99
209
189
121
134
80
87
72
136
130
495
120
43
67
111
83
78
131
210
112
126
138
254
145
167
102
134
192
90
99
79
107
103
146
94
142
79
88
88
105
86
127
126
168
48
38
122
100
100
169
56
83
101
68
124
53
61
90
23
54
102
218
55
68
88
39
151
95
66
55
95
102
47
97
30
61
47
29
47
38
56
81
90
44
44
75
36
24
772
138
