1136
1185
953
917
852
600
1108
931
155
983
959
932
938
945
927
842
778
739
752
857
894
821
789
901
894
747
793
798
840
885
957
895
1113
1117
1185
1306
1289
1091
1115
1060
1191
1150
1111
1053
1067
1170
1147
1074
1364
964
1190
1339
1227
1247
1048
1241
1211
1044
1687
1336
1213
1147
1194
1034
971
1027
1037
1090
1154
1202
955
913
1067
1022
1017
1034
941
960
924
903
635
1073
1011
1150
882
749
1277
1555
929
1114
973
1002
1044
895
833
810
841
975
930
901
1186
1616
894
925
902
1188
1458
1218
1259
1573
1538
1234
1670
1068
1179
1419
1097
1671
1271
1133
1094
799
981
1061
841
1073
874
953
1399
1271
920
1338
1316
1315
909
991
1055
993
1806
1008
1244
1369
748
953
1035
1125
510
994
940
864
792
799
879
913
785
888
975
1174
1066
989
862
1153
1081
917
811
891
901
867
816
1041
1048
921
722
633
1015
747
984
1026
788
990
493
1102
1410
796
768
769
806
633
762
577
722
628
838
984
1097
1085
1034
1025
436
712
791
1023
829
842
741
1152
1355
977
836
989
889
898
747
776
843
927
753
818
788
782
788
865
993
941
907
895
996
785
773
860
1027
798
858
791
811
824
862
1025
912
957
832
727
936
1250
-1
759
907
587
942
1112
704
732
1023
998
600
542
668
1025
1055
477
1083
1113
746
785
1366
876
845
1008
622
844
820
750
708
953
665
679
715
574
566
798
914
946
819
801
743
824
725
947
567
1698
827
830
554
689
915
1278
731
752
742
833
795
1027
999
1020
973
988
799
904
752
784
874
624
809
906
728
573
678
681
841
680
750
747
842
644
851
758
620
1229
648
865
693
949
778
683
745
757
738
780
849
420
1060
612
801
809
639
923
708
1210
961
706
751
953
747
740
685
1332
928
654
901
724
633
735
702
712
704
1189
563
855
616
645
827
625
913
844
601
616
662
738
948
807
694
578
1386
971
759
894
657
664
801
759
1023
1011
880
874
796
778
687
343
340
1580
568
617
664
499
511
572
577
512
787
411
688
736
1039
653
712
772
674
639
1094
524
643
687
737
998
948
863
503
365
594
903
649
855
871
867
526
695
957
441
718
1058
831
720
719
697
685
702
686
631
959
762
796
673
773
575
768
657
503
744
888
1199
988
923
991
503
525
687
861
510
693
683
940
622
714
746
775
789
749
777
850
747
957
645
822
768
560
650
1609
585
651
645
660
940
889
584
525
502
604
671
682
670
586
592
650
799
756
574
854
596
859
679
711
523
605
460
298
600
677
727
735
727
504
653
728
423
775
602
705
724
646
610
646
602
975
673
573
643
696
473
566
766
541
572
451
568
655
671
1009
670
541
618
610
613
736
704
720
570
517
686
581
736
653
555
566
663
615
869
685
667
627
633
614
656
719
623
715
505
370
492
579
476
451
456
503
494
469
816
660
595
24
417
804
638
614
552
638
851
726
583
482
626
853
844
500
649
791
452
666
343
517
474
731
648
511
528
470
379
441
442
472
480
596
1085
510
365
534
501
511
463
421
887
635
733
619
721
613
643
611
428
591
584
501
484
534
434
745
586
615
366
654
339
716
723
468
451
611
706
586
508
633
331
540
490
610
434
0
465
585
674
580
737
655
594
520
482
507
437
524
583
689
633
660
642
619
573
575
643
637
517
610
441
465
693
538
572
430
598
496
406
628
510
500
382
525
642
539
557
584
680
501
412
476
399
459
478
441
480
445
476
458
630
532
466
499
617
626
556
559
754
520
550
687
722
720
735
571
574
588
812
587
415
599
596
573
532
597
645
837
257
689
707
869
460
441
507
401
497
471
480
572
468
362
462
531
622
685
460
485
581
537
474
754
601
529
514
497
538
438
432
399
421
508
568
419
433
569
485
696
429
486
398
375
742
338
353
554
510
448
399
279
652
295
494
730
365
465
420
562
336
721
442
344
572
446
483
299
127
549
500
539
493
495
647
350
542
479
438
476
534
434
375
467
495
623
517
536
579
337
479
377
442
630
408
351
446
432
366
495
489
399
509
507
451
524
449
368
362
441
424
439
370
424
328
648
378
338
366
393
524
331
333
399
365
253
415
283
424
395
426
443
566
157
359
500
985
473
390
243
511
562
168
465
463
436
529
411
376
403
705
504
445
431
335
326
441
375
378
459
343
468
482
442
612
571
455
399
397
424
396
520
315
783
395
460
540
514
316
662
371
463
825
360
338
448
332
317
391
337
264
305
469
323
561
361
487
159
368
390
655
399
339
348
388
351
387
440
289
495
505
688
423
573
482
403
264
273
357
502
512
489
610
367
637
358
352
574
332
389
367
400
381
340
466
320
549
442
335
314
303
311
409
225
401
429
304
972
279
285
309
438
275
496
464
676
249
450
328
464
512
689
400
354
790
382
332
417
504
434
312
333
312
585
375
295
374
299
733
372
298
597
261
513
279
369
516
337
398
358
232
347
546
447
427
429
336
752
353
328
280
348
318
276
429
491
439
263
553
539
529
467
307
379
408
269
365
307
396
288
567
255
524
309
350
347
584
397
284
542
427
205
328
567
684
292
349
257
283
320
327
259
367
282
237
425
448
425
364
339
258
429
351
235
200
291
506
387
307
340
326
228
623
349
786
498
365
354
461
257
390
239
262
314
202
266
277
275
496
437
274
190
439
341
395
233
245
542
344
312
493
302
252
348
290
377
207
207
264
230
318
263
300
240
369
422
268
328
387
607
460
488
549
220
367
291
310
313
181
344
423
237
543
477
388
317
413
360
422
381
391
323
510
359
513
259
440
236
238
243
272
373
219
387
481
260
202
284
303
347
750
295
227
145
308
174
275
365
212
205
344
357
359
200
285
438
455
308
351
515
488
562
361
507
321
137
247
232
262
268
154
316
198
96
161
236
236
142
227
263
394
414
316
208
276
391
199
256
432
434
383
316
236
207
343
311
228
197
396
443
289
402
275
146
212
437
244
271
257
230
279
255
267
281
252
249
237
658
388
167
82
491
251
249
443
212
222
397
332
175
258
294
216
280
402
213
383
342
335
433
288
318
324
288
204
326
243
498
313
374
246
320
205
177
230
340
342
248
212
364
307
631
359
238
323
279
403
255
187
393
243
521
291
227
227
573
335
334
313
350
446
315
324
236
155
212
312
153
285
217
176
286
278
415
287
279
793
264
238
236
360
358
232
312
256
247
210
443
226
290
261
248
200
348
476
175
290
273
324
333
204
276
295
197
234
353
290
409
288
318
307
599
173
168
331
242
171
185
163
273
197
213
228
255
390
159
250
269
312
252
445
169
270
175
183
233
244
166
323
192
220
173
177
235
222
342
255
235
446
298
198
195
260
162
283
185
241
316
573
478
103
275
375
223
377
469
269
250
352
75
204
197
387
219
277
238
281
159
216
161
188
185
220
351
175
157
185
259
171
123
264
261
289
346
443
190
158
173
176
165
293
257
198
180
240
219
245
238
281
338
401
208
644
577
316
193
601
188
276
168
237
277
248
114
146
262
164
347
166
255
293
234
176
221
337
164
230
114
190
189
294
341
220
183
99
320
244
178
262
202
341
222
90
343
342
215
320
372
188
381
319
311
360
220
426
250
192
159
249
193
177
223
154
164
457
294
239
216
219
201
408
414
194
155
216
221
329
369
217
182
154
344
199
252
140
338
206
167
237
245
275
141
312
208
457
123
186
179
189
175
198
337
309
69
238
114
247
203
186
298
302
180
655
343
168
220
104
229
214
230
190
276
204
147
192
233
216
302
489
309
288
387
235
231
287
183
168
219
187
137
161
134
244
407
130
155
209
222
131
191
159
233
301
441
291
382
177
193
260
257
354
182
200
384
260
237
254
182
178
159
154
404
147
160
205
177
415
582
13
233
313
209
193
551
273
136
109
179
158
209
146
211
137
363
213
146
193
95
457
205
167
248
313
222
327
180
225
251
187
163
200
157
248
170
222
253
265
222
167
331
243
260
170
401
214
159
212
208
319
295
151
218
172
157
200
199
330
192
188
298
230
387
223
116
286
194
200
122
206
205
342
182
194
205
136
151
153
95
171
217
330
139
196
284
200
185
215
151
225
268
406
192
146
297
180
253
54
282
179
84
111
350
234
155
94
210
159
139
157
166
190
128
208
145
174
289
132
156
261
219
167
238
106
166
199
184
160
170
251
101
232
234
269
222
96
242
245
160
242
132
218
165
210
215
213
393
224
285
194
215
203
188
216
314
122
197
284
247
102
284
176
180
190
124
170
101
151
127
71
77
166
157
272
183
268
301
302
177
255
116
182
113
157
92
266
218
63
191
118
114
205
183
125
192
130
106
342
197
136
278
174
164
155
313
277
95
134
259
99
132
156
103
202
123
176
84
285
159
170
121
260
135
138
313
205
130
131
307
40
324
257
224
51
78
149
261
249
104
169
149
83
118
98
79
191
162
119
118
279
195
145
148
86
76
120
183
154
246
142
54
93
152
138
89
133
223
161
145
184
222
162
179
110
140
364
96
105
91
103
81
188
94
224
80
94
109
124
118
181
180
154
55
47
139
143
143
190
54
151
162
83
128
77
61
78
27
78
132
154
71
69
104
41
139
89
78
85
132
94
72
81
32
48
69
37
41
45
46
104
134
59
57
75
63
31
673
220
