298
385
430
418
388
368
445
405
52
419
396
384
342
288
312
374
391
395
381
453
329
390
317
315
273
285
343
412
419
452
407
401
370
456
470
425
439
403
426
394
394
408
403
425
423
380
339
411
310
403
485
397
387
365
369
382
382
380
370
365
396
359
403
324
388
381
437
378
385
378
507
448
432
481
293
245
401
406
362
382
272
343
369
306
389
382
290
225
356
319
434
365
379
458
418
389
217
332
373
232
290
336
379
454
391
321
328
316
320
296
261
294
298
284
282
306
303
221
276
295
263
262
214
382
249
348
151
278
282
278
409
260
274
282
189
272
268
306
206
204
350
333
208
303
242
256
183
271
418
353
373
390
355
268
335
447
366
289
281
459
411
335
332
370
434
414
428
285
268
216
228
245
149
170
183
215
166
194
280
195
141
275
268
342
361
243
147
203
130
129
120
162
120
165
159
152
312
312
230
354
357
278
458
476
398
204
280
366
332
337
395
368
396
361
80
370
332
540
506
467
243
353
355
354
366
337
312
374
294
351
232
420
378
358
316
390
403
309
375
404
461
322
319
211
192
437
294
333
158
145
157
109
98
135
166
261
336
299
257
97
128
85
204
495
164
301
73
341
290
350
403
221
232
198
450
311
308
330
328
293
322
330
355
440
440
345
364
291
319
205
405
366
250
349
391
268
461
259
473
363
369
260
259
267
210
255
447
227
213
238
186
170
183
204
457
204
387
331
348
319
388
433
382
363
373
445
388
243
317
252
279
315
370
319
157
276
300
356
338
163
368
300
341
429
412
340
228
302
291
328
420
333
411
456
384
233
301
379
284
445
355
430
389
418
392
198
334
313
326
323
308
342
258
232
372
386
330
350
307
372
358
414
156
288
322
89
469
405
407
398
239
255
249
203
182
272
395
349
345
156
417
80
435
354
392
463
404
245
357
245
364
348
263
387
163
368
446
383
294
200
374
360
348
269
310
200
313
260
405
260
406
291
224
197
183
211
246
132
290
193
279
378
388
374
209
227
219
200
308
355
221
153
380
312
233
281
321
375
314
187
284
268
234
96
292
345
340
147
163
359
238
192
172
281
264
274
242
259
279
242
273
286
261
206
338
248
171
373
341
329
332
355
170
339
338
269
343
395
392
454
476
381
369
396
318
340
256
389
279
273
389
379
458
130
50
128
420
247
338
279
301
348
296
350
404
407
246
451
455
342
342
372
248
348
356
343
303
129
416
312
282
320
280
437
286
268
204
259
329
374
353
296
263
257
228
265
274
251
304
263
350
324
117
268
377
326
261
304
306
264
235
286
349
325
315
170
139
382
268
342
321
351
275
310
252
297
368
238
92
311
196
259
217
292
259
288
254
335
327
318
186
194
153
100
197
151
225
144
159
328
258
293
248
408
358
290
366
380
276
295
206
194
266
225
347
341
360
367
353
227
225
178
279
380
356
271
360
358
377
257
353
387
398
394
290
229
277
322
164
202
276
238
426
390
289
400
210
192
267
66
276
112
171
240
187
339
255
263
239
219
195
200
247
273
245
81
279
325
421
414
393
409
401
410
391
300
245
241
220
379
345
274
354
246
288
290
197
263
196
345
334
321
269
260
261
315
281
366
248
224
205
291
329
263
393
403
367
410
407
231
248
257
297
265
290
263
325
298
347
329
138
211
188
189
274
175
196
173
108
277
209
268
249
318
306
258
300
116
179
208
84
255
239
274
250
311
287
377
260
244
338
266
193
167
287
327
260
390
357
224
223
75
346
252
122
172
228
275
205
353
179
313
395
240
321
252
353
267
223
308
288
171
284
297
282
281
317
213
327
196
274
203
141
291
274
359
240
278
292
288
164
227
313
249
390
251
436
158
283
125
346
331
226
231
390
391
326
294
292
380
227
284
324
295
430
328
304
333
260
212
259
374
357
284
305
187
248
277
221
275
335
311
299
371
366
346
369
358
330
360
388
314
186
386
210
266
318
340
253
236
256
236
238
275
255
421
288
282
275
211
182
348
391
167
364
332
82
361
72
218
212
365
244
400
310
299
306
161
245
327
282
204
318
239
256
306
337
265
297
230
217
254
218
323
244
279
331
344
236
336
88
286
245
236
386
247
335
331
239
220
325
321
211
318
330
283
326
285
336
271
316
125
234
274
301
303
374
367
304
260
292
246
261
209
264
313
252
195
133
214
165
334
315
289
311
297
294
303
286
273
301
361
354
286
257
202
304
228
290
283
300
241
337
419
209
323
363
323
240
303
244
223
188
271
147
333
346
342
303
273
255
431
382
242
233
390
255
249
294
260
330
135
242
275
294
311
220
280
309
242
212
354
306
141
379
183
327
186
254
228
258
367
211
212
190
424
343
202
277
208
263
248
191
358
198
261
243
254
282
337
260
256
227
227
299
302
127
158
260
306
276
316
277
279
184
289
210
229
242
369
203
255
295
114
308
65
120
356
228
259
329
130
318
292
247
260
220
233
264
301
218
306
369
344
214
255
253
241
288
316
241
225
280
157
166
287
118
269
257
308
207
91
66
255
352
178
244
199
238
176
205
249
425
349
350
218
216
192
221
211
222
210
299
277
246
288
312
198
345
320
129
178
208
313
185
275
231
334
277
281
196
258
272
264
258
189
38
54
46
149
184
321
282
144
354
175
281
290
231
264
201
247
211
227
221
199
210
190
142
174
329
287
316
170
250
256
271
325
263
86
258
223
218
187
321
334
381
117
337
287
189
201
196
236
220
234
203
257
204
202
239
207
420
222
304
288
293
276
240
341
333
256
203
294
245
178
237
204
338
225
186
200
303
317
204
216
259
147
163
243
262
287
342
250
279
211
307
220
239
325
324
244
260
280
229
184
317
265
189
286
214
329
318
192
213
245
275
207
216
235
312
307
294
210
241
92
169
121
217
229
191
215
175
245
269
267
185
191
253
212
362
191
221
186
168
153
174
188
177
167
191
267
262
167
351
225
249
227
252
242
246
154
143
182
159
153
147
363
169
137
206
303
251
73
216
175
227
332
165
205
247
224
203
138
154
154
165
272
384
323
264
313
228
318
164
249
228
210
287
304
285
270
264
220
240
261
239
153
150
229
153
204
147
206
239
188
248
313
309
180
152
343
197
231
304
321
275
227
232
260
216
184
341
260
342
227
255
220
186
219
208
233
201
196
292
340
236
212
202
230
184
288
203
209
196
242
264
180
222
345
194
193
266
264
165
199
205
243
183
210
176
237
337
315
237
219
127
315
293
268
202
196
189
214
278
137
184
184
258
145
261
272
159
307
180
281
151
236
207
314
181
201
311
322
179
243
194
273
308
177
157
220
172
210
289
226
189
298
254
227
228
199
260
231
253
218
208
311
165
153
221
193
194
242
199
288
241
349
258
236
154
161
217
250
229
281
167
186
252
243
173
170
246
173
176
169
278
226
239
157
239
171
137
169
168
208
204
358
249
185
242
216
209
164
201
196
164
136
226
123
268
263
266
178
253
189
325
290
332
248
269
164
231
188
201
240
213
179
166
200
238
140
140
226
328
205
128
250
246
166
200
193
215
199
214
261
360
241
252
191
241
134
271
191
251
215
213
229
157
247
205
273
164
185
185
205
155
172
187
114
162
260
155
174
165
208
169
258
189
157
271
172
183
152
215
183
236
213
210
204
165
140
179
124
232
160
190
190
221
126
179
336
163
144
187
189
131
158
169
198
118
177
130
190
270
154
207
173
160
153
54
110
146
134
182
179
201
206
173
202
243
126
267
154
220
227
140
161
168
237
245
218
229
227
157
150
213
139
157
137
114
311
172
142
155
231
164
181
192
202
186
219
154
194
194
216
210
157
218
266
226
143
172
194
214
266
237
185
175
165
223
305
335
158
165
197
127
265
251
195
167
198
157
272
226
214
292
145
191
191
192
244
134
226
-1
35
276
161
167
206
143
230
175
201
172
197
164
214
262
166
210
213
149
250
199
175
129
156
112
161
271
156
142
153
170
16
25
235
213
174
135
176
268
122
122
164
154
138
238
152
222
138
147
184
150
181
223
210
183
160
166
165
206
134
162
231
236
281
148
165
194
216
110
204
174
264
194
266
177
182
87
106
175
187
169
250
78
153
157
221
258
144
156
159
206
172
166
202
148
179
217
86
225
187
241
113
123
133
183
137
138
155
174
205
142
132
107
160
144
204
136
208
147
149
167
103
116
139
119
182
51
213
152
122
121
107
130
143
158
127
101
164
122
189
182
164
181
86
99
126
156
72
100
152
249
105
135
91
167
242
179
68
110
90
187
163
190
249
106
143
146
128
123
182
157
109
165
158
166
80
124
94
240
181
141
81
96
178
140
80
96
94
130
143
143
246
123
91
133
131
105
112
117
116
77
182
43
60
114
116
115
146
245
143
190
164
203
181
120
115
87
70
130
144
118
146
107
194
148
129
113
138
89
136
112
151
148
172
78
61
148
92
90
217
87
104
143
68
111
50
78
94
64
80
118
66
81
111
119
52
154
134
82
82
133
129
72
84
54
96
67
90
51
45
83
99
59
67
68
68
56
91
301
126
