318
270
269
294
269
266
314
258
42
257
240
262
253
259
211
243
235
240
245
287
230
243
232
273
265
207
217
258
270
275
264
286
326
302
334
352
314
288
288
273
312
289
290
303
279
273
293
269
288
269
363
296
304
305
285
262
293
271
297
297
344
266
316
305
270
279
339
292
309
289
317
269
324
310
275
261
282
288
239
282
206
275
288
261
255
228
273
302
282
265
314
278
295
284
265
241
212
258
276
217
300
255
254
288
264
244
258
239
244
276
241
219
256
196
224
248
201
281
238
219
229
196
239
271
246
250
205
206
290
240
281
238
260
273
188
187
212
214
277
186
276
317
137
213
199
204
93
233
306
239
226
236
226
181
220
319
280
269
202
336
269
231
229
267
250
233
304
188
195
202
201
190
134
109
170
149
177
183
184
181
87
203
279
212
207
209
150
136
133
98
117
125
143
174
214
217
223
221
97
208
308
230
269
295
227
196
213
286
234
297
323
298
301
230
174
275
223
314
292
290
199
273
253
241
291
244
215
241
301
249
308
306
248
246
217
321
275
222
291
359
313
219
229
310
255
303
289
235
218
201
193
164
171
236
113
145
175
241
225
65
203
189
178
300
214
215
125
284
220
342
276
158
252
346
272
188
207
194
196
227
232
251
220
287
298
241
230
228
180
278
278
266
190
258
330
296
272
189
283
346
249
252
242
241
232
221
262
250
227
221
218
201
210
231
294
150
205
222
288
207
244
276
280
256
279
282
283
250
220
185
181
260
309
220
134
224
220
246
274
85
275
176
276
276
234
294
253
309
328
224
311
288
274
293
239
248
217
252
196
313
233
262
286
291
239
289
209
222
196
195
234
239
242
234
223
203
215
247
263
283
232
266
254
273
207
157
272
223
276
286
225
232
182
174
161
181
225
167
163
256
216
108
272
219
221
279
248
181
261
108
250
281
255
218
178
220
273
236
262
123
225
246
250
257
261
228
177
149
245
226
265
212
237
228
153
226
258
139
305
205
184
270
234
236
235
266
210
228
344
306
176
192
254
229
245
194
172
251
273
254
284
262
243
76
257
215
291
139
221
293
208
174
231
253
283
289
279
274
342
357
305
211
364
235
210
213
240
235
216
194
214
292
180
219
220
165
207
261
250
289
276
213
294
257
240
211
292
260
244
218
308
222
282
94
24
188
265
334
242
249
180
269
266
241
280
261
156
294
270
231
235
257
223
276
222
212
207
77
244
344
302
214
179
266
216
221
232
198
201
267
231
329
318
317
333
269
320
293
213
286
237
228
123
206
194
284
163
254
278
357
335
282
284
247
341
123
95
225
241
197
175
192
168
205
185
286
281
241
0
167
264
304
319
396
339
233
182
226
189
230
307
285
251
267
334
263
303
82
167
232
204
442
177
251
262
175
213
206
139
155
124
226
181
146
252
191
217
217
211
256
212
214
213
259
224
198
262
176
275
356
223
235
236
216
225
289
312
229
182
99
240
180
225
229
286
273
205
202
327
51
253
112
271
166
0
192
315
195
153
212
197
174
231
228
233
85
192
191
282
257
268
297
272
230
259
242
280
243
287
214
209
230
202
269
207
223
151
158
267
235
227
186
257
312
343
225
209
231
341
242
161
213
215
188
196
219
219
236
215
363
335
319
235
283
217
278
265
270
214
226
174
168
204
273
250
181
145
198
158
219
225
284
346
225
221
232
296
89
186
202
147
238
176
212
329
237
181
262
319
183
205
184
219
169
226
199
192
317
285
273
193
180
200
215
239
187
310
199
151
191
160
274
240
230
229
228
259
140
277
187
155
196
139
160
198
211
211
184
192
213
132
235
220
184
241
223
247
130
285
192
141
261
203
252
187
30
235
119
257
148
192
227
117
276
236
236
232
275
197
208
238
205
197
223
252
223
129
209
154
152
172
206
209
320
313
234
341
228
341
160
201
195
157
209
218
204
235
198
230
188
232
152
226
199
169
192
212
167
171
184
206
198
173
198
162
210
188
247
260
254
13
219
227
164
208
219
93
213
163
58
212
195
258
189
205
163
188
213
297
196
367
212
177
215
138
176
237
202
208
221
201
195
197
204
248
271
190
186
168
179
137
120
267
192
239
168
271
173
276
195
205
185
181
171
158
182
115
106
182
275
181
260
249
219
33
199
220
261
203
171
164
144
161
212
184
135
176
137
238
138
105
239
184
173
126
169
182
175
171
188
159
238
177
182
144
218
185
205
157
174
146
216
174
263
140
174
211
168
137
175
113
272
261
167
237
161
172
183
205
155
211
238
249
163
198
185
158
234
283
173
174
262
205
147
246
184
200
139
181
164
225
187
169
98
209
268
161
181
219
128
181
168
176
173
134
210
191
151
148
212
258
178
167
202
261
185
188
153
168
208
157
142
299
267
170
236
179
234
197
156
178
216
153
185
143
176
170
217
136
210
125
167
168
151
176
89
234
235
97
149
183
204
136
145
151
144
197
166
158
224
121
125
260
262
186
189
158
151
285
166
164
129
183
131
171
208
117
169
145
206
171
160
74
138
153
121
187
180
123
200
221
159
187
186
189
274
245
155
137
162
262
129
104
153
202
163
127
265
186
151
103
126
229
145
95
145
146
179
154
205
189
168
353
142
166
147
97
88
73
239
213
181
147
103
182
142
171
185
126
187
188
180
129
165
158
171
165
173
151
221
191
224
129
246
154
124
126
176
152
17
251
209
207
184
163
177
179
167
139
158
139
203
114
116
137
85
82
139
259
258
113
346
219
232
126
183
191
179
236
192
196
243
100
160
124
229
131
102
117
137
73
111
150
169
125
81
142
168
188
158
129
162
165
112
131
216
200
177
182
156
157
220
169
148
95
146
215
162
141
173
114
142
210
134
156
187
184
180
113
160
143
154
142
143
218
125
121
74
150
141
128
130
157
232
183
186
134
123
133
132
181
109
110
155
139
183
199
151
221
204
172
99
155
108
199
229
194
122
154
139
86
175
241
157
108
103
91
200
238
152
144
153
148
145
183
105
150
138
153
193
136
147
198
190
203
209
184
153
167
215
129
82
246
173
109
177
112
126
151
166
220
184
159
229
191
156
181
210
201
157
180
231
113
134
168
118
148
145
152
111
178
199
113
230
143
156
159
107
171
147
70
133
187
162
192
178
127
205
141
131
114
222
138
125
112
106
255
219
200
219
133
167
118
174
155
207
150
273
114
167
133
132
139
146
112
164
125
123
107
131
142
120
163
179
112
188
96
148
126
153
87
157
117
144
134
172
168
66
157
132
133
175
128
156
124
146
108
116
107
206
138
158
159
190
101
127
102
137
136
83
195
123
98
133
118
126
85
152
132
123
138
325
133
100
122
109
110
178
99
148
137
141
213
142
170
149
169
181
156
201
202
146
136
185
104
134
120
119
155
136
46
155
145
82
123
96
164
152
119
94
153
180
103
137
108
84
215
173
208
112
110
77
164
114
128
149
107
116
143
81
181
198
123
106
131
193
146
215
183
155
148
185
138
133
105
173
133
102
161
127
97
212
120
234
143
132
100
256
217
102
93
118
135
113
169
113
126
138
160
114
163
82
180
112
143
212
200
198
112
137
129
233
100
100
107
210
186
95
202
179
46
125
81
132
120
112
169
223
111
237
207
104
135
88
138
174
179
135
114
175
94
171
171
155
206
153
213
130
158
83
172
181
149
161
201
104
87
153
168
193
248
80
150
142
141
103
132
128
135
117
87
105
168
117
124
189
108
148
131
162
182
87
126
138
134
145
145
36
245
106
127
218
112
160
217
0
134
138
141
170
106
157
79
71
117
113
111
98
112
106
168
117
120
103
63
164
117
96
134
143
225
172
116
196
197
144
121
187
104
104
132
166
163
137
162
111
167
134
157
108
175
126
89
149
120
128
149
102
136
113
126
131
132
141
103
43
173
161
171
142
74
197
141
120
83
128
98
202
130
144
132
89
125
110
103
152
155
203
87
140
124
174
164
133
97
39
52
154
82
83
144
153
167
14
162
91
71
77
132
168
117
68
107
87
76
110
134
202
84
186
81
101
152
167
86
116
153
102
148
69
118
121
140
110
159
149
89
172
230
110
89
63
147
125
99
139
83
110
84
77
128
123
246
170
151
86
181
135
105
186
171
64
139
145
125
95
116
108
176
111
86
86
69
115
127
63
82
121
129
83
117
123
303
304
183
-1
83
106
93
86
21
142
181
52
122
108
78
140
120
91
57
123
90
135
149
82
141
99
80
74
127
177
89
199
122
81
108
81
77
134
86
60
54
59
106
133
92
163
93
95
208
132
123
118
142
56
121
120
117
54
78
83
146
188
74
77
137
57
76
92
31
138
97
91
90
154
63
86
96
112
56
109
104
101
66
117
19
41
88
96
51
98
121
117
82
115
105
118
111
89
103
73
66
77
67
80
78
95
73
108
62
57
79
90
65
156
157
84
41
31
86
81
79
120
52
81
122
49
82
70
39
64
32
86
79
48
49
55
66
27
94
62
48
69
83
73
60
64
27
42
61
11
34
30
30
59
37
49
49
29
47
45
264
179
