1320
1577
1562
1489
1401
1108
1752
1502
163
1498
1444
1379
1227
1189
1415
1332
1286
1291
1225
1438
1303
1209
1047
1161
970
1033
1150
1307
1451
1528
1483
1572
1765
1864
2051
2338
2301
1864
2183
1883
1939
1986
2012
2054
1944
1736
1625
1815
1509
1883
2306
2168
2253
2125
1924
2159
1978
1900
1958
1931
2097
1922
1844
1875
2053
1941
1922
1986
2042
1897
2235
1847
2051
2203
1439
1238
-1
2005
1623
1846
1507
1806
1785
1725
2156
1860
1552
1328
1730
1542
1999
1834
1773
1709
1580
1279
1289
1605
1709
1232
1394
1773
1468
1730
1673
1637
1530
1531
1525
1570
1222
1415
1539
1282
1303
1422
1307
1163
1455
1364
1344
1225
1065
1711
996
1653
935
1281
1584
1207
1703
1303
1268
1328
869
1171
1260
1451
1053
1122
1634
1587
1067
1325
1075
1178
897
1304
1725
1745
1382
1511
1469
1246
1198
1790
1802
1344
1375
1770
1865
1555
1591
1394
1375
1600
1743
1226
1222
1133
1127
1173
870
1012
834
1011
835
843
1194
907
747
1223
1315
1569
1457
1059
701
888
693
631
624
752
595
731
862
774
1390
1388
864
1119
1493
1188
1411
1354
1203
1034
1353
1579
1830
1674
1891
1764
1186
1329
702
1614
1086
1815
1692
1655
1062
1703
1546
1641
1730
1710
1552
1624
1531
1671
1159
1643
1394
1424
1517
1898
1556
1387
1911
1805
1752
1855
1397
1200
941
1864
1289
1029
874
737
675
567
546
790
1043
1294
1072
1391
1156
587
655
493
948
1552
968
1248
418
1495
1259
1793
1778
933
1284
1047
1790
1396
1385
1258
1215
1572
1459
1617
1449
1534
1370
1656
1200
1285
1084
1006
1948
1890
1261
1493
1660
1226
1403
1058
1611
1616
1445
1177
1108
1164
861
1084
1533
1028
846
1051
772
666
747
888
1485
850
1923
1240
1526
1030
1358
1529
1479
1692
1611
1529
1215
1121
1095
1094
1347
1515
1509
1712
1003
1442
1490
1483
1554
697
1581
1638
1611
1396
1412
1573
839
1338
1113
993
1449
1262
1663
1475
1343
1348
1340
1048
1206
1477
1182
1203
1333
1384
1378
1122
1548
1530
1170
1166
1497
1579
1053
1001
1659
1201
1327
1558
1424
1525
1643
1217
901
1211
1445
397
1312
1164
1537
1547
1261
1250
1125
928
880
1061
1262
813
813
833
1578
356
1377
1047
1133
1345
1277
1426
1395
1081
1433
1689
1215
1359
601
1377
1251
1321
1338
814
1335
1280
1443
1137
1353
793
1469
1207
1195
1449
1391
1191
876
779
708
839
1112
1105
1269
951
1085
1428
1406
1349
800
928
839
778
1342
1363
860
783
1312
840
888
997
787
1524
1334
961
1258
1214
1144
749
1196
1261
1484
604
631
1143
1066
806
805
1039
1135
1173
1076
1022
1196
1096
1158
1239
1237
1108
915
1121
959
1283
1006
1307
1527
1552
736
1196
1185
980
961
1271
1271
1328
1173
1187
1350
1323
1358
993
1033
1069
1250
1222
1401
1136
1270
746
387
497
1375
1061
1277
955
1190
1358
1063
942
1691
1195
949
1326
1261
1432
1434
1242
1144
1279
1188
1259
1203
714
1419
1228
915
1135
948
1259
1084
1125
893
1087
1087
1327
1247
1095
1081
1051
957
1130
864
1048
1045
1070
1257
1167
568
1126
1172
1277
1155
1000
1029
1033
946
1029
1361
1155
1139
849
752
985
1002
968
971
899
1375
1028
870
1344
1364
1099
506
1103
770
1038
978
991
971
1281
1209
1140
966
1060
835
881
711
572
903
656
864
651
893
1258
1058
1046
1357
1035
1104
954
946
906
879
959
977
922
965
1342
1399
1363
850
914
1102
1053
745
904
1011
1547
1304
1073
1289
1160
1275
865
1087
820
1139
915
1138
874
943
1056
678
1108
1060
1014
965
978
943
1528
758
707
905
376
1298
492
673
681
787
1096
902
928
827
839
732
779
781
806
739
408
1010
1179
1288
1240
1255
1210
1210
1183
1175
1010
868
749
835
911
1021
1007
1157
950
861
957
809
841
720
1017
1015
725
950
861
817
1087
836
1366
880
719
1113
766
1046
935
916
1000
942
975
869
800
783
801
860
938
1156
818
1285
1351
1012
1232
585
785
696
788
992
620
774
695
480
1078
734
899
855
980
1007
1015
1403
650
732
728
506
995
681
750
737
784
866
889
788
800
1044
765
718
647
1051
1126
776
970
903
670
888
401
1021
795
558
805
754
852
747
894
620
893
924
736
1039
748
1314
1081
713
1033
788
866
703
743
1059
863
977
635
923
725
1107
737
742
737
754
1140
770
731
1076
817
419
870
841
749
649
607
985
676
719
482
1004
1135
890
921
1052
1161
956
856
993
736
835
1078
1238
781
1311
1076
943
1059
964
808
930
932
742
712
686
618
769
758
616
921
924
853
984
994
807
777
854
1030
898
982
1088
783
853
808
807
690
753
1107
929
798
924
852
610
813
660
1113
1015
743
801
1001
825
750
909
670
977
870
402
1123
321
758
617
947
672
1190
743
652
638
598
742
900
745
649
775
721
802
778
883
696
829
649
649
893
716
961
729
656
1016
678
932
614
590
1039
712
927
1143
650
1240
813
776
920
835
769
681
851
869
914
813
675
650
896
705
531
623
1246
797
679
900
1350
829
705
771
765
676
559
610
587
680
821
558
908
927
982
769
643
717
723
999
923
895
1079
725
1185
671
816
885
742
823
624
837
763
786
1030
791
1104
854
766
685
690
815
815
584
619
493
783
679
576
621
637
749
716
1002
825
1165
717
727
758
833
1055
1115
775
732
495
803
544
751
954
778
589
926
515
839
926
592
677
666
707
752
709
843
603
837
628
632
1064
774
794
862
386
786
767
692
640
612
769
794
706
685
537
813
718
557
1066
796
637
644
1047
521
548
824
658
920
902
787
950
690
799
446
899
668
1034
631
676
732
613
610
402
467
841
551
783
1109
647
763
824
652
569
566
617
618
925
714
641
865
876
625
783
712
545
841
610
557
517
678
758
499
766
441
697
623
1135
611
438
340
639
852
639
572
607
688
485
590
538
613
644
643
630
901
589
474
793
574
848
649
515
996
762
792
733
675
607
367
463
558
453
592
738
605
855
553
527
365
622
638
612
621
594
219
235
163
533
425
741
610
638
634
392
810
960
511
925
877
627
534
706
697
741
719
683
498
684
931
1046
535
551
536
458
557
524
782
497
673
699
487
353
695
606
657
562
791
683
359
446
439
763
647
556
557
879
660
655
316
460
778
669
663
737
922
852
758
789
783
658
479
531
482
445
772
374
707
493
393
433
492
505
445
637
565
455
428
572
414
615
803
512
626
607
846
544
515
472
477
591
738
473
453
629
916
583
460
572
331
502
797
494
495
481
440
513
522
594
593
555
564
519
772
321
358
196
870
601
409
1030
404
463
827
720
411
493
522
547
652
932
628
502
524
399
441
460
436
426
416
558
639
443
962
482
664
526
588
471
472
490
393
442
391
351
668
643
651
386
488
637
643
381
555
618
565
490
557
481
613
477
716
403
412
367
446
692
750
748
591
415
346
706
402
660
517
446
582
578
845
619
576
895
389
439
441
458
438
496
414
436
415
460
860
452
678
616
560
565
587
924
429
531
682
791
648
506
579
499
664
406
786
607
894
586
684
503
774
502
449
527
417
454
406
418
450
325
328
312
398
917
403
410
568
487
523
595
417
664
465
436
474
511
339
404
409
556
433
461
442
474
650
549
877
667
357
441
454
568
311
404
401
657
872
501
600
361
646
658
481
715
650
452
459
816
204
579
417
922
373
438
458
657
441
479
356
375
415
553
435
550
497
443
616
342
335
539
547
557
716
604
428
433
420
319
314
696
675
318
347
412
384
586
600
855
669
1237
441
814
505
469
379
882
387
587
528
394
632
481
484
264
573
557
505
359
587
434
534
352
514
463
405
428
366
643
294
725
594
405
626
224
736
364
479
499
445
301
485
208
752
746
458
578
778
297
757
522
706
664
437
470
585
406
330
554
408
336
446
473
451
459
426
394
501
460
324
713
786
436
431
488
447
1031
550
455
441
319
637
331
523
350
761
414
379
387
400
457
328
650
516
728
340
437
372
360
403
394
512
289
323
553
369
461
379
410
483
461
315
661
656
390
413
306
398
363
465
431
528
342
418
318
356
299
457
585
472
490
583
408
402
582
376
268
343
382
345
253
284
367
398
370
260
572
499
283
425
366
405
391
193
343
452
336
427
381
512
595
385
346
720
330
627
470
349
436
251
536
509
360
414
363
373
642
588
197
515
376
323
267
496
564
398
301
284
376
430
304
426
363
684
463
325
409
237
669
379
556
437
673
404
503
428
404
410
431
352
339
380
368
370
492
488
338
343
362
335
623
544
396
395
494
313
507
408
538
568
299
446
411
278
490
241
560
401
220
664
368
501
457
300
667
374
355
303
438
425
542
418
402
560
314
334
319
424
288
286
445
268
497
675
339
286
325
433
85
102
863
716
484
400
368
550
322
315
381
276
263
790
324
266
251
457
389
302
366
491
366
296
380
280
368
529
272
601
682
430
343
436
247
331
491
258
429
288
510
289
376
450
550
247
241
402
439
391
535
195
389
730
503
447
321
433
418
562
440
342
448
307
358
673
194
446
599
479
267
292
323
310
306
237
513
279
406
274
283
200
399
274
576
274
530
359
364
328
282
238
327
262
360
132
508
347
405
313
189
337
292
333
271
408
271
229
564
365
302
439
308
241
310
450
293
143
249
622
251
233
224
256
408
262
161
216
296
382
286
248
432
234
267
408
368
204
371
353
175
447
394
466
127
278
213
524
384
254
252
228
259
249
144
217
206
270
320
319
442
386
232
287
249
169
208
275
244
294
396
124
145
217
212
209
329
398
274
317
293
357
411
331
241
245
282
259
263
242
290
170
407
262
342
206
259
189
313
205
284
280
309
164
129
307
190
189
375
135
285
263
142
229
92
153
161
111
141
233
166
152
200
207
93
328
204
147
168
214
213
103
152
80
156
128
159
78
76
138
190
152
114
115
214
80
143
1062
289
