86
118
135
121
129
131
140
141
9
133
118
120
108
100
101
114
113
121
112
119
104
108
82
107
84
83
101
123
129
132
124
140
136
150
155
152
157
136
157
139
144
158
153
158
167
132
121
157
116
158
179
155
172
145
159
152
176
147
177
215
179
161
178
137
167
174
166
158
165
166
169
150
162
157
115
80
168
172
109
142
135
171
178
112
183
191
106
97
157
132
155
146
152
145
130
103
101
142
138
114
121
141
114
148
151
124
150
160
143
147
126
116
113
103
119
148
121
111
99
137
122
112
93
141
83
143
68
116
117
122
143
137
142
146
80
138
122
125
82
77
132
193
95
133
94
117
72
125
150
162
134
142
126
123
110
155
156
122
127
157
153
119
129
125
123
136
143
124
133
117
121
120
85
92
104
104
85
79
122
83
63
126
120
142
102
72
85
106
70
80
71
79
69
104
53
83
105
106
82
112
135
157
134
142
128
75
119
150
179
145
153
160
110
125
52
152
109
156
158
170
116
141
188
172
160
156
148
154
169
158
79
135
132
140
146
163
154
154
162
160
145
167
163
103
85
159
181
113
64
55
64
47
48
56
75
103
88
115
142
42
72
38
83
149
74
115
33
167
126
135
164
110
133
84
178
123
126
139
141
124
134
137
136
167
180
201
123
137
117
110
129
144
81
121
159
157
143
72
140
178
141
171
179
169
130
144
154
72
71
87
62
55
55
56
148
76
175
141
130
101
130
164
135
142
154
143
108
102
103
114
124
131
125
140
111
133
139
155
164
54
158
131
133
148
145
156
71
141
127
100
156
156
160
149
134
100
131
109
123
158
149
137
133
142
132
88
168
120
134
132
133
153
149
165
189
136
141
128
152
152
148
128
77
160
146
32
149
120
156
168
112
122
129
103
88
114
144
94
95
75
153
34
160
112
123
148
153
120
148
101
141
114
104
146
37
142
144
112
148
85
149
121
142
129
128
67
129
109
159
123
153
138
158
152
121
173
131
82
121
93
150
173
181
176
160
154
124
158
161
151
117
72
137
96
143
100
98
176
148
73
105
118
86
58
153
129
172
86
91
126
103
84
71
159
161
176
158
158
159
173
171
149
152
68
104
123
85
144
106
150
152
179
89
114
115
95
112
132
128
149
151
122
147
163
143
112
142
135
119
135
165
162
159
54
29
45
133
187
145
84
109
153
109
116
145
147
144
143
135
145
148
124
104
149
151
142
129
67
180
169
171
142
134
147
133
125
121
145
130
152
201
148
150
149
131
205
121
159
132
141
164
146
80
146
143
176
133
157
161
183
185
170
134
132
155
83
77
130
142
143
140
152
127
109
104
139
140
120
46
139
61
210
228
193
183
131
129
119
126
140
118
116
94
69
132
113
156
81
85
197
136
167
134
143
124
151
160
145
116
149
82
82
128
117
151
165
110
137
178
101
81
60
134
150
179
133
158
134
167
140
168
156
163
166
152
157
151
177
61
102
176
114
148
144
203
153
174
150
166
39
126
35
98
90
87
140
155
154
119
140
135
163
212
166
122
51
141
133
176
171
176
176
166
153
138
150
178
212
153
151
141
150
153
145
172
146
92
115
135
181
175
94
169
181
158
165
136
152
176
178
116
164
184
115
147
151
144
152
136
142
132
209
157
131
121
177
109
137
111
154
86
103
96
74
133
67
106
79
51
120
157
156
165
156
159
98
109
61
82
81
34
95
124
170
162
188
153
113
213
97
163
111
147
53
209
132
106
125
108
167
108
47
128
124
71
106
141
203
141
139
59
146
145
148
190
173
140
147
198
152
159
66
173
188
135
144
157
123
129
61
115
137
62
219
187
133
174
86
173
146
45
96
145
168
141
68
132
84
131
34
122
119
127
152
166
152
210
235
179
128
129
131
122
215
151
154
155
117
159
109
113
145
143
176
190
123
194
194
128
100
102
108
92
134
146
130
136
147
134
163
176
146
71
134
98
164
123
154
86
91
91
94
105
90
110
143
169
138
151
113
67
114
125
52
132
160
36
138
41
90
178
135
187
136
153
140
144
72
175
132
188
199
145
145
97
125
142
213
140
181
116
121
121
145
145
147
159
101
118
134
39
104
160
98
160
118
150
124
179
107
132
144
76
176
173
155
113
117
135
183
119
61
165
144
74
101
159
144
158
151
153
112
142
188
129
107
153
90
79
86
76
189
193
177
151
161
128
139
135
145
130
130
125
127
132
164
157
130
154
172
143
109
156
155
76
132
139
144
133
163
159
189
155
160
57
125
154
128
113
187
132
134
168
131
98
136
132
114
141
143
127
90
73
138
135
113
95
106
179
192
121
130
137
87
129
121
132
90
88
147
119
129
196
113
115
118
137
86
160
80
143
134
165
149
124
184
165
123
166
131
109
116
178
211
144
151
55
131
146
151
143
181
168
111
103
123
136
103
162
132
111
181
179
45
169
58
56
171
121
138
162
54
136
147
148
178
261
187
134
196
134
143
164
161
131
103
104
109
121
134
104
89
178
78
84
155
42
169
184
143
134
54
24
116
147
67
157
169
170
200
151
149
133
157
157
120
143
120
137
102
157
109
136
137
114
125
117
159
136
137
41
129
168
132
112
171
132
198
124
174
189
163
159
151
158
105
22
12
5
49
161
156
139
82
158
85
132
122
103
129
109
136
106
123
115
111
108
99
85
79
158
140
119
108
128
191
128
137
154
40
120
106
146
146
137
137
124
42
140
184
119
149
159
157
101
116
111
88
121
121
103
106
172
228
84
172
159
152
138
138
88
101
152
126
112
182
117
135
129
143
108
145
121
97
127
97
127
79
82
157
116
113
118
149
164
158
151
151
145
98
104
106
164
149
127
95
140
147
71
107
109
111
121
134
147
175
156
176
123
159
148
122
120
155
130
30
90
81
103
143
174
71
248
114
86
112
112
124
109
161
158
80
105
99
91
147
156
134
172
153
135
85
148
105
134
123
155
139
156
121
117
124
114
98
110
109
77
121
85
76
99
142
120
54
105
70
152
140
31
232
143
121
112
121
121
115
111
102
117
107
115
89
122
137
134
133
173
165
130
137
179
140
137
108
228
137
169
113
116
142
69
178
110
95
122
84
105
138
129
118
91
136
75
151
166
174
183
134
176
166
117
154
112
169
130
131
121
204
55
87
146
185
158
137
93
108
186
174
167
159
144
107
141
169
181
148
138
123
148
121
89
78
114
123
104
159
120
161
130
149
125
106
92
126
103
112
50
109
111
109
92
195
136
157
154
46
88
122
178
68
108
117
52
104
116
130
114
155
123
163
162
161
150
150
129
117
114
108
119
74
178
68
72
120
134
117
117
115
96
131
123
112
140
146
125
115
124
150
81
156
191
152
132
162
123
174
78
160
113
149
86
79
207
120
96
136
83
166
95
124
98
163
142
87
106
94
147
101
157
122
148
85
125
148
128
140
153
139
130
80
107
88
72
106
73
86
108
57
81
75
114
119
114
98
118
202
98
158
149
124
161
121
148
85
89
104
103
101
153
105
140
101
86
148
127
108
104
152
113
79
128
126
99
101
165
176
116
135
122
153
125
59
154
131
101
131
133
135
141
131
150
206
120
103
168
109
116
99
182
82
73
140
142
103
118
114
122
135
96
79
141
114
128
132
152
145
171
132
121
209
134
47
76
95
155
91
138
90
109
37
221
120
161
128
179
120
108
134
108
126
69
144
166
163
115
88
133
89
123
104
15
64
83
100
155
128
118
103
122
143
128
79
138
110
124
119
136
55
149
115
126
164
122
127
47
36
138
81
146
148
38
96
87
104
139
110
112
120
106
115
87
113
53
132
78
108
131
104
123
126
161
68
98
133
185
120
108
135
129
129
143
122
112
186
171
169
71
124
128
92
91
174
78
141
111
149
137
115
145
104
119
163
121
108
82
8
119
169
117
138
106
141
136
96
115
114
129
134
114
69
161
81
201
113
104
241
103
139
126
102
117
152
138
172
174
5
6
103
93
93
79
156
130
49
115
92
111
102
136
150
131
125
108
98
78
147
142
119
99
127
117
135
132
136
86
117
90
79
119
84
117
129
81
142
154
122
96
106
143
96
46
91
155
167
173
121
35
109
81
98
124
92
153
104
140
98
126
183
82
230
67
69
105
116
74
110
97
113
143
96
70
100
93
90
67
68
62
83
167
89
135
132
104
103
127
69
74
123
98
126
24
143
157
38
120
106
50
82
105
93
51
135
127
88
75
117
114
36
80
48
119
58
95
124
129
89
108
68
90
97
99
33
109
19
111
159
88
111
126
79
107
111
120
113
72
44
111
108
97
47
116
75
108
158
102
49
183
77
149
85
39
107
70
104
103
129
59
65
98
83
69
152
97
100
19
141
8
38
89
150
51
101
110
152
97
152
94
113
79
80
64
38
90
96
88
85
76
118
94
89
89
89
80
113
119
149
148
86
63
65
117
92
89
96
73
90
140
62
53
51
64
70
67
78
108
11
74
96
80
53
94
83
70
-1
171
85
109
63
48
67
232
69
42
43
64
99
34
99
98
43
109
81
108
134
