1015
1097
1026
967
911
733
1139
1013
147
1040
924
936
826
804
913
876
862
801
766
980
851
924
791
946
842
716
948
892
979
966
1071
1007
1161
1279
1277
1345
1476
1180
1283
1174
1295
1303
1209
1258
1364
1398
1364
1408
1165
1356
1381
1596
1475
1381
1282
1501
1480
1410
1758
1548
1529
1634
1305
1248
1367
1309
1293
1546
1518
1703
1237
1277
1186
1211
1261
914
1250
1189
983
1063
998
1381
1303
1261
1219
1110
1139
1184
1308
1113
1254
1172
1114
1024
1001
856
1025
1180
1072
1053
1105
1397
1058
1217
1049
1253
1216
1255
1247
1274
1307
1131
1212
1059
1077
1155
1210
1242
1102
1129
1010
1008
977
1320
966
1396
756
941
1512
1056
1071
957
993
1019
788
1146
1168
1194
1111
865
1186
1262
830
1150
1000
1027
573
962
1060
1377
1056
1078
1224
1185
999
1035
1179
1124
1096
1220
1193
1195
1182
921
917
1034
1030
937
963
973
961
916
699
679
763
769
847
787
862
774
550
1062
1234
1251
988
694
651
773
643
592
628
656
676
697
784
870
957
955
471
895
880
876
947
943
918
945
1102
1186
1017
1361
1106
1082
800
1170
611
1094
895
1002
1027
1003
859
1064
1399
1538
1258
1201
1205
1199
1043
1204
852
935
1118
1215
1356
992
1148
1078
1205
1246
996
997
1017
1081
1011
1011
1058
772
820
830
680
585
639
713
637
687
759
1074
1082
432
728
598
663
990
1014
901
477
1321
1000
1071
1111
771
830
796
966
1071
1092
945
942
1191
1084
1265
1018
1031
916
1142
823
1014
883
1140
1111
1136
736
915
1055
1341
911
894
1055
1054
965
917
886
918
823
897
1105
776
641
731
682
526
623
724
926
642
1104
1102
980
881
883
1019
1046
905
1111
942
727
1117
839
944
1103
1116
1004
963
923
1128
1033
1148
1047
444
1249
1033
1040
955
1008
1204
774
1095
852
866
932
969
924
882
1103
1444
1079
767
1225
915
875
903
827
888
893
1210
847
1154
1059
1080
1033
945
791
767
892
899
1015
1113
1202
1012
925
838
1021
967
1231
463
804
814
1016
1024
2109
-1
1201
1079
917
924
1031
486
487
871
831
392
809
660
708
824
745
837
971
550
902
865
1193
957
586
1230
961
919
1244
767
1008
826
1168
1226
1233
675
886
724
790
1006
825
906
667
649
527
632
861
684
863
791
1139
1363
1087
1049
579
621
609
562
927
867
722
765
859
584
649
754
593
1077
1362
1047
1239
1185
1276
692
879
851
1119
596
486
780
908
671
726
829
841
868
791
719
825
836
886
1142
867
893
697
959
1092
939
744
1048
1132
1113
779
801
776
675
801
848
872
837
742
810
855
981
881
817
736
735
985
753
972
818
792
572
454
532
887
768
966
736
820
826
837
567
1003
787
858
846
751
904
1004
812
834
859
785
1190
1175
598
943
833
637
864
682
793
1113
1023
1041
1104
828
776
847
701
732
718
677
716
578
721
956
691
852
784
501
964
1002
1046
1065
981
793
663
654
772
864
806
694
797
672
660
607
776
736
676
904
716
704
1094
829
946
210
788
696
810
737
622
640
957
861
805
694
968
700
746
472
508
768
449
783
404
709
785
789
660
809
685
617
673
608
607
773
934
907
1011
935
613
860
785
582
680
649
1033
799
827
1057
1017
930
1087
838
683
818
566
778
578
759
610
851
624
637
633
596
778
935
924
652
614
685
965
576
496
605
358
787
435
559
622
333
766
594
726
795
806
671
718
634
660
655
424
839
907
886
826
874
834
845
746
719
810
745
612
680
577
686
1025
767
630
600
775
877
751
724
750
743
555
614
626
547
832
846
998
569
542
685
600
680
905
780
633
617
643
575
543
523
557
753
599
759
673
705
944
748
804
495
653
706
766
860
671
794
816
587
524
615
635
603
765
826
661
929
525
889
830
487
656
850
732
479
637
784
606
584
712
593
604
524
490
792
563
653
640
593
535
922
398
624
795
396
510
465
628
654
626
514
590
523
528
834
585
846
749
579
697
648
737
628
634
1028
736
681
694
511
622
487
698
871
506
678
703
659
423
937
727
446
716
653
547
437
289
651
590
549
374
768
771
620
628
648
587
634
639
577
473
527
704
955
696
721
879
665
743
728
915
767
550
469
523
472
405
506
615
428
760
683
671
744
607
511
491
547
568
599
583
604
585
623
514
617
558
557
881
595
509
581
531
400
562
491
690
597
472
490
656
393
519
641
788
713
565
371
708
323
327
568
695
455
796
490
638
629
648
559
715
504
421
576
522
620
582
616
457
700
549
484
882
969
745
520
473
690
509
641
405
625
644
532
640
686
428
779
583
547
687
479
451
546
550
528
625
610
493
416
553
456
414
408
754
339
489
513
866
704
578
599
667
537
486
507
464
620
790
565
687
709
671
596
466
511
638
763
832
818
857
717
870
537
540
791
494
596
505
626
595
648
675
465
754
587
424
445
425
568
694
410
452
395
500
745
408
407
413
515
417
723
540
866
414
462
459
534
773
925
617
528
519
513
491
517
876
533
482
517
399
593
558
394
577
429
642
538
439
703
480
721
400
464
699
517
504
497
303
582
588
467
588
634
477
744
447
528
469
529
472
447
766
556
558
390
830
631
555
679
436
538
660
394
582
541
604
320
862
386
803
458
469
562
517
482
307
408
546
407
581
908
690
413
729
479
355
461
456
337
603
567
410
649
571
628
518
444
351
532
438
397
333
502
780
504
483
538
528
390
961
495
503
409
643
609
604
393
428
398
317
387
412
409
424
428
530
646
365
312
706
364
692
382
371
779
573
480
545
385
348
462
521
448
299
477
415
396
489
406
352
285
502
454
490
436
648
291
336
245
463
293
502
422
400
393
251
519
623
377
929
723
624
517
500
442
507
475
491
385
554
553
778
407
447
295
347
462
408
585
396
425
473
328
247
374
429
468
567
485
400
245
354
274
438
554
398
392
472
483
487
333
320
522
533
455
526
645
611
627
469
569
460
251
319
439
309
467
255
518
378
245
349
344
326
263
443
463
461
423
502
384
440
583
331
376
537
644
544
404
303
308
407
483
375
320
618
665
426
523
347
219
358
547
302
417
335
312
342
460
471
420
347
322
367
805
480
262
127
658
429
362
625
333
296
598
499
296
486
429
318
419
673
392
511
553
389
474
418
389
368
358
349
526
494
689
336
508
465
500
304
270
286
364
499
407
369
475
424
583
396
357
532
474
451
344
395
564
305
540
395
393
363
819
355
364
345
391
485
437
431
414
235
252
435
201
445
359
297
405
398
574
420
386
974
342
362
306
370
393
308
418
304
417
294
613
343
469
377
340
387
427
667
357
348
493
531
532
368
430
481
365
311
547
399
552
371
593
401
791
329
258
405
369
278
312
268
336
241
253
262
327
547
280
320
355
344
324
432
277
348
311
286
335
353
247
403
256
387
294
293
285
347
441
388
476
609
440
280
259
433
274
396
328
401
529
639
735
189
422
802
371
535
606
304
419
645
133
342
383
575
259
327
316
402
312
366
272
274
263
394
453
383
334
289
428
273
208
323
390
443
567
460
264
273
291
264
258
457
438
251
243
302
281
362
364
464
360
641
293
694
501
462
256
697
300
354
262
296
429
419
318
198
398
360
598
264
369
361
461
325
367
430
263
360
235
352
209
402
453
302
318
142
498
428
312
417
325
378
323
133
441
425
318
569
607
227
526
351
434
532
318
507
427
272
280
352
315
272
271
251
274
436
479
263
300
304
376
477
575
366
235
343
354
575
449
314
264
218
456
237
343
232
573
312
256
267
278
306
223
521
328
583
222
373
261
234
246
311
385
259
175
412
193
412
339
274
382
346
285
640
442
304
335
171
283
258
310
254
361
262
217
226
283
240
331
650
367
478
607
377
323
372
233
180
241
267
267
186
164
263
339
274
197
314
298
179
291
270
352
402
191
367
517
257
309
301
418
468
261
243
561
365
368
396
264
260
181
272
445
225
234
229
275
635
491
66
462
493
281
266
496
369
250
214
223
230
349
238
357
224
443
318
223
302
166
686
278
302
369
461
276
468
211
265
313
255
209
229
299
382
278
314
343
346
311
275
304
354
381
273
460
339
225
304
313
502
400
252
325
316
204
321
218
551
255
161
387
306
420
363
201
399
264
299
181
282
376
376
266
306
314
237
211
228
238
214
268
462
223
335
469
236
202
266
222
104
124
701
356
289
360
305
334
123
290
328
203
192
619
266
221
166
330
253
223
250
308
231
192
282
226
266
444
193
294
433
317
245
312
183
265
358
214
287
188
371
185
292
293
544
289
181
279
377
271
348
164
314
380
377
294
352
412
236
443
311
231
305
264
242
413
199
287
442
338
203
380
279
218
254
208
336
185
264
224
185
114
257
195
465
233
376
310
313
250
232
157
263
177
264
134
407
268
205
225
140
204
263
217
174
270
173
161
445
279
242
447
206
272
251
421
244
116
170
447
206
217
238
159
273
177
263
146
253
284
214
173
393
176
190
311
271
162
260
392
76
391
365
346
110
151
235
355
307
197
272
192
169
208
124
134
207
204
234
234
365
259
203
196
121
131
154
241
244
228
228
155
143
209
184
141
211
310
203
204
234
309
250
231
175
171
306
154
168
131
184
133
349
169
393
133
144
165
196
184
217
217
226
95
71
209
249
247
251
99
228
221
149
164
80
93
138
60
93
181
160
122
117
138
64
220
120
116
122
175
124
90
119
55
95
95
92
79
66
95
157
124
93
94
139
75
65
725
265
