837
997
1019
932
896
766
1110
948
111
965
992
903
776
746
819
878
868
928
844
1010
769
843
684
752
659
657
782
888
986
1035
1058
984
1081
1170
1263
1395
1484
1243
1353
1165
1203
1251
1240
1308
1372
1125
1060
1256
1020
1199
1413
1489
1575
1278
1380
1468
1389
1287
1460
1489
1445
1390
1344
1159
1568
1393
1281
1499
1588
1526
1200
1090
1243
1260
978
764
1349
1356
1035
1086
1176
1597
1552
1069
1359
1451
973
960
1451
998
1309
1088
1159
1128
980
868
933
991
1184
880
962
1184
932
1122
1114
1123
1112
1092
1137
1044
896
959
1013
932
957
957
917
924
901
1050
907
838
760
1150
668
1065
622
856
1101
862
1079
922
867
976
626
940
899
992
783
710
1097
1157
691
999
757
912
582
889
1046
1163
904
993
1031
885
819
1101
1371
926
964
1115
1199
1084
1027
910
908
1076
1087
900
860
850
813
803
641
606
624
725
642
616
827
650
508
978
905
1124
914
607
541
681
504
479
480
556
483
530
579
612
877
879
472
766
926
873
1029
956
836
718
976
1044
1213
1309
1182
1136
821
856
436
1035
762
1201
1125
1180
777
1065
1292
1276
1266
1160
1099
1176
1087
1466
693
1015
921
999
1169
1141
1098
1133
1449
1305
1025
1175
1033
868
697
1218
1177
686
578
526
500
379
430
530
615
725
715
918
852
340
512
368
660
1061
672
911
288
1091
880
1194
1258
726
877
680
1223
899
904
935
941
977
1090
1244
1036
1180
1112
1236
806
961
884
769
1205
1099
656
894
1081
1110
980
615
1048
1082
951
856
833
871
674
819
1104
636
545
640
506
442
481
565
1047
566
1255
994
921
675
892
1054
963
1059
1177
1061
806
881
707
777
851
995
973
922
758
1217
1085
1345
1326
411
1223
880
962
1121
927
1298
569
967
709
680
921
925
1034
973
896
1062
1084
760
901
1075
841
859
867
966
905
898
1156
1029
869
896
1050
1207
726
750
1223
919
974
979
1020
1136
1092
840
688
860
1090
278
998
873
1219
1301
1011
1049
839
723
628
786
908
641
639
580
1078
242
1015
815
749
930
950
831
1006
659
953
987
1108
1026
394
1065
894
924
1054
596
973
854
1075
1088
1308
550
895
836
1107
993
1070
933
617
567
512
570
741
594
811
657
895
1391
1987
-1
539
632
608
537
912
1015
618
545
1002
604
645
671
611
1297
1332
783
1277
1301
928
506
1370
874
1189
521
465
769
762
601
589
983
928
850
832
740
827
829
852
881
895
693
653
781
730
936
708
1162
1126
1422
556
788
779
624
727
888
927
1043
876
836
926
1058
998
753
714
775
1044
851
1049
926
993
441
342
352
929
789
1004
676
837
978
764
714
1195
1041
774
878
944
985
1198
874
758
969
993
1025
934
446
1143
787
676
836
710
973
1206
1187
698
871
730
1076
1050
690
700
680
610
675
553
679
840
767
1213
1153
436
833
926
1184
866
1245
711
633
618
800
916
838
776
576
510
760
708
822
792
702
862
666
597
997
941
699
349
836
510
745
701
713
652
974
915
780
744
1233
600
666
446
390
629
441
668
435
552
993
866
729
960
884
853
847
864
828
683
890
683
751
769
861
1196
1172
670
666
924
1007
1033
744
963
1304
1247
919
1066
960
1073
590
1187
700
1044
919
963
642
687
1013
452
669
873
785
808
790
860
1093
549
530
669
262
917
292
589
478
674
806
684
806
741
628
538
584
637
693
600
327
1081
907
1089
1054
1097
1018
1010
943
879
727
783
640
761
858
846
1163
1021
585
648
694
634
649
751
1169
1164
561
731
674
642
1278
1021
1057
735
764
724
636
1083
715
735
829
802
841
744
520
562
725
1087
633
699
737
812
998
766
1070
410
566
878
797
962
735
611
524
372
787
667
713
687
1019
1179
663
950
650
795
806
340
598
853
1018
696
716
806
699
567
550
1002
580
512
447
933
902
565
713
673
658
752
308
758
983
376
484
556
771
656
688
411
727
777
577
1078
840
1000
813
762
1019
860
686
829
785
857
984
1061
852
862
477
692
587
546
787
872
822
824
524
1138
1000
378
823
745
770
561
412
828
564
581
330
833
748
686
773
977
867
824
749
966
670
621
957
1010
899
1048
930
785
734
717
692
840
800
608
618
511
430
554
824
524
673
673
623
661
779
708
689
740
889
729
787
1037
756
503
700
573
875
643
959
655
562
637
550
483
599
559
950
955
626
653
693
471
604
735
586
724
805
568
924
232
509
700
835
717
895
742
669
627
682
593
793
604
559
714
586
569
592
773
659
1037
660
545
929
827
823
557
548
972
583
647
559
377
691
516
708
916
525
1114
698
638
758
693
670
436
844
833
773
661
579
601
690
591
356
574
1071
447
530
775
1068
860
730
824
843
848
705
624
523
879
706
487
546
572
916
987
763
682
929
883
818
802
863
736
853
569
629
814
574
939
710
1083
992
754
672
728
915
553
694
701
649
701
1031
628
537
457
857
509
507
541
562
607
707
787
705
1086
608
575
612
724
774
975
840
615
353
580
522
612
767
584
495
840
585
619
645
533
552
580
579
662
499
624
670
879
580
540
717
539
669
726
377
824
577
565
843
687
708
785
687
769
493
864
590
512
777
656
648
655
1084
487
512
964
647
737
947
587
664
586
679
415
669
631
940
501
795
912
409
631
309
340
721
571
725
1014
542
665
727
724
585
644
669
584
784
581
655
715
774
923
610
587
504
615
586
473
469
706
565
657
731
549
787
630
979
484
323
210
706
733
541
555
458
630
495
548
577
602
562
573
487
713
531
486
831
515
690
612
562
884
601
618
616
565
523
514
645
490
425
756
713
778
805
455
523
373
770
540
686
794
746
160
179
149
395
497
654
540
519
596
342
654
736
461
936
762
791
759
609
606
645
600
594
427
621
748
908
516
376
507
512
694
488
804
323
539
475
447
352
621
548
586
395
694
701
381
512
480
710
518
488
468
596
521
518
345
415
716
587
531
902
849
833
699
684
636
579
428
574
462
518
578
412
643
548
431
490
474
451
496
618
635
532
614
817
404
508
661
510
582
620
840
607
641
448
443
527
850
478
449
592
830
544
666
533
325
463
737
476
516
446
417
544
493
686
532
527
496
632
746
367
312
193
610
710
563
575
484
397
593
598
379
611
469
560
555
551
610
645
637
511
568
604
511
526
492
496
678
555
735
442
641
578
757
427
478
432
393
529
511
469
439
526
515
578
399
609
600
448
479
465
768
525
402
506
568
476
799
426
423
430
447
623
610
568
574
370
346
538
411
581
585
555
535
539
919
545
545
889
423
438
445
449
444
482
410
448
417
428
665
377
504
514
473
673
433
824
403
426
687
752
754
583
629
681
816
528
634
652
739
569
612
509
603
444
435
535
543
474
382
388
416
307
341
368
527
799
670
478
446
455
491
416
462
569
372
349
452
433
344
615
393
533
436
453
455
440
551
536
622
751
490
403
401
501
342
512
538
635
671
484
604
432
673
503
441
585
554
460
634
758
207
538
516
822
402
496
432
551
483
434
348
373
391
616
483
382
343
413
538
365
326
505
487
616
643
458
442
451
427
322
313
579
462
357
340
369
388
632
500
743
486
1008
412
809
491
609
396
801
332
570
352
483
513
468
577
294
585
411
562
387
517
403
718
456
733
470
455
457
381
601
311
627
603
354
435
232
543
538
415
446
426
367
414
195
604
609
441
515
765
330
706
501
584
608
448
496
578
359
327
449
379
322
412
427
469
450
468
365
445
411
455
595
644
433
440
577
453
710
560
463
403
314
605
356
475
271
721
603
361
373
394
422
367
765
485
885
386
531
488
345
353
564
495
312
256
486
321
543
477
399
511
370
319
578
578
395
541
330
392
357
412
397
504
329
351
278
343
279
442
581
433
534
534
321
490
510
371
265
363
423
412
261
269
356
326
351
342
487
428
241
450
340
550
493
122
389
499
368
534
359
669
418
342
323
699
373
529
481
341
421
279
419
500
346
366
359
358
794
408
188
557
429
395
338
336
477
391
326
347
365
453
326
472
331
565
402
268
537
264
741
400
430
396
665
395
410
347
350
411
349
301
322
485
399
343
420
439
447
481
413
344
518
488
376
551
492
284
485
394
539
541
347
575
512
318
598
350
661
374
139
613
379
493
510
346
615
393
327
315
382
458
500
358
347
459
305
289
331
440
299
301
411
312
480
594
305
291
347
452
59
62
732
464
389
403
435
458
205
325
500
295
272
717
364
252
294
491
365
264
487
445
348
280
328
338
418
619
253
452
555
398
328
403
249
315
478
253
459
275
444
283
376
418
506
317
306
390
598
480
500
198
465
559
455
432
461
402
334
644
389
315
494
311
321
456
259
358
547
420
306
337
413
303
323
225
405
248
404
264
292
183
346
297
523
382
532
322
323
318
236
264
361
277
392
123
527
331
262
294
208
268
275
315
256
292
245
249
572
351
453
519
241
280
255
431
205
168
242
598
308
231
254
209
390
247
221
249
213
385
278
224
375
278
256
336
333
224
341
469
164
482
466
414
143
307
347
535
393
318
316
256
222
323
160
187
260
233
344
345
461
284
276
290
212
166
235
280
333
182
416
235
230
307
273
194
316
417
276
289
311
370
360
292
229
216
246
215
239
217
260
160
425
236
364
185
208
250
277
226
291
286
288
170
141
299
248
246
368
153
276
317
167
217
106
141
179
159
165
254
135
199
213
217
152
312
166
165
176
229
193
170
156
87
165
160
164
79
106
174
214
148
137
136
169
106
127
680
284
