488
596
616
572
583
536
661
578
76
598
580
539
469
419
497
537
553
555
518
669
495
502
455
458
359
380
460
575
602
665
653
626
650
688
797
810
843
717
793
709
711
758
750
795
788
679
640
735
553
715
912
766
754
699
726
634
745
707
694
750
782
712
766
619
732
736
849
722
710
720
810
689
789
808
502
416
791
805
610
704
471
667
673
465
742
760
512
433
671
552
799
682
703
726
644
519
400
564
716
373
432
567
584
737
703
563
542
569
578
528
432
511
490
496
483
492
485
423
458
489
449
485
409
690
402
580
309
520
519
462
684
471
425
490
318
461
518
525
360
317
585
575
370
514
402
420
285
482
660
658
570
667
605
468
485
743
783
466
515
727
820
584
571
552
602
696
726
494
482
426
396
428
304
315
297
376
298
283
458
328
246
493
410
643
559
313
253
355
239
203
227
298
225
245
222
272
468
472
271
448
586
452
636
620
522
303
472
647
659
611
784
767
505
550
196
663
486
780
755
736
404
691
667
649
711
621
577
731
683
668
356
647
582
619
606
781
702
577
844
835
738
690
525
386
295
839
539
445
251
186
261
146
158
249
302
465
449
503
459
129
220
138
359
786
275
538
101
572
535
674
819
374
475
347
825
552
562
603
592
560
597
677
620
836
830
690
496
502
535
331
638
629
318
495
686
461
643
347
750
712
654
427
434
436
321
434
722
366
339
394
289
284
296
332
755
307
695
596
603
429
587
718
647
666
718
775
555
455
436
427
481
575
669
527
276
533
600
647
643
208
649
542
647
735
643
642
302
520
423
400
641
538
758
707
608
448
570
502
483
761
583
556
562
693
688
370
674
567
558
571
617
679
360
396
757
625
637
587
593
709
677
572
276
461
601
110
725
571
741
818
457
485
457
364
328
467
612
397
396
271
797
104
672
529
539
690
661
524
655
395
638
751
468
693
215
665
672
629
499
339
702
542
639
494
556
281
519
421
783
524
804
551
317
279
270
319
389
241
455
329
450
695
699
694
307
334
336
296
516
666
344
275
685
395
349
419
400
761
613
316
480
486
407
133
561
547
627
180
231
502
390
274
287
427
416
439
409
405
460
399
436
526
514
352
433
490
316
695
461
629
610
688
281
553
499
386
472
653
674
785
679
629
669
679
619
506
382
532
535
425
745
753
790
158
99
173
633
405
623
426
466
714
468
534
762
770
439
648
645
708
629
615
405
669
706
585
530
174
774
501
463
593
552
740
546
534
347
464
486
804
654
437
424
429
373
442
376
421
540
425
747
621
183
492
579
647
475
573
451
367
371
487
619
565
494
270
222
580
420
652
599
643
502
504
388
564
685
428
204
593
279
413
332
471
396
535
501
545
545
589
281
296
191
176
307
242
343
260
306
690
484
438
446
703
583
554
750
699
437
499
344
370
473
375
699
738
470
558
642
407
412
250
515
656
699
498
748
642
801
366
692
567
828
841
530
372
410
712
223
288
536
408
750
659
438
585
311
269
388
110
507
125
252
320
399
647
444
434
404
319
264
281
415
491
427
179
533
593
787
778
765
745
761
685
653
496
405
383
319
736
662
535
738
371
501
439
348
425
312
684
673
402
475
403
379
649
520
681
414
366
423
535
678
460
602
742
692
738
605
320
371
447
560
402
476
446
499
564
585
777
180
271
304
320
517
340
360
251
164
517
362
421
431
667
594
399
557
205
306
329
174
314
444
537
406
530
511
496
336
356
642
420
285
267
487
486
405
492
463
374
384
124
530
501
204
234
358
531
378
564
265
547
720
383
718
537
667
512
390
610
583
395
554
594
494
529
629
434
541
288
544
324
252
494
493
670
387
332
581
537
283
403
605
378
530
300
623
281
351
194
606
500
447
413
680
735
658
470
648
609
434
562
583
589
703
653
633
519
548
374
484
701
555
396
380
263
368
544
291
425
481
453
435
640
718
689
729
758
588
772
752
580
369
650
338
505
575
647
322
306
348
295
309
294
324
572
628
480
486
410
303
447
538
308
579
734
111
654
81
408
349
579
460
673
665
536
538
303
385
569
465
401
653
418
421
511
603
409
530
385
350
447
420
624
374
381
687
415
390
499
159
484
321
419
758
452
683
573
330
358
652
623
224
614
621
602
589
546
590
426
550
177
489
581
319
365
723
732
623
503
512
440
511
366
408
441
478
373
229
324
269
640
626
575
657
560
609
579
543
524
549
606
514
383
439
353
572
443
571
585
475
438
899
788
395
607
575
558
451
580
475
369
349
581
214
483
541
592
428
588
508
580
760
531
386
605
498
465
566
531
515
172
304
438
467
484
392
401
597
436
360
581
512
276
542
309
548
359
390
467
481
568
338
436
404
546
580
227
540
371
410
462
283
629
371
528
507
482
600
505
439
449
362
364
720
653
299
260
566
633
593
655
587
610
370
519
382
418
513
671
364
568
578
166
558
110
170
681
432
505
633
205
851
532
459
586
407
484
558
611
378
714
602
640
429
460
443
409
443
545
314
277
529
283
309
580
184
527
516
588
322
137
66
411
500
301
449
279
604
373
390
508
548
567
568
287
510
374
400
423
426
370
696
539
565
381
384
349
540
523
248
390
349
425
315
548
396
677
463
466
310
483
362
499
531
368
39
63
51
192
345
605
507
329
549
230
509
503
429
504
359
477
406
494
514
477
455
414
329
385
563
541
456
258
548
558
476
485
554
136
383
307
385
295
727
517
527
233
-1
563
383
310
352
575
386
446
424
524
361
360
305
275
593
347
424
541
604
560
444
591
438
568
377
470
393
293
452
385
640
422
369
394
435
426
357
432
443
281
279
469
357
461
541
499
658
391
599
469
432
411
462
363
544
419
462
339
504
542
332
518
263
412
552
310
351
406
370
352
383
457
510
499
480
413
447
174
213
147
381
473
366
306
308
345
372
413
303
384
402
432
566
288
401
352
302
266
261
363
305
306
294
425
478
323
569
304
515
422
471
383
560
330
252
345
312
275
217
457
264
280
354
580
519
143
429
239
396
478
261
359
441
418
433
243
266
250
262
425
551
428
469
323
293
541
295
503
501
376
545
540
556
533
504
413
351
397
380
255
251
409
298
341
299
274
453
354
397
499
448
346
276
639
258
389
566
607
514
416
452
441
396
347
539
492
569
488
450
389
243
281
357
359
340
418
328
374
351
290
282
288
331
518
313
331
415
372
448
251
409
485
233
206
416
453
331
339
379
417
306
364
307
368
440
426
389
434
223
390
378
407
318
324
314
515
581
276
338
357
506
253
415
480
321
392
368
480
168
429
343
716
314
337
456
531
353
315
252
335
375
297
269
199
192
445
678
328
294
451
423
443
460
295
405
417
368
329
318
553
293
251
431
412
301
488
515
602
375
675
365
451
241
296
362
451
330
532
215
336
408
404
301
269
437
231
304
265
507
289
445
289
405
320
316
338
287
411
286
555
551
300
344
203
371
300
234
321
371
279
262
144
478
499
415
302
433
284
491
426
543
500
455
298
475
251
289
380
325
286
312
333
481
237
256
321
491
383
260
453
473
287
450
382
370
341
317
516
380
304
555
352
406
167
577
341
354
307
326
342
303
459
372
492
287
317
348
262
335
302
309
185
222
472
291
324
320
373
362
304
257
301
532
302
375
265
366
312
386
348
368
323
297
182
212
224
381
290
326
341
357
186
283
432
288
229
282
389
274
230
242
293
175
322
206
499
409
205
316
235
317
294
47
222
306
264
345
302
396
335
320
304
485
214
606
299
314
369
232
346
367
360
327
295
358
432
264
183
433
262
266
226
220
453
303
271
251
351
342
369
324
354
345
340
184
340
234
381
356
285
346
508
324
274
336
284
342
363
302
271
333
268
345
398
386
246
238
345
168
619
558
338
275
420
268
434
341
382
455
244
374
312
275
438
210
384
337
82
536
275
296
373
267
528
370
310
281
333
326
364
345
228
489
239
283
310
303
263
264
243
224
231
660
310
221
262
367
9
9
411
254
293
406
289
433
230
212
291
238
213
443
243
265
234
305
361
247
333
505
263
275
178
263
293
426
298
258
549
341
262
371
235
310
379
216
388
265
388
243
330
348
328
185
192
327
394
358
434
156
308
288
421
379
238
237
275
397
311
284
379
268
313
254
147
332
352
342
210
206
268
270
257
205
324
236
236
185
209
128
285
255
351
232
472
195
198
224
139
212
285
236
326
117
420
260
129
210
168
154
227
314
209
219
292
194
339
264
256
351
155
160
161
243
96
141
207
516
206
222
167
221
313
220
151
205
117
322
243
215
327
200
243
225
255
204
276
294
138
321
296
337
89
218
159
402
334
222
144
190
213
215
116
222
155
211
251
253
401
205
174
247
226
164
168
224
200
106
323
36
85
184
172
136
239
383
222
276
253
294
300
213
179
178
104
185
203
187
216
166
338
205
224
168
284
156
229
183
271
267
232
123
94
272
160
158
356
137
159
217
110
183
77
114
150
78
109
211
89
128
184
164
72
281
175
129
140
167
184
95
122
73
124
123
150
73
65
117
177
90
89
90
142
77
117
402
194
