198
202
211
193
182
139
210
218
-1
202
186
189
184
182
185
189
182
176
190
181
176
200
194
163
178
153
177
172
194
179
179
167
173
213
189
183
206
174
191
186
190
177
180
186
180
201
192
214
187
180
177
164
170
166
164
189
161
170
181
153
166
188
164
132
156
160
175
174
150
169
189
191
188
197
210
211
163
182
202
176
25
176
147
164
130
130
162
131
149
174
176
166
189
176
178
168
47
159
168
53
182
138
200
190
175
112
124
115
108
124
134
106
141
96
109
108
112
158
109
100
96
87
148
156
158
179
93
89
172
97
163
97
104
109
69
91
85
103
185
86
178
141
15
105
103
102
5
95
177
146
173
179
155
92
187
158
145
116
110
176
175
124
111
176
179
175
163
71
60
85
70
68
4
3
62
53
67
74
55
65
4
115
159
157
167
95
58
52
58
3
41
43
51
71
133
79
151
150
3
184
164
88
198
184
187
144
120
163
124
150
168
156
100
158
79
170
175
170
182
156
63
172
139
138
147
147
93
156
80
141
188
161
159
154
135
158
170
93
159
146
149
108
134
168
155
161
117
82
84
101
60
47
48
81
6
6
178
107
103
1
74
50
88
175
133
85
56
126
77
144
160
62
41
97
152
121
134
121
133
137
154
136
154
152
136
123
158
94
132
144
161
158
152
157
172
145
170
201
169
141
176
94
85
101
101
87
178
189
157
171
166
142
157
196
164
10
117
126
171
137
163
159
169
138
143
151
87
123
148
90
122
162
169
137
5
73
86
130
138
4
141
131
178
143
156
139
106
148
154
136
148
149
138
159
133
176
137
186
108
147
151
216
157
152
154
147
99
163
118
126
113
117
89
80
101
155
151
162
133
138
161
148
128
139
127
104
157
174
144
135
144
147
94
91
73
71
140
26
27
111
129
23
157
105
110
146
139
39
150
5
148
162
133
136
192
139
156
133
153
51
139
131
154
122
126
171
120
55
113
122
114
86
82
89
38
67
95
3
143
111
102
124
113
111
60
59
63
51
110
123
68
66
143
150
82
164
131
114
129
165
147
129
161
5
98
126
115
22
61
150
137
59
112
103
99
114
93
72
106
98
106
120
116
171
112
139
145
64
174
129
147
132
91
137
82
103
158
136
155
138
129
134
139
140
132
125
102
152
98
113
132
104
126
2
5
77
166
96
120
151
134
122
181
52
140
118
67
167
146
134
158
139
137
127
116
125
109
4
129
110
100
124
109
122
122
112
110
120
116
125
98
98
103
96
96
69
72
84
113
111
112
93
36
117
123
104
106
97
104
87
75
84
143
125
108
47
9
104
89
100
106
93
110
122
92
131
126
81
0
110
156
91
85
83
85
85
122
143
103
96
108
103
52
40
91
26
79
19
89
84
59
97
13
115
61
95
91
91
97
83
109
105
88
4
66
86
65
122
93
119
102
131
105
130
101
105
106
96
109
100
83
86
102
80
81
81
82
67
115
5
103
76
117
113
84
117
65
45
110
18
57
6
87
98
3
114
92
54
51
93
97
84
68
90
98
21
102
125
117
110
115
101
101
120
120
109
73
66
84
82
94
94
99
85
92
92
73
82
82
89
79
57
69
84
95
88
88
141
70
64
29
70
93
105
109
119
115
111
122
113
89
69
93
104
153
69
79
150
133
120
100
118
98
104
85
85
54
111
43
91
73
83
78
83
83
118
192
3
113
116
92
95
57
72
58
76
86
87
87
78
38
100
51
140
99
97
107
141
130
62
78
53
115
74
69
67
78
69
70
114
128
88
103
61
76
59
133
87
60
69
82
144
67
81
121
75
85
73
28
168
44
70
79
60
70
113
80
46
93
86
105
92
95
70
83
6
125
34
97
102
100
148
68
69
95
97
86
87
78
85
91
75
144
68
128
101
79
126
75
73
71
102
82
71
74
32
80
65
47
118
137
119
134
120
77
85
102
99
111
90
81
72
178
88
49
77
94
117
56
78
91
82
61
99
64
77
79
74
78
78
4
84
112
152
129
86
2
92
30
6
56
114
52
143
68
76
83
83
74
101
71
37
81
78
105
99
94
54
70
67
91
104
81
110
69
73
80
131
47
72
70
98
70
92
107
69
115
103
67
80
80
82
102
70
67
73
87
80
73
69
79
66
46
85
4
59
86
113
88
82
75
76
66
44
73
91
66
95
100
124
91
88
75
35
85
72
94
85
86
107
91
144
100
66
62
35
83
74
72
84
81
63
72
115
95
68
65
79
75
87
40
54
58
70
114
81
73
72
63
37
120
104
100
13
83
82
88
107
98
86
104
64
81
65
90
115
83
77
34
47
102
82
62
2
74
64
81
4
140
70
82
74
58
99
67
114
88
57
72
135
81
62
60
74
78
61
64
81
64
88
78
106
61
68
71
91
115
48
59
52
78
77
55
92
24
94
38
113
44
122
58
52
54
20
62
2
65
82
68
77
88
64
72
85
62
51
48
54
59
75
75
64
100
87
69
67
63
56
99
73
53
65
57
82
67
67
31
56
48
95
59
57
3
78
87
30
51
57
39
30
43
46
70
58
58
83
80
39
47
98
59
91
65
67
105
82
74
63
75
60
86
58
63
51
3
35
9
55
76
49
27
57
74
67
58
68
1
40
64
91
17
72
70
25
62
42
94
105
68
102
70
73
62
80
71
77
89
83
72
104
81
104
89
88
55
44
70
62
60
2
81
99
42
34
67
83
93
150
76
53
19
37
36
37
82
72
69
112
62
62
38
39
84
79
90
64
76
59
61
81
169
34
36
59
50
33
58
38
79
63
52
28
58
52
31
44
69
56
62
60
49
63
96
49
58
64
72
55
52
48
52
65
62
57
61
41
105
69
79
70
28
71
87
42
54
51
50
39
63
66
74
68
57
37
93
60
32
20
60
53
44
131
28
39
101
80
49
49
77
41
68
87
57
64
65
40
49
48
41
38
34
90
64
47
133
61
61
58
59
48
47
5
34
63
50
43
3
85
91
48
59
71
51
17
41
2
53
54
157
34
52
63
90
46
46
43
38
89
84
92
76
32
38
77
38
70
35
43
57
65
66
58
55
115
41
55
48
40
39
61
80
36
40
53
88
53
75
59
60
4
43
91
31
41
60
66
60
48
61
54
34
38
87
34
89
62
90
47
144
36
32
44
32
50
41
33
46
34
36
42
40
117
21
30
36
51
50
75
42
68
39
40
55
65
52
38
43
48
34
24
21
63
94
88
21
73
64
43
37
77
50
29
33
16
57
95
88
20
48
45
69
89
102
73
47
51
2
28
43
64
25
35
37
64
33
43
28
33
52
58
44
56
42
57
79
37
37
64
79
52
82
76
37
44
43
33
37
68
61
22
30
41
29
39
34
66
50
89
54
57
78
55
41
84
57
63
1
23
79
68
7
14
44
9
70
45
61
60
62
47
26
68
43
43
30
28
33
73
63
61
6
3
104
49
30
78
58
62
68
23
88
88
53
52
83
27
109
55
76
84
43
49
49
52
45
61
42
41
33
9
40
50
51
35
49
63
43
68
91
30
40
44
53
5
62
39
48
24
56
29
61
38
78
40
33
50
43
50
33
62
33
49
18
38
29
32
11
33
38
51
2
51
17
56
36
47
51
49
50
86
80
40
33
17
36
26
36
50
21
34
27
36
58
37
45
80
50
68
66
102
28
69
34
29
33
47
29
22
18
38
49
40
20
18
51
34
44
10
34
47
84
64
63
31
30
35
53
68
39
26
79
49
57
39
31
48
21
64
68
43
44
32
54
71
151
2
56
67
34
27
130
80
39
39
24
35
52
28
55
35
48
38
37
42
17
73
39
36
62
63
24
78
41
37
41
54
47
40
38
44
34
52
64
31
30
35
55
60
59
51
59
41
39
39
52
60
60
30
42
39
23
52
21
68
52
0
76
33
52
42
21
25
34
59
31
54
38
61
45
30
32
24
20
40
5
23
32
49
23
3
95
25
23
25
21
0
1
123
3
22
64
14
60
5
33
33
17
21
78
35
29
20
26
46
29
36
9
35
21
31
34
31
53
22
7
85
38
43
44
23
45
42
34
43
28
63
1
59
33
57
47
17
26
37
29
61
43
42
5
73
37
46
51
45
61
24
40
31
44
26
69
22
52
51
72
16
35
30
31
36
33
33
14
52
21
1
13
48
21
33
26
50
53
53
35
42
25
34
29
24
49
37
29
0
18
19
27
51
37
27
44
21
19
22
36
35
46
54
34
42
32
29
18
13
66
28
27
29
32
77
39
39
25
131
46
28
34
83
17
31
48
44
20
20
52
21
40
20
66
7
26
5
61
34
24
29
21
2
15
19
26
28
41
10
10
47
47
32
38
11
24
18
30
23
43
26
0
12
22
21
22
40
44
23
38
28
73
40
39
28
37
41
31
30
29
37
27
45
29
35
24
33
13
34
24
23
23
42
20
14
31
20
20
46
4
12
24
20
28
13
18
19
0
11
22
69
13
22
21
8
40
25
11
9
19
30
11
24
6
23
6
9
19
11
23
22
3
13
13
21
8
0
116
24
