534
609
639
593
591
523
622
579
73
594
541
524
479
465
486
513
545
565
519
634
460
517
419
448
410
448
474
531
612
651
755
553
580
681
713
704
807
689
710
662
658
683
641
717
695
623
592
700
583
674
788
735
736
639
702
678
678
641
736
769
734
644
806
602
672
616
727
662
673
664
662
640
653
684
514
386
610
711
500
555
446
630
642
458
610
621
527
533
628
563
727
608
632
743
622
599
405
549
657
414
529
600
585
674
616
577
614
576
605
644
496
499
574
504
496
615
484
490
504
569
523
459
448
621
405
566
343
485
554
499
697
575
536
564
380
509
512
526
453
342
650
822
355
550
443
521
330
537
577
560
555
569
571
481
481
671
695
566
544
657
631
586
568
573
598
684
622
491
500
451
456
459
305
301
370
448
323
320
425
347
267
511
463
562
519
323
319
389
246
236
260
302
264
383
293
323
504
499
302
485
531
584
597
582
545
396
692
660
679
517
618
621
520
541
268
619
437
681
651
676
439
582
659
629
592
563
518
623
639
643
377
582
534
540
566
606
643
611
710
673
718
613
765
445
440
613
627
442
318
280
301
218
243
320
320
394
452
500
457
168
299
216
463
671
363
505
160
569
461
637
693
410
469
374
594
497
510
494
504
505
606
681
595
759
738
613
481
497
488
439
581
551
301
460
634
573
591
319
639
631
572
546
525
558
425
508
689
356
376
405
331
282
298
342
620
316
611
548
557
432
538
652
561
536
623
648
525
468
431
473
458
597
584
441
340
531
570
648
702
252
598
441
563
703
560
596
341
630
526
396
572
642
568
632
527
481
588
469
481
595
555
574
508
560
590
445
507
556
484
507
531
567
573
561
530
572
542
508
581
627
599
546
431
818
513
188
605
538
696
732
477
507
465
390
333
445
546
410
408
383
541
155
595
532
478
556
545
391
654
470
506
529
439
603
230
593
588
634
594
333
551
524
564
517
517
348
451
382
644
541
631
521
511
462
357
471
633
265
437
523
479
578
610
624
452
498
398
412
740
657
386
291
651
397
567
421
403
627
598
365
504
510
437
182
491
552
564
208
358
469
850
601
624
830
785
826
757
628
777
598
578
447
559
356
436
411
381
507
440
531
511
723
323
487
482
378
503
617
629
660
593
539
548
662
599
459
689
488
569
735
589
549
609
152
98
249
587
586
610
470
452
580
439
459
652
640
409
600
654
535
526
535
485
620
581
509
460
187
560
531
482
510
439
571
465
470
384
435
427
544
627
494
553
529
438
441
427
498
516
656
720
568
327
475
570
596
444
504
506
447
477
506
582
527
722
281
212
506
583
472
445
454
399
413
375
569
526
366
176
437
309
488
491
581
561
513
467
483
462
500
453
524
314
281
528
343
443
250
245
459
485
608
428
526
513
383
587
573
433
423
347
398
452
382
544
538
462
444
464
435
358
282
445
612
673
419
652
521
591
499
506
466
590
533
519
491
632
423
275
290
490
422
573
500
672
572
453
418
616
159
461
149
449
335
257
447
591
461
383
384
347
386
438
490
372
190
418
508
691
664
655
638
640
595
560
502
721
440
478
534
543
472
623
437
447
481
347
385
549
520
511
393
719
580
630
499
422
612
458
394
353
419
483
387
467
511
478
520
466
497
484
529
427
561
417
459
469
531
511
508
478
772
371
330
395
296
321
282
183
334
718
716
596
529
525
486
545
185
333
330
243
335
348
417
450
534
450
448
485
394
441
383
377
272
606
488
346
471
451
500
424
203
445
384
307
352
472
394
352
408
250
583
470
458
520
493
544
398
558
428
407
365
395
388
409
410
443
323
369
305
354
368
296
522
377
485
737
372
578
422
236
391
429
636
367
280
508
298
793
218
498
496
329
567
659
463
522
494
542
448
532
478
552
525
548
546
401
398
345
336
490
458
395
656
418
304
425
528
506
435
431
401
418
519
431
406
425
524
364
427
509
363
322
474
309
361
409
537
282
264
278
245
220
340
248
491
418
540
545
398
253
427
477
302
444
433
138
531
210
295
669
534
507
509
472
433
417
359
487
477
604
349
416
701
336
381
510
352
388
714
580
442
378
449
374
376
438
402
365
419
224
402
350
650
549
299
634
446
443
447
404
400
245
354
370
450
373
324
372
555
372
311
450
504
297
408
411
593
428
329
358
309
350
549
-1
356
559
333
429
266
274
486
420
342
359
378
483
466
439
488
405
544
390
351
451
342
418
317
404
397
364
378
410
573
312
366
406
343
324
438
261
457
474
357
331
316
353
360
427
348
422
445
642
342
535
378
522
435
499
430
397
265
252
380
487
461
361
349
429
591
580
452
315
281
370
407
420
265
368
295
434
375
459
357
283
491
436
227
378
340
613
398
366
364
442
407
338
291
393
362
286
353
487
415
364
490
276
489
402
370
452
438
314
364
286
427
391
365
330
523
317
385
395
192
446
167
278
428
273
338
533
274
374
382
305
337
337
339
288
395
289
339
455
475
351
358
300
271
433
406
228
217
346
278
252
364
197
364
284
496
356
193
118
331
409
302
344
366
284
380
461
277
380
344
349
304
375
422
233
344
449
320
305
305
398
316
332
496
394
360
199
282
371
266
256
350
287
390
299
415
354
359
508
311
394
306
107
110
96
260
328
423
343
381
366
156
376
379
256
419
310
348
275
382
356
365
348
345
267
292
375
455
318
314
268
302
295
300
433
138
500
475
306
251
365
394
418
216
408
306
192
418
256
357
319
250
242
329
331
329
235
359
513
474
361
372
524
476
486
441
428
320
190
364
262
377
303
218
375
245
178
250
289
328
204
335
297
229
251
363
269
331
414
259
292
356
421
316
475
305
277
617
353
268
243
321
414
324
240
308
194
285
469
388
256
289
286
451
287
290
347
308
293
276
461
157
167
103
303
328
256
284
275
334
299
303
208
277
273
245
324
256
255
268
253
350
474
265
379
405
409
308
318
221
469
420
368
288
326
216
256
347
347
237
235
215
232
351
410
220
229
384
349
161
294
194
451
316
249
412
250
231
390
333
365
359
387
426
398
373
291
246
282
349
201
322
259
244
384
392
428
301
294
404
317
271
300
373
358
242
202
309
231
206
382
222
312
329
312
266
312
513
196
389
374
412
377
245
290
330
287
254
336
348
440
284
364
330
228
208
213
507
268
206
261
243
433
303
345
349
594
380
251
509
299
423
282
353
241
384
187
161
271
256
177
404
229
278
223
232
403
244
349
311
383
346
195
260
290
303
198
461
243
332
406
291
286
166
319
264
284
381
291
324
280
365
201
288
263
408
370
446
305
352
237
268
196
265
236
234
281
163
160
218
332
214
173
282
264
311
366
357
238
232
242
203
204
356
214
281
292
336
264
302
243
323
389
476
243
435
471
201
261
475
228
344
293
382
269
280
192
265
303
196
263
161
297
481
301
213
298
242
167
267
192
337
228
378
367
212
285
180
283
248
202
222
232
213
205
83
316
323
256
292
405
217
402
417
363
353
273
311
328
167
195
252
230
205
361
231
240
427
237
290
275
217
202
446
364
199
202
223
234
311
639
316
268
213
385
401
257
114
392
257
229
332
364
383
169
335
225
496
166
228
269
317
270
235
435
265
147
294
191
258
203
208
258
321
214
305
328
205
267
144
214
282
256
213
324
263
176
140
190
160
401
288
435
267
369
193
351
362
279
235
289
243
184
188
202
284
285
190
238
299
266
151
227
172
226
246
104
169
268
169
218
351
307
320
198
241
341
185
303
215
238
217
212
189
294
192
219
336
219
366
259
125
268
204
296
218
188
313
193
153
283
212
219
181
199
273
328
239
136
254
175
326
270
167
315
378
354
278
194
289
353
234
200
307
240
238
209
289
290
253
237
218
402
298
270
202
214
245
170
239
230
310
355
185
237
225
393
256
347
304
264
66
350
236
369
269
145
390
189
219
164
212
223
621
219
171
246
171
201
227
199
246
386
299
154
234
350
270
256
350
180
38
51
331
277
175
226
223
299
103
231
193
153
157
354
267
206
144
213
175
151
210
241
287
145
237
185
222
278
192
178
308
260
226
229
126
193
256
181
236
212
274
190
251
366
260
150
128
342
290
209
311
98
226
247
273
285
203
301
274
272
224
321
266
198
261
214
112
232
254
305
177
195
177
254
176
128
181
151
185
126
130
69
164
241
290
326
318
226
225
176
184
92
190
114
251
62
290
244
92
267
199
99
179
335
141
142
180
158
325
203
199
270
95
139
133
265
165
165
205
336
117
160
136
159
276
141
90
118
109
203
260
136
262
242
147
260
159
153
199
205
63
294
259
221
62
111
135
285
315
144
102
223
161
170
92
75
160
158
187
188
273
145
110
196
134
101
141
187
155
101
199
40
65
135
158
79
177
273
203
189
221
236
189
138
118
118
143
118
126
112
121
97
235
128
210
109
117
130
136
130
216
213
192
65
68
188
120
118
239
87
188
196
101
111
108
63
134
73
134
149
68
86
104
139
51
171
128
88
129
227
137
111
155
41
69
98
88
48
46
67
136
60
87
86
68
70
71
474
266
