866
957
881
810
747
592
969
820
13
807
876
757
776
770
589
743
651
714
638
788
649
703
617
874
719
671
712
709
822
869
823
898
1039
1146
1218
1409
1501
1178
1362
1124
1243
1272
1302
1314
1296
1043
965
1165
1137
1156
1442
1612
1666
1410
1324
1483
1460
1275
1410
1406
1437
1355
1301
1548
1400
1368
1190
1350
1393
1352
1261
1084
1205
1199
1038
800
1357
1300
1049
1008
1562
1270
1226
1178
1426
1276
1166
1181
1214
918
1210
1105
1053
995
867
914
1317
1027
1076
1334
1096
1345
853
979
994
1264
1205
1175
1225
1141
851
1067
1173
1023
1070
1070
998
932
1068
1149
1129
1034
810
1125
650
1111
816
956
955
899
933
1003
961
966
823
959
937
1054
433
1080
1079
1197
1082
1027
823
982
939
1017
1019
1129
804
862
954
892
686
1036
1311
990
1005
1066
1155
1172
1157
787
761
959
954
1053
1013
924
939
961
1002
1040
671
917
685
633
1004
729
789
1050
836
1039
853
897
625
762
570
729
544
647
509
561
744
639
956
953
754
626
924
936
854
822
624
876
1005
912
1317
1149
985
975
1014
717
644
990
643
1076
1038
1128
885
980
1198
1179
1151
1127
1158
1068
1329
1166
697
1077
773
900
1085
1001
1028
1160
1244
1161
952
1225
1033
802
511
1038
904
807
773
683
617
624
568
708
998
1194
626
977
850
588
537
421
788
860
600
1008
427
979
1102
1362
1101
821
1277
879
983
847
835
782
767
952
1043
1104
951
969
901
1201
678
994
709
592
1037
900
797
827
948
868
778
543
908
1124
808
898
884
907
604
878
877
413
559
439
311
402
285
290
802
916
1121
802
853
606
791
944
844
940
1088
895
941
821
711
833
941
990
782
903
1073
1429
1102
1087
1198
667
1146
851
811
840
838
1026
673
935
640
586
799
755
868
805
779
847
993
733
866
860
668
607
841
745
738
857
976
1067
739
776
1056
1062
806
706
1093
707
845
819
978
1008
907
842
545
786
990
306
713
678
1025
1095
785
809
826
671
638
808
727
781
782
475
895
419
871
829
801
808
782
1174
846
1037
847
854
656
824
249
881
705
778
910
685
823
693
928
751
976
325
809
903
783
959
874
957
648
543
564
604
766
954
749
609
844
995
994
960
570
672
653
520
861
852
630
657
785
560
663
496
415
1112
933
569
723
718
616
687
1005
750
1043
658
499
719
707
752
588
777
788
798
747
731
792
668
764
800
760
660
715
717
581
844
509
933
1028
1134
546
695
947
620
559
727
708
748
691
655
821
895
902
583
706
655
1036
827
897
676
743
692
410
416
772
738
866
678
804
853
690
842
1068
754
803
746
859
946
1004
688
854
831
742
872
834
705
862
682
517
736
652
739
707
787
562
711
603
785
757
680
635
627
535
684
641
628
677
721
863
817
608
737
751
983
876
707
610
615
581
679
842
751
696
788
761
589
690
593
593
556
830
625
541
1050
728
896
529
654
522
684
674
612
613
981
890
663
591
744
594
539
602
550
537
605
520
636
464
727
849
593
-1
599
836
677
613
567
561
707
650
661
621
1220
1039
912
788
492
637
611
425
638
704
1104
967
713
879
688
840
539
794
454
745
632
931
543
592
779
544
1012
770
757
584
569
691
895
567
533
659
374
1167
500
486
394
724
643
567
791
683
557
462
577
487
497
421
379
748
822
861
807
873
809
782
688
669
597
599
535
534
599
649
688
744
566
449
552
550
486
475
735
723
654
574
583
595
854
573
846
561
527
941
459
758
499
518
523
522
560
480
529
476
529
587
559
671
549
940
877
572
850
422
589
462
471
660
318
608
375
422
557
583
616
563
696
783
787
957
668
430
385
309
692
496
551
533
488
625
671
481
622
775
417
514
292
773
612
413
573
539
474
670
377
651
591
428
456
419
485
498
515
323
508
504
465
757
548
841
689
483
768
562
337
540
559
717
622
700
419
785
343
752
564
596
480
494
719
519
599
726
604
90
521
509
531
413
525
512
636
467
186
587
645
583
653
642
647
578
504
617
414
600
741
847
501
760
752
656
579
595
555
763
527
418
497
414
571
473
572
506
577
511
468
494
553
469
455
442
628
504
556
639
498
182
495
608
493
449
662
671
528
630
551
404
554
489
659
704
451
489
784
798
547
507
223
507
548
392
722
359
656
465
612
461
666
514
411
393
283
489
555
467
405
505
474
465
451
525
425
590
473
410
654
481
670
449
406
743
450
764
382
336
671
406
638
686
413
896
535
488
743
495
453
330
485
511
748
474
376
366
557
403
432
398
1088
680
527
506
829
611
522
545
557
510
403
428
338
487
565
242
426
528
702
565
475
427
520
715
669
640
778
476
690
380
490
748
501
611
374
618
529
568
790
446
670
515
414
482
358
509
573
445
378
265
563
485
359
364
340
637
510
704
449
841
667
405
435
601
842
779
576
452
241
457
350
462
566
382
343
771
377
531
524
347
799
450
460
492
636
459
432
602
408
400
741
594
511
623
308
596
382
477
472
412
436
527
431
512
290
625
469
392
591
507
412
384
740
235
371
605
427
557
648
410
602
686
485
294
438
431
677
383
480
516
670
392
406
371
452
460
558
805
573
425
539
483
341
371
421
345
557
487
384
545
479
474
497
462
411
603
319
392
369
507
499
353
552
450
492
380
837
373
280
353
420
514
744
337
365
424
347
431
431
451
378
380
349
629
418
278
546
359
590
348
311
605
425
493
508
385
337
111
321
348
298
598
542
596
602
341
324
234
430
431
449
430
413
278
241
158
396
324
468
389
633
378
275
478
502
293
640
637
431
392
438
413
430
424
410
286
382
555
716
312
345
289
273
388
340
579
500
403
379
260
205
384
320
360
201
446
414
300
307
258
526
419
347
348
464
472
471
183
372
469
496
367
560
705
706
529
476
535
487
270
357
289
318
447
251
450
357
264
339
353
409
310
490
416
314
249
406
262
411
506
303
364
395
648
381
392
358
331
420
531
272
278
554
519
378
217
279
218
352
517
292
259
273
262
358
338
418
330
333
311
403
507
230
223
135
698
435
302
589
265
381
443
413
230
335
274
353
359
660
387
336
434
262
291
312
286
289
296
420
471
324
542
295
465
392
427
241
253
459
242
286
293
276
632
454
394
223
280
417
470
429
441
507
402
327
95
367
393
287
444
254
277
265
297
484
395
608
371
320
269
410
227
493
351
334
358
359
623
313
308
547
236
279
250
323
320
243
221
261
305
333
597
290
428
342
301
576
364
575
362
294
474
542
448
349
383
353
553
271
461
446
499
339
436
334
531
387
272
408
289
321
331
333
312
202
211
223
323
588
350
306
331
289
278
267
248
492
313
270
293
259
180
279
264
389
317
362
325
258
379
358
797
427
202
325
371
349
183
315
302
565
584
192
378
259
461
579
307
444
283
320
381
604
225
389
303
628
261
321
294
373
342
334
238
318
272
352
284
422
346
255
375
203
207
328
330
460
458
338
250
262
254
175
165
398
404
249
198
221
230
419
450
469
412
728
304
603
270
338
227
635
238
333
495
308
365
250
473
241
405
448
395
150
330
233
383
246
480
237
249
299
281
546
214
460
368
205
545
227
446
279
353
266
264
127
300
160
438
464
277
434
630
189
432
330
408
485
266
298
426
274
198
389
303
205
269
404
278
295
303
247
305
254
233
436
448
373
256
378
281
975
436
262
334
250
411
200
302
245
519
321
287
245
245
275
221
452
377
555
272
323
255
268
340
342
396
160
265
380
254
329
306
227
300
260
184
386
370
282
304
239
216
225
280
232
463
203
267
184
195
129
305
387
279
375
356
275
289
380
226
171
191
248
253
173
218
229
284
198
190
404
320
187
306
312
295
267
121
205
359
269
325
242
359
310
279
222
473
208
341
372
263
291
162
299
279
208
261
260
218
490
203
180
375
226
289
192
16
315
243
183
168
200
314
169
219
279
594
247
203
273
205
473
267
375
272
447
327
343
211
229
241
268
230
226
300
261
224
338
323
216
270
249
227
312
304
253
201
360
218
293
237
369
345
220
346
367
192
343
188
384
248
0
411
220
349
364
212
602
222
202
185
204
283
373
267
278
359
248
222
219
382
163
183
304
194
510
353
191
159
233
286
103
108
641
660
382
146
326
355
207
183
319
202
191
627
219
167
201
352
230
199
278
398
271
192
296
174
265
400
199
507
403
337
248
266
176
199
353
140
305
163
334
301
258
356
407
144
166
282
356
276
315
83
280
719
308
288
246
234
233
418
355
202
323
194
222
497
149
298
492
251
257
157
249
191
206
157
371
226
267
185
253
154
241
166
467
215
372
212
213
215
177
160
231
163
315
0
387
226
301
250
144
208
162
197
170
268
167
135
571
311
216
299
129
172
175
342
283
100
222
401
200
145
156
154
291
136
60
162
77
226
192
170
227
156
177
270
185
134
306
196
128
344
394
249
111
192
235
295
273
184
206
161
244
188
80
130
128
186
307
305
319
242
172
173
198
100
163
205
181
32
295
109
103
164
147
121
207
225
202
173
206
209
255
168
144
105
134
166
176
141
181
101
312
173
247
144
129
179
205
149
187
181
175
97
82
202
122
120
239
127
255
196
113
170
68
107
129
109
108
180
51
130
137
137
83
178
93
115
134
146
127
88
98
66
109
98
140
45
63
111
154
160
93
92
134
66
126
723
192
