367
500
572
524
547
513
583
531
61
549
533
468
402
379
418
462
496
530
485
571
422
434
343
367
323
312
380
533
540
623
491
589
543
565
644
625
632
611
618
589
563
596
544
668
582
507
458
554
411
546
665
552
561
554
547
481
555
500
481
526
558
516
547
455
547
551
620
503
527
534
668
610
687
688
368
366
587
641
486
619
354
517
529
389
561
544
394
308
511
451
620
525
607
630
585
488
311
463
597
283
349
416
468
578
596
425
394
422
428
390
317
355
346
327
356
349
345
288
386
367
333
316
309
530
274
433
249
351
401
308
567
336
331
367
208
354
362
400
286
245
436
411
272
398
262
338
193
362
582
483
493
528
437
340
407
660
570
354
382
547
611
418
418
476
580
580
720
332
322
292
304
311
198
221
208
266
236
226
329
234
158
380
342
447
452
289
177
258
168
155
157
195
179
197
211
219
383
382
264
409
574
332
571
563
471
252
374
465
460
425
656
599
459
430
167
553
410
666
689
597
292
554
474
442
541
518
404
538
440
499
370
572
446
479
435
685
549
427
631
588
662
505
348
301
255
618
398
378
209
151
231
132
144
226
236
337
400
405
337
113
193
139
231
664
237
363
100
405
357
519
667
274
331
300
684
383
401
436
431
399
455
485
517
589
603
492
463
384
397
280
506
539
320
440
607
366
581
324
605
494
529
334
322
346
272
306
584
335
280
359
264
239
277
299
644
229
499
447
551
345
555
623
554
570
553
681
482
342
365
335
338
437
596
444
190
392
436
496
458
178
471
391
508
594
553
452
252
368
353
303
499
390
584
637
438
379
426
425
386
638
501
498
537
644
593
296
533
380
397
403
481
528
284
313
545
516
471
453
438
573
571
554
241
303
416
108
674
504
608
610
347
369
323
251
245
317
497
355
356
237
618
87
724
472
488
642
753
361
535
337
664
521
399
557
170
468
538
506
371
243
543
485
455
385
424
299
379
310
638
366
678
406
264
225
212
261
310
229
339
251
360
505
508
517
247
294
253
241
416
527
265
234
569
358
280
370
379
596
434
292
404
405
329
151
408
451
470
149
165
480
266
194
219
328
331
338
342
327
389
338
335
376
414
282
321
363
269
480
413
461
464
493
233
473
399
324
406
564
572
619
698
489
577
517
495
370
309
506
409
322
553
548
682
155
84
186
552
335
449
340
357
601
417
474
612
606
311
561
554
496
417
523
346
543
605
418
393
148
573
395
386
463
442
695
398
436
276
311
420
565
475
365
336
353
287
348
280
350
380
363
539
517
151
373
440
506
354
415
342
302
322
390
524
495
414
225
186
551
363
457
458
453
393
515
297
388
623
281
90
439
254
297
277
414
329
428
309
435
456
428
249
264
179
176
302
190
288
162
311
482
381
383
330
640
528
392
605
574
348
359
263
306
326
303
550
546
402
451
528
379
360
233
377
455
498
343
539
541
614
327
537
467
664
616
427
340
370
536
192
225
382
309
676
622
351
474
254
221
334
86
369
141
222
254
215
426
391
329
312
228
206
219
277
350
341
105
440
440
569
554
554
540
549
566
552
376
334
304
306
616
567
386
517
316
385
335
232
306
293
521
531
323
360
335
344
523
375
542
322
339
316
396
529
451
633
643
631
618
586
259
325
354
440
371
432
360
472
443
523
553
135
199
283
311
419
300
261
211
146
418
297
355
363
547
492
326
458
175
279
293
120
276
334
397
349
381
381
451
276
272
519
343
250
232
363
376
315
499
447
333
284
95
468
404
146
224
345
377
294
515
238
439
737
344
472
383
547
381
334
487
407
275
386
420
373
455
495
346
405
253
407
238
205
381
387
522
327
348
434
423
341
386
456
344
583
240
552
201
285
159
499
435
325
338
498
610
476
338
472
602
266
484
425
413
698
471
427
434
361
275
352
768
633
353
309
177
300
397
250
305
419
390
354
577
781
748
625
533
478
574
569
455
283
567
233
438
531
491
292
296
340
258
319
265
288
499
514
433
420
320
206
516
497
210
505
577
128
563
90
331
294
502
372
543
523
431
406
249
320
490
397
323
497
309
355
475
575
371
403
297
314
343
321
471
317
385
485
385
289
622
129
361
264
327
614
358
483
461
294
274
728
758
208
516
487
454
369
360
687
339
562
188
379
465
251
338
692
548
438
408
415
353
418
300
297
462
327
279
195
287
208
527
456
439
545
437
444
388
395
379
377
497
480
374
331
278
442
405
426
449
373
342
533
636
284
656
563
690
383
452
401
319
264
490
200
529
683
603
408
535
378
568
535
381
345
680
378
351
424
400
481
171
331
339
412
369
410
464
485
292
316
476
671
178
553
275
465
275
348
345
352
642
255
372
332
511
599
227
404
443
304
362
234
684
332
436
456
445
522
544
323
358
322
293
594
479
206
236
460
528
491
522
566
391
253
418
343
334
418
500
257
506
504
164
422
101
159
570
358
403
484
190
586
364
393
468
307
463
560
462
315
526
545
544
344
398
330
322
419
522
296
289
469
236
297
384
157
422
493
432
252
139
76
321
404
192
384
240
505
318
320
424
558
644
640
235
339
327
420
317
362
287
511
450
416
324
351
321
580
629
182
301
282
495
261
486
340
524
504
386
288
386
322
386
426
297
54
58
41
207
305
462
396
225
683
277
493
503
458
380
307
358
326
402
381
391
412
383
295
373
568
429
523
213
562
422
385
498
445
85
379
277
369
307
548
523
510
158
507
585
352
288
376
498
302
317
310
335
239
239
393
265
498
282
409
460
440
451
364
548
371
415
406
401
379
230
426
337
383
323
265
356
414
435
396
264
361
265
270
404
413
564
478
489
522
344
447
406
334
484
475
324
475
526
392
274
477
461
275
672
301
478
475
316
326
436
392
267
289
369
533
675
657
422
350
132
245
179
318
410
323
252
287
328
343
403
369
277
398
472
513
237
357
348
262
262
245
343
264
275
281
470
386
257
489
296
420
334
386
449
467
245
252
344
260
275
195
475
229
301
344
486
420
146
399
215
297
608
190
274
431
430
363
247
251
245
243
340
618
443
369
334
327
573
336
401
433
393
463
492
444
578
569
350
367
403
399
242
244
426
278
352
296
278
361
371
449
547
468
290
216
480
247
334
442
493
401
355
423
355
333
327
434
387
612
469
366
333
208
279
410
297
315
365
354
414
317
286
260
247
247
477
306
261
303
306
430
243
380
547
249
273
486
458
329
278
387
400
324
354
251
476
399
459
277
379
175
448
441
491
351
256
309
377
457
189
265
319
467
177
451
397
215
411
318
369
146
425
338
517
280
265
422
586
344
296
285
454
427
252
226
196
190
408
425
443
281
578
396
368
351
277
491
424
463
378
342
589
238
231
294
263
310
388
352
502
326
542
418
364
212
268
288
346
343
487
170
277
410
445
254
207
388
214
256
281
-1
258
391
258
364
287
288
329
291
359
302
550
422
302
330
185
308
248
243
366
284
194
284
183
478
470
472
248
331
316
405
421
651
391
460
262
396
281
295
405
359
369
266
344
419
247
225
324
640
504
233
402
425
252
372
363
398
311
249
323
437
315
426
225
506
179
488
346
382
336
361
336
327
367
359
398
306
276
320
288
252
264
269
183
233
450
295
299
306
361
405
237
373
255
524
282
323
282
401
346
430
445
309
298
311
214
231
288
340
234
259
259
261
101
235
477
260
232
291
341
251
271
206
293
178
337
227
438
483
285
315
242
333
271
43
207
246
284
301
275
320
242
302
304
361
183
458
303
311
432
246
229
284
468
394
271
473
375
223
146
307
216
233
219
151
431
281
274
240
473
305
323
304
414
321
361
185
305
288
332
331
248
279
429
310
180
347
288
317
396
359
274
321
204
459
465
462
189
197
293
149
420
427
471
254
373
315
535
403
292
475
281
327
272
287
358
195
289
278
73
468
282
272
319
272
389
296
372
315
349
263
301
366
258
400
295
279
365
272
286
188
202
206
244
394
259
255
216
404
16
29
326
259
255
306
225
510
289
213
239
253
204
342
240
290
261
260
338
321
348
386
294
347
168
235
275
383
223
220
362
380
281
400
284
430
327
325
360
238
427
318
359
264
255
169
226
289
344
334
439
238
249
240
315
416
229
222
209
365
256
253
313
271
247
284
143
303
299
314
169
193
261
304
246
267
264
266
252
225
181
157
350
214
233
221
394
242
244
197
164
270
244
292
286
97
362
268
139
214
174
157
269
243
269
187
239
193
265
267
257
301
188
177
178
200
102
178
204
453
199
184
174
275
312
314
117
198
111
322
215
273
313
185
298
200
309
213
281
281
148
249
252
332
113
238
162
413
283
204
146
180
200
224
136
153
169
230
285
284
349
188
164
253
242
234
184
223
199
108
338
57
102
184
160
137
298
376
229
303
231
294
350
304
233
254
98
243
266
215
279
172
283
271
171
230
227
167
287
170
265
264
291
139
122
269
162
159
347
139
136
224
109
218
82
149
151
97
119
198
81
133
181
231
75
329
207
132
147
168
307
97
158
80
137
113
131
96
66
117
174
82
96
97
132
79
124
352
220
