568
660
650
604
615
536
717
602
80
639
617
572
528
524
517
518
521
571
517
640
504
505
446
501
441
456
491
532
624
639
657
611
677
703
794
835
876
742
775
711
731
787
764
777
782
667
632
712
659
662
871
881
885
820
794
793
834
732
916
976
948
757
903
723
819
781
810
819
917
853
758
670
762
772
566
481
770
753
587
642
623
871
934
638
763
796
660
672
861
629
764
748
705
702
607
525
521
601
734
518
669
790
584
642
663
715
787
687
706
855
616
678
733
628
619
795
584
613
629
719
622
563
494
694
439
669
413
614
705
672
688
768
777
787
481
573
594
625
528
451
724
1132
413
623
498
631
393
665
717
645
563
588
575
554
508
703
803
688
673
752
693
665
693
602
587
645
675
631
610
576
616
591
432
423
533
523
477
483
588
452
333
595
620
563
517
390
416
454
367
333
339
401
368
553
367
431
540
538
324
488
607
768
593
618
540
434
757
724
792
770
714
747
535
576
332
679
493
723
678
698
555
677
776
754
758
655
672
615
699
801
443
634
557
617
621
723
697
718
752
836
703
683
818
598
562
679
946
451
373
362
327
252
320
375
395
461
435
643
600
262
415
275
651
648
491
629
235
712
480
738
761
528
636
526
686
513
502
508
489
533
658
739
615
744
721
783
544
625
488
581
691
657
429
581
730
804
586
414
620
777
626
751
744
758
588
684
656
415
394
433
333
320
342
369
627
333
729
555
625
465
555
697
636
640
715
663
543
613
470
495
500
656
656
584
538
648
653
843
806
295
745
517
617
674
560
757
386
733
605
456
608
719
627
651
568
634
656
476
528
636
523
568
589
600
592
551
656
586
490
512
659
709
866
832
675
522
555
597
718
710
631
574
480
966
627
247
585
533
704
748
630
659
541
467
400
509
547
376
374
500
634
242
646
485
495
558
563
478
693
452
562
525
666
601
264
636
575
589
692
395
577
527
608
712
761
330
491
453
603
658
616
598
754
682
572
730
937
394
594
667
538
737
814
824
638
698
585
606
853
670
484
332
629
390
898
431
363
743
759
503
716
733
556
321
730
518
744
394
548
558
883
643
652
1294
1384
1410
1293
994
1035
942
841
508
724
395
409
449
499
553
449
627
597
905
407
466
496
397
484
600
590
659
584
518
614
695
643
504
998
522
683
818
678
533
625
306
225
245
573
872
682
477
427
635
496
462
696
606
526
628
610
592
659
540
551
654
623
627
569
272
638
590
532
533
434
580
615
706
515
539
464
587
724
583
648
653
554
618
463
593
502
782
715
695
423
558
519
787
494
755
569
634
692
625
635
582
835
316
263
518
766
463
447
460
446
446
429
666
599
445
230
472
344
655
678
735
766
604
526
481
431
690
730
854
541
474
791
445
696
362
305
600
551
771
519
541
570
438
524
505
406
501
369
509
452
481
639
599
449
439
607
603
537
475
606
751
725
536
688
585
645
614
634
486
619
514
607
654
689
520
301
340
584
503
520
493
1112
686
672
581
783
199
541
198
754
361
387
492
751
570
433
493
449
540
543
502
444
248
624
550
691
656
640
665
611
573
538
549
1340
558
892
494
548
737
594
497
494
520
394
397
1055
708
682
370
1141
714
746
693
641
615
773
657
436
452
580
450
462
489
476
505
435
630
612
869
641
680
490
684
464
649
480
611
591
723
543
544
615
459
391
349
276
450
1149
915
782
658
730
477
625
404
450
486
306
430
525
616
704
550
475
446
607
395
513
411
501
305
730
536
389
506
511
823
507
265
444
582
424
529
587
544
458
450
279
633
475
506
664
684
620
421
901
559
467
368
476
440
507
558
583
451
485
330
398
481
376
678
615
478
-1
350
829
535
242
589
426
1150
369
258
468
379
717
231
468
501
368
833
706
555
615
665
707
414
741
539
548
622
564
551
427
416
400
400
551
467
406
785
548
376
595
762
564
436
424
378
407
492
423
425
472
584
481
509
622
394
361
418
363
505
391
491
334
366
395
359
305
410
354
518
548
633
639
530
298
389
468
397
438
466
280
527
350
342
1183
462
806
511
476
391
402
517
632
452
665
495
439
951
361
359
536
557
526
1162
723
580
474
465
433
453
540
347
504
405
264
477
464
792
534
334
678
424
655
557
427
406
338
458
461
488
379
327
382
797
398
406
582
577
300
365
490
615
515
417
449
416
475
1088
737
346
729
410
675
319
371
543
531
439
363
453
500
507
494
572
434
573
379
424
489
453
547
465
541
557
386
435
452
572
341
424
435
378
381
506
337
641
617
468
388
312
350
342
425
430
485
429
696
387
559
391
573
460
661
526
365
341
328
356
480
459
419
342
497
748
756
441
337
340
380
596
381
315
430
361
596
390
697
432
341
413
453
263
453
346
651
552
566
419
623
571
446
306
466
409
317
402
751
635
391
626
321
914
550
387
436
551
374
429
316
386
431
392
434
507
318
536
513
283
445
305
392
460
324
414
577
322
402
408
360
448
514
449
330
524
329
380
516
532
519
400
359
321
459
366
304
294
425
364
383
402
345
445
370
593
382
258
145
413
384
326
420
485
359
555
673
319
372
362
365
409
446
467
292
493
577
399
351
355
495
366
381
786
411
376
278
346
473
280
313
398
412
482
327
557
474
473
633
359
467
401
128
117
97
267
503
410
352
327
392
211
387
449
265
531
498
467
371
380
357
382
372
343
282
347
461
553
306
358
312
381
339
336
490
165
584
552
398
325
390
376
391
262
387
404
257
698
316
369
342
280
265
407
432
427
227
411
487
607
321
486
596
566
645
393
412
359
264
424
285
610
324
245
355
297
239
269
326
310
249
307
352
334
368
471
265
334
385
308
360
479
476
379
698
294
276
558
458
308
278
335
512
330
390
296
228
279
457
575
336
337
326
797
295
356
327
315
340
353
539
190
226
124
405
400
349
368
388
322
389
382
238
344
273
338
337
296
334
368
331
625
833
357
615
738
685
283
384
290
454
480
442
337
437
288
303
424
563
349
303
280
310
348
658
328
286
355
336
273
283
248
608
316
257
647
328
286
469
559
615
609
635
440
378
432
333
248
325
332
263
337
336
315
354
355
564
346
339
520
408
324
347
638
590
300
227
407
260
227
430
236
329
347
318
362
337
491
220
527
383
430
410
334
404
405
395
347
404
464
434
340
348
489
344
240
274
801
343
284
245
242
507
398
454
435
722
425
343
807
412
554
320
428
270
354
238
238
287
278
186
631
252
324
271
270
574
266
322
320
407
430
279
291
293
301
234
666
313
369
412
316
377
228
373
306
284
357
375
299
365
391
241
306
291
454
579
734
327
354
267
302
227
251
248
357
454
229
193
275
321
253
204
325
289
328
348
449
280
272
286
228
242
367
268
400
368
435
347
375
294
387
335
515
267
574
591
336
352
521
238
323
337
547
334
280
304
342
346
235
341
236
327
374
366
249
380
296
248
293
226
355
296
383
400
217
302
187
355
316
225
268
251
221
267
130
373
373
274
295
415
320
387
460
353
365
327
396
326
229
217
290
252
216
526
275
298
638
314
368
300
229
256
481
422
234
271
326
296
385
713
341
257
239
404
526
324
144
416
312
243
386
419
470
236
473
271
744
247
270
340
381
323
310
602
432
160
286
214
309
265
272
318
361
227
384
371
246
346
194
288
371
312
251
352
320
210
197
220
196
435
401
590
289
377
213
605
335
396
313
407
253
223
252
264
371
387
213
351
353
281
168
267
207
329
304
160
223
319
215
351
454
374
344
217
269
408
242
338
280
251
262
289
233
392
205
255
437
226
442
282
110
317
260
316
355
251
314
235
199
413
222
246
214
276
237
324
256
165
329
164
408
294
243
295
358
369
284
203
364
418
226
205
386
261
282
222
289
276
401
389
268
600
337
300
220
356
295
178
302
231
351
341
221
356
290
375
330
543
386
240
76
367
305
463
327
195
442
266
226
183
246
282
690
234
224
282
190
275
219
287
310
445
364
186
310
335
372
358
579
245
54
52
397
285
243
223
292
301
131
320
312
173
176
390
406
236
179
291
236
158
269
261
329
172
395
223
277
347
235
294
321
268
219
258
160
212
268
184
277
277
288
181
251
476
303
188
167
529
383
296
280
125
283
341
274
274
263
433
320
375
237
416
344
196
335
277
147
238
352
271
298
227
256
313
198
141
241
155
230
167
182
124
206
375
330
504
357
305
310
254
247
158
234
173
275
68
347
359
142
389
245
146
201
376
153
161
214
212
361
240
236
300
141
162
158
335
209
192
253
325
176
180
143
139
251
173
128
141
128
227
365
157
277
374
176
314
183
195
233
287
106
315
301
233
73
165
177
305
410
182
173
348
157
214
127
95
296
165
195
196
299
165
155
183
153
108
200
215
198
114
255
108
106
177
237
122
183
250
230
188
248
209
220
164
140
140
160
131
147
136
148
109
267
130
224
111
126
148
168
136
256
252
176
96
79
180
163
161
243
94
326
251
113
144
152
84
129
80
183
170
79
124
130
141
83
180
123
119
174
285
141
180
167
54
94
128
103
53
70
103
147
74
100
101
88
96
72
480
413
