1522
1893
2032
1806
1681
1351
2172
2071
189
1914
1966
2292
1836
1853
2000
-1
2194
1817
1692
1772
1881
1956
1579
1397
1340
1499
1735
1748
1710
1766
1626
1712
1536
1780
1692
1646
1639
1602
1614
1732
1621
1442
1560
1511
1470
1519
1424
1551
1415
1464
1553
1479
1447
1357
1386
1393
1275
1259
1416
1283
1220
1247
1382
1119
1223
1227
1371
1240
1284
1226
1556
1505
1441
1767
1165
1216
1332
1380
1211
1330
839
1168
1111
1049
1158
1040
1191
956
1077
1619
1473
1293
1542
1639
1545
1404
796
1195
1398
762
941
1240
1605
1584
1427
1174
1129
1099
1145
1129
979
1066
1147
940
984
1048
957
980
1094
1057
932
887
1082
1290
1035
1043
788
930
1171
908
1697
951
922
988
701
888
918
1005
1012
729
1382
1076
712
937
854
914
606
924
1433
1049
1327
1372
1168
856
1454
1454
1315
989
941
1384
1310
1165
1167
1633
1534
1380
1444
897
858
886
854
870
604
643
660
728
692
702
871
729
537
982
1033
1110
1322
1000
572
629
547
467
511
565
541
595
742
624
1425
1427
915
1453
1356
900
1689
1576
1486
809
983
1189
1080
953
1221
1093
1407
1209
515
1270
1381
1478
1372
1247
748
1212
1096
1067
1091
1217
1063
1112
877
1058
1130
1384
1359
1180
1046
1165
1220
1010
1314
1206
1297
1022
937
829
842
1173
883
1132
665
617
823
473
461
793
655
854
1534
975
842
395
557
453
677
1356
804
912
409
971
791
1196
1231
723
739
741
1067
994
1022
913
902
1052
1007
1077
1136
1146
1052
1042
1457
919
870
884
1151
1160
661
842
1417
971
1691
971
1239
1005
1298
864
821
856
701
815
1347
1546
1203
1636
1127
1022
1084
1406
1311
886
1047
925
1390
1142
1379
1151
1201
987
1077
1236
1015
914
1093
864
817
1085
1199
869
577
897
899
910
953
742
1084
901
1068
1287
1055
976
946
1120
1175
1141
1092
1221
939
1296
1120
1029
945
1386
910
1157
1141
1452
1186
1338
1244
784
848
1017
921
951
1034
999
775
711
913
1214
1022
1033
987
1119
1013
1105
703
852
910
440
1305
1317
1272
1158
890
876
790
677
650
767
1139
920
917
703
932
336
1198
1046
946
983
1076
851
1058
690
1110
1126
851
1046
878
993
1136
1063
981
610
1028
1573
1057
846
986
1210
824
591
946
921
1065
867
659
607
532
563
773
435
711
745
806
902
897
878
554
635
639
527
1055
1100
646
595
1281
1254
625
1426
1211
993
904
818
859
804
827
324
651
1190
935
407
476
1107
804
564
558
763
768
770
728
706
918
720
846
875
876
869
824
778
831
892
1506
875
960
1026
610
1148
996
917
1191
1111
1166
1140
1113
1091
1096
1104
1124
965
833
1130
854
738
942
861
999
367
173
685
1315
740
886
1355
833
1017
1262
803
1251
982
710
1219
1138
846
855
1016
895
946
926
825
775
373
830
1047
783
909
715
936
726
755
680
716
820
830
721
900
818
850
797
694
698
733
787
891
876
782
412
750
965
913
763
678
877
759
633
748
1060
906
891
542
429
877
786
677
699
699
801
827
672
902
1166
629
261
637
1177
642
629
710
692
903
828
1043
883
694
608
624
430
389
623
463
579
465
551
700
774
718
743
1002
768
538
754
719
769
632
713
750
727
648
822
873
1039
851
577
737
572
607
667
877
809
683
823
759
871
829
728
751
866
664
785
634
741
618
1056
514
798
709
920
882
644
860
536
504
735
284
743
595
479
798
373
735
701
711
600
674
621
580
509
605
527
350
657
855
973
904
932
924
888
1063
1019
785
602
523
557
763
774
672
793
737
618
768
564
626
494
626
601
897
567
718
678
726
577
1016
515
479
618
569
629
628
703
932
922
881
963
755
746
523
564
886
933
595
915
827
823
825
524
655
535
539
652
477
553
588
336
529
534
712
647
688
704
852
1116
315
539
562
394
478
502
489
466
587
667
976
692
781
636
693
469
983
770
642
778
1140
1088
485
641
317
1107
538
432
483
638
574
480
681
864
768
747
564
657
489
1038
737
484
604
528
793
499
515
656
552
628
445
492
1021
553
483
518
448
511
809
518
748
689
555
369
584
674
496
491
648
1070
526
618
736
860
1043
545
595
680
697
627
570
576
766
606
713
966
542
962
768
582
757
539
562
704
745
611
564
554
480
612
509
511
828
1071
1033
978
825
657
647
710
693
584
646
656
504
811
716
443
459
662
843
464
411
470
431
322
426
350
665
623
618
624
660
491
733
975
628
763
613
247
869
274
434
443
832
425
953
586
547
524
452
559
773
548
402
568
515
607
654
754
415
499
470
520
640
534
622
532
500
621
829
630
532
418
766
579
663
861
478
853
622
519
717
642
610
476
472
483
611
598
494
525
586
584
483
408
725
775
733
542
952
545
462
481
480
459
397
513
537
483
535
408
501
580
681
493
393
455
493
689
665
626
748
527
1111
576
465
664
435
537
423
548
495
531
635
523
871
570
575
529
514
482
532
395
430
365
476
603
521
529
504
902
412
619
823
847
491
634
584
688
722
750
513
659
381
369
468
644
831
557
559
546
352
720
695
506
499
572
525
610
383
957
391
547
505
433
653
489
813
648
232
491
741
562
410
412
527
522
431
412
398
537
551
394
605
525
422
442
651
458
376
497
502
708
565
411
611
421
607
375
677
381
841
452
458
442
450
506
259
412
559
392
474
793
462
531
545
417
377
360
381
409
544
459
431
645
591
469
562
512
407
834
475
287
249
423
527
355
424
312
419
365
791
484
391
306
473
561
561
385
453
462
321
354
344
564
487
488
564
529
415
308
512
383
499
434
380
631
434
466
503
536
475
309
324
405
381
323
450
351
514
459
402
262
431
524
418
416
417
250
300
255
603
268
549
448
426
497
216
544
594
358
620
535
433
362
424
429
450
412
393
327
453
568
602
450
602
351
341
403
434
500
276
641
783
322
243
488
596
611
499
537
428
219
310
249
455
563
351
338
604
422
419
295
399
714
551
742
459
623
592
541
652
1076
394
252
386
351
258
428
266
545
303
243
304
368
436
279
448
404
339
310
383
365
493
686
337
386
447
609
409
366
473
426
457
436
362
307
448
558
455
362
447
222
434
678
312
282
363
363
318
363
364
528
452
436
312
576
272
199
115
607
393
300
623
257
388
530
444
258
338
436
334
505
527
326
349
349
266
320
334
282
300
292
484
445
298
921
413
476
360
404
314
351
335
262
317
266
263
397
600
478
300
361
525
458
282
380
230
405
418
653
327
368
324
524
259
287
254
317
774
661
833
379
387
302
575
221
431
330
272
458
475
537
414
394
635
298
328
327
303
290
321
301
300
274
265
648
356
505
431
386
342
444
715
230
368
417
503
429
317
373
356
376
286
509
384
750
386
578
333
576
246
280
358
298
277
401
380
365
240
260
270
297
696
234
265
355
342
387
598
294
594
244
225
375
389
242
286
295
368
267
298
312
359
702
467
500
495
294
372
473
467
256
298
281
385
529
466
418
227
440
468
375
630
469
569
335
484
151
364
305
597
249
291
366
489
282
295
233
380
356
338
304
265
245
289
450
283
241
455
421
419
513
534
292
292
294
261
258
530
349
226
258
298
268
370
332
467
609
678
380
568
360
304
247
613
331
425
426
255
415
365
253
181
379
283
375
228
462
416
376
229
325
328
246
263
210
341
237
497
421
338
591
220
498
260
244
334
296
280
284
112
522
521
355
412
562
230
690
422
569
492
344
338
381
217
261
483
317
269
282
290
275
301
305
299
405
341
233
584
577
268
256
331
297
527
411
312
377
285
455
229
383
180
539
280
319
325
323
351
214
451
317
489
212
270
227
306
247
256
371
193
245
450
219
290
260
255
312
370
264
528
507
249
302
179
309
264
319
310
390
244
247
175
207
220
369
425
329
340
544
411
256
626
237
192
228
277
206
196
201
269
280
234
171
318
420
219
258
194
242
281
175
245
321
219
283
290
364
514
252
265
440
218
447
287
268
286
182
334
361
271
290
258
302
474
827
156
289
271
235
190
355
531
234
180
194
299
304
221
248
308
511
306
173
280
236
453
298
273
353
502
339
407
245
255
286
343
297
263
244
279
279
454
457
225
233
253
256
407
381
287
324
303
234
358
323
384
495
190
287
270
214
268
179
379
374
290
469
264
317
294
179
400
282
286
200
287
280
421
320
209
342
285
230
282
235
192
204
322
161
265
495
221
202
216
265
69
111
575
523
276
313
216
499
208
223
293
180
173
513
241
230
160
273
254
212
250
285
302
205
233
216
232
356
190
270
458
381
338
276
175
287
311
185
286
196
418
291
417
299
388
216
158
275
310
277
469
169
264
359
370
371
215
303
290
394
280
239
280
305
242
529
137
357
430
574
177
225
215
244
223
184
317
268
211
150
152
105
220
178
434
195
365
268
269
205
243
143
225
167
280
121
368
230
143
204
157
142
313
244
165
286
201
152
449
347
210
288
144
171
178
312
283
116
207
480
162
181
154
190
446
189
165
139
426
251
201
207
430
166
214
378
237
150
222
300
94
293
288
316
64
159
151
381
317
178
202
164
257
172
113
146
157
204
206
203
382
325
161
232
147
128
137
204
182
383
229
95
106
160
144
117
210
378
178
241
246
428
253
198
141
150
207
161
170
147
190
141
285
173
251
134
171
143
175
162
220
219
297
96
63
212
148
147
327
104
204
184
120
185
64
89
138
67
105
188
251
93
127
143
69
284
151
115
114
165
169
71
130
55
101
84
115
72
62
94
143
167
87
89
125
71
73
1336
198
