1161
1462
1614
1484
1470
1318
1595
1484
157
1437
1469
1431
1156
1073
1221
1305
1329
1550
1451
1654
1220
1187
957
1059
888
921
1085
1439
1498
1831
1479
1577
1450
1506
1569
1542
1534
1548
1498
1501
1452
1364
1394
1510
1385
1344
1255
1438
1183
1282
1522
1347
1333
1286
1260
1175
1223
1144
1172
1164
1209
1170
1337
1050
1160
1161
1451
1184
1239
1188
1460
1382
1425
1602
999
1052
1312
1400
1175
1345
751
1137
1126
901
1165
1102
1069
851
1070
1311
1491
1220
1440
1736
1548
1273
723
1115
1395
673
816
1044
1325
1455
1424
1040
1007
941
982
949
796
891
970
828
858
869
820
793
903
907
799
778
877
1196
859
991
709
802
1024
804
1514
812
820
859
564
804
857
903
765
591
1119
970
627
852
709
807
509
833
1401
983
1246
1346
1075
796
1097
1469
1313
864
866
1349
1365
1047
1037
1304
1495
1441
1614
781
771
757
718
723
499
531
550
645
576
570
770
601
419
834
813
1064
1138
792
459
583
416
377
400
476
410
457
526
507
1072
1071
744
1089
1262
778
1558
1473
1231
634
833
1112
990
939
1316
1214
1340
1133
466
1250
1050
1602
1442
1309
690
1216
1024
993
1121
1163
940
1172
904
1067
962
1315
1225
1151
978
1315
1345
978
1407
1314
1373
1023
825
724
657
1279
889
971
542
420
642
363
343
633
596
742
1036
883
745
296
451
362
590
1632
613
838
262
912
786
1175
1445
626
729
666
1236
917
926
929
913
957
1035
1082
1110
1355
1321
1046
1224
849
916
694
1148
1140
587
846
1479
861
1522
778
1337
1029
1307
736
758
747
618
738
1378
938
786
939
691
657
702
866
1766
719
1044
1009
1396
944
1360
1336
1312
1089
1165
1472
1271
823
963
753
795
1016
1309
888
501
856
987
1006
994
576
1054
868
1076
1566
1178
989
726
1015
950
838
1126
1065
1113
1670
1064
879
933
1215
837
1483
1191
1288
1238
1688
1371
718
959
936
944
948
1073
1068
658
666
1009
1309
1055
960
948
1231
1094
1204
612
727
897
311
-1
1404
1491
1349
786
804
727
616
608
736
1244
904
905
590
1117
222
1430
1148
1120
1258
1391
806
1198
801
1181
1146
861
1188
562
1062
1405
1108
876
526
1170
1320
1048
836
958
792
833
628
1283
876
1419
856
580
504
448
532
697
395
722
624
745
1003
1017
998
491
614
567
501
974
1207
591
576
1503
1044
588
1014
887
1125
919
696
885
863
785
315
782
1117
1002
329
441
1169
650
461
479
683
718
705
679
657
863
699
773
814
882
765
925
782
693
1045
1070
920
954
1092
510
1094
941
764
1096
1371
1417
1564
1498
1372
1339
1242
1145
1014
753
1269
858
723
1127
1048
1378
310
146
520
1420
700
950
998
817
1189
1102
1128
1379
1406
651
1248
1321
957
920
1171
779
1086
1207
860
796
325
985
983
862
961
895
1190
763
869
599
679
868
1099
866
839
799
790
710
651
805
719
852
863
1096
931
356
760
964
1013
786
789
846
694
638
800
1244
1135
903
467
385
1161
827
886
862
871
810
896
632
890
1417
607
224
759
720
645
587
812
677
883
743
1126
1139
806
543
567
377
357
580
456
564
387
548
799
736
768
713
1537
1052
635
1095
1010
773
694
616
676
729
629
1009
956
1306
1049
727
786
650
511
712
962
919
694
1015
923
1079
750
908
1124
1185
945
820
662
777
798
598
471
861
685
1372
1215
681
933
469
435
708
218
762
400
459
635
396
866
803
692
601
576
493
486
554
712
660
273
749
899
1147
1121
1114
1126
1093
1275
1204
863
599
578
588
1104
1009
780
1007
702
744
726
528
658
527
796
789
943
639
737
747
899
695
1146
579
584
614
783
810
697
870
1341
1186
1292
1316
630
733
596
706
944
944
666
1009
875
1085
966
384
496
556
629
724
549
558
498
301
662
567
763
733
869
882
871
1118
367
575
623
333
512
579
644
546
748
783
1259
703
748
808
759
468
618
745
694
793
1249
1196
572
616
271
1167
681
422
411
753
646
526
812
564
1004
1082
665
784
616
1152
783
573
751
625
676
579
608
663
690
739
512
654
668
711
508
460
585
628
981
585
938
811
673
437
638
869
591
749
756
1449
469
668
455
941
1103
597
654
822
930
744
624
745
1237
601
884
976
698
1216
882
714
865
615
574
706
999
855
699
655
466
598
623
560
790
1077
974
906
1169
934
916
941
896
775
821
852
656
731
1139
473
581
902
986
499
511
530
474
413
487
425
799
805
795
812
657
477
997
1284
539
870
838
247
1061
194
555
496
1040
560
1092
762
713
699
504
610
862
707
467
734
562
627
893
1086
540
641
539
619
691
612
791
600
669
736
1003
588
796
380
722
577
708
1167
677
981
823
570
660
880
851
429
646
638
778
660
566
826
632
864
409
527
900
687
928
814
1165
655
570
587
585
566
493
605
701
600
566
419
530
473
822
631
524
627
617
824
747
726
776
639
1204
751
563
651
466
664
530
700
635
613
676
683
1160
613
821
795
713
573
675
517
516
449
641
487
733
804
764
1156
573
705
1187
1041
648
677
846
782
728
818
633
894
367
511
628
788
870
642
671
686
444
662
917
735
444
867
514
739
488
891
493
650
829
460
707
546
1018
797
306
610
826
708
545
438
792
612
547
552
481
698
756
514
676
567
490
691
790
471
393
651
711
885
735
586
707
491
758
508
682
508
1014
514
582
584
349
646
232
356
740
467
601
884
436
741
610
523
532
462
480
588
651
481
605
900
807
592
679
592
517
924
741
381
348
540
482
439
581
328
548
476
836
523
320
214
522
664
506
499
438
611
422
478
468
831
652
653
580
639
491
422
553
524
552
573
495
711
518
528
565
723
688
346
440
488
590
405
609
450
673
631
489
345
550
614
508
543
494
169
186
160
561
381
738
595
531
731
300
689
754
485
702
566
551
483
588
595
563
559
529
409
547
717
731
632
476
555
456
476
599
659
218
808
655
450
347
740
861
921
420
725
605
330
390
354
621
586
451
462
623
478
478
428
539
934
561
836
603
758
720
595
837
949
637
350
491
439
334
552
401
656
415
323
396
595
684
380
504
500
405
392
500
475
683
849
472
560
523
709
497
461
800
687
605
590
501
417
513
735
628
422
677
318
614
857
386
383
491
493
409
418
477
751
620
617
426
651
282
285
171
603
482
383
542
330
549
580
562
383
424
510
453
701
476
457
445
429
341
359
427
384
378
375
615
538
366
1085
532
574
431
501
442
494
418
326
405
332
323
392
830
462
388
455
737
583
296
511
301
493
659
556
414
483
444
604
328
365
325
375
867
885
876
521
628
432
776
317
538
450
362
724
744
695
595
566
705
398
464
454
355
356
480
402
395
372
361
745
486
642
590
544
441
473
892
317
462
543
623
541
416
482
441
483
387
648
484
1038
555
634
416
477
358
412
422
381
383
591
605
474
367
345
352
343
822
335
346
431
467
515
534
399
885
315
300
514
508
334
377
406
438
355
379
367
438
873
613
562
619
315
576
711
622
335
379
363
535
655
472
466
297
542
410
548
806
474
780
409
585
233
448
367
776
323
368
483
657
382
360
290
596
518
359
354
272
297
421
587
385
289
662
548
524
611
573
425
401
417
358
338
722
417
269
346
378
343
485
467
621
862
867
533
660
417
374
308
685
456
578
408
367
530
483
349
257
481
333
405
291
674
459
475
318
421
377
318
355
307
466
359
713
574
477
747
384
555
335
337
439
373
326
365
172
668
689
464
456
613
310
829
634
790
640
453
400
502
307
342
657
432
345
346
395
431
364
350
405
635
433
307
742
711
366
400
404
418
550
435
415
560
429
636
307
529
236
700
393
507
458
453
499
313
520
405
603
302
330
306
438
358
357
414
251
327
595
277
388
331
363
411
536
340
561
672
347
378
252
417
360
455
462
470
311
306
247
278
291
498
454
388
407
594
308
318
739
315
234
311
362
280
275
287
373
331
295
228
459
568
271
352
283
357
373
112
307
401
295
358
372
446
551
340
385
553
282
586
384
357
399
263
408
430
410
384
401
432
597
642
301
398
336
284
244
348
662
330
252
259
402
389
305
339
456
592
403
244
344
369
516
379
356
479
631
451
442
366
361
402
481
396
352
338
334
389
615
639
282
294
312
277
557
516
430
376
416
348
508
430
461
648
263
380
369
293
422
222
447
469
186
626
314
398
377
256
588
365
370
290
389
336
535
467
304
460
409
275
440
313
283
256
356
222
326
599
297
262
273
359
47
81
596
577
358
390
294
668
351
267
358
239
224
597
298
318
239
353
338
314
339
436
423
318
269
284
298
490
247
337
579
559
438
381
271
366
394
289
376
265
545
455
556
403
428
258
209
333
413
341
610
217
332
456
458
504
274
335
316
471
353
319
376
421
315
542
168
494
490
619
240
267
289
326
291
247
398
352
270
223
216
144
318
243
439
257
488
319
325
250
272
222
269
255
351
114
477
297
190
287
213
195
355
324
244
347
271
199
466
452
285
376
209
215
222
350
234
168
305
588
220
225
209
263
626
270
167
184
265
353
279
292
470
203
317
409
312
221
299
351
138
369
364
422
112
231
190
504
416
228
238
195
436
224
145
189
179
311
288
287
480
383
213
270
229
183
187
252
239
261
346
111
139
207
196
146
310
537
268
310
306
444
362
285
203
226
218
216
243
221
257
179
374
256
281
201
251
182
274
194
287
285
350
124
88
301
180
179
464
140
218
254
124
248
82
131
165
98
133
228
179
130
177
201
81
385
212
157
149
204
247
96
172
74
125
114
143
82
74
113
183
166
101
102
158
84
117
1017
251
