520
633
621
607
608
561
665
620
83
631
560
543
482
462
497
524
552
578
551
679
510
568
459
495
439
409
567
559
671
631
686
596
673
739
752
736
782
707
720
699
730
748
682
765
813
776
738
877
569
848
826
740
660
693
688
632
716
717
713
698
750
744
760
589
666
637
841
703
682
741
728
739
685
711
667
421
638
682
504
597
401
625
630
479
615
615
530
433
629
595
782
670
664
693
698
560
397
708
681
399
453
620
661
826
686
601
593
617
600
591
529
522
531
501
510
602
571
486
509
561
493
532
513
771
499
696
349
516
574
505
708
471
506
526
373
570
610
637
417
334
640
578
400
645
490
516
267
510
665
744
665
733
765
619
553
713
690
579
582
714
774
593
623
543
608
680
690
509
523
459
441
445
304
313
347
409
358
361
467
360
241
519
478
737
616
303
311
413
255
232
259
324
271
309
304
353
548
551
302
577
559
493
605
642
657
409
525
673
541
604
663
647
504
762
247
721
573
705
724
679
447
690
712
699
694
640
589
784
565
623
393
590
681
687
697
644
775
600
736
776
733
583
531
403
403
631
518
510
361
250
351
232
226
342
311
397
489
576
533
172
300
225
340
771
394
514
172
613
550
633
788
404
395
327
640
665
687
682
685
672
636
729
628
844
863
589
563
556
712
460
563
580
305
498
685
559
644
413
770
679
643
495
473
506
415
475
833
389
345
405
344
296
309
364
706
315
623
811
651
578
611
819
711
553
691
685
628
505
559
512
584
659
649
529
329
520
648
669
593
236
642
560
656
721
739
581
383
544
424
525
614
560
658
658
739
524
591
504
618
686
686
700
591
684
679
417
565
588
779
761
581
598
415
452
564
751
694
578
674
735
549
620
440
461
694
177
699
602
740
772
632
629
562
499
449
528
761
386
387
350
639
124
628
510
575
729
635
446
710
440
584
583
486
760
287
795
849
719
538
405
757
600
742
568
556
301
574
441
843
528
785
549
347
334
309
360
417
221
449
351
572
813
629
627
332
389
359
348
517
599
397
404
608
408
369
494
425
736
689
382
517
538
505
168
526
570
654
173
253
543
355
268
273
432
400
438
419
431
453
432
465
641
497
391
454
538
439
692
521
625
701
622
385
633
546
474
586
681
677
742
749
693
681
672
618
629
436
559
565
406
752
853
876
139
132
289
646
437
669
455
490
705
520
638
731
769
470
682
589
679
621
684
478
729
759
788
675
196
718
517
492
705
708
729
619
531
403
536
609
585
571
442
446
447
368
406
376
438
663
409
678
609
202
522
805
645
559
556
525
415
400
513
648
615
436
380
310
634
399
880
750
794
559
588
490
606
628
438
130
614
360
473
413
450
415
556
432
632
645
621
318
326
208
204
340
270
374
247
387
579
513
428
393
705
526
569
826
829
592
655
461
425
618
364
638
590
533
696
571
512
407
294
588
626
646
550
735
526
746
370
611
634
874
788
552
400
423
545
280
375
551
534
714
626
435
567
334
330
374
135
486
167
262
419
245
591
404
497
522
397
342
343
434
584
529
187
559
690
765
729
734
764
735
683
694
579
444
441
352
838
669
537
679
403
448
495
437
560
343
696
654
507
436
445
373
604
510
785
382
359
366
623
563
657
766
703
625
732
643
334
354
417
539
377
508
450
480
590
694
693
229
335
367
429
564
374
445
341
222
419
390
415
432
636
547
447
559
205
418
419
167
328
556
542
376
622
606
504
395
514
495
492
342
272
451
411
474
555
525
379
514
147
499
538
208
230
353
454
434
657
301
508
634
440
647
468
652
526
407
565
646
394
583
634
642
530
607
504
428
328
408
383
373
420
516
670
402
383
588
601
331
454
703
395
602
330
620
295
385
190
735
533
469
385
529
553
527
471
495
617
314
562
702
610
644
770
575
564
604
524
526
531
605
403
431
292
391
502
269
545
572
533
581
650
572
544
572
476
516
584
543
541
371
683
371
517
641
747
284
296
333
285
279
287
314
530
532
415
407
416
297
522
568
355
681
689
149
685
117
310
384
703
396
704
586
1122
-1
366
446
736
442
355
608
351
524
659
601
376
524
418
396
527
535
666
358
402
568
480
429
527
232
493
374
386
695
464
591
731
351
385
515
505
242
500
506
648
567
491
543
383
596
206
365
513
294
475
532
675
652
570
573
470
468
377
417
615
490
432
253
447
304
599
577
477
552
563
624
655
636
582
702
668
676
379
504
333
561
469
519
549
557
406
506
743
417
486
480
465
463
587
447
331
320
466
312
540
539
574
412
438
585
601
697
479
378
566
464
581
623
554
606
262
331
585
465
704
377
564
462
388
360
660
485
284
543
368
613
311
489
495
503
533
351
490
413
552
538
222
526
396
344
446
347
486
390
411
484
497
491
557
484
509
400
404
452
591
438
339
474
585
506
590
444
465
441
678
453
488
398
737
434
437
518
186
595
137
180
531
455
573
691
267
453
630
419
389
398
417
387
499
424
453
616
521
426
432
386
370
482
577
282
238
513
418
403
469
180
439
396
637
411
227
131
556
541
299
388
323
406
287
316
436
538
533
532
353
425
345
312
455
332
441
427
451
522
449
375
372
471
416
284
419
391
379
352
399
355
484
520
384
276
455
371
502
388
436
97
124
86
244
264
612
533
397
488
193
506
530
434
568
397
470
394
455
436
457
444
427
337
378
493
570
578
259
346
396
453
557
574
164
366
294
311
268
465
583
621
255
538
412
298
335
274
429
462
435
435
378
333
335
503
299
565
394
458
476
532
496
471
544
458
433
279
353
449
291
479
337
565
397
297
369
430
470
283
372
466
366
300
443
478
540
630
371
429
417
548
467
326
427
436
314
448
450
408
448
477
608
326
399
222
479
528
273
358
396
382
304
502
468
540
417
416
359
564
182
198
118
439
443
381
298
316
317
442
405
266
445
496
339
510
337
380
372
358
292
298
314
329
313
293
394
477
402
599
310
521
495
505
321
324
232
291
389
369
341
256
501
284
322
380
762
490
218
410
222
435
445
346
362
395
385
492
265
259
244
273
435
484
417
442
344
305
495
234
475
404
318
671
689
467
425
400
501
370
416
340
260
255
353
311
308
372
237
512
393
422
435
397
336
305
659
256
299
495
537
458
402
412
445
304
299
467
401
537
405
616
360
267
247
290
361
357
319
408
435
338
272
257
279
294
411
261
290
329
305
373
295
297
431
220
193
428
425
314
356
282
398
325
339
261
400
469
464
390
420
262
365
341
470
325
401
342
401
485
373
453
228
404
353
469
569
373
408
427
507
191
382
400
551
254
284
366
464
351
357
266
392
315
248
365
181
211
332
491
299
243
372
452
433
506
297
335
305
324
334
329
484
309
251
291
301
278
360
374
468
388
527
382
487
291
338
286
492
425
396
200
330
415
467
243
207
383
237
414
240
406
316
456
316
344
335
262
292
240
348
258
452
431
430
358
263
359
403
213
387
365
288
224
106
396
418
389
412
474
257
489
375
448
619
357
332
464
215
316
345
371
320
252
263
319
255
355
310
397
285
315
416
473
374
287
321
344
354
367
346
344
313
541
273
355
181
526
294
397
273
295
328
227
470
329
432
225
339
250
261
258
268
349
207
303
533
232
373
303
323
310
351
307
392
452
326
381
205
310
256
366
281
329
282
247
174
237
213
369
384
306
394
472
219
304
433
240
183
266
319
273
203
216
263
201
321
199
320
318
181
294
218
278
304
66
279
358
267
275
276
353
390
300
294
464
264
401
343
327
322
181
246
349
270
274
301
364
469
281
203
403
349
263
229
302
423
335
248
200
276
355
295
313
333
365
357
167
327
257
430
313
249
408
468
333
318
243
248
289
307
259
224
322
316
306
386
380
304
279
299
190
398
436
317
309
368
275
371
365
444
477
250
302
317
221
334
230
425
306
82
395
308
317
357
219
387
301
368
218
289
351
340
286
229
353
313
221
304
223
230
217
317
203
250
515
238
206
242
257
22
43
433
323
286
329
288
401
205
230
297
232
206
455
229
303
183
303
265
243
289
387
247
260
193
258
243
351
232
249
426
366
335
300
207
315
315
213
324
229
471
243
369
290
463
229
181
257
346
321
384
131
286
270
385
378
226
286
259
385
344
231
312
322
294
272
160
288
379
351
233
293
245
222
264
221
286
225
184
188
207
92
244
194
351
238
429
226
229
212
188
160
242
166
332
159
370
277
130
216
141
111
270
197
213
233
216
191
335
260
224
355
144
249
189
298
126
121
187
490
202
229
203
195
317
211
225
186
116
301
230
192
409
177
225
251
239
173
279
290
71
317
308
356
86
179
155
318
317
191
157
195
243
213
109
147
167
238
228
228
398
216
191
219
157
163
152
254
203
117
246
47
102
175
168
108
192
358
245
245
249
343
236
200
164
156
146
156
172
151
179
176
377
172
286
135
177
144
187
198
231
231
291
101
81
251
175
173
320
125
161
196
145
186
78
89
162
82
94
194
107
119
147
157
62
225
153
126
144
200
150
81
133
68
115
107
121
86
62
108
162
118
105
106
125
93
94
465
225
