521
606
629
606
586
509
705
564
61
582
566
560
507
501
504
525
507
525
533
614
530
476
449
443
396
385
438
503
577
582
591
621
717
667
787
900
784
713
774
706
725
763
697
782
702
652
611
634
604
629
843
809
839
821
750
755
773
669
837
888
929
711
831
656
808
725
823
779
859
770
752
621
715
771
504
451
796
690
543
637
588
719
817
630
725
660
633
584
762
591
769
765
675
615
594
478
465
606
633
444
632
718
524
637
632
664
726
610
652
832
561
631
686
558
605
732
540
528
623
643
564
506
414
671
384
605
342
597
672
603
680
691
792
810
432
528
550
559
511
459
712
912
382
557
485
544
344
606
695
629
486
500
538
498
442
736
770
625
617
760
694
625
675
577
509
586
675
530
565
493
535
549
404
387
467
444
422
452
549
426
310
499
614
516
477
392
335
399
315
277
291
352
287
452
353
384
530
528
324
435
593
675
553
565
491
394
625
728
715
713
700
700
512
540
272
643
468
776
638
656
518
620
696
689
737
596
650
573
642
677
415
593
563
586
625
713
625
599
723
847
720
641
669
584
491
654
839
399
309
287
270
203
268
323
327
451
394
591
580
244
332
233
603
643
475
550
192
715
440
731
695
467
608
486
699
498
531
466
452
502
559
626
541
689
686
818
516
598
443
536
669
651
462
611
723
658
556
350
609
838
561
791
761
777
612
671
603
419
341
446
301
269
328
349
608
314
651
545
630
416
545
636
582
631
674
648
502
558
424
430
464
592
641
555
434
554
584
650
753
272
675
490
588
654
508
730
356
732
602
455
690
685
625
629
565
565
514
412
443
699
495
510
575
614
564
454
614
511
475
485
607
605
793
751
624
467
481
563
762
653
617
517
419
754
583
211
567
468
645
664
536
556
513
419
416
476
531
356
357
472
618
196
563
432
490
551
513
461
647
391
544
546
549
534
225
574
547
551
612
338
496
497
558
570
578
329
425
341
549
612
602
545
715
647
577
747
769
390
586
507
477
674
655
656
723
855
693
724
867
676
504
271
589
379
697
381
325
662
660
425
581
594
463
255
568
468
754
328
537
549
560
426
415
754
921
924
903
785
1010
1099
976
552
947
363
389
437
428
525
430
521
595
821
360
467
432
342
402
546
515
646
580
446
614
641
593
456
786
507
606
604
667
483
588
285
151
207
541
1184
559
415
371
638
461
424
694
580
478
632
554
539
541
490
557
631
621
574
527
266
610
719
621
497
416
513
491
498
501
534
480
595
614
686
781
757
686
756
524
741
521
838
643
584
335
599
454
766
405
602
619
762
849
704
618
558
873
327
276
492
750
450
435
442
424
410
401
613
570
477
213
405
322
844
827
880
915
561
467
421
389
578
665
713
642
503
860
538
754
345
294
606
508
985
507
498
457
364
453
465
379
466
366
443
454
442
613
575
384
445
497
512
420
376
561
698
653
515
681
493
612
696
511
488
569
476
556
820
826
448
274
343
613
441
469
457
987
649
652
565
770
177
564
193
565
356
272
489
859
563
430
539
502
624
563
521
437
225
507
470
671
646
649
671
637
562
549
590
886
662
867
484
503
546
522
615
533
518
370
415
677
550
549
312
783
857
749
550
471
539
893
696
409
488
480
410
412
449
441
471
422
705
726
1000
497
682
468
772
474
558
415
558
430
503
419
457
552
353
384
341
253
403
642
814
962
542
560
440
601
280
354
389
252
416
416
473
818
608
478
431
689
305
459
436
590
268
686
498
406
523
525
830
441
285
424
470
408
689
692
562
466
407
254
685
464
631
661
612
626
374
871
456
389
393
408
391
493
494
513
395
379
304
415
550
336
531
548
439
751
316
715
439
219
563
450
802
344
227
450
306
522
221
424
479
322
921
578
521
569
692
552
383
820
533
519
589
519
515
357
379
413
388
427
410
400
734
626
467
741
709
539
384
370
359
390
443
440
415
447
525
444
488
587
375
353
380
364
423
357
437
352
390
425
381
333
386
318
458
481
666
680
594
287
363
435
308
405
453
178
514
262
291
615
401
769
462
445
382
400
418
738
435
814
570
423
610
352
371
570
562
453
622
580
473
417
449
494
491
486
293
471
395
234
501
541
540
533
330
647
384
759
545
416
391
335
401
394
483
338
289
337
908
371
363
617
555
303
337
417
593
461
401
384
326
413
729
487
281
490
349
426
301
431
568
469
369
306
376
473
444
443
513
382
491
345
456
402
555
428
363
415
429
363
380
423
568
347
337
337
351
325
420
275
659
536
391
363
295
308
311
388
377
472
408
638
352
476
374
488
462
714
394
353
377
312
387
510
415
445
296
471
509
610
438
326
327
318
668
347
275
373
307
419
320
659
425
330
355
433
249
391
318
615
398
482
367
606
508
394
267
430
377
282
346
-1
685
321
584
271
615
501
341
383
548
378
406
291
364
430
365
357
453
374
464
425
301
413
265
387
465
261
373
511
272
360
400
314
411
552
402
296
567
319
306
521
533
367
455
423
344
479
308
332
284
394
369
328
374
224
387
308
494
384
242
119
333
347
277
425
567
321
637
670
269
314
362
368
475
461
393
277
390
631
344
292
280
463
361
374
818
353
318
219
303
525
232
274
348
335
428
311
529
438
371
841
315
405
322
110
104
80
242
555
372
328
264
349
232
342
380
214
458
435
376
290
317
287
333
330
314
250
323
443
518
249
372
276
346
286
289
381
145
526
482
405
321
360
329
345
258
362
334
227
658
240
356
356
257
271
433
513
515
202
502
485
646
288
428
556
517
658
416
365
320
243
343
266
522
286
230
307
253
195
218
280
288
214
281
282
300
308
375
246
314
341
282
307
526
433
391
482
262
261
390
404
268
213
308
458
305
291
269
234
259
440
449
323
377
364
643
282
313
299
289
295
299
458
129
227
131
410
321
300
345
410
393
381
374
216
291
236
302
336
322
289
295
287
472
508
332
657
551
467
250
409
252
400
533
476
285
354
271
241
510
549
270
237
227
301
334
469
255
283
332
309
205
258
223
411
278
259
637
283
254
361
446
470
441
465
414
346
413
283
217
385
357
194
330
273
272
351
327
532
331
321
448
411
311
365
493
469
261
216
435
245
238
418
211
270
298
271
267
398
468
212
593
373
399
383
262
387
315
313
320
369
449
394
307
355
518
298
235
256
695
303
242
207
215
573
403
405
405
368
385
252
516
545
519
275
514
228
340
254
234
248
254
160
453
260
311
260
238
498
205
286
255
397
392
205
258
257
264
177
451
269
334
384
256
323
187
359
271
239
337
331
268
297
379
251
284
244
489
412
545
320
334
225
287
197
222
246
301
503
230
201
231
300
205
180
287
279
300
305
517
242
228
236
228
220
355
251
657
379
625
416
345
310
338
315
477
238
511
399
277
371
434
181
283
437
342
291
249
206
349
319
195
289
190
322
312
278
211
303
293
215
271
215
306
353
360
356
179
293
171
340
249
209
250
200
189
260
124
360
376
244
297
339
352
333
471
352
344
319
388
305
212
176
295
229
169
516
248
240
440
252
425
270
229
203
543
417
178
209
285
260
347
514
311
236
259
351
380
275
155
383
263
235
414
423
443
234
347
258
699
209
213
255
371
384
263
686
320
122
256
206
267
242
217
310
417
187
341
355
209
276
177
278
391
350
242
308
366
203
186
210
201
482
331
597
261
356
203
515
319
436
341
426
210
176
272
280
380
377
199
354
332
293
197
249
206
285
253
136
197
270
234
290
527
271
343
204
320
391
220
311
298
239
239
329
211
410
194
254
466
209
334
258
95
276
218
321
367
230
290
181
143
333
193
200
186
230
217
288
232
175
263
131
350
254
230
290
341
445
260
189
427
452
224
199
373
222
347
237
256
267
372
345
251
382
340
279
213
298
303
172
250
209
355
303
193
304
229
246
277
306
322
227
61
336
341
420
308
149
413
255
198
157
213
290
487
229
177
299
164
306
195
249
315
287
430
181
328
287
392
398
454
207
49
51
370
296
239
221
296
320
112
350
222
136
151
346
427
234
155
278
205
151
224
232
338
148
517
190
229
316
284
243
303
238
175
251
142
220
272
187
250
285
269
159
271
606
293
143
129
489
296
251
275
121
244
315
227
255
185
482
380
354
229
381
303
183
377
296
124
275
340
217
305
225
223
330
200
142
239
160
220
160
139
125
188
358
271
286
295
343
343
283
299
140
212
140
218
78
305
415
137
389
231
135
202
311
147
159
261
219
299
228
193
294
141
158
143
361
251
167
277
307
148
192
157
134
204
162
106
124
117
187
380
160
275
261
171
370
205
211
215
234
95
264
252
210
82
159
138
276
460
157
150
314
135
203
127
95
304
154
181
182
307
173
158
162
157
103
235
197
181
116
214
46
75
156
256
111
167
238
249
192
266
173
226
160
134
137
142
134
137
135
157
114
200
135
235
123
129
129
160
147
293
291
144
85
55
158
151
150
233
84
276
279
98
134
109
73
104
60
155
147
86
95
112
140
66
174
118
101
178
252
127
153
112
45
80
126
82
55
57
77
124
71
85
87
88
84
67
417
417
