499
584
642
601
605
552
661
593
73
576
571
562
518
482
501
500
527
588
566
630
530
494
461
499
429
404
501
589
610
674
605
695
715
703
747
820
720
625
668
630
654
679
646
700
669
662
621
663
557
596
796
688
695
640
602
616
651
574
676
693
714
656
729
556
632
625
771
609
661
642
746
659
704
695
560
484
656
633
525
611
476
611
656
533
656
580
533
449
592
558
683
613
657
667
612
535
407
566
611
422
524
577
568
672
621
561
556
525
531
575
471
495
504
442
476
516
473
443
490
493
430
438
424
689
435
570
372
439
554
463
611
503
496
567
356
449
466
483
403
379
585
637
330
490
407
449
264
446
691
573
545
594
592
452
529
699
648
481
473
752
726
541
564
591
590
587
690
420
441
399
393
394
306
314
321
329
294
323
405
326
216
432
521
552
550
428
279
311
231
214
230
275
243
291
306
321
495
499
350
531
734
460
657
632
546
346
445
681
556
554
774
680
583
569
257
606
518
824
719
703
381
627
579
600
624
562
605
596
575
577
444
651
640
652
570
677
599
502
672
702
670
526
505
461
397
688
587
471
334
266
309
228
242
332
288
391
396
489
553
187
271
221
377
713
334
451
157
732
472
605
647
352
491
454
671
527
543
523
503
493
479
537
499
659
652
693
494
512
503
461
581
619
380
507
717
535
635
435
664
643
542
493
503
502
408
483
639
410
351
397
333
306
323
358
740
359
516
586
609
495
583
661
599
590
614
726
557
454
496
394
462
542
628
493
333
469
480
529
566
268
605
446
547
624
600
645
397
718
656
521
811
648
618
690
619
468
462
521
451
764
551
568
739
674
582
386
499
536
536
526
549
534
448
470
535
560
531
524
655
635
563
632
365
521
525
183
669
520
644
622
459
473
456
425
367
421
642
392
390
345
583
159
788
618
633
757
729
438
600
346
637
528
482
548
265
578
632
507
493
308
603
526
528
483
511
322
421
367
566
453
641
462
405
388
322
428
492
286
484
368
470
620
542
548
439
519
441
465
772
704
535
347
613
449
442
419
361
610
571
380
484
456
412
200
440
485
595
236
326
621
393
313
308
484
555
549
522
483
607
660
638
535
648
426
495
506
389
561
461
459
532
588
314
474
489
391
477
568
564
695
732
544
673
654
522
558
492
572
497
442
650
563
651
211
120
272
585
595
474
425
417
585
539
493
648
595
449
609
625
529
536
540
411
565
563
512
461
209
635
957
842
498
438
655
452
444
486
549
554
611
535
854
751
747
722
685
654
744
611
548
553
505
214
626
502
615
414
485
788
755
640
724
573
547
674
307
261
542
519
516
478
478
406
581
586
537
651
455
122
462
363
623
553
800
678
501
422
483
454
498
407
426
372
296
488
455
586
212
359
586
419
707
406
570
547
388
465
441
412
420
354
366
513
356
511
473
464
527
476
436
374
335
540
550
505
491
520
465
572
623
518
793
526
498
462
673
696
461
285
295
730
389
542
519
547
564
408
363
623
133
485
264
341
453
212
507
568
474
415
457
389
397
482
651
574
161
434
465
635
633
638
630
660
561
546
758
513
572
505
502
470
466
487
904
833
620
365
446
428
488
471
417
499
627
642
507
415
542
606
543
339
637
444
554
591
515
490
511
497
534
597
570
435
556
476
628
501
495
506
516
297
370
340
378
455
310
349
422
312
410
416
535
661
465
498
450
550
211
316
326
181
363
376
400
557
643
470
559
619
391
419
668
439
299
525
393
540
550
523
529
400
204
478
396
288
452
537
631
479
528
327
539
541
726
532
452
567
408
498
404
389
325
344
382
461
424
437
379
419
352
374
523
307
461
546
489
453
450
548
404
343
409
584
456
474
241
553
244
459
218
481
524
358
541
513
510
588
514
452
432
470
450
517
469
597
491
391
421
379
365
370
549
523
588
662
424
671
470
424
435
463
404
413
452
502
499
481
472
480
465
490
461
321
428
354
374
415
460
324
329
380
349
309
370
308
441
415
523
540
453
216
604
526
277
484
436
149
507
170
304
399
464
477
487
403
392
402
324
605
453
708
600
446
443
402
486
547
502
398
439
416
368
379
442
870
-1
413
383
346
537
198
378
610
398
540
345
549
402
496
396
488
474
485
419
397
408
378
299
442
542
465
301
473
474
295
407
502
580
452
378
348
341
339
428
376
412
343
307
286
306
295
472
403
332
366
349
429
431
416
431
388
526
449
382
363
604
353
335
377
379
357
365
386
645
317
377
391
391
324
393
301
486
400
354
308
461
478
398
463
361
423
518
587
370
391
429
383
437
512
329
398
324
323
495
768
489
413
466
405
352
422
442
402
260
496
393
364
298
433
307
383
446
428
381
308
452
502
233
350
458
531
322
352
427
411
396
370
338
405
484
322
386
491
529
381
465
262
347
399
356
434
448
375
403
331
379
313
407
321
517
460
360
394
233
374
147
264
506
266
339
475
252
374
400
295
344
428
325
330
419
351
328
575
532
332
394
398
339
482
351
336
258
388
321
272
339
204
318
328
463
543
184
146
320
365
294
643
419
310
396
362
301
370
444
447
535
540
320
258
330
504
313
329
336
385
346
311
474
370
376
187
276
580
302
240
303
307
396
379
419
333
319
553
305
308
287
112
110
72
306
380
366
310
254
423
212
402
424
304
407
350
355
264
307
298
328
328
348
270
380
449
445
401
573
303
345
266
422
351
123
459
364
577
494
365
377
381
224
381
363
272
364
238
316
371
265
259
345
523
526
355
482
494
459
323
370
424
395
403
404
433
372
254
327
340
298
368
225
346
261
178
246
338
376
236
273
279
256
250
332
346
419
415
303
320
616
417
360
327
416
363
450
325
349
259
302
411
330
253
363
233
373
420
324
401
623
620
348
274
301
310
348
377
277
394
164
200
133
362
282
256
282
350
540
364
357
210
282
276
301
374
293
270
271
235
281
333
260
397
308
305
400
433
223
498
472
356
290
323
303
276
389
335
275
212
205
226
417
339
231
416
393
292
175
313
211
317
399
236
391
321
301
350
268
281
266
284
389
411
411
299
314
518
382
206
314
290
254
316
332
441
356
354
393
416
434
588
295
275
275
292
445
224
210
399
294
404
326
299
261
461
434
203
435
325
367
348
251
333
314
269
267
406
330
484
321
355
508
259
221
264
386
397
242
313
313
510
415
365
369
275
375
225
310
501
394
277
474
225
467
238
200
336
287
230
285
234
277
210
228
306
284
371
338
321
329
185
315
346
341
228
321
248
303
356
251
285
191
332
265
316
377
248
334
255
347
239
245
253
462
288
325
338
363
221
276
199
374
267
240
334
206
188
266
314
227
189
367
331
288
312
553
273
234
252
312
338
383
232
263
382
364
413
283
289
349
368
454
314
416
290
246
414
402
316
274
307
228
350
302
190
281
291
186
258
163
385
292
296
194
284
255
206
243
181
263
385
381
326
223
342
269
320
230
222
307
216
165
248
111
345
398
258
274
308
348
393
484
373
340
305
436
279
196
198
396
266
231
310
239
250
303
236
583
349
262
178
645
401
255
214
268
275
295
354
269
276
468
318
267
310
134
361
217
310
408
379
373
285
305
254
460
210
209
199
363
405
197
401
207
171
296
171
250
227
219
272
481
234
305
360
195
231
168
321
331
476
266
259
386
199
171
192
210
398
275
329
238
381
238
322
357
331
234
369
201
168
292
351
344
241
213
254
259
291
155
230
184
246
202
103
171
246
204
233
304
229
474
222
394
333
182
295
262
258
243
227
193
479
225
245
463
263
317
287
103
257
225
219
308
199
314
192
167
231
232
208
238
228
229
324
218
172
208
175
326
225
209
413
284
435
378
192
374
353
265
223
298
220
307
281
307
328
271
288
357
241
274
298
259
258
268
183
296
253
382
303
174
264
204
250
268
202
288
279
85
378
430
267
257
160
382
258
240
172
220
295
344
260
202
284
230
314
230
213
310
219
350
153
246
338
333
280
260
211
46
50
333
288
230
219
258
336
207
286
222
157
145
312
289
394
128
222
223
189
222
246
346
204
290
190
195
280
320
210
296
336
228
243
150
243
232
200
260
314
286
246
280
347
264
132
140
282
250
252
306
144
203
261
227
240
169
331
285
311
196
302
246
215
341
332
113
290
291
266
287
197
211
298
168
144
239
216
183
161
125
113
200
232
229
205
272
519
519
297
271
151
197
164
187
63
265
357
131
231
153
126
195
242
145
146
291
289
251
244
163
258
152
141
148
377
201
158
362
293
134
241
141
137
246
184
106
114
106
192
254
191
283
176
206
420
193
294
207
207
94
261
243
239
72
151
129
272
355
146
130
204
176
216
106
91
194
175
176
173
349
167
138
133
153
115
187
164
145
126
199
41
64
145
236
98
166
243
228
194
288
238
224
196
152
149
123
131
167
128
156
133
242
156
245
138
147
118
173
139
333
333
168
87
54
155
151
149
246
89
154
265
92
136
89
84
98
52
110
152
80
87
103
132
53
200
113
94
147
190
142
89
121
47
93
104
78
48
44
62
97
74
99
100
82
78
76
454
258
