859
966
969
891
891
781
1071
901
66
925
908
858
744
721
765
822
838
871
787
979
742
794
681
756
666
691
771
854
923
1006
1018
951
1031
1067
1156
1350
1443
1271
1425
1191
1237
1305
1175
1350
1332
1078
1015
1187
974
1180
1508
1497
1500
1371
1337
1244
1356
1243
1177
1292
1399
1277
1240
1287
1409
1288
1308
1344
1350
1264
1269
1148
1161
1340
877
696
1399
1321
931
1068
1024
1202
1225
944
1285
1278
1018
908
1218
945
1333
1154
1111
1097
981
863
929
991
1154
898
830
1100
940
1143
1062
1091
1018
1028
1069
999
763
916
914
850
878
874
863
772
913
938
926
823
746
1114
643
1103
595
864
974
762
1126
842
803
865
582
862
913
1002
594
758
1066
1008
758
992
697
827
565
945
1040
1178
858
993
973
893
740
1178
1410
884
922
1064
1183
1057
1053
820
912
1027
1103
871
889
775
753
783
607
637
540
717
561
558
840
608
487
899
750
1097
915
623
501
633
461
436
429
520
414
455
576
512
870
863
534
703
943
788
929
885
772
678
912
964
1095
1106
1074
1068
869
805
429
1063
676
1231
1154
1095
706
1027
1137
1076
1304
1176
966
1128
1077
1197
683
1070
841
890
1079
1173
1089
1061
1382
1275
1117
1123
848
697
534
1181
881
750
577
482
475
381
369
519
645
788
695
967
774
322
444
347
608
1036
568
917
276
960
909
1405
1329
658
816
622
1216
876
880
908
922
1017
998
1230
994
1238
1166
1199
786
889
834
583
1118
1060
644
867
1075
840
990
546
1087
1203
924
769
733
769
556
766
1111
571
566
593
451
459
433
481
1075
585
1172
938
943
639
911
1134
985
1129
1317
1048
910
772
688
794
912
978
974
920
629
1148
1131
1213
1223
430
1150
910
950
1070
933
1000
575
868
614
601
889
756
1036
1003
866
848
992
753
844
997
847
824
874
984
941
799
1151
951
822
820
1190
1298
653
671
1177
871
977
886
981
1118
1099
925
582
702
1022
240
1009
831
1189
1293
821
860
786
618
593
780
845
664
667
512
1193
235
982
804
793
911
936
979
1028
741
874
1035
854
1032
325
1033
928
1008
820
635
977
836
1067
871
1077
416
937
835
1111
961
1162
948
519
451
460
513
718
633
708
579
846
1144
1197
1196
480
588
559
467
849
952
575
540
1011
605
577
644
574
1287
1046
590
941
963
798
453
1060
831
1086
417
422
766
612
529
520
716
721
734
715
698
768
665
723
793
825
612
626
714
594
942
660
1054
1131
1253
476
830
859
615
649
924
967
1098
969
878
999
1000
1008
719
646
776
1052
777
1054
944
1105
410
253
378
932
695
1003
702
801
1091
739
791
1262
1049
732
934
1004
1154
1072
910
775
1058
1065
1020
871
420
1065
762
654
907
778
994
965
957
551
699
731
963
935
659
628
642
528
648
575
626
793
723
1061
1177
419
813
832
1110
866
940
650
573
569
755
950
856
710
604
514
739
677
845
824
778
847
731
573
1036
972
670
351
896
510
672
617
621
588
1037
742
808
778
1014
529
540
420
366
564
442
562
433
471
945
857
661
1039
906
882
868
925
871
661
845
650
655
698
990
-1
1356
733
703
878
842
706
591
806
1171
1229
768
1172
990
1169
541
1124
676
1144
909
995
583
636
1124
401
724
800
766
891
864
693
999
498
477
604
231
997
312
507
418
570
819
649
766
724
524
424
480
535
635
545
303
898
961
1125
1071
1097
1070
1019
1013
951
730
629
585
575
926
882
851
1015
569
577
643
554
612
569
994
1028
625
684
606
573
1131
809
1042
619
638
707
626
1038
693
750
851
835
867
737
465
530
607
809
592
723
689
882
1006
827
1127
341
448
616
639
874
531
582
422
343
753
568
644
643
1067
1034
659
905
530
576
598
303
640
715
775
632
661
695
754
475
577
1193
547
489
376
814
800
520
760
720
578
679
254
739
841
353
384
527
679
588
700
382
732
818
539
929
706
1025
761
624
1102
817
612
724
735
742
867
976
644
860
418
823
514
543
655
710
900
639
529
906
816
295
786
725
653
576
454
783
518
517
282
892
763
657
701
908
1044
735
619
854
700
561
1005
952
774
994
991
773
748
687
604
833
801
640
542
484
455
507
707
457
692
705
663
690
801
731
732
734
893
716
883
936
740
461
750
573
722
667
919
598
549
612
524
501
534
478
928
1008
621
640
738
536
670
690
429
754
894
365
1014
224
610
544
846
611
932
746
648
638
467
573
863
573
517
719
531
554
611
771
591
845
564
535
777
693
874
505
511
1005
570
666
590
337
712
428
750
972
553
1109
752
507
671
770
703
342
735
740
905
704
593
641
621
604
353
555
1222
530
584
760
1043
822
677
748
690
675
513
544
531
664
605
338
541
485
1022
807
701
696
746
985
865
843
897
690
850
598
591
750
549
854
652
895
797
791
757
749
983
608
692
699
609
664
815
594
439
393
826
480
527
560
580
683
767
834
697
1042
745
570
686
697
810
961
799
650
298
597
521
605
723
588
493
960
491
605
763
555
522
646
550
730
592
596
639
765
599
486
791
641
725
825
344
802
500
556
681
460
693
699
650
676
486
850
580
502
723
613
530
629
977
401
423
817
700
755
962
646
686
655
728
425
590
590
928
474
738
749
423
597
251
322
769
603
790
1098
502
710
743
673
550
514
603
564
779
552
651
728
763
673
674
608
530
660
568
432
428
721
526
513
787
412
667
566
940
474
283
206
593
746
532
510
387
627
449
568
597
628
597
598
409
764
537
423
675
471
646
589
486
827
546
604
578
628
541
338
507
441
453
603
812
697
838
469
483
312
652
506
646
650
579
148
171
132
360
449
705
579
527
554
362
642
695
479
820
666
638
557
655
643
659
631
576
409
546
795
908
484
331
492
439
584
487
853
310
539
454
423
323
667
549
604
318
699
659
389
451
417
753
475
493
497
633
507
507
320
440
682
506
563
746
943
920
705
756
590
643
409
565
429
429
619
383
651
527
416
489
467
499
484
575
598
418
426
632
371
571
726
495
602
559
848
554
563
494
502
504
761
421
443
642
751
555
477
504
320
481
773
435
440
415
406
451
515
576
554
549
514
532
680
294
293
172
659
657
435
542
375
416
554
594
366
493
454
534
578
547
535
530
547
370
399
484
399
413
414
529
628
455
762
426
685
528
610
399
439
440
335
467
403
393
470
604
438
416
384
637
655
361
617
472
554
485
359
435
547
427
674
364
400
383
402
626
705
692
519
397
352
612
363
668
474
458
581
569
839
514
488
722
330
404
375
419
400
419
347
373
421
407
698
426
528
538
487
614
418
845
393
430
684
796
668
521
558
532
658
415
636
647
734
523
606
433
465
435
432
475
425
450
387
429
384
298
279
284
427
696
446
410
448
416
458
368
401
625
378
333
444
441
321
439
397
580
446
506
441
415
543
510
804
729
347
429
451
498
298
439
425
648
821
414
554
356
710
489
441
630
511
486
500
764
207
562
444
837
378
438
444
575
492
424
358
412
415
496
379
393
351
420
578
336
306
497
506
616
679
413
396
414
392
295
278
594
449
320
323
345
329
652
593
739
540
1021
420
712
393
466
330
762
343
591
406
406
536
440
541
268
588
439
477
306
550
361
556
357
618
465
391
415
426
658
268
656
589
369
520
223
528
384
394
413
441
359
372
189
643
642
441
539
764
273
651
460
644
640
429
441
624
333
317
475
380
307
383
496
435
408
409
318
464
404
335
581
644
483
407
504
418
768
477
413
434
320
655
299
467
261
763
469
365
362
361
405
312
670
485
732
366
434
369
341
379
473
460
256
280
534
349
457
397
364
451
356
289
538
601
405
497
313
350
312
416
382
568
280
351
288
310
253
437
472
395
525
472
268
362
529
328
233
300
418
347
224
266
329
303
320
248
541
487
260
433
369
432
412
109
310
495
340
433
359
545
412
378
305
627
312
623
444
328
424
255
380
424
313
386
317
356
645
359
192
471
365
354
285
261
544
377
267
272
332
482
268
388
382
594
407
267
433
250
660
397
454
373
665
373
393
368
350
351
402
334
316
400
344
322
481
467
298
320
378
281
573
496
355
375
494
295
453
381
501
511
300
459
453
289
506
263
563
347
119
606
326
496
465
300
664
344
352
288
372
419
487
374
365
500
299
279
326
425
231
273
333
253
566
576
288
243
292
404
59
63
667
547
418
377
403
498
261
273
411
287
268
748
302
266
268
423
353
278
409
523
345
253
305
292
365
560
268
493
586
430
331
399
224
324
476
224
466
240
492
314
364
437
481
249
229
377
500
404
464
171
377
653
453
466
338
326
331
561
458
298
433
291
299
494
189
387
606
379
287
287
337
274
303
230
410
262
347
259
271
172
336
248
508
298
590
271
277
287
252
229
313
221
408
90
537
296
280
312
195
236
263
286
249
321
245
216
564
382
308
429
213
234
222
382
190
137
248
669
250
227
231
215
401
204
170
218
168
347
260
222
355
235
247
317
312
196
375
393
163
445
443
413
132
262
259
470
362
248
252
200
264
252
129
201
195
268
343
348
464
280
231
289
275
146
201
266
260
151
433
125
151
243
210
159
292
374
280
287
277
335
352
285
204
202
185
225
229
193
248
171
424
224
299
195
215
221
260
208
263
260
284
120
92
304
202
200
369
157
244
253
133
224
82
118
181
120
142
242
116
151
188
181
98
298
155
146
151
180
195
106
135
75
138
127
167
59
77
146
189
146
112
114
165
84
151
705
269
