1049
1230
1145
1062
994
798
1290
1086
109
1074
1107
1043
1039
1009
937
988
899
942
880
1022
977
894
888
979
819
824
902
953
1008
1023
1074
1158
1358
1277
1396
1637
1575
1364
1430
1265
1456
1491
1409
1425
1417
1324
1239
1296
1333
1169
1574
1740
1615
1632
1391
1528
1626
1350
1875
1766
1710
1445
1536
1406
1400
1394
1437
1446
1583
1504
1312
1175
1292
1290
1110
909
1328
1272
1028
1044
1224
1367
1413
1336
1267
1084
1476
1310
1320
1214
1301
1258
1311
1102
1046
968
1025
1117
1224
995
1219
2212
1048
1157
1146
1974
2276
1822
1994
2213
1503
1888
1857
1755
1695
1978
1601
1328
1731
1852
1615
1502
905
1371
786
1245
722
1662
1399
1748
1163
2072
2239
-1
1246
1460
1491
1499
1022
1177
1475
1628
1211
1399
1343
1523
1107
1652
1175
1114
919
960
1040
1321
920
1174
1373
1648
1557
1246
1161
1634
1642
1068
990
1086
1116
1527
1563
1448
1541
1502
1271
1277
1209
1254
1186
1201
1499
1264
941
1344
1335
1031
897
918
938
1118
893
857
804
975
847
1042
808
1058
1269
1263
765
845
1063
1745
989
982
840
1112
1591
1354
1216
1270
1077
1051
998
919
571
1155
866
1148
1006
1050
1446
1117
1350
1294
1327
1188
1264
1030
1159
1216
743
1060
995
1003
1114
1063
1173
1643
1203
1385
1058
1088
1168
1109
1315
1081
1327
792
683
779
600
477
778
743
784
938
761
1535
1526
774
906
749
1558
1017
1147
1598
620
1322
869
1304
1145
1234
1134
862
987
872
899
778
764
936
1079
1168
1036
1136
1042
1225
877
1548
756
1276
975
1033
783
899
1173
1374
935
699
978
1351
948
1702
1638
1672
1281
1682
999
736
707
757
576
576
603
659
995
720
985
913
1046
802
924
1031
973
931
1243
998
913
1414
795
1178
891
1131
941
907
1055
1206
1079
1124
1217
631
1470
841
942
1025
820
1192
694
1398
949
767
1036
1061
918
984
906
1259
1081
778
1086
998
834
849
952
956
897
1013
842
1074
814
862
1236
974
1502
1317
947
764
855
907
1319
1114
857
823
1087
1084
1032
679
859
810
1110
1078
1030
1019
1308
1157
1041
1269
896
599
599
1282
884
638
892
726
748
782
761
915
1081
788
893
934
1032
895
476
1036
866
866
1091
908
852
856
929
1075
1131
557
713
670
851
1128
940
1381
1285
1108
1094
1198
1530
741
829
1214
1135
1069
1014
976
1202
1291
1414
1124
1334
1098
1281
556
997
699
1281
690
574
1101
1152
938
1009
971
881
543
875
809
1341
665
959
860
876
766
627
1045
1098
1144
1094
1438
1165
1094
1394
863
1086
702
729
708
1214
836
751
915
935
1285
913
747
828
690
715
851
864
948
831
769
938
1082
981
721
1129
776
1318
938
986
733
883
607
386
428
883
1137
988
783
685
965
857
681
1102
834
1181
917
840
843
937
778
1134
966
851
909
940
664
830
1010
762
788
640
744
814
893
898
876
694
810
836
914
1019
994
844
877
818
943
812
1018
936
786
756
964
821
1323
870
868
842
908
870
978
993
828
1013
694
561
656
864
643
636
613
700
635
639
1177
891
832
682
602
628
945
895
852
979
1376
936
731
648
799
912
884
790
653
959
796
861
941
465
756
1193
955
966
708
701
538
627
630
626
700
736
1158
710
816
865
784
721
633
623
908
647
783
878
1011
905
844
881
649
892
816
802
633
787
654
1207
860
892
619
605
652
1016
1033
651
643
973
959
1054
934
861
451
860
467
680
544
562
670
874
1207
955
875
781
834
669
682
559
566
755
831
1007
939
970
963
921
831
816
899
949
787
859
669
702
847
763
798
622
769
646
584
755
757
751
557
809
973
779
802
759
878
807
676
712
621
667
576
615
641
644
660
597
807
752
784
722
812
779
862
815
923
645
843
577
789
698
764
764
638
916
661
549
549
857
913
903
770
870
837
993
511
646
693
533
607
618
625
698
698
671
703
757
610
598
597
966
519
892
658
612
765
734
778
1089
521
726
655
563
710
679
632
561
567
507
814
584
676
920
747
975
589
775
608
547
621
517
549
746
692
712
552
544
540
615
775
700
564
721
636
787
506
1004
621
286
698
607
760
426
455
705
813
655
385
657
752
514
917
705
630
702
734
666
501
823
793
895
673
724
816
547
597
568
639
1027
539
477
668
616
619
702
797
620
696
599
566
667
622
509
500
572
656
563
601
665
485
501
557
509
555
487
723
430
427
516
496
355
475
389
600
619
668
702
945
718
500
636
711
547
590
281
788
438
457
682
629
682
720
589
507
526
724
777
610
692
520
528
649
493
499
661
556
639
700
613
746
628
615
562
567
663
517
1092
439
509
826
596
749
724
434
932
571
696
1359
513
500
414
490
488
655
500
398
409
797
428
512
560
810
621
527
523
895
616
515
522
525
510
604
564
384
675
649
587
473
656
723
603
430
401
504
738
744
716
877
509
814
454
497
912
555
547
476
575
592
500
612
495
802
536
464
430
426
448
568
363
550
466
489
939
399
411
418
626
459
688
569
981
510
604
474
691
781
1030
568
495
675
372
463
603
685
515
421
570
479
786
556
388
810
442
1134
516
366
622
399
673
385
642
692
511
524
573
257
532
472
639
559
591
445
843
569
489
330
584
461
372
560
810
654
395
805
477
643
656
484
582
638
426
579
446
533
448
543
379
726
446
571
551
623
576
415
564
544
374
496
818
605
445
544
408
442
512
471
379
603
424
377
622
602
555
595
562
426
690
392
325
274
471
591
460
479
451
510
388
953
508
596
427
490
456
753
410
603
384
474
519
338
399
451
451
554
630
417
301
585
510
573
383
349
616
469
463
841
434
382
354
374
547
289
387
417
453
518
347
460
338
531
632
413
473
476
346
358
287
445
425
514
433
486
426
234
450
532
310
711
716
513
410
451
449
483
448
439
320
464
555
725
343
539
313
368
377
357
585
430
578
605
366
275
436
398
433
510
490
412
261
467
277
457
495
344
348
573
552
548
245
464
614
692
420
553
791
742
799
545
637
392
267
402
295
414
421
270
466
317
230
283
335
331
266
438
376
430
425
464
294
397
534
340
398
566
666
496
479
344
313
476
482
318
283
552
530
395
451
327
248
326
577
386
330
401
384
475
366
402
385
358
346
369
827
352
226
123
917
410
370
563
341
395
481
425
227
365
337
339
397
555
351
433
403
423
501
408
473
454
417
376
537
329
645
476
562
375
470
298
310
473
459
401
314
278
695
454
704
382
311
458
397
376
388
251
529
341
420
511
342
305
602
425
434
397
448
649
451
550
358
272
341
445
241
407
347
290
412
419
705
380
363
792
350
333
344
468
451
310
297
372
332
268
623
286
387
397
352
371
506
660
250
463
423
519
489
312
450
413
406
354
475
518
544
401
486
481
588
259
273
536
381
293
273
274
449
310
316
327
355
566
320
421
443
434
346
538
252
448
242
235
312
325
217
436
280
365
274
295
370
283
435
358
625
580
309
295
334
367
218
426
304
441
463
514
510
227
453
490
315
479
536
344
368
513
215
341
306
650
348
425
340
409
259
302
247
280
281
348
491
281
217
264
406
243
222
332
349
419
444
523
283
259
259
242
224
431
353
349
316
378
331
420
368
459
468
618
298
945
469
387
314
837
255
368
546
361
354
312
268
270
412
268
418
205
367
361
370
248
395
369
230
324
220
395
273
425
413
264
433
221
448
293
247
319
281
311
285
125
459
467
302
464
550
301
517
470
442
483
340
478
377
218
222
372
265
220
398
310
285
479
368
358
329
281
241
601
526
270
271
329
288
609
542
316
288
274
505
314
349
175
476
324
269
349
361
377
236
490
314
707
232
291
283
325
364
307
618
292
179
368
226
338
300
258
334
424
224
618
420
257
343
189
307
329
355
265
543
295
241
188
223
214
474
522
412
362
472
369
376
414
326
231
299
272
204
248
267
337
388
216
258
365
341
195
303
220
317
356
270
305
392
240
360
356
372
456
261
310
478
292
385
352
263
266
229
282
460
233
278
361
253
564
476
135
352
334
292
304
442
380
232
174
254
226
269
212
255
268
520
301
190
321
165
518
309
264
355
415
400
383
254
335
352
263
237
301
269
346
252
340
353
320
330
277
323
392
344
231
462
341
216
317
278
426
423
216
373
297
221
323
266
439
282
119
407
334
459
351
191
541
297
240
198
272
295
479
273
200
363
204
271
232
255
242
228
434
202
348
428
310
270
346
262
131
181
549
490
273
271
291
391
173
337
288
180
181
534
360
240
177
312
218
179
261
311
318
182
326
208
286
429
244
320
405
302
241
297
140
252
333
188
313
246
334
213
327
446
457
253
153
407
362
288
343
133
304
475
318
321
248
465
405
439
307
319
350
253
327
478
147
316
474
313
278
291
270
270
230
163
272
193
240
164
156
117
218
261
582
263
392
316
314
247
273
154
284
158
309
85
453
337
170
393
197
162
240
293
175
258
210
183
634
284
223
354
160
173
166
533
318
142
241
379
165
192
185
158
286
176
196
147
204
228
250
165
346
197
183
407
230
180
235
341
86
456
418
260
76
160
178
328
439
167
215
239
183
211
134
108
247
197
225
219
413
234
181
194
163
106
205
250
215
186
251
68
116
189
217
118
190
289
259
224
290
279
259
189
154
143
331
150
170
149
180
124
295
170
304
130
155
154
191
159
278
277
193
99
65
199
154
154
299
99
369
265
119
160
94
97
123
70
130
192
133
106
114
143
74
204
125
128
146
212
131
113
115
61
92
109
107
57
56
89
145
184
88
88
115
95
73
800
328
