529
638
639
630
613
558
679
680
77
685
580
575
526
474
495
559
580
622
531
678
515
630
492
586
481
470
745
576
724
674
688
627
607
699
659
617
675
649
638
627
648
628
618
675
701
734
672
824
524
803
706
597
615
608
575
563
575
615
573
541
585
692
576
533
561
565
616
583
530
581
715
887
643
733
618
422
589
614
500
592
372
506
481
393
545
538
492
395
522
584
641
605
596
717
764
635
356
632
618
325
337
528
791
820
614
520
472
510
482
468
435
433
442
396
433
454
505
387
416
450
407
433
533
609
539
665
309
408
497
406
711
389
391
421
302
514
584
581
318
258
502
498
369
567
423
417
267
436
650
685
840
919
790
605
749
650
563
469
484
656
697
473
492
510
705
677
652
436
405
380
379
369
247
260
273
349
287
272
396
296
216
436
364
779
810
283
259
356
209
211
216
258
222
253
213
274
475
474
313
797
787
418
645
660
723
325
428
577
428
467
671
524
515
863
190
636
636
697
753
657
358
622
518
541
546
618
492
774
422
525
404
630
644
692
656
659
659
491
596
602
661
477
445
325
312
596
397
694
255
197
377
196
170
276
284
359
575
465
431
139
219
176
277
748
267
414
114
490
566
511
652
337
315
275
604
729
735
740
708
692
532
619
575
619
621
501
632
445
732
351
535
575
268
427
639
402
659
516
778
537
673
374
381
399
327
368
783
381
404
413
363
336
314
392
643
377
556
680
642
725
705
751
695
571
544
644
512
375
681
512
642
557
626
464
264
442
538
549
457
245
523
640
595
602
831
467
436
434
419
565
543
490
532
677
747
399
490
561
614
597
864
800
709
642
686
325
481
558
693
685
515
546
347
362
499
907
822
557
527
550
515
861
336
417
590
126
671
695
627
596
458
482
489
438
422
456
706
403
407
267
623
97
766
640
654
789
776
416
596
329
591
562
381
717
318
685
846
661
442
394
800
622
735
442
451
325
660
499
562
438
619
441
301
266
260
269
359
184
348
299
467
649
503
495
266
332
294
279
447
483
329
376
546
419
309
596
480
547
478
320
416
418
459
158
427
630
495
123
214
578
347
247
262
372
356
375
341
358
406
338
361
567
400
414
465
480
325
632
552
575
639
500
309
804
659
685
708
671
701
617
866
770
633
563
520
682
372
624
427
381
544
779
667
115
83
353
723
358
561
503
520
612
575
505
592
592
389
712
617
637
587
705
340
596
560
767
610
164
618
467
425
734
679
766
572
436
314
463
631
492
470
434
384
380
331
377
337
367
549
365
496
478
186
442
735
451
610
417
463
377
323
406
551
521
428
373
301
668
357
682
722
720
564
868
522
454
607
372
139
729
335
389
332
389
348
443
367
722
726
481
258
258
168
180
270
221
281
207
517
500
407
375
343
615
456
565
562
534
652
573
512
343
549
334
493
487
459
806
528
396
320
228
461
484
503
471
554
533
593
337
506
471
580
505
442
340
379
477
259
393
415
497
675
627
357
495
276
276
349
119
364
191
210
476
213
646
352
367
400
313
278
252
333
443
370
152
484
606
561
516
515
532
517
667
630
455
359
322
281
537
496
437
518
364
386
416
423
561
268
510
502
552
372
337
343
464
380
755
302
293
319
432
495
728
1103
657
664
666
644
295
345
329
429
390
481
353
445
489
742
515
174
279
273
315
412
283
432
269
167
359
324
347
349
469
411
355
481
177
350
338
142
270
355
362
295
433
452
500
352
617
417
514
267
283
360
371
452
568
521
294
417
125
478
382
200
185
320
356
388
781
386
415
636
358
466
330
521
611
317
456
560
319
428
441
607
400
509
375
375
380
418
297
327
376
355
629
342
408
439
508
615
325
505
311
597
328
563
254
348
199
679
553
515
326
436
494
488
372
361
534
277
462
609
389
641
631
562
683
524
432
422
593
716
364
332
248
315
379
255
643
746
676
652
642
614
601
496
444
430
516
423
551
363
595
372
357
558
654
230
280
274
262
249
247
282
521
436
351
369
338
229
776
505
271
757
455
116
536
89
274
308
657
306
645
394
594
564
233
328
673
366
271
562
336
826
803
500
328
371
341
312
361
409
555
337
466
472
543
349
625
204
406
341
369
582
342
492
545
287
308
600
587
219
451
446
452
620
543
544
316
665
183
274
409
321
471
506
550
538
432
487
462
336
282
349
807
365
404
225
462
224
489
413
353
613
473
564
542
548
499
578
724
800
364
483
287
454
381
417
386
534
381
394
610
403
469
426
527
449
494
440
279
229
387
234
671
715
501
408
399
447
521
494
359
390
547
373
539
448
420
650
211
281
409
445
764
413
-1
406
304
317
575
563
256
582
266
574
237
595
531
417
556
277
443
348
604
644
178
478
553
342
342
276
480
286
337
426
554
397
637
470
547
296
309
467
435
322
248
373
381
464
447
411
458
343
593
264
373
336
605
365
356
411
140
361
109
150
453
395
451
548
224
473
552
423
352
294
347
410
380
501
436
587
461
317
372
324
283
494
453
252
218
448
386
239
377
132
380
387
532
330
162
117
548
604
273
375
291
360
233
255
460
500
550
548
302
316
312
296
374
278
458
424
473
408
408
344
276
432
483
229
312
287
400
319
358
291
385
650
329
227
327
299
442
285
363
67
99
58
245
233
431
352
266
495
182
629
657
583
494
317
377
303
411
385
428
432
431
368
386
489
455
741
231
356
341
394
582
423
143
368
289
299
244
395
553
511
205
401
415
268
234
253
400
486
433
421
312
266
266
615
256
472
286
538
384
392
355
343
441
421
319
271
311
527
213
606
212
542
344
270
435
389
490
285
376
476
244
220
313
576
655
714
359
387
321
444
353
263
474
393
354
379
480
515
424
454
420
247
483
209
599
396
240
312
405
390
224
509
400
521
492
479
337
422
176
189
121
370
406
229
261
270
321
393
400
250
397
614
315
400
334
361
292
287
203
235
237
246
223
221
583
350
353
683
251
380
410
340
347
324
209
196
305
319
328
236
527
250
217
440
540
459
144
342
152
335
445
295
268
430
393
398
210
217
193
212
383
556
478
456
311
295
523
200
397
318
302
412
414
371
400
401
356
327
422
348
207
215
265
305
265
355
205
425
485
549
445
388
288
260
554
231
280
411
463
355
302
377
339
265
233
390
315
496
363
607
328
238
216
288
275
312
257
576
411
321
227
214
215
257
377
233
230
252
275
330
252
235
532
212
190
517
410
422
253
271
379
295
300
203
596
508
506
352
355
220
388
354
646
396
268
302
278
401
337
398
214
360
387
594
631
276
385
303
513
116
388
407
400
203
227
314
440
302
325
255
538
295
203
237
174
220
342
420
360
210
408
505
408
532
291
311
318
374
366
354
455
276
191
254
218
264
294
248
404
355
448
381
355
230
227
260
382
595
404
186
198
445
564
195
184
339
250
344
193
464
278
422
324
262
253
224
257
206
266
222
435
335
449
414
154
338
293
187
482
388
219
226
95
354
357
454
415
401
237
482
362
522
475
326
266
376
190
352
425
376
471
197
247
278
213
344
285
423
324
275
367
418
360
243
280
350
294
294
261
345
263
348
197
396
203
462
232
343
287
269
269
204
377
283
339
224
363
227
226
199
203
266
155
308
514
200
331
268
267
292
298
446
280
358
281
247
186
276
240
329
289
266
265
221
154
191
190
287
291
260
349
449
191
219
485
190
162
206
328
276
176
171
234
162
360
159
229
334
184
244
192
238
222
53
213
288
249
203
228
288
398
260
232
348
204
323
313
271
295
148
189
272
294
251
243
472
373
293
157
346
302
193
191
181
415
297
239
164
322
303
292
243
327
268
297
154
261
282
356
244
202
345
387
255
289
251
210
252
284
237
189
339
232
322
448
452
192
201
306
161
312
370
417
218
290
278
386
400
369
443
226
232
278
219
249
167
354
280
94
377
265
228
283
238
306
223
428
204
248
310
311
294
230
270
305
209
285
222
216
186
236
158
185
538
191
178
197
230
22
40
391
288
228
260
215
478
267
181
221
273
211
410
186
332
163
242
258
300
259
301
226
270
141
195
212
282
160
204
402
391
377
303
223
410
268
222
278
176
561
281
307
211
405
167
196
219
236
241
340
219
224
220
425
290
196
220
193
298
251
180
234
279
214
276
134
283
283
424
139
185
187
207
203
257
263
246
158
168
151
90
295
157
340
165
320
249
249
163
139
162
169
197
229
122
275
197
104
153
125
118
258
168
194
172
172
162
289
275
181
265
157
211
203
222
110
107
173
450
188
239
185
218
344
220
129
161
108
328
190
201
438
151
235
221
209
152
247
208
75
239
230
387
90
139
120
322
239
156
128
126
219
218
81
129
117
219
216
215
289
192
180
196
134
215
137
198
168
124
203
56
92
149
135
106
188
284
158
228
205
441
254
217
164
179
109
181
201
155
206
160
365
180
225
149
162
123
204
171
185
184
357
92
93
219
132
131
244
95
145
150
117
153
62
96
158
51
71
137
99
110
116
147
54
207
129
94
106
159
139
70
128
54
93
79
113
92
50
95
135
86
89
90
113
60
71
525
177
