184
216
226
221
231
210
247
241
38
250
203
197
188
176
160
180
181
207
213
214
186
193
177
201
183
131
228
210
258
240
214
236
245
239
269
274
291
214
249
231
228
245
246
270
254
239
236
267
182
281
289
257
297
285
231
315
279
261
243
247
302
304
206
269
296
282
241
281
285
290
335
409
326
295
233
180
350
284
234
287
251
307
265
299
417
365
216
166
288
213
236
284
217
267
272
213
241
269
225
212
196
223
265
253
230
204
176
212
205
191
182
157
203
146
179
180
190
161
183
188
171
170
178
215
158
324
130
157
206
157
220
143
177
175
119
175
207
215
141
176
189
195
172
207
154
185
106
175
314
355
273
281
238
215
231
262
235
206
213
252
291
185
200
183
244
246
263
159
160
154
134
165
105
123
111
132
112
112
150
113
89
196
203
285
270
180
109
128
85
88
84
101
98
111
141
134
173
172
94
220
306
162
231
226
206
172
186
172
270
300
306
290
214
222
88
229
205
291
337
278
138
257
225
253
272
265
199
300
221
289
249
300
198
244
238
328
227
197
250
249
295
299
227
182
140
300
191
238
149
140
157
119
99
134
122
175
210
209
164
70
110
82
113
268
128
161
74
205
217
236
267
130
206
191
384
216
230
239
236
316
223
282
233
242
247
243
203
177
214
143
394
410
383
466
289
187
223
258
301
244
242
152
161
163
139
142
256
172
140
165
142
121
122
143
240
137
382
220
258
182
233
302
296
360
236
257
195
162
244
180
334
290
279
396
157
236
264
297
231
83
205
440
314
197
334
253
177
167
146
178
227
145
363
253
220
215
217
182
247
266
275
220
267
226
243
205
336
205
197
203
237
311
152
158
358
265
265
355
191
218
342
364
156
199
318
80
236
246
222
234
227
232
173
157
159
158
200
162
162
129
393
66
291
272
299
342
249
273
249
127
267
253
239
243
123
208
275
244
225
141
275
222
283
199
224
120
374
329
229
144
243
179
137
120
109
119
156
207
355
123
187
294
278
271
134
146
122
126
170
197
127
200
196
167
138
188
151
242
245
195
280
302
284
203
312
194
216
134
101
265
161
155
166
176
158
172
154
149
168
177
150
204
175
194
136
225
141
293
181
294
358
224
150
277
276
223
176
240
231
219
266
263
279
189
213
223
132
225
192
201
263
274
268
189
64
139
267
156
259
159
367
236
201
227
231
225
135
260
235
312
292
322
189
280
217
297
245
116
323
176
174
306
315
307
290
240
156
205
223
239
224
178
156
154
148
192
149
167
181
148
204
245
100
153
203
219
259
233
163
163
142
184
238
242
200
252
242
243
153
248
244
231
449
332
178
201
231
221
18
299
141
161
151
180
144
193
127
263
285
274
139
130
130
124
165
121
152
67
333
267
171
203
245
217
245
355
212
196
164
209
219
151
172
195
261
240
158
238
335
225
196
214
196
263
272
204
259
285
264
147
243
161
228
213
184
161
163
263
116
246
160
226
251
231
176
416
122
114
147
46
222
93
110
133
70
262
149
166
151
133
116
128
139
139
137
51
298
249
199
198
202
199
209
223
223
148
143
132
149
204
208
222
220
136
130
130
133
170
147
272
251
175
152
134
149
252
219
278
164
158
204
164
277
221
249
226
217
232
215
130
141
150
214
139
258
141
235
302
292
215
77
118
181
210
250
157
155
126
93
254
129
125
176
229
203
156
223
124
237
187
47
456
178
224
182
134
153
187
124
156
237
148
120
98
160
231
145
223
211
147
166
78
163
240
70
146
131
160
164
284
116
170
190
139
234
174
223
266
157
256
240
117
201
211
327
258
286
168
290
138
235
139
181
173
176
247
144
162
250
295
124
206
184
150
240
86
196
99
132
63
227
267
246
159
211
299
210
166
189
178
135
255
215
169
282
246
253
365
258
159
175
214
244
145
143
114
137
179
120
170
219
206
185
239
228
224
211
180
261
238
212
220
165
207
277
212
226
219
401
500
550
514
483
405
519
477
264
147
146
156
82
262
187
101
268
209
140
203
63
112
139
236
175
244
156
170
181
98
145
212
156
139
198
142
256
256
198
159
230
142
113
202
187
299
153
134
255
166
160
182
70
161
135
161
230
209
209
242
192
134
202
202
185
215
225
267
205
179
170
157
219
112
136
240
92
166
251
244
253
246
293
303
211
120
114
177
153
253
88
233
160
231
198
181
220
255
236
210
213
261
215
248
242
439
190
143
263
201
221
206
254
255
155
236
213
205
205
197
358
242
221
115
104
199
123
191
195
177
158
218
311
197
188
190
141
208
132
279
234
230
277
94
469
152
158
210
172
203
239
118
127
241
187
119
214
134
227
173
244
255
245
204
89
316
291
219
248
291
277
186
137
193
111
218
184
166
262
197
196
288
219
290
155
135
175
266
120
120
225
153
138
223
203
297
211
240
104
151
180
202
111
174
201
134
142
76
74
207
209
252
236
188
168
227
223
135
142
189
177
250
185
160
267
207
175
169
144
136
214
155
386
383
220
207
186
209
141
204
186
238
106
80
56
206
355
125
139
106
192
139
144
202
212
174
175
129
171
173
155
347
142
319
152
147
248
494
382
143
201
173
114
162
119
153
210
201
207
255
257
124
105
157
143
241
173
242
45
56
43
132
121
189
155
92
197
347
349
336
222
256
260
198
190
205
195
192
209
207
182
167
356
323
198
94
138
103
194
189
197
58
150
104
122
100
185
197
205
112
167
218
139
124
112
172
137
191
191
187
138
140
115
115
170
116
179
208
192
176
161
195
142
176
130
155
168
119
267
110
197
192
113
156
205
217
144
160
182
158
148
165
134
256
256
140
146
149
223
148
125
151
162
145
194
147
172
208
318
217
128
186
179
245
198
112
137
127
125
115
217
224
179
193
204
185
187
127
323
155
196
201
132
302
102
156
399
393
201
158
220
193
171
328
271
176
219
127
126
148
128
119
113
190
174
196
227
111
209
198
188
155
86
116
116
173
182
162
151
217
112
133
138
202
213
155
172
266
149
149
88
129
246
201
214
106
102
102
120
128
192
211
296
124
110
199
113
228
133
151
160
181
217
174
162
193
102
132
123
107
105
157
106
108
195
381
261
226
320
185
175
201
66
213
409
120
181
201
192
196
195
162
171
120
236
155
215
182
177
128
230
405
149
148
119
127
211
166
116
88
88
92
113
206
128
114
111
128
174
106
123
205
417
379
175
161
136
103
128
205
190
177
113
230
165
196
177
188
171
196
156
257
121
123
174
162
222
127
214
103
159
160
259
234
149
133
183
305
59
208
148
196
83
112
118
210
165
366
278
138
146
162
116
453
581
187
179
138
113
180
226
177
207
126
124
167
159
93
89
220
390
97
70
100
109
150
175
233
86
281
172
156
106
213
89
180
167
157
79
90
323
205
139
81
185
415
222
97
179
99
169
148
178
153
140
145
114
157
90
221
151
152
138
66
228
132
301
269
181
101
376
217
231
229
178
149
219
89
171
132
202
273
123
112
195
405
152
224
244
132
98
206
112
96
145
110
143
162
158
156
238
196
100
201
208
240
117
99
165
119
177
72
208
-1
231
141
165
110
98
113
124
175
206
169
140
199
105
117
116
148
118
91
122
216
123
236
161
147
145
104
145
129
196
197
130
114
113
107
131
133
121
96
154
255
272
108
119
207
118
203
104
65
95
158
93
76
110
124
170
82
100
112
102
131
90
153
145
111
146
293
158
113
44
168
172
165
122
103
144
110
140
103
247
125
145
225
106
175
67
130
134
113
125
97
126
193
111
17
193
158
99
92
53
154
154
137
69
118
186
74
146
88
135
153
343
120
110
200
107
275
106
202
110
108
132
108
110
134
113
97
156
95
108
149
148
109
110
101
88
142
192
211
121
167
177
157
168
130
137
149
145
181
76
144
73
195
134
0
229
111
144
142
164
164
103
146
105
145
107
121
159
317
165
172
90
114
205
73
74
114
95
182
162
98
72
85
124
14
20
250
133
185
114
108
186
107
98
196
112
122
215
102
75
116
211
163
172
130
165
119
161
179
65
132
179
77
197
224
197
164
138
151
117
167
96
126
80
210
115
134
112
201
136
121
101
129
113
141
114
145
156
133
117
144
111
83
207
158
90
138
110
85
207
128
179
211
117
81
94
120
86
139
132
217
130
280
264
109
199
250
68
128
76
164
124
124
135
82
151
93
128
93
55
130
112
259
78
60
360
115
72
147
163
72
60
125
167
103
136
187
133
306
98
76
42
84
174
156
74
133
91
129
106
59
89
78
207
77
98
143
70
138
96
155
73
171
114
90
89
108
209
208
106
100
208
100
102
150
72
100
89
57
137
76
123
139
139
130
155
149
79
120
86
76
103
94
26
133
62
74
91
62
274
151
97
74
86
89
132
197
158
132
118
35
128
127
110
137
64
146
129
91
113
61
80
156
66
94
93
100
61
42
104
72
71
112
55
66
99
69
138
38
84
82
46
46
83
58
84
79
107
45
99
57
64
59
59
67
38
52
42
70
48
58
45
36
75
69
59
30
33
147
32
62
167
84
