748
848
767
739
719
611
835
762
92
771
715
675
634
677
636
663
642
668
599
792
619
630
586
612
563
608
628
622
809
788
834
743
778
847
880
957
1101
961
1045
888
874
927
852
931
944
777
749
907
803
863
1013
1029
1094
961
990
956
953
908
899
957
971
836
986
948
900
901
896
876
891
846
933
871
839
982
693
593
927
961
738
782
644
840
844
693
842
806
810
794
807
759
970
943
864
893
793
786
606
733
879
587
678
832
773
838
835
803
804
760
783
860
609
684
777
695
677
742
587
668
760
735
771
601
629
821
538
769
502
672
786
648
941
760
656
749
472
616
657
752
558
496
887
990
517
746
536
653
433
760
793
781
700
738
713
642
602
838
1049
744
744
826
800
847
800
701
750
853
832
698
675
628
636
631
431
488
502
610
477
478
653
493
381
685
572
760
698
470
433
488
390
324
374
413
382
490
433
458
664
662
410
589
731
705
721
720
631
550
869
768
842
719
778
814
662
638
403
793
551
865
885
848
579
765
821
758
819
828
670
775
810
835
581
846
661
677
732
842
818
824
938
843
884
816
817
624
540
776
737
583
484
409
424
321
332
480
495
623
573
743
598
259
411
304
619
762
527
672
256
677
620
954
914
574
578
525
791
642
640
610
609
687
834
967
777
864
830
790
643
647
586
525
781
767
467
602
848
681
683
465
773
832
778
661
640
645
508
628
819
490
511
502
430
408
419
446
733
445
872
654
752
524
706
826
700
776
863
741
695
646
561
603
633
796
736
625
492
802
824
877
956
376
810
655
766
795
687
755
499
775
569
514
640
718
721
755
672
664
799
606
678
688
666
646
672
680
702
640
699
728
569
586
839
927
677
656
725
625
686
679
722
771
795
692
532
775
667
255
708
669
824
923
634
640
571
468
427
563
618
510
510
500
692
239
784
641
606
655
709
587
817
599
673
734
602
735
311
778
656
806
720
500
685
665
757
645
730
424
638
542
699
768
756
687
557
498
452
515
879
440
558
815
592
698
718
708
486
552
474
460
792
674
411
398
798
496
715
529
444
808
723
509
678
669
607
308
609
702
738
275
430
605
862
669
697
875
901
940
909
811
838
624
644
548
648
521
487
526
503
584
542
730
747
916
392
607
657
536
614
726
728
720
712
629
715
770
759
561
863
610
771
934
714
600
662
290
189
316
712
628
777
616
614
770
635
546
826
696
532
776
787
721
747
690
632
728
688
657
593
285
674
588
470
633
524
656
598
622
456
526
541
648
676
556
569
550
482
506
462
516
583
824
804
856
510
587
606
752
606
577
546
478
507
534
698
642
770
411
319
587
785
485
508
464
586
513
476
729
661
439
257
521
472
532
533
576
565
741
608
606
552
578
582
624
386
352
590
396
448
359
359
552
625
632
638
613
620
510
604
598
523
510
467
562
476
612
750
724
545
472
546
596
468
421
499
788
802
524
739
720
747
539
570
427
655
490
661
524
606
505
367
424
545
547
607
598
751
733
493
465
618
237
648
272
577
391
355
543
642
499
435
438
354
421
445
442
409
265
539
704
691
638
665
642
608
685
633
523
756
467
548
542
628
570
700
448
464
500
448
460
693
606
612
440
732
566
610
636
490
745
510
451
484
409
560
506
504
555
571
582
510
531
535
535
496
728
531
502
625
761
603
633
454
616
437
437
553
389
410
327
277
438
807
790
589
648
638
624
753
297
409
425
329
476
393
451
497
476
476
556
468
483
534
420
411
382
613
551
405
572
563
521
497
259
519
486
358
407
559
412
401
470
342
627
479
434
563
510
740
517
545
552
426
432
414
384
487
511
537
341
479
414
453
434
426
478
399
563
792
444
583
470
257
517
447
723
361
346
516
395
649
291
591
625
426
680
659
572
508
466
602
472
609
683
652
472
663
676
464
526
408
416
595
500
432
558
417
343
460
536
458
527
530
470
513
579
456
423
461
679
409
504
523
430
383
502
396
377
444
613
384
377
410
352
291
440
309
593
589
595
621
587
393
462
535
368
505
486
219
603
261
380
611
579
507
622
482
428
386
428
471
551
514
357
458
692
437
403
584
372
438
657
783
572
429
505
393
398
551
444
521
429
312
528
364
-1
591
308
780
490
443
559
448
422
284
409
397
549
437
366
384
585
410
403
426
716
393
463
475
703
459
355
402
379
366
534
650
358
534
423
550
376
375
593
438
364
380
395
573
544
523
643
417
662
395
416
530
361
527
386
478
434
433
569
429
602
402
425
436
368
396
470
323
427
394
398
457
301
340
345
507
382
528
477
661
437
868
413
611
556
651
534
438
269
360
339
469
524
454
369
521
456
931
496
340
380
376
482
519
360
471
334
520
375
433
505
384
561
515
284
439
418
557
457
382
368
544
456
376
302
466
392
293
484
540
420
370
574
334
512
460
391
531
497
350
462
383
470
404
454
343
588
352
415
415
289
400
233
361
417
308
397
666
390
430
411
347
362
304
350
300
486
350
360
464
516
398
457
382
326
535
366
287
278
372
347
314
397
279
384
298
641
325
256
160
389
468
397
326
345
329
368
514
302
407
341
345
346
449
720
244
434
411
399
329
298
526
344
423
554
466
375
239
292
350
268
300
423
339
430
331
365
284
378
539
347
434
363
144
137
123
315
314
418
364
449
379
215
433
463
268
509
413
378
316
450
424
451
421
389
299
384
440
567
307
342
281
273
312
304
522
233
605
623
278
235
398
388
409
264
419
347
194
464
269
393
354
259
264
431
387
381
211
356
465
483
386
387
625
608
579
469
491
361
203
392
308
337
351
215
396
267
183
265
274
344
240
356
341
295
300
346
263
365
484
267
321
357
484
321
590
320
279
666
399
277
257
383
490
332
240
322
200
290
529
490
257
270
263
421
311
308
358
310
322
282
532
215
194
115
419
364
251
445
233
306
390
368
215
305
321
291
333
379
290
346
330
320
432
270
349
422
472
347
332
252
542
360
429
293
336
208
261
361
346
268
245
226
327
397
695
235
262
364
392
217
335
254
372
310
318
390
310
247
476
376
442
406
470
512
405
498
313
262
256
387
219
364
254
238
398
379
458
305
289
515
276
245
266
448
433
263
268
279
253
248
455
265
358
342
309
321
309
577
219
418
355
430
368
266
288
281
338
256
405
352
506
292
398
314
339
234
232
483
240
251
273
240
354
259
278
280
471
449
258
429
303
402
286
355
236
408
214
201
272
282
184
374
226
284
230
236
526
231
372
348
508
447
237
262
294
316
194
385
234
361
512
320
367
169
364
349
278
421
336
346
293
443
151
291
271
420
337
415
284
352
245
272
205
272
268
304
266
244
214
237
351
224
169
330
304
353
421
374
224
238
228
187
184
399
261
251
232
316
245
326
287
384
434
585
247
486
714
262
219
563
252
339
338
320
308
294
248
226
316
246
321
180
327
373
308
222
305
294
175
241
202
384
200
438
378
249
346
147
379
231
260
244
263
234
249
118
388
379
268
361
511
186
461
380
396
406
236
310
356
220
191
276
227
200
354
287
246
525
254
266
276
236
205
437
437
242
219
247
251
496
514
272
275
196
433
297
291
161
457
263
221
336
369
426
175
389
243
491
187
234
247
329
249
249
413
311
164
305
195
273
214
212
300
273
219
420
342
230
300
159
233
283
266
235
356
224
184
182
199
162
347
365
432
316
357
228
302
394
276
213
227
247
187
193
177
304
308
184
171
317
294
151
236
215
247
263
162
218
348
184
213
348
311
334
212
211
387
206
350
273
229
234
192
253
293
213
240
290
208
408
362
116
264
235
244
213
233
342
198
169
265
210
230
169
215
273
438
243
168
269
159
398
248
208
282
444
275
290
214
290
296
223
210
326
233
217
192
306
315
231
216
202
381
349
281
225
227
254
189
257
242
349
360
195
247
250
313
254
310
338
236
88
390
198
417
264
143
424
217
237
155
234
254
640
221
221
286
183
180
212
235
179
302
274
138
280
376
271
214
299
193
51
41
466
361
221
236
218
340
116
228
199
152
147
440
255
165
159
225
191
162
211
267
280
142
274
187
203
306
164
243
374
281
235
255
133
208
269
169
232
169
299
182
256
335
290
158
121
347
269
212
311
109
237
365
303
286
204
306
273
301
254
314
245
196
225
307
115
248
304
307
181
189
182
239
191
121
223
147
218
154
142
91
198
192
332
320
373
233
235
183
192
115
186
131
272
68
291
215
143
285
202
130
198
341
142
170
161
133
407
245
178
248
135
143
167
280
178
132
185
384
138
131
128
145
315
143
86
135
133
213
230
147
252
238
155
269
181
140
191
215
88
295
274
246
69
136
139
305
274
142
123
174
162
144
94
94
172
183
202
202
275
165
127
193
143
98
123
170
137
131
220
62
68
148
144
89
177
234
178
187
195
246
208
167
127
121
182
120
136
122
151
100
239
139
206
106
119
120
156
112
188
187
193
74
67
190
112
112
225
80
210
168
95
133
109
60
141
58
118
147
90
84
113
135
48
178
119
94
98
186
134
86
199
48
76
75
91
47
49
70
114
67
65
67
82
61
71
648
271
