416
359
369
369
341
297
398
366
17
374
345
309
310
336
255
282
275
310
329
329
268
300
251
363
346
262
272
332
345
338
340
333
406
346
406
432
485
374
392
383
430
450
387
450
411
371
357
406
421
375
498
513
506
558
425
488
504
438
507
476
545
482
401
465
498
433
417
561
563
628
384
376
428
393
383
331
381
420
319
339
499
561
543
536
492
469
462
399
591
380
412
422
347
364
361
330
468
410
366
446
411
502
349
334
340
442
428
437
475
458
424
347
452
306
433
408
398
418
427
398
475
314
347
392
268
486
273
314
447
389
336
333
355
376
275
343
391
442
332
419
368
415
422
454
380
428
237
431
411
446
282
311
294
391
270
366
404
478
469
365
336
404
412
289
312
349
360
366
364
346
317
340
340
319
233
266
282
251
313
289
247
424
428
354
263
342
265
269
198
244
211
226
249
219
372
343
319
317
214
234
389
309
349
340
263
455
374
289
410
621
351
369
383
258
259
377
277
351
361
342
343
384
444
408
492
406
370
361
412
555
359
357
276
324
345
394
412
452
415
473
361
405
314
385
403
329
438
304
401
399
315
291
354
387
262
287
271
438
330
186
331
329
177
363
331
355
266
355
363
461
406
321
389
346
344
280
290
269
277
367
425
461
375
336
347
370
312
381
231
393
343
351
346
378
402
534
326
269
333
441
337
318
320
344
292
316
319
280
264
224
230
206
209
225
334
270
384
279
375
211
286
388
372
335
441
350
319
383
297
349
371
431
363
366
451
567
478
603
374
183
452
304
360
334
311
433
311
323
241
228
306
253
356
340
285
578
403
302
335
333
270
261
370
327
321
583
394
298
261
268
434
437
266
276
376
248
287
313
390
382
321
349
426
281
418
234
296
319
347
362
452
451
340
300
317
331
283
277
271
326
307
173
334
308
337
345
288
396
375
279
297
313
613
310
194
325
309
305
380
231
304
317
370
600
631
224
248
306
285
321
346
394
227
203
169
208
276
324
347
264
318
449
466
448
198
201
215
195
265
311
255
339
302
262
221
250
212
458
505
594
662
669
547
471
529
246
429
355
163
378
257
291
255
325
340
292
288
285
291
284
251
305
304
268
222
269
429
351
245
393
436
397
335
287
315
212
230
323
309
289
308
269
353
300
320
237
237
311
447
280
386
277
337
315
289
253
349
254
420
311
259
340
320
354
361
321
301
337
325
378
385
346
405
441
291
390
389
278
274
258
210
307
307
301
418
545
295
298
225
308
239
226
219
212
210
224
212
229
244
237
319
376
216
265
275
453
352
462
212
195
197
294
364
342
259
361
327
253
260
277
260
251
350
260
167
457
327
367
3
210
322
232
249
211
202
387
227
305
281
486
269
266
200
252
262
186
252
154
294
257
360
234
429
274
341
295
272
250
187
312
270
467
234
320
361
287
293
215
290
524
456
580
407
349
369
345
340
244
356
194
393
200
304
245
353
212
203
287
294
293
313
387
235
242
292
334
185
188
240
120
419
231
247
140
104
197
235
303
295
226
183
199
203
202
236
134
492
333
295
306
312
304
293
245
271
238
293
185
273
237
270
500
289
203
154
191
197
187
314
393
394
258
227
206
215
456
467
340
229
274
312
217
322
215
199
245
225
254
230
191
196
213
413
219
321
261
322
442
279
310
165
189
508
605
464
407
282
261
246
283
247
213
228
397
437
303
370
387
539
453
138
326
426
379
201
191
243
293
192
196
265
186
181
166
256
206
191
297
294
210
331
176
242
475
140
179
174
215
200
221
146
231
198
186
348
273
324
210
273
366
306
247
290
270
343
404
357
329
270
184
254
217
431
179
285
267
273
241
432
367
87
417
227
275
207
109
234
204
202
123
222
327
206
224
203
213
223
217
253
178
162
330
290
276
285
329
221
249
254
235
357
215
224
198
155
170
164
243
209
206
225
221
225
229
223
208
211
165
224
207
208
170
178
209
230
302
242
259
293
308
322
286
239
282
273
240
325
172
183
292
121
261
246
288
219
271
420
263
188
168
271
257
201
237
208
207
218
306
191
230
188
169
180
169
168
222
239
159
337
226
152
480
367
330
183
175
340
221
296
170
213
215
167
217
263
204
318
265
188
286
198
182
152
213
222
355
122
103
194
181
190
209
154
396
136
266
225
320
351
321
314
334
300
222
161
131
279
373
261
197
191
298
281
236
153
295
291
279
299
427
238
324
171
244
299
177
354
313
323
305
241
335
136
271
249
228
230
203
251
277
211
157
152
275
374
184
175
192
272
245
421
242
266
246
178
195
229
364
458
341
231
176
293
181
175
229
172
144
277
152
185
226
174
258
206
263
201
284
287
227
438
176
136
352
302
234
257
163
293
262
185
328
221
215
327
189
301
170
260
254
192
194
205
211
166
417
250
228
363
201
167
307
155
264
323
234
124
210
192
271
129
231
266
337
194
174
185
208
210
300
318
507
122
196
234
118
180
223
192
259
148
138
277
204
405
191
166
174
288
166
210
185
261
290
398
234
483
226
165
375
142
232
184
251
173
281
139
128
198
158
168
201
221
171
169
173
288
165
147
406
149
294
132
135
331
213
194
203
193
169
161
225
159
156
267
205
300
240
170
136
110
305
179
225
201
345
188
184
136
227
149
218
176
210
186
173
228
264
150
386
501
258
306
235
206
232
232
258
235
270
236
399
151
131
155
109
181
170
330
102
160
147
118
103
158
182
201
263
143
167
163
168
118
186
147
120
122
161
177
174
98
175
191
179
161
276
265
263
245
195
260
271
121
129
131
158
165
120
111
186
92
154
197
195
144
121
193
405
308
240
115
212
232
126
145
211
288
214
178
179
164
172
252
136
118
314
238
205
290
161
81
180
218
124
142
131
127
150
158
232
156
160
159
199
358
299
141
66
340
225
183
226
132
147
221
255
127
206
151
173
167
276
200
343
382
188
192
174
160
179
145
161
208
219
262
104
237
215
265
127
75
172
193
285
196
201
309
238
219
312
125
226
205
-1
218
218
243
136
115
154
181
189
403
156
148
138
150
170
159
262
177
143
119
176
117
247
148
168
201
192
272
169
174
461
125
139
124
151
152
144
174
127
191
179
279
164
225
170
164
288
124
264
223
117
166
181
199
174
244
206
193
157
230
182
212
197
165
152
373
191
120
167
149
148
161
171
105
78
79
97
154
219
178
128
114
120
150
105
106
177
197
185
156
147
118
191
122
195
163
169
118
159
175
173
230
270
279
172
159
175
94
190
171
219
220
225
303
95
196
231
164
214
263
163
258
256
78
179
143
231
115
129
126
192
161
149
125
146
130
173
196
204
204
155
117
111
82
154
163
183
199
178
128
117
137
90
83
196
194
99
56
76
111
173
227
192
142
252
170
331
198
354
90
350
106
148
121
186
226
141
174
102
196
220
373
116
146
106
194
130
246
204
167
151
109
182
96
177
197
106
180
91
228
220
179
185
132
182
159
100
210
216
130
173
277
93
156
135
186
283
131
188
196
172
113
211
174
113
110
151
106
203
222
106
133
155
182
181
249
197
91
202
187
347
175
88
152
124
247
63
174
155
224
173
147
99
96
116
106
271
181
249
136
179
125
116
121
201
126
115
97
177
109
212
202
132
196
106
100
357
188
178
246
101
114
100
133
122
174
104
122
150
141
114
127
378
117
216
143
66
133
174
97
85
109
114
141
84
98
126
190
105
97
179
133
98
157
181
227
226
74
276
336
188
166
111
199
136
157
103
298
190
118
266
104
151
86
90
177
118
113
98
107
356
181
27
203
220
139
107
67
128
129
81
69
107
185
74
136
95
236
140
136
159
110
366
116
207
113
204
125
153
114
96
104
124
110
99
165
117
102
157
163
161
158
104
139
108
177
156
290
191
130
143
130
150
143
147
181
226
96
174
106
209
73
2
160
125
204
183
119
222
121
117
83
128
129
130
125
176
174
148
85
120
163
86
96
152
98
241
102
91
88
101
130
53
77
292
179
162
128
147
156
58
126
240
87
94
265
96
76
99
221
104
112
152
188
109
121
147
68
128
232
94
192
154
207
119
171
107
108
167
121
129
99
173
143
147
121
229
198
106
119
226
143
131
98
167
237
76
138
176
138
94
245
193
91
137
107
107
240
116
139
318
116
126
150
154
98
150
92
185
129
147
136
110
93
144
76
134
115
208
129
130
108
145
117
130
107
114
11
195
101
121
99
47
134
121
54
105
166
71
51
257
209
99
163
128
152
127
121
137
44
92
156
121
81
142
69
150
80
136
75
101
127
72
84
136
72
101
111
141
64
124
240
59
152
192
142
93
84
166
124
101
107
291
91
107
90
52
51
109
97
159
159
147
142
143
82
101
43
61
118
123
33
130
174
140
125
67
78
92
118
96
60
77
97
126
126
83
88
100
67
75
63
69
55
131
74
124
61
32
137
89
65
95
95
82
49
36
98
113
112
105
65
82
85
82
105
36
47
62
49
52
94
80
79
52
66
44
91
47
72
54
61
56
45
51
42
51
57
27
31
51
56
70
129
42
41
82
35
53
283
99
