1192
998
807
768
698
569
870
841
66
806
771
638
753
744
563
595
549
630
578
735
587
713
706
1216
1061
700
893
665
836
751
826
777
974
1000
1026
1063
1165
902
988
981
1084
965
978
959
975
1286
1268
1198
1233
1198
1001
956
926
943
798
916
820
863
970
782
818
983
869
1068
745
760
810
828
768
837
975
1187
925
916
1466
1154
783
864
941
878
775
747
648
770
710
706
1087
1089
677
1013
926
883
857
834
853
926
1063
1181
820
1097
947
809
1043
1006
809
697
664
701
687
728
852
689
830
597
667
667
723
1075
728
598
712
654
1270
942
1171
1068
1235
515
917
635
799
598
582
556
666
639
752
751
637
807
783
769
735
711
771
668
480
551
867
908
944
1049
1085
757
933
797
755
738
629
873
926
687
726
688
757
848
831
614
535
674
638
577
631
566
526
529
616
591
547
571
484
683
775
988
989
838
573
526
448
562
490
483
528
558
890
773
761
760
629
806
818
487
731
736
690
849
666
753
669
744
809
735
883
920
1059
864
775
775
825
786
566
838
675
710
671
757
763
948
839
659
1025
826
818
908
814
692
895
567
770
772
784
723
647
795
673
666
563
1045
1315
807
1319
1006
743
1230
925
844
644
610
617
420
638
589
400
717
689
501
542
712
1102
818
777
529
801
1008
635
936
967
749
729
1052
733
817
825
648
638
577
637
559
666
691
762
774
597
627
798
677
695
1127
832
674
820
499
488
509
507
462
834
592
661
521
648
573
523
513
697
1088
668
739
820
814
747
822
923
625
670
689
792
731
979
630
911
905
775
618
667
852
735
678
656
590
631
770
859
677
882
668
1117
803
688
766
615
671
630
687
812
787
629
760
847
648
779
636
693
652
702
882
562
955
744
773
632
594
447
443
523
821
867
757
703
685
589
832
742
613
787
435
576
655
717
659
779
765
636
646
663
490
710
561
556
566
504
429
691
731
745
704
594
802
706
559
681
576
543
802
603
775
788
712
757
508
869
624
896
633
662
539
682
772
518
610
636
501
434
423
325
348
447
585
673
502
630
663
562
545
357
368
340
312
614
600
451
-1
612
540
358
560
423
598
623
616
583
589
732
646
587
780
573
390
397
681
653
639
618
484
483
491
435
408
510
440
493
707
451
1041
730
805
679
791
535
673
757
583
716
789
957
722
616
680
730
560
566
737
706
662
638
647
464
590
582
521
677
700
621
400
391
1008
712
401
639
748
725
622
729
696
692
569
458
678
697
769
736
719
544
651
508
696
693
550
556
600
408
805
672
622
599
539
641
615
609
471
465
514
476
480
504
377
554
449
626
441
516
530
476
563
785
551
740
444
539
468
367
440
753
659
453
888
690
505
390
552
576
547
690
682
568
663
613
835
150
489
800
436
410
389
371
539
607
746
683
513
506
444
397
554
375
455
383
298
605
405
420
402
657
493
643
556
433
408
605
497
629
714
557
508
540
479
710
576
388
602
354
515
505
597
490
560
513
469
578
383
413
371
485
394
443
378
400
411
682
749
516
623
492
483
360
578
320
285
431
341
780
612
376
500
178
500
360
378
421
529
441
361
380
392
478
312
533
690
536
496
510
508
495
577
561
503
362
335
349
422
506
493
496
463
349
496
523
468
344
402
401
728
320
373
379
482
419
810
312
289
634
369
404
555
516
469
466
498
397
372
323
269
383
381
686
330
731
669
625
483
445
465
339
403
466
292
475
538
624
285
367
341
347
392
404
659
873
341
462
405
462
554
372
341
296
378
456
587
357
837
406
432
326
388
408
290
461
494
460
258
606
429
494
393
396
241
265
276
378
526
457
369
345
362
416
318
605
513
285
445
380
365
322
338
628
386
429
326
481
573
329
414
900
298
305
593
332
423
439
398
240
408
417
303
343
335
477
443
365
307
559
638
430
351
367
397
346
311
318
325
326
442
683
335
604
576
429
713
405
417
411
390
346
312
275
423
295
290
346
655
621
579
538
521
347
350
375
343
402
348
327
365
375
387
523
288
447
592
527
392
405
379
291
459
365
428
391
274
299
486
347
521
444
386
569
368
245
511
401
345
302
570
250
649
299
384
404
264
298
502
295
221
400
284
487
522
391
258
377
319
289
443
440
566
355
347
385
525
427
313
582
372
344
398
490
323
473
470
293
394
331
310
373
285
285
489
400
327
302
294
374
495
235
535
389
547
355
665
392
317
390
429
284
230
291
337
311
468
295
398
400
359
297
291
323
367
472
470
465
531
426
712
420
346
453
301
385
219
326
307
398
732
242
497
420
333
371
248
379
369
286
257
249
282
579
300
273
297
533
279
516
379
488
416
306
305
334
818
462
381
462
310
435
285
358
621
371
376
393
210
345
448
281
443
376
349
466
552
667
347
413
300
208
567
379
463
438
257
433
525
309
303
307
315
406
227
319
309
305
390
403
603
271
287
243
431
386
319
324
269
430
322
219
458
605
524
167
564
229
574
335
230
302
493
261
296
426
297
278
367
510
583
278
398
294
184
227
270
217
288
302
253
437
330
311
325
294
252
520
282
292
221
269
521
238
336
313
280
188
557
324
378
507
364
435
513
228
240
235
177
243
299
352
259
261
396
452
256
174
440
223
484
192
205
497
376
266
290
290
253
170
233
246
231
369
304
300
282
370
178
156
244
272
295
240
362
323
408
232
543
182
328
267
437
269
203
396
474
288
501
435
330
277
347
316
345
365
373
298
417
348
486
351
364
175
144
246
287
335
439
287
309
202
158
221
305
334
392
275
205
196
170
147
247
427
257
272
263
390
392
198
266
360
314
335
308
337
336
347
332
484
480
127
200
281
187
344
140
343
241
137
272
281
319
169
269
308
257
205
241
245
364
522
183
213
278
382
287
235
280
259
327
288
224
237
466
456
327
185
243
125
330
370
170
162
186
175
171
291
297
282
261
242
212
437
358
178
88
454
274
170
360
142
269
407
351
192
261
364
188
252
546
254
275
345
203
236
185
182
198
183
287
286
286
587
151
300
303
251
185
141
221
163
256
259
235
385
367
363
201
247
347
368
339
326
324
276
223
304
198
239
251
454
199
197
192
222
367
302
397
297
199
177
307
98
383
166
174
289
275
289
240
225
520
162
204
186
222
220
178
259
176
276
238
492
349
426
264
238
314
317
469
325
179
237
282
263
204
219
238
202
171
357
222
392
248
402
186
448
298
145
227
189
165
348
246
180
130
137
144
211
393
190
173
157
202
224
233
129
340
246
224
276
228
186
193
182
245
197
249
167
274
356
358
390
324
218
254
237
404
187
187
187
341
377
349
478
97
209
639
311
499
225
255
225
462
93
221
213
326
147
171
189
289
220
248
181
253
190
184
213
225
269
173
263
173
123
238
337
282
431
333
169
143
187
141
134
325
302
129
106
147
153
199
269
253
327
370
241
375
299
253
132
423
288
221
224
157
357
325
207
153
260
319
366
122
234
230
249
194
263
206
129
195
147
225
150
304
316
269
353
136
383
221
310
312
250
150
232
98
279
272
257
333
456
113
395
199
306
431
175
294
265
212
211
342
284
211
131
238
142
261
309
167
196
139
224
326
497
391
135
191
267
476
274
138
228
170
281
122
254
200
379
166
232
159
136
192
117
250
202
289
142
252
152
166
219
175
198
137
211
334
124
284
200
183
247
215
201
399
292
195
194
104
158
126
173
168
202
152
138
157
212
124
191
407
200
350
351
333
155
291
128
119
123
178
202
113
132
171
296
152
107
208
203
129
184
277
186
216
207
205
371
192
150
155
217
339
204
162
364
218
209
288
191
196
94
129
281
145
148
155
190
353
363
55
264
279
180
133
149
256
179
138
107
156
238
121
188
173
457
195
156
165
145
372
155
184
214
324
195
403
155
158
180
183
154
139
190
171
144
256
260
155
204
135
193
211
297
246
175
186
208
206
239
282
269
152
172
251
143
194
116
288
153
55
256
159
259
210
133
362
172
221
101
202
182
244
210
297
184
202
99
174
179
112
180
295
125
246
272
131
108
139
140
118
119
416
401
210
164
186
264
87
159
209
163
169
415
138
108
103
211
140
176
147
260
176
161
179
97
138
230
119
280
359
282
196
215
145
147
198
143
156
101
298
189
196
195
308
154
110
144
171
149
254
101
192
315
229
191
196
246
143
242
241
139
158
183
132
403
116
224
276
266
128
163
144
118
179
157
248
149
148
195
173
80
166
83
260
118
229
208
209
166
192
99
139
119
146
21
184
126
149
124
80
121
218
117
129
222
108
83
332
292
109
197
125
187
202
219
293
63
135
260
138
128
159
124
260
114
90
82
136
197
112
121
236
91
150
251
146
102
202
157
40
222
250
315
97
88
150
251
164
106
138
97
177
101
61
95
91
183
184
181
200
236
135
107
108
107
80
152
113
74
152
81
69
125
93
68
130
182
107
113
126
221
160
167
123
105
162
98
104
81
105
86
249
101
192
81
76
132
131
100
123
121
197
61
55
153
112
110
183
88
127
116
98
123
56
51
102
56
60
107
90
77
75
90
41
132
79
75
72
95
92
50
103
47
56
59
61
54
45
60
89
127
60
62
91
46
58
817
131
