667
664
578
566
533
433
656
541
26
548
598
496
592
600
389
463
403
477
396
516
465
431
534
670
544
472
458
467
540
548
532
666
783
688
778
887
800
708
742
695
803
745
751
721
677
769
718
674
823
648
763
799
768
787
644
709
700
615
875
800
794
682
788
806
641
654
706
647
686
659
736
648
628
660
738
535
656
634
583
537
723
585
609
640
611
536
864
761
601
654
687
694
666
603
591
579
710
606
607
688
705
846
549
608
604
731
786
666
705
837
652
700
782
633
611
801
664
726
721
669
695
686
621
749
600
661
631
655
627
646
631
780
907
796
703
572
603
585
418
676
696
786
608
533
551
541
589
608
676
562
502
516
643
545
498
646
638
647
585
697
649
690
734
580
499
535
585
639
672
604
644
658
625
644
562
542
519
510
652
529
507
534
591
525
480
624
468
487
415
455
390
459
355
502
482
492
632
636
617
458
613
665
544
528
467
530
585
729
623
604
567
541
669
527
478
628
459
631
571
605
596
592
629
615
600
579
675
522
732
529
474
615
595
599
542
552
632
603
582
652
589
575
564
558
452
537
594
579
536
438
487
401
468
571
565
664
343
599
715
416
405
369
762
548
461
579
315
727
643
724
568
494
781
658
514
529
546
448
408
505
494
532
509
519
510
626
495
596
397
492
498
530
469
484
617
546
496
405
533
701
496
776
734
762
545
687
530
337
424
376
270
321
259
248
560
565
481
482
588
493
520
566
503
496
581
556
580
552
558
454
530
622
553
498
629
674
546
523
576
489
568
423
495
505
455
558
511
1015
632
516
634
641
497
532
536
503
464
464
538
541
465
408
575
545
493
454
472
543
463
493
551
489
741
661
471
426
472
464
688
551
420
525
396
579
551
281
456
413
576
495
448
449
555
496
489
496
528
449
449
427
422
344
510
477
525
505
449
559
538
520
488
450
347
434
214
511
487
452
507
441
468
443
478
420
453
237
368
434
394
551
504
494
825
684
698
785
747
459
475
522
510
495
462
441
887
1000
840
970
1229
695
724
455
509
405
663
315
256
525
502
372
361
363
338
328
466
456
591
449
708
538
496
543
396
511
639
631
608
688
755
885
943
525
753
427
497
426
409
451
349
387
458
528
442
398
559
390
353
471
436
494
424
421
533
562
531
447
778
436
563
445
580
385
448
364
235
321
492
843
480
471
380
495
478
490
560
425
510
511
479
473
502
421
516
508
447
453
457
397
418
844
587
432
389
403
369
343
502
499
425
445
429
859
1121
1055
1056
693
829
838
520
647
448
406
428
584
431
602
416
367
674
903
794
742
551
486
632
486
416
368
520
350
346
353
384
397
443
593
465
599
342
321
384
743
760
712
837
516
457
426
353
371
607
497
712
693
550
-1
804
456
215
396
445
707
605
355
514
308
318
317
356
338
371
413
429
487
442
358
507
361
321
312
215
349
450
514
422
400
433
338
443
724
388
389
385
316
453
803
893
374
378
474
644
403
332
366
596
463
666
611
631
260
591
306
419
390
345
378
545
528
394
756
651
555
469
467
370
256
387
429
456
464
470
470
488
415
404
621
555
634
558
339
381
376
378
719
429
558
372
346
413
336
342
446
441
846
546
370
308
465
723
543
434
407
339
332
324
332
326
347
304
719
644
560
296
529
440
659
559
433
327
395
537
482
228
256
370
201
412
381
446
241
452
588
760
363
361
507
591
273
208
236
276
400
275
284
630
449
382
470
646
469
341
383
796
256
464
269
410
410
389
592
458
517
421
294
470
518
505
388
365
332
285
425
297
612
422
377
491
293
494
340
256
210
270
265
420
299
336
234
403
278
375
650
447
308
400
380
445
344
443
305
105
328
360
471
264
320
365
326
384
199
363
441
250
650
354
351
385
414
310
269
561
404
457
339
411
422
259
313
305
347
365
284
268
472
536
809
572
387
520
406
318
315
301
331
277
254
293
337
314
329
345
270
199
279
366
257
253
350
331
291
319
298
221
280
239
315
322
412
428
585
421
353
358
198
298
284
143
389
394
324
375
340
403
375
283
265
270
215
784
343
555
403
293
377
273
308
383
384
286
411
386
318
276
351
456
455
345
305
524
267
280
389
508
396
377
263
476
309
462
521
279
244
290
246
232
401
246
199
223
508
240
473
409
452
432
380
252
474
327
266
287
251
255
385
343
203
282
265
234
231
306
348
274
241
216
258
355
360
355
418
266
446
250
300
362
473
293
192
261
273
259
408
239
425
271
231
251
196
244
277
219
379
263
266
345
239
222
196
445
270
396
280
442
353
306
234
311
483
471
294
281
485
220
322
451
363
302
221
348
280
474
317
210
412
273
451
271
313
320
239
307
249
387
416
310
303
330
161
283
245
398
231
332
226
317
262
276
180
293
305
237
264
538
542
210
361
185
359
293
236
341
312
215
355
344
267
267
284
219
353
317
261
239
382
272
277
631
289
204
264
388
329
234
289
217
220
363
227
185
303
223
203
367
311
230
328
293
254
455
182
227
183
266
336
165
274
217
248
186
418
418
249
251
222
240
423
278
417
199
373
347
217
244
236
236
456
390
244
161
288
347
322
181
177
291
249
225
511
233
207
88
173
467
176
243
258
279
265
228
298
235
222
554
220
227
214
216
192
126
305
368
240
210
314
227
154
257
299
172
323
371
228
192
216
221
229
235
230
178
186
286
383
205
587
167
209
175
230
282
254
350
365
301
255
213
216
234
212
242
218
183
309
139
214
296
194
197
273
521
519
144
482
319
478
212
285
343
344
377
272
348
277
156
227
173
300
213
148
232
195
123
175
236
239
157
227
192
174
154
227
169
221
275
183
190
344
316
239
268
232
226
325
235
181
149
289
282
226
111
167
146
239
298
233
174
261
279
327
163
222
183
184
185
198
318
154
146
87
419
198
175
277
269
452
245
221
128
198
171
186
220
338
215
170
199
238
251
190
375
280
271
190
266
176
346
342
303
208
221
173
143
499
258
154
141
143
379
279
332
139
216
237
215
186
235
201
253
206
114
362
182
156
225
224
255
241
273
336
244
367
196
178
332
247
110
238
164
161
225
228
351
187
179
282
215
213
266
279
245
156
144
312
157
159
342
176
252
210
187
258
473
331
171
331
231
253
233
178
213
199
203
198
233
271
300
207
277
361
226
186
152
361
214
165
180
196
367
261
252
259
209
287
194
277
359
264
185
470
146
295
177
147
171
166
110
237
162
194
141
196
285
155
237
222
399
232
107
209
231
222
117
268
170
288
254
174
215
114
225
339
185
282
169
218
193
283
248
185
151
340
227
292
207
217
158
181
134
196
163
160
304
180
155
156
210
144
109
198
208
203
207
460
163
161
151
150
153
246
190
229
257
326
307
214
211
231
303
302
196
347
222
180
249
351
161
190
525
190
203
166
170
283
213
194
180
84
190
180
182
141
238
148
118
162
148
216
266
240
219
130
309
209
266
158
196
175
132
88
156
91
219
233
146
232
273
234
265
294
239
273
184
233
207
133
128
261
181
118
252
226
153
223
191
356
184
121
135
471
292
182
136
183
183
367
308
169
203
239
242
219
204
121
248
145
192
250
253
237
162
219
194
389
158
166
142
276
410
171
471
150
145
197
136
179
160
133
150
368
116
252
226
147
161
117
172
242
235
159
255
273
141
107
119
101
371
235
270
187
288
349
289
220
273
167
220
132
135
201
305
249
244
100
228
216
173
114
172
172
157
146
175
117
181
164
188
235
175
330
155
242
264
141
183
229
175
155
158
115
235
125
150
313
139
216
192
103
193
134
185
269
86
190
139
104
140
127
145
121
110
175
320
131
136
145
111
233
172
167
225
214
430
335
130
278
245
159
139
236
144
224
144
214
222
207
247
174
205
201
174
148
127
187
126
192
155
240
213
127
194
185
159
170
169
210
151
24
228
213
205
192
116
372
165
133
106
126
164
332
173
149
192
146
205
143
203
178
172
328
111
246
217
334
176
225
124
88
113
258
351
192
92
227
227
104
205
179
120
129
269
272
183
105
196
130
112
140
221
272
131
273
112
142
204
217
241
213
219
140
154
101
137
175
96
157
183
175
168
190
378
238
84
93
247
183
146
197
54
148
307
145
188
121
280
233
223
175
227
186
145
280
335
84
220
272
174
256
123
146
204
122
89
153
149
124
127
136
78
119
201
247
172
185
240
243
209
263
97
141
98
159
2
210
275
127
266
167
95
128
202
100
123
186
142
312
205
104
170
74
85
85
321
440
117
318
180
98
136
88
87
184
96
48
80
58
126
182
115
197
129
113
465
86
154
151
100
59
195
229
132
61
105
118
190
319
117
94
179
128
136
74
57
149
132
161
162
211
145
103
97
127
62
162
127
110
39
154
30
36
98
161
60
105
158
188
118
203
149
147
89
80
60
100
78
100
85
101
84
164
96
182
86
83
91
112
89
231
229
110
58
35
114
82
81
162
76
241
198
74
99
76
61
76
51
101
99
32
74
73
73
55
121
62
80
113
147
81
79
91
42
61
94
60
31
41
48
74
91
68
66
46
76
63
506
197
