481
557
609
581
579
547
647
585
72
590
545
523
447
418
452
491
486
542
505
624
460
526
421
472
402
373
549
514
617
584
639
583
653
654
675
748
847
721
766
684
749
805
735
790
843
747
687
825
551
843
871
818
826
806
733
759
827
811
718
755
824
895
711
683
806
739
740
827
779
793
739
795
712
743
650
383
786
755
549
627
593
722
734
608
819
901
568
430
763
591
773
706
614
658
673
516
514
727
690
502
482
655
664
724
616
637
593
625
633
573
488
552
545
519
523
529
582
448
522
542
538
537
459
686
385
839
312
520
603
503
661
498
522
532
365
537
655
692
391
412
604
624
516
655
487
545
327
558
705
926
610
758
711
653
582
705
750
581
626
667
789
609
655
484
585
661
630
558
560
468
470
460
341
375
340
457
350
354
530
371
291
562
489
826
650
327
322
442
297
286
275
356
265
309
297
337
525
524
308
532
572
510
603
553
537
439
549
597
713
749
694
633
504
601
235
661
492
696
723
638
481
702
715
733
824
749
628
883
632
744
361
628
578
619
807
716
728
613
764
759
666
774
572
389
347
736
559
523
358
275
343
239
244
319
341
444
469
633
480
188
254
210
368
671
327
575
156
575
658
669
783
410
511
346
768
678
687
695
687
758
687
826
683
753
744
718
495
566
645
394
595
622
406
630
698
543
625
457
785
721
637
483
477
486
380
461
749
343
345
367
301
274
262
297
673
370
781
666
656
467
592
810
677
713
815
636
494
466
553
590
744
752
646
739
405
656
767
868
663
237
681
781
669
614
736
610
340
511
380
436
571
474
685
647
620
543
632
502
620
609
629
567
595
603
616
464
797
659
612
622
685
819
424
444
799
669
772
639
647
693
614
656
392
498
796
160
610
606
691
736
555
582
525
443
468
540
573
385
384
300
772
128
606
505
572
689
570
645
712
402
581
665
537
735
272
666
695
660
537
441
747
563
815
591
677
266
737
736
676
557
692
580
360
322
323
354
452
310
452
358
521
831
795
824
328
385
398
329
517
562
379
433
584
386
370
490
398
778
685
405
631
655
591
293
801
568
696
269
277
569
427
333
320
459
487
453
424
447
475
464
456
589
513
398
414
512
388
698
483
813
878
699
393
613
589
469
486
637
616
667
623
682
725
638
616
562
415
571
582
468
787
748
732
242
175
261
657
439
723
417
550
686
463
521
718
637
489
632
539
861
863
743
494
738
633
826
698
273
776
454
436
765
709
714
833
633
347
501
539
629
625
414
412
399
342
462
338
424
549
442
632
701
250
541
679
685
732
675
428
368
383
525
668
639
446
512
448
466
412
764
694
694
818
645
404
648
595
522
182
760
287
452
403
407
404
617
446
631
663
824
344
337
233
239
356
283
388
274
478
694
535
420
596
570
532
893
619
588
520
654
508
425
539
510
802
743
425
593
803
528
495
409
610
705
763
574
744
625
736
346
894
480
699
655
586
391
422
782
281
594
539
632
611
594
479
614
332
332
350
146
560
155
303
340
394
645
406
482
483
353
321
311
408
463
383
181
807
704
713
696
708
664
660
661
634
506
428
415
393
606
564
665
674
345
400
411
389
477
401
805
785
437
479
426
364
782
626
763
461
488
457
453
801
513
627
594
594
601
530
307
359
488
674
369
556
443
477
700
649
717
198
314
439
457
639
396
456
303
239
589
387
418
431
718
675
370
515
336
543
489
126
409
562
598
455
432
475
445
356
394
681
413
347
232
500
507
378
506
467
406
513
184
483
637
179
266
328
570
463
668
275
482
562
393
659
509
656
665
435
856
826
382
663
665
670
667
819
563
640
295
550
354
437
513
559
699
453
326
638
723
240
528
541
459
538
293
510
314
355
147
658
603
590
422
550
668
536
476
590
463
354
656
729
575
648
772
727
675
624
461
578
531
502
349
330
292
330
503
269
545
531
507
549
587
511
507
540
547
601
708
620
616
338
570
413
633
527
707
394
409
448
412
405
357
439
623
745
391
401
447
305
501
493
315
639
620
287
648
131
397
416
658
487
679
513
543
526
310
381
664
369
407
554
354
502
607
487
423
679
405
337
491
526
842
345
350
892
419
518
415
242
510
309
439
633
476
645
669
337
393
517
501
242
637
669
708
616
547
475
405
484
205
438
675
305
404
615
663
760
718
810
763
654
407
378
503
507
533
235
503
315
681
734
622
761
820
743
714
742
741
641
635
609
488
600
378
791
576
754
664
756
514
571
665
458
551
516
513
668
775
671
307
264
653
283
472
463
466
380
648
708
493
656
495
379
514
473
722
637
685
601
218
376
423
412
561
375
478
611
405
390
632
431
332
501
347
627
418
501
757
614
451
344
678
580
508
602
277
-1
352
368
548
352
556
414
500
685
508
598
558
509
589
391
423
513
747
375
282
604
517
456
678
536
600
574
638
321
389
512
695
346
563
657
239
465
170
196
556
654
769
774
355
504
723
663
456
448
475
487
585
478
521
610
533
513
462
392
376
465
421
366
319
644
452
462
599
275
602
522
706
323
210
129
563
623
379
400
300
554
356
373
613
501
494
494
286
482
384
395
717
346
671
549
518
631
546
435
380
463
424
328
447
324
378
575
598
610
669
509
360
265
551
326
773
516
595
99
123
94
203
349
579
522
332
449
295
645
597
525
712
535
580
511
559
535
547
539
499
432
421
625
731
491
236
436
395
644
438
617
190
355
285
311
240
458
463
493
270
540
523
390
324
352
545
402
495
491
478
322
323
290
270
486
358
407
665
581
567
465
499
373
449
392
421
386
327
581
344
614
582
445
543
438
418
428
484
681
380
337
529
358
529
608
480
526
383
651
444
411
326
376
325
636
415
537
547
519
554
394
396
260
500
525
316
368
333
320
378
531
678
463
459
416
521
523
236
282
170
521
650
408
400
342
286
482
510
289
536
476
481
457
504
587
417
499
304
311
394
351
330
317
441
516
492
565
255
543
660
669
382
400
303
271
418
478
450
361
487
284
332
312
572
565
293
434
292
470
342
243
349
619
527
586
282
293
267
304
399
480
453
647
285
230
513
310
633
467
482
472
488
619
430
396
500
307
353
317
268
276
408
279
305
457
309
596
405
492
449
407
622
244
621
368
312
604
658
535
645
572
531
513
379
563
504
464
488
518
350
422
329
367
374
410
458
388
406
292
244
237
242
374
463
381
352
333
307
433
263
330
405
308
264
468
429
358
376
293
606
480
499
326
482
406
478
512
501
378
405
334
526
386
351
461
494
548
347
470
355
548
351
520
581
397
340
536
709
167
552
479
607
307
330
316
467
472
461
327
316
307
338
307
295
331
457
543
306
288
371
551
542
585
274
368
420
427
286
270
526
449
253
293
260
280
495
490
604
267
667
389
457
263
476
299
540
353
455
236
334
538
472
499
230
527
413
495
299
404
272
627
431
517
361
463
326
317
449
226
488
433
345
356
171
431
433
276
471
525
284
319
158
464
470
455
435
622
255
475
356
485
639
376
323
552
293
355
388
409
357
283
314
422
267
454
246
385
367
436
361
530
502
386
533
461
525
338
343
342
255
512
244
436
277
594
395
347
270
259
280
292
640
468
534
351
543
370
238
287
384
337
202
314
543
290
527
416
407
339
267
307
362
418
495
463
295
298
249
308
328
367
273
343
196
265
206
327
458
280
494
339
152
330
431
268
185
255
438
446
192
199
256
194
376
234
427
330
202
376
289
364
342
80
312
405
342
396
245
463
297
363
225
583
289
450
438
284
373
197
316
325
296
296
232
341
518
228
160
539
374
271
249
191
440
480
385
245
310
474
283
450
292
354
400
233
434
246
531
317
425
312
500
289
256
318
249
265
309
268
223
460
262
280
357
351
296
314
371
195
438
468
396
335
425
322
419
415
407
478
318
409
475
232
455
229
509
277
38
452
284
319
455
360
455
322
346
268
332
384
331
336
277
441
331
243
278
398
239
219
264
233
343
573
258
203
238
389
31
35
596
374
375
309
322
407
209
231
439
347
319
599
246
221
241
437
379
288
404
482
252
296
213
249
342
423
209
396
585
376
286
370
254
310
423
202
446
220
474
251
308
310
490
270
292
280
436
412
365
176
363
388
407
348
310
271
248
524
431
222
403
274
286
307
241
359
478
314
213
225
309
219
304
243
436
255
267
228
283
159
343
250
415
256
475
207
208
206
148
250
282
261
313
131
410
243
202
217
152
204
241
235
269
283
191
192
380
306
307
339
205
282
246
269
129
111
174
538
372
206
266
202
301
216
155
248
142
441
191
208
341
209
260
231
241
159
312
313
141
325
342
461
142
252
218
354
310
286
285
190
230
270
101
229
179
216
318
315
381
265
261
214
198
175
169
244
236
74
366
121
193
220
188
159
248
301
223
246
243
321
335
250
189
186
100
209
221
187
227
178
433
221
235
185
200
173
254
198
218
219
273
146
113
297
179
180
265
132
192
219
147
216
75
123
170
134
102
206
120
186
176
155
105
234
140
151
160
168
147
108
124
84
142
142
178
73
80
192
187
134
113
114
211
89
122
429
209
