516
588
595
577
567
522
659
579
70
585
555
545
505
474
528
511
522
539
515
599
525
507
476
469
394
413
501
569
570
603
630
635
725
699
792
831
803
704
751
663
729
783
725
788
808
735
669
727
608
709
875
827
803
807
732
736
863
727
884
965
971
846
799
643
806
738
830
880
944
911
731
650
710
726
594
401
754
756
567
621
582
843
929
638
734
773
611
484
861
591
751
670
678
639
613
502
483
625
700
427
573
766
573
683
645
712
753
709
756
720
639
653
675
618
640
715
639
551
587
666
566
584
442
766
406
686
285
600
680
643
653
597
694
721
446
628
622
628
510
462
668
744
425
635
516
583
337
623
691
720
549
609
648
583
515
716
767
631
630
718
702
687
711
557
554
608
657
552
590
523
501
523
387
367
395
437
412
425
545
438
288
559
672
672
546
370
346
437
318
274
305
360
307
349
327
383
593
589
291
458
596
643
611
593
522
421
587
698
649
850
717
680
489
585
194
619
481
714
645
633
527
691
847
844
878
731
721
675
619
791
382
609
584
650
688
684
704
668
768
892
627
601
601
507
465
669
821
423
310
302
275
169
254
298
312
384
425
649
694
201
334
251
459
687
437
615
191
936
484
694
745
469
522
446
756
585
574
592
574
599
629
703
577
754
747
841
527
709
569
578
598
616
405
578
724
770
619
383
644
815
584
682
680
683
556
696
656
402
355
415
340
314
297
353
674
299
657
612
610
468
551
684
610
615
769
655
489
625
436
505
529
638
627
559
450
609
635
814
676
234
769
510
565
641
564
775
355
748
529
450
765
562
614
665
602
637
609
463
566
716
509
526
577
637
581
502
631
540
571
584
686
670
561
580
688
550
634
587
810
704
583
519
440
581
712
209
628
530
701
720
657
678
620
532
486
564
614
327
331
419
684
131
577
438
508
572
564
484
684
345
552
561
725
595
256
644
622
561
586
368
620
521
614
738
772
289
487
441
656
571
683
636
500
476
415
525
524
304
538
390
557
859
882
872
495
604
547
578
703
749
634
305
620
359
473
451
371
873
889
490
745
746
561
272
794
480
876
426
348
517
417
327
310
598
622
605
542
579
592
752
751
623
719
380
420
489
492
626
449
648
662
797
396
489
453
379
440
575
572
672
600
532
676
670
588
474
494
511
645
460
777
613
684
316
189
214
576
689
643
456
448
673
511
455
729
630
577
587
545
630
657
538
511
660
634
740
699
291
728
757
709
547
497
576
728
771
566
684
510
598
662
648
688
660
637
789
585
687
601
520
664
664
234
727
553
894
549
871
652
714
665
782
602
561
528
371
319
475
440
607
553
528
493
472
465
665
619
499
179
559
321
834
695
633
666
640
442
505
456
832
428
446
334
288
505
400
727
298
295
788
577
607
494
596
501
526
583
544
433
640
450
488
526
439
710
627
405
507
682
619
663
492
818
712
698
676
702
533
710
491
857
657
689
667
644
603
604
662
280
367
842
550
561
540
646
632
514
476
493
144
505
173
380
334
391
544
504
696
562
568
502
527
516
649
529
221
750
575
818
805
808
828
791
623
609
717
618
766
633
601
535
805
602
606
630
549
449
438
542
820
795
346
563
592
478
816
803
612
727
694
396
658
679
495
512
557
535
567
521
434
463
750
787
452
508
880
456
569
483
702
263
335
548
593
748
533
480
458
356
524
483
524
660
702
757
357
545
387
511
513
199
344
788
762
735
709
550
457
557
346
584
480
561
269
659
516
475
490
466
662
538
210
476
734
294
405
450
796
563
495
298
577
524
564
916
707
665
459
669
651
632
400
621
615
590
721
728
732
509
302
455
578
352
596
-1
519
615
306
915
697
265
632
616
584
429
239
547
320
384
202
532
494
450
600
605
625
686
677
594
430
462
631
582
752
599
631
482
439
506
521
508
495
468
499
634
468
636
825
366
463
414
412
422
495
507
487
553
523
573
593
671
544
359
503
405
671
449
567
338
335
411
355
341
308
367
509
610
486
493
522
296
413
497
429
490
607
278
600
147
322
567
495
647
537
558
524
516
472
719
517
535
633
486
420
383
444
533
644
715
513
381
574
648
580
536
546
617
366
473
405
212
527
620
399
608
411
648
493
541
463
517
457
376
607
600
558
466
414
438
559
429
230
579
584
282
339
546
679
692
600
597
574
652
589
377
388
657
485
338
355
361
650
743
560
489
636
616
612
595
617
549
546
442
434
512
660
604
563
661
690
512
367
539
656
402
471
449
474
447
644
455
422
415
576
345
400
402
416
366
547
567
493
789
388
374
469
463
512
741
581
436
410
322
512
528
479
408
355
509
474
399
450
399
317
412
499
455
302
432
495
600
412
522
447
394
424
484
229
559
351
430
627
523
530
607
563
570
400
577
429
405
439
548
805
437
772
362
410
671
496
403
671
460
443
380
455
385
404
478
574
400
623
628
282
586
178
239
633
430
550
644
319
452
577
462
487
829
502
425
617
380
450
581
580
625
501
466
428
435
395
338
276
593
444
552
473
347
534
461
661
480
248
137
544
449
328
584
461
445
455
406
429
417
484
484
506
632
322
354
527
503
444
463
428
553
395
390
502
414
381
378
524
629
305
382
459
537
562
346
491
356
561
441
527
470
501
108
122
95
210
469
503
431
237
460
226
431
481
330
633
532
590
517
413
390
400
410
368
322
389
547
598
360
377
391
498
459
398
528
158
384
320
483
381
429
405
404
317
493
487
340
480
323
438
375
395
363
429
539
539
278
394
511
484
358
640
625
559
561
497
407
408
363
414
356
471
412
328
427
433
302
362
354
326
329
384
436
455
415
579
324
381
439
425
476
709
623
602
444
320
349
312
558
393
339
418
484
415
552
366
257
363
494
338
522
520
520
472
372
497
407
391
354
457
559
258
240
143
477
457
498
331
580
392
399
409
286
492
337
403
434
335
411
494
446
493
501
460
588
474
411
313
629
430
494
391
569
477
609
410
360
350
472
488
360
341
295
396
333
437
372
524
391
285
345
244
599
365
297
550
408
373
545
351
356
349
362
433
431
395
410
257
365
417
290
434
461
385
434
436
681
428
408
591
443
452
507
348
345
371
278
454
332
242
458
276
345
365
337
413
382
546
253
424
481
557
528
427
562
553
439
430
494
569
468
416
437
764
368
270
334
467
535
387
249
292
448
388
367
372
356
436
374
393
549
375
357
413
342
376
269
234
327
342
257
501
285
414
328
328
326
318
375
380
402
511
360
306
314
373
288
496
418
400
421
371
438
317
489
289
319
418
428
327
485
453
245
354
403
655
355
402
354
401
327
326
263
280
291
340
580
240
212
338
407
264
257
368
370
409
390
426
359
343
321
340
338
429
298
324
451
386
436
440
400
499
271
538
319
664
272
480
553
554
261
395
289
411
365
343
346
276
446
230
412
297
387
279
505
342
487
355
380
336
258
347
334
417
458
273
305
288
360
445
242
316
317
312
270
129
386
400
340
371
404
392
414
436
419
467
403
484
410
225
254
356
281
245
360
289
349
328
396
457
346
306
354
557
463
290
347
412
351
365
401
389
293
354
472
316
363
176
482
369
300
328
313
331
350
556
350
720
322
360
348
272
383
388
489
246
173
344
235
383
383
330
344
470
255
406
458
300
428
243
362
323
440
313
335
434
260
209
229
252
463
397
336
362
385
208
486
388
381
230
388
296
280
260
318
321
240
279
348
346
333
189
315
220
408
339
82
322
357
288
439
296
432
368
262
360
469
296
413
348
280
317
258
247
608
260
287
353
282
504
271
126
447
378
306
457
313
376
294
236
275
266
339
311
371
247
298
301
194
380
173
516
296
296
386
386
453
307
246
355
366
277
228
282
344
448
291
316
339
526
494
478
225
407
384
271
523
410
220
356
294
432
387
233
435
342
233
442
306
484
274
101
400
499
350
392
244
424
359
260
230
277
429
349
275
232
358
223
405
228
330
350
235
375
248
334
415
355
268
337
317
38
59
443
277
288
306
386
348
167
397
419
211
211
436
406
362
205
348
292
197
357
345
329
222
289
261
334
473
305
276
379
299
221
284
180
260
348
205
373
385
359
199
302
379
420
259
219
323
485
388
363
163
346
337
312
327
309
443
337
523
303
272
395
239
448
311
195
328
452
270
500
322
351
282
255
179
294
217
221
203
210
145
251
304
341
336
378
395
394
399
241
220
315
215
272
117
461
454
164
263
172
162
229
263
189
197
294
273
334
273
281
406
171
234
155
452
160
129
298
409
251
256
199
149
247
195
245
164
139
282
272
209
318
237
196
348
243
237
265
392
128
336
320
295
97
210
211
325
436
223
266
310
154
316
138
139
331
183
221
220
469
186
212
198
175
121
254
230
258
120
297
115
181
215
359
149
219
305
281
229
379
255
282
216
172
179
172
172
183
163
185
155
321
185
297
151
170
169
215
190
350
350
208
128
92
225
246
244
283
109
214
356
117
187
84
113
125
89
128
178
108
149
157
145
103
200
126
131
187
229
139
126
103
64
127
150
128
68
74
124
153
116
137
138
121
113
89
402
293
