1032
1312
1379
1313
1261
994
1402
1304
148
1294
1310
1125
1089
965
1016
1110
1070
1137
1069
1252
1042
1000
908
988
881
804
951
1195
1284
1338
1240
1415
1452
1501
1687
1680
1669
1483
1529
1460
1424
1464
1505
1589
1470
1325
1231
1409
1147
1387
1587
1393
1436
1410
1349
1363
1415
1303
1354
1326
1367
1287
1403
1239
1274
1409
1500
1281
1330
1325
1720
1502
1771
1639
1053
1089
1433
1523
1367
1499
963
1332
1267
1116
1411
1259
1070
919
1218
1217
1522
1376
1550
1519
1423
1122
873
1202
1402
857
991
1169
1161
1369
1506
1079
1048
1042
1050
1013
921
975
969
873
921
949
952
850
966
943
905
859
893
1295
828
1137
786
873
1094
880
1323
865
850
893
633
855
905
971
741
735
1152
1102
727
934
778
862
563
897
1485
1162
1283
1249
1105
846
981
1391
1255
922
924
1474
1535
1077
1058
1248
1237
1390
1584
838
825
759
757
784
578
646
582
688
609
619
804
633
495
917
934
1115
1139
906
495
606
487
458
461
538
455
541
649
573
1008
1009
648
978
1306
816
1268
1306
1090
757
945
1279
1145
1095
1590
1508
1071
1121
591
1380
1007
1446
1458
1412
734
1441
1113
1116
1217
1263
1067
1243
1111
1178
965
1346
1213
1351
1080
1395
1255
966
1399
1299
1475
1227
942
857
688
1442
976
942
710
542
641
464
439
686
701
911
934
955
855
378
496
384
577
1472
642
859
323
971
976
1171
1343
672
900
843
1319
1016
993
918
929
1029
1108
1169
1211
1182
1075
1155
1111
864
848
770
1257
1321
801
1041
1388
887
1191
920
1373
1076
1320
787
760
790
639
785
1209
864
725
920
658
631
675
776
1327
693
1200
986
1317
920
1271
1264
1378
1229
1136
1494
1136
811
940
758
883
1137
1378
1115
588
971
1049
1008
1068
534
1104
1059
1237
1208
1232
1107
727
1033
982
858
1215
1096
1313
1320
1050
974
973
1013
881
1365
1109
984
1272
1289
1216
781
1049
1073
951
964
1060
1024
730
672
1113
1055
1072
1218
1049
1267
1163
1124
638
843
1014
308
1181
1058
1208
1167
863
902
799
676
609
768
1172
766
763
588
1084
281
1359
992
1145
1244
1226
952
1147
767
-1
1261
917
1147
516
1102
1122
1047
986
580
1201
1074
1043
836
971
713
893
747
983
977
1121
848
598
540
475
575
737
600
845
653
816
1019
1014
953
577
619
628
517
989
1123
593
681
1134
739
626
845
696
1103
944
756
888
842
825
412
816
1040
991
434
439
1054
779
615
617
780
798
816
781
685
895
767
809
930
894
849
866
982
735
1081
914
945
1038
966
583
980
991
798
904
1160
1181
1115
1061
1039
1203
1107
1105
924
744
1023
848
800
1113
1001
1095
455
238
517
1183
770
981
889
843
1099
998
998
1248
1031
712
1081
1077
1018
1011
1110
843
1036
1024
857
910
454
1033
964
772
927
828
1205
760
846
681
791
943
1092
933
866
849
857
738
818
733
793
858
841
972
817
396
854
1018
927
832
737
886
764
740
789
1209
1089
925
569
477
1033
792
818
798
828
916
988
773
957
1243
768
288
775
694
714
672
856
745
859
929
1040
912
746
571
610
471
440
631
488
632
420
668
881
748
782
847
950
960
671
808
777
758
730
702
721
798
722
874
876
862
898
765
794
583
630
773
997
858
778
872
897
988
760
788
733
870
751
776
715
754
697
597
594
851
703
895
880
659
1025
560
496
777
281
917
439
488
625
517
916
755
671
620
616
545
556
632
654
664
312
736
942
978
923
967
944
930
910
893
830
642
590
578
776
918
758
868
700
758
755
600
673
555
687
687
712
651
707
695
784
644
1108
610
577
776
653
727
842
851
900
855
878
847
601
690
611
660
805
1052
628
1126
1002
952
980
436
595
503
575
702
514
547
525
384
787
592
690
657
713
779
903
1137
413
559
561
375
615
529
579
553
677
764
912
655
736
715
685
537
566
807
677
748
819
782
525
634
311
1013
584
433
530
615
612
608
878
571
743
884
618
745
554
1054
784
565
774
593
626
553
596
748
628
726
483
779
623
740
566
549
587
552
899
562
644
744
607
452
627
745
557
650
501
923
500
561
415
806
962
651
644
788
856
812
631
687
666
598
756
937
605
1222
790
703
908
701
614
678
990
738
635
585
495
626
573
537
776
843
799
780
911
798
786
789
798
790
794
770
655
672
722
613
543
752
907
682
562
648
603
439
561
524
741
712
644
669
699
522
802
893
548
878
691
256
880
271
646
463
844
504
1055
586
595
584
440
585
766
651
454
718
585
665
801
844
612
579
509
502
702
573
811
618
637
703
684
628
629
414
739
603
673
941
579
827
732
621
636
804
735
543
690
656
696
642
555
645
669
743
456
488
824
574
702
782
1121
625
530
579
578
498
438
506
589
488
610
412
636
590
685
578
537
607
552
727
687
675
796
613
1048
705
645
656
518
598
502
629
589
575
807
562
921
631
741
606
690
611
633
508
533
400
596
512
639
661
600
764
547
738
753
946
606
592
694
673
799
723
611
676
388
550
493
663
780
645
591
642
387
611
779
610
482
638
511
625
536
797
487
657
660
438
775
592
740
794
339
581
891
554
476
461
682
574
479
555
509
572
719
498
752
544
505
631
720
459
423
597
542
827
695
556
753
546
686
353
745
472
909
506
512
533
444
490
269
383
683
451
593
777
480
609
616
445
478
426
468
544
647
551
570
805
709
519
592
520
419
739
597
416
402
528
535
410
517
358
471
509
857
539
313
273
539
640
539
489
462
554
399
439
467
612
620
628
585
670
442
395
586
467
605
545
456
731
559
512
578
571
549
303
381
477
426
418
521
489
598
618
447
321
446
535
506
461
477
195
207
137
578
356
577
491
468
636
316
762
836
494
674
599
499
442
572
556
574
555
529
401
571
743
729
594
479
488
427
454
516
537
294
545
573
429
333
617
608
622
439
638
547
320
349
345
553
602
450
454
603
541
542
370
429
715
555
604
539
593
589
513
635
757
548
381
452
484
327
562
333
542
408
320
391
494
547
369
486
459
370
342
445
440
660
705
450
509
512
629
432
418
558
481
506
543
492
412
476
716
563
372
631
285
528
651
382
409
469
401
343
402
441
535
664
645
396
572
298
301
185
641
437
343
703
323
451
631
559
368
404
504
453
631
661
465
412
404
305
352
349
343
330
330
632
499
362
881
427
519
416
457
437
402
405
309
382
311
294
443
621
497
337
486
578
483
297
474
365
449
542
521
402
481
458
539
301
324
300
355
569
708
646
503
353
331
645
303
528
403
366
553
541
661
569
559
684
371
431
439
338
315
411
387
375
343
372
710
488
707
528
486
401
456
707
337
379
506
571
469
414
471
404
452
341
652
415
891
541
600
392
580
394
371
398
366
368
428
444
397
290
284
297
314
841
320
321
391
412
469
496
391
679
364
334
478
484
327
330
357
412
341
362
320
479
593
523
536
491
325
460
454
632
325
323
332
494
627
438
502
290
457
508
503
647
442
446
396
612
171
404
360
642
298
331
421
608
384
372
306
433
407
410
351
359
341
404
535
374
282
560
573
428
554
530
427
388
422
337
331
620
492
255
304
314
328
420
468
627
614
838
423
587
387
355
317
624
423
482
349
306
576
485
334
227
418
395
391
271
664
387
414
277
407
331
322
321
291
436
293
646
476
365
547
235
609
309
372
505
373
255
382
186
647
647
454
431
625
298
688
451
616
563
435
388
471
322
308
592
417
342
293
399
365
340
341
348
498
423
270
641
698
382
339
418
420
660
449
355
461
329
528
260
506
267
693
342
425
347
362
406
319
453
390
577
298
340
291
327
330
298
399
210
273
521
279
365
303
371
381
400
321
456
627
328
342
267
394
321
423
439
390
311
294
253
297
289
390
447
353
360
539
333
306
524
276
211
294
326
286
271
262
324
329
316
212
425
457
254
322
291
323
301
141
285
363
289
310
325
374
508
319
310
553
257
477
387
322
417
215
416
430
397
362
329
444
508
534
166
384
309
273
238
351
511
315
256
235
389
369
293
331
342
614
384
258
315
262
528
294
400
406
532
368
468
317
332
348
377
338
279
319
316
380
481
463
272
305
326
284
468
482
488
312
410
336
497
417
476
483
261
341
346
261
403
207
438
364
162
588
326
338
354
270
555
323
386
285
364
356
406
360
339
400
312
291
336
327
274
233
376
219
323
591
254
247
259
353
53
86
649
543
405
322
303
590
369
269
320
258
227
654
264
281
235
368
343
305
337
425
344
319
289
235
256
431
231
406
591
450
305
359
275
351
349
298
382
252
500
299
371
332
463
230
215
304
381
333
529
230
314
494
391
385
249
321
281
432
324
284
318
319
284
646
154
413
482
436
230
248
286
275
260
261
391
295
302
253
230
168
358
221
425
240
432
368
371
280
250
253
265
255
289
113
395
291
283
234
173
252
281
266
252
319
255
208
459
372
244
343
277
209
265
361
259
153
246
532
206
210
183
267
414
295
158
194
241
337
250
275
403
211
296
374
295
217
286
316
152
360
338
433
131
237
186
458
311
215
207
184
252
239
136
177
174
266
275
274
377
357
221
239
234
183
192
231
215
238
340
103
122
196
196
177
287
403
236
281
266
372
349
291
221
236
237
225
252
216
259
168
367
247
269
199
211
190
272
174
283
281
285
127
105
265
169
166
406
149
196
238
113
257
82
139
165
98
111
208
153
137
190
194
84
343
202
152
141
177
255
103
168
80
146
124
136
87
70
117
176
138
112
113
161
87
130
913
238
