883
891
818
769
700
608
904
772
78
748
766
730
792
797
657
660
620
669
601
777
646
622
691
793
663
666
626
667
742
761
782
815
976
919
1053
1156
1177
1033
1069
960
1045
1075
1050
1075
1022
953
884
944
981
935
1223
1208
1143
1215
1062
1010
1137
976
1146
1121
1235
991
1095
1126
993
996
1093
1015
1025
987
1009
876
963
1021
867
659
1001
975
755
771
904
936
948
856
908
823
1088
906
914
822
1019
1043
927
823
831
773
752
828
898
744
903
1096
769
859
871
1021
1048
934
988
1108
746
937
997
856
903
977
805
800
937
930
989
835
716
1005
660
943
577
915
833
820
895
913
907
945
714
761
845
884
538
794
1004
1007
752
840
723
781
625
920
931
870
732
771
786
766
634
958
1059
906
867
925
907
960
999
727
718
826
845
844
839
764
779
831
682
698
622
681
608
626
826
649
543
772
723
805
681
724
531
580
487
480
447
537
440
519
653
571
799
799
563
590
861
862
729
735
604
730
839
878
883
910
816
784
807
685
471
890
601
913
815
865
729
854
921
899
958
874
901
798
989
855
619
864
743
756
811
848
903
912
966
1063
893
825
753
726
566
804
827
720
638
548
523
396
438
623
600
749
537
900
792
431
513
432
714
785
597
839
383
918
800
1207
912
638
861
699
766
726
699
628
631
779
832
929
807
893
819
960
656
865
584
622
742
764
623
723
921
779
696
478
778
1137
759
853
811
844
597
796
798
488
551
506
406
466
415
420
781
555
786
731
828
593
707
865
759
728
959
789
803
778
708
689
731
908
758
675
700
950
883
881
910
500
963
681
726
807
685
830
593
954
611
586
792
737
724
748
741
737
783
656
716
794
643
636
766
704
734
732
698
775
637
641
880
814
737
667
739
620
685
664
1007
864
745
715
558
674
758
332
657
591
821
812
639
656
731
589
588
738
669
533
536
573
712
325
756
627
694
713
654
724
844
662
699
722
676
723
316
737
692
719
730
535
672
633
761
686
743
357
625
600
687
810
766
809
626
544
580
601
789
614
663
603
649
737
679
693
595
643
700
582
820
801
649
486
756
576
623
498
397
929
764
594
670
636
589
353
735
638
898
474
501
709
571
551
483
633
695
715
755
731
794
678
768
663
787
544
599
554
587
609
532
683
790
882
522
609
757
541
510
673
697
716
637
606
730
750
746
604
715
636
909
655
808
596
714
408
238
396
689
748
790
666
575
787
688
657
892
660
655
760
748
778
807
645
872
809
728
714
687
427
668
800
612
664
566
615
602
615
529
618
571
663
637
687
706
688
597
645
700
688
652
736
719
652
434
719
629
921
661
614
620
619
643
722
765
710
706
588
469
562
589
536
544
543
578
553
488
1015
692
646
335
500
548
662
625
616
649
819
608
594
531
624
583
522
567
479
526
585
535
515
338
618
732
637
784
586
661
517
525
515
474
582
564
625
559
721
738
645
637
521
529
585
443
554
655
827
717
603
774
568
719
558
648
516
643
529
759
687
641
599
504
557
763
660
527
553
611
671
562
535
628
276
828
338
474
411
485
557
633
688
608
550
500
503
475
516
478
293
597
707
772
742
752
749
705
632
619
664
580
564
526
510
594
584
655
630
521
569
462
459
503
624
609
532
572
620
587
667
535
742
598
533
583
483
562
455
457
526
498
550
463
532
539
536
541
584
618
595
733
757
536
716
374
438
419
521
602
386
536
427
388
446
542
654
663
642
630
691
836
411
399
426
360
583
456
463
589
523
535
636
504
579
540
482
533
382
648
465
493
624
589
506
614
326
535
524
410
425
475
459
488
467
379
597
472
535
698
517
812
457
481
561
479
399
441
424
569
549
577
412
525
394
562
590
582
420
522
586
530
419
693
494
190
607
502
555
378
383
520
472
448
286
537
619
399
620
549
535
508
489
485
405
587
640
689
542
613
695
447
495
450
496
648
420
427
485
439
504
495
508
482
548
498
478
513
492
425
431
458
552
458
552
504
420
356
454
521
424
411
539
424
375
429
395
290
422
335
473
555
469
505
-1
552
483
493
357
456
484
262
619
285
463
406
512
468
574
484
428
416
373
538
493
498
393
446
444
402
433
538
414
474
463
454
547
460
563
425
453
541
457
670
364
309
648
448
587
581
378
800
476
476
713
452
423
292
393
408
633
403
347
341
541
403
407
421
761
487
469
427
720
478
413
442
432
429
384
398
320
479
450
321
365
404
606
448
392
377
406
635
570
552
665
409
650
385
412
553
481
479
377
451
450
403
606
433
662
449
379
434
339
405
448
320
398
298
424
588
325
334
320
548
385
635
456
754
496
460
389
524
731
770
502
427
321
349
409
477
529
711
338
530
351
537
501
324
518
410
554
445
408
486
355
526
353
418
609
488
495
506
229
447
366
477
403
383
376
507
394
432
269
479
440
323
410
594
460
341
610
331
373
503
371
483
582
351
528
478
483
321
381
346
565
340
419
431
487
408
273
433
441
332
445
659
479
390
454
345
347
380
370
288
501
357
335
535
499
388
707
692
584
633
296
300
258
411
458
326
459
354
401
300
677
397
320
246
361
399
516
351
518
293
317
440
346
384
359
358
405
611
353
227
467
361
443
324
274
496
377
339
554
373
314
191
291
432
286
350
376
401
450
307
332
240
394
500
344
349
361
208
225
162
368
338
415
343
429
344
190
393
438
264
528
541
390
320
369
363
407
405
373
284
373
440
588
317
415
254
276
312
332
508
263
424
398
284
222
347
358
362
335
410
332
262
355
210
363
412
262
285
469
494
492
195
407
468
497
346
436
644
582
602
446
542
406
215
342
242
330
351
224
378
313
224
277
313
343
257
358
309
311
313
338
249
371
455
279
330
435
506
358
372
316
300
401
400
260
252
464
402
356
262
272
201
327
495
316
244
300
315
352
306
334
311
304
282
298
554
228
170
114
612
348
284
404
270
386
385
346
183
293
255
268
313
442
316
322
345
266
304
294
312
328
274
313
391
247
505
325
472
331
359
248
255
404
292
296
247
216
490
430
431
258
270
392
391
292
389
271
372
296
279
358
280
250
440
268
286
268
314
494
379
545
306
238
304
375
202
426
257
264
357
353
501
292
263
496
257
290
292
330
312
232
243
281
269
232
551
268
357
324
295
387
407
532
244
329
358
437
356
256
346
319
307
272
380
401
426
314
407
346
418
250
242
379
265
291
250
252
319
230
227
244
273
416
255
297
356
315
277
363
205
416
220
208
279
254
194
291
234
311
255
271
323
237
352
334
617
415
207
281
285
314
164
310
249
370
409
302
398
186
368
434
269
413
354
294
309
417
169
286
266
533
265
333
308
352
249
256
201
272
251
315
323
261
216
227
336
214
186
299
310
386
367
370
230
244
219
208
200
354
294
258
245
302
270
337
384
371
406
472
295
570
316
294
239
579
228
289
448
265
297
261
249
215
324
272
317
152
320
274
287
209
367
300
210
243
215
327
238
369
346
219
426
211
390
239
230
268
245
217
228
100
344
358
247
352
443
209
387
349
364
410
252
300
349
164
175
356
255
187
268
298
219
331
300
292
281
200
193
483
417
300
213
283
263
554
377
263
266
263
423
220
281
156
430
238
258
267
258
301
209
401
268
531
205
250
224
277
337
244
405
195
192
297
181
293
250
213
267
314
192
444
365
239
295
159
239
250
309
211
380
210
173
177
205
140
337
362
295
310
360
308
287
354
247
176
210
217
197
191
258
273
333
179
188
313
274
152
257
225
253
233
137
206
364
210
281
287
315
353
226
248
387
232
334
306
231
233
184
216
315
195
213
282
207
410
304
120
309
228
249
203
211
312
211
150
185
188
247
172
189
253
474
226
161
260
161
394
262
240
279
372
300
358
189
263
240
238
209
255
229
244
199
314
308
224
280
236
232
325
273
231
259
280
210
261
224
374
320
185
275
300
181
282
195
346
211
60
345
251
294
293
157
470
260
203
156
201
259
364
237
218
297
180
220
202
284
187
201
332
150
346
363
221
185
260
194
75
87
432
445
265
200
280
335
159
207
253
161
160
453
233
190
136
273
220
158
233
300
266
160
251
185
221
304
235
292
367
308
207
252
134
214
266
137
259
160
298
188
272
371
366
165
127
297
311
236
300
88
240
414
260
268
212
289
318
339
287
233
282
214
236
450
115
291
452
242
203
191
211
211
186
149
229
189
182
145
157
97
187
194
388
208
354
235
236
218
254
127
221
127
264
40
349
248
175
248
137
113
189
236
145
204
185
159
445
293
163
250
113
140
125
335
242
114
233
345
142
143
137
133
298
146
112
137
122
205
200
180
258
159
150
340
157
151
229
223
91
293
343
230
68
137
164
240
291
152
161
175
188
157
96
102
145
193
216
214
321
200
126
166
162
102
150
202
181
98
235
59
68
166
144
82
155
237
201
175
225
197
193
128
106
98
152
118
125
124
145
121
250
127
224
111
148
150
145
133
229
228
177
78
55
176
126
126
232
109
233
198
107
145
84
70
115
68
116
165
104
98
94
102
57
182
91
111
113
154
120
91
114
66
93
96
91
48
50
80
130
152
76
76
76
71
82
648
230
