290
370
389
369
382
376
406
366
44
365
357
343
312
277
303
331
326
366
343
384
302
330
269
285
250
238
283
336
382
398
375
379
388
392
437
449
502
438
474
408
430
502
426
495
448
387
352
437
325
450
514
479
502
538
455
451
502
485
415
493
556
517
420
419
515
494
444
498
474
485
454
442
453
455
330
245
488
480
336
384
379
491
494
398
523
550
359
243
534
364
466
482
381
407
424
317
324
434
430
292
315
403
377
399
409
387
349
374
375
344
295
324
327
283
319
333
332
268
329
342
331
321
262
386
206
454
174
306
356
280
399
295
309
329
202
306
330
373
211
256
367
379
262
372
271
306
179
337
472
483
336
366
341
348
302
441
457
329
396
381
430
360
385
315
366
393
416
325
328
281
261
291
195
234
204
261
236
209
320
229
147
363
329
402
301
202
192
234
172
150
161
189
165
175
201
207
316
318
202
266
391
308
385
374
307
262
329
315
436
484
446
404
336
319
119
411
299
427
448
408
286
465
426
431
547
454
357
448
364
500
226
409
329
345
428
461
423
396
480
456
419
446
340
255
216
462
380
284
191
178
178
121
140
182
192
280
297
395
317
100
178
117
205
435
222
340
97
370
305
414
487
250
293
229
535
329
349
368
357
387
417
481
427
480
458
463
340
341
316
236
363
399
305
433
449
336
389
245
417
454
390
301
297
312
233
282
412
213
208
240
183
154
169
172
410
189
511
341
420
270
381
493
433
489
483
427
304
302
280
298
389
442
458
497
232
400
457
539
412
156
432
412
410
403
360
384
196
310
236
237
345
274
440
447
311
354
380
297
350
402
336
343
428
407
418
295
503
324
320
326
451
523
244
281
535
336
362
384
388
449
394
404
237
291
450
104
404
357
437
487
342
343
306
246
241
287
327
257
253
190
518
80
405
319
382
430
412
375
465
254
418
386
373
399
156
363
396
395
329
239
389
368
412
361
450
161
381
361
436
334
461
357
227
203
204
200
269
227
303
216
306
492
540
577
211
250
255
206
324
386
256
191
364
248
244
300
281
497
429
267
447
468
348
194
597
318
466
205
158
406
216
175
177
293
303
283
283
290
304
298
293
331
334
214
233
288
237
365
333
441
495
437
246
339
301
233
284
401
397
418
427
371
467
358
407
310
266
380
366
290
502
409
503
181
120
138
403
287
436
260
289
467
309
331
446
418
311
389
343
468
489
404
309
520
420
411
389
186
444
302
301
402
399
466
460
430
237
298
319
409
393
289
267
272
238
307
226
297
304
288
395
467
144
311
360
456
372
528
285
257
258
351
437
439
303
249
234
357
283
422
365
366
450
369
237
368
413
278
104
401
207
277
246
285
267
381
248
335
356
535
211
221
165
157
228
183
249
164
303
472
352
292
378
405
373
517
426
398
252
381
268
279
273
332
504
440
259
318
674
398
360
321
415
453
488
361
497
425
537
250
565
337
482
472
389
278
279
639
194
276
334
334
449
420
332
375
216
205
246
96
322
116
207
203
288
337
297
315
291
223
191
200
244
276
257
103
568
441
444
427
431
411
421
424
403
300
278
259
288
437
386
461
443
245
260
256
209
251
283
651
626
239
328
266
259
552
452
426
353
358
269
326
635
321
348
399
377
407
362
219
241
374
535
254
386
314
313
454
396
462
125
180
338
326
512
300
256
196
149
441
263
281
294
486
477
222
341
261
347
315
73
264
408
512
368
285
273
303
233
195
519
262
218
166
309
332
234
343
318
303
282
94
311
499
105
191
239
367
319
423
186
317
451
271
482
392
428
327
331
567
511
232
464
498
385
584
645
432
446
171
354
218
229
394
412
387
326
236
431
528
153
401
360
329
407
172
354
196
238
101
365
388
329
312
377
502
351
303
443
347
216
497
370
351
425
453
422
365
360
264
339
420
469
265
251
172
243
388
205
263
295
292
307
410
429
433
435
368
449
560
452
412
239
424
251
595
394
379
267
296
309
303
306
234
310
386
598
278
291
283
176
354
331
192
349
469
210
412
78
291
287
382
413
377
401
309
321
240
257
375
272
321
373
234
285
375
364
302
524
285
231
363
343
481
248
268
615
247
305
332
125
309
224
247
419
364
415
431
237
238
409
406
189
535
527
455
333
334
389
264
415
144
327
432
183
287
483
426
551
550
576
486
584
316
223
309
349
311
154
251
209
493
594
522
487
564
421
392
389
441
373
398
336
383
316
258
587
474
579
593
438
327
422
434
307
461
428
478
463
543
514
225
193
605
172
393
416
411
267
594
513
340
408
366
244
427
309
384
429
500
385
144
260
280
310
283
292
280
477
331
261
419
397
179
396
224
365
256
297
438
435
374
227
429
410
320
489
190
533
289
264
455
220
477
312
441
663
360
498
409
314
329
285
289
459
505
220
200
499
424
285
552
489
426
300
374
264
226
517
401
213
570
584
183
350
130
127
429
513
528
447
197
413
400
510
399
365
467
505
487
299
424
461
425
422
330
291
301
329
340
283
245
616
274
414
419
186
571
520
438
204
120
72
334
340
184
307
210
513
313
300
465
375
408
407
191
326
265
370
481
290
378
501
417
445
355
321
271
386
366
202
400
237
329
387
498
548
514
339
326
222
447
240
612
470
452
56
58
44
127
361
417
389
187
399
246
423
380
358
421
426
405
443
360
350
388
372
356
343
348
458
509
299
176
456
356
465
305
428
96
252
204
277
222
362
359
360
170
382
507
410
294
353
431
238
336
293
315
206
203
237
201
363
215
272
604
407
386
302
381
265
294
394
381
277
288
384
320
313
453
347
429
391
330
476
248
411
334
289
464
256
398
373
496
511
294
467
417
352
252
314
237
644
352
380
300
370
451
312
337
222
332
364
289
303
297
284
289
288
528
347
407
365
558
339
143
271
188
368
528
398
278
367
230
326
409
254
388
277
523
343
306
541
355
364
273
245
400
267
307
294
347
392
342
361
225
458
440
558
385
383
210
252
387
409
397
249
369
200
303
235
391
363
202
304
211
350
312
156
277
522
473
374
224
230
220
216
278
372
333
412
224
230
419
335
438
467
533
377
389
537
405
376
337
270
285
286
214
217
383
251
279
360
252
403
292
382
379
367
439
161
421
266
257
481
493
511
613
561
420
454
419
418
418
326
535
291
323
265
279
377
290
351
478
238
311
239
220
224
228
289
316
417
284
262
244
408
205
324
319
285
227
380
343
287
321
294
525
482
437
236
358
251
316
315
363
280
342
281
340
263
266
419
396
365
194
302
409
507
184
367
344
277
260
443
404
158
477
407
432
324
301
283
415
405
321
268
261
255
248
218
223
239
472
384
299
246
326
337
352
311
219
336
408
376
244
233
410
302
217
269
209
300
456
378
493
162
494
381
310
166
427
277
363
206
381
174
292
430
305
357
203
445
277
320
283
363
187
463
319
493
301
601
301
336
373
193
380
326
201
234
165
279
325
210
299
297
182
239
170
364
366
316
253
334
232
266
305
376
417
348
225
417
259
223
314
333
241
246
258
457
186
284
229
326
386
360
285
373
256
408
-1
456
360
238
279
273
227
404
194
434
201
426
403
315
240
236
249
308
484
486
392
422
397
429
200
210
363
229
143
217
360
333
411
408
448
385
189
240
243
352
412
402
335
263
249
294
329
267
226
385
182
186
191
285
304
205
323
200
85
276
345
256
185
254
375
423
195
191
239
134
327
257
381
324
204
376
249
470
269
46
252
261
408
375
205
377
182
346
207
492
243
373
447
194
369
185
216
258
296
278
190
254
346
144
121
384
239
220
257
130
325
401
371
261
286
321
261
383
250
226
317
210
360
204
383
268
361
223
380
239
141
303
210
216
273
236
192
383
185
260
292
279
230
249
346
124
352
361
362
289
450
236
378
300
257
340
307
430
421
217
476
239
347
193
17
360
269
241
392
378
305
274
305
270
305
253
237
296
228
388
289
235
250
375
211
171
173
198
286
307
209
197
217
428
20
25
337
239
326
246
260
336
218
183
389
305
250
390
215
194
256
422
441
254
477
380
213
291
172
200
312
380
203
312
387
322
216
352
270
273
383
181
449
219
338
219
273
215
327
209
338
261
381
458
310
206
355
256
233
284
271
178
169
493
339
166
369
203
228
216
226
295
403
213
193
169
393
209
283
216
336
242
240
216
272
179
344
249
226
263
398
190
190
180
118
310
292
326
272
106
351
260
159
176
144
208
189
165
232
207
181
195
236
263
312
281
204
226
184
184
92
123
160
359
323
169
223
194
201
224
125
251
98
328
174
200
245
212
287
178
288
160
254
280
171
229
226
299
125
274
216
284
238
287
246
197
206
248
107
180
164
169
306
307
293
208
290
172
199
133
181
221
243
52
356
95
185
214
157
194
227
249
183
190
190
194
324
225
199
171
71
211
234
186
218
151
292
211
150
183
188
169
268
161
184
182
184
164
124
239
162
160
234
121
147
187
125
225
77
123
133
121
109
183
89
187
170
178
116
189
126
149
126
135
139
117
101
76
155
116
137
68
92
153
153
102
98
98
163
74
108
262
195
