963
1146
1178
1136
1076
888
1223
1146
125
1118
1030
1015
892
850
889
965
916
975
930
1150
923
992
885
1007
808
755
1179
1027
1231
1145
1126
1177
1204
1320
1271
1224
1243
1070
1143
1121
1170
1116
1143
1134
1160
1316
1299
1360
923
1266
1232
1064
1041
1062
984
1027
1020
1026
1038
998
1027
1165
1055
893
928
941
1217
1014
948
1023
1263
1383
1183
1245
1077
781
993
1047
842
969
685
899
852
825
953
902
872
655
877
1038
1130
1051
1047
1187
1276
1005
670
1045
1028
615
709
936
1272
1333
1051
853
820
834
833
854
747
760
804
676
722
754
838
695
745
761
728
735
822
1195
950
1075
618
693
862
687
1141
649
705
721
538
825
889
903
600
521
945
838
618
856
729
692
448
700
1188
1095
1238
1401
1354
944
1205
1166
950
792
758
1291
1265
822
855
1000
1091
1136
1116
711
682
647
624
621
472
474
480
570
484
490
651
512
412
674
734
1222
1338
632
433
580
358
342
371
441
367
443
473
481
885
884
599
1191
1028
657
1094
1129
1148
593
717
1099
800
836
1017
954
999
1386
402
1059
1020
1181
1157
1056
577
1005
916
958
950
993
845
1145
761
859
761
1034
1533
1384
1165
973
1105
771
994
1002
1130
853
682
588
574
986
664
1081
541
389
660
406
331
547
520
646
890
781
723
277
383
321
480
1227
538
681
242
938
878
895
1015
540
624
541
933
1267
1280
1143
1137
1124
830
953
944
943
893
860
997
728
1052
636
823
896
533
752
1187
749
1065
948
1227
875
1048
637
615
652
518
605
1166
696
662
708
609
577
556
664
1171
709
871
1193
1141
1266
1083
1148
1169
860
897
1077
843
660
1192
749
988
967
1028
762
489
770
833
845
766
480
836
993
957
972
1227
809
817
850
794
1286
1002
932
886
1089
1531
720
760
945
898
1050
1169
1117
1040
1078
1078
575
777
897
1228
1229
784
791
582
561
769
1247
1182
905
996
891
769
1122
561
706
979
269
1014
1008
1022
904
817
817
874
851
741
736
1335
650
647
487
824
231
972
860
948
1020
903
748
948
580
924
875
662
973
624
1111
1313
934
719
605
1210
958
1102
679
740
572
909
739
754
697
861
681
478
461
420
449
580
406
628
540
785
973
785
753
463
545
521
481
844
861
585
647
910
685
479
889
667
826
803
559
698
666
702
308
645
956
790
270
355
950
571
441
424
570
609
617
575
551
725
622
657
1073
721
755
908
934
598
979
895
857
945
790
533
1128
982
895
967
1059
1009
959
940
1132
1039
916
817
-1
615
901
674
578
936
1015
888
276
167
575
1113
607
802
780
732
867
905
796
941
840
617
1040
904
847
842
1050
666
863
790
982
877
329
835
942
732
973
827
867
788
615
586
865
1279
762
687
791
755
724
667
628
717
697
1070
639
725
651
322
829
1020
732
893
599
968
708
582
716
973
895
709
632
516
773
608
944
968
964
860
1056
1044
788
948
736
199
841
610
644
597
639
600
679
603
1100
961
668
435
484
339
327
487
447
543
332
552
730
595
626
583
774
710
671
671
625
927
813
770
559
1012
553
719
663
816
1145
558
612
459
451
779
735
698
875
749
685
799
612
648
734
733
595
643
613
679
590
498
614
771
728
781
763
538
734
439
446
579
205
669
350
378
974
368
986
604
587
632
578
517
474
544
735
669
259
630
825
797
767
787
804
781
823
807
894
561
539
472
638
722
617
707
738
682
791
783
930
437
604
586
887
526
606
560
630
509
1035
474
470
544
702
576
871
874
764
723
753
726
558
590
495
527
646
817
543
787
761
869
724
312
486
428
464
600
383
691
567
353
500
493
589
577
607
572
654
860
295
556
514
260
472
523
464
433
626
751
784
675
945
505
937
457
475
572
543
970
798
789
454
685
246
767
495
317
396
507
551
627
912
672
634
583
611
607
458
842
810
451
582
619
489
496
537
846
524
596
553
524
619
575
514
512
464
474
819
504
534
621
594
436
530
814
456
512
502
787
407
562
338
800
876
730
511
598
618
608
545
507
586
446
600
957
552
843
816
695
857
687
698
584
600
560
517
534
436
547
463
414
1037
985
934
920
768
525
524
571
561
567
585
561
744
621
621
697
433
645
836
431
426
459
433
320
391
383
571
512
501
530
604
401
701
764
462
932
557
212
683
193
426
427
794
409
875
471
641
629
383
546
765
544
417
646
470
785
850
707
430
497
474
445
567
600
707
579
558
572
675
519
478
388
660
597
561
737
455
685
657
449
527
535
511
455
478
471
613
805
628
424
516
550
337
381
645
539
659
506
871
597
500
552
574
429
388
459
670
448
617
355
625
466
602
471
416
526
501
717
756
714
713
672
994
740
487
635
466
492
407
509
450
624
574
451
844
583
449
474
441
523
565
438
414
335
413
426
508
475
421
638
402
628
645
756
512
494
493
486
788
681
513
692
361
392
618
635
1022
511
682
477
376
501
676
396
442
510
433
591
395
877
536
554
458
392
668
515
668
611
220
562
579
481
404
428
445
442
388
447
487
445
607
556
734
456
450
414
621
496
379
471
415
609
536
404
618
522
676
318
658
371
868
631
347
438
334
425
182
315
521
392
551
702
380
416
718
418
356
391
378
358
501
625
386
705
537
384
502
486
367
695
423
311
250
434
686
318
432
278
395
354
742
566
276
227
573
628
496
431
426
392
315
346
424
505
487
491
563
566
371
297
549
353
640
390
413
524
448
406
441
425
379
337
375
450
340
405
380
372
475
560
347
248
366
462
443
336
441
153
206
129
442
288
477
386
385
411
194
606
661
438
671
503
463
358
453
415
453
441
415
332
391
528
616
609
508
303
320
398
523
494
258
480
473
352
257
411
511
569
382
506
368
246
301
222
376
839
521
507
494
480
481
345
359
605
477
586
443
525
501
457
504
703
401
235
326
557
284
540
243
613
367
298
379
384
425
253
524
459
307
279
384
537
504
701
323
364
445
536
385
338
384
367
410
386
431
391
520
513
469
316
373
202
474
520
267
348
419
384
300
465
414
440
405
382
321
530
280
218
126
563
383
276
458
299
414
547
439
234
460
532
307
436
553
381
332
372
267
320
301
308
299
282
460
479
382
857
366
443
451
390
298
274
331
263
324
313
290
373
567
400
252
517
564
459
237
395
251
411
357
490
355
403
348
493
261
267
249
294
557
496
575
468
306
270
477
190
435
323
270
435
431
486
343
334
557
307
420
345
280
266
289
328
277
319
239
683
390
573
390
364
348
457
665
274
320
423
482
413
338
348
367
327
253
492
352
599
384
780
346
480
248
258
357
337
253
458
373
371
262
244
255
306
541
239
294
345
332
338
436
248
533
246
204
391
384
311
281
228
346
280
310
264
395
597
498
494
385
296
336
379
542
317
324
313
352
502
474
484
195
374
603
476
702
441
391
329
596
159
340
373
494
233
293
329
406
300
364
252
337
282
289
346
257
253
291
453
266
209
338
543
422
575
487
260
264
295
301
309
458
412
226
261
292
273
329
344
412
489
569
327
491
357
306
253
540
471
366
313
260
448
436
264
192
344
347
417
200
370
354
400
305
309
293
231
246
198
325
230
443
374
419
551
205
495
306
236
440
382
252
270
105
442
447
363
573
516
239
638
350
462
563
311
362
383
217
282
463
386
312
241
273
263
285
432
305
325
256
274
546
546
396
244
310
304
477
391
301
332
291
425
248
361
223
506
259
294
280
275
320
211
429
304
441
216
330
208
261
296
242
369
198
305
497
178
341
242
259
241
427
299
398
448
285
276
165
287
239
325
273
323
255
206
172
203
186
350
428
302
362
700
431
263
443
222
159
242
278
245
191
220
241
243
252
170
282
312
166
239
217
240
238
123
254
328
234
238
273
298
715
244
252
418
236
356
334
281
263
170
282
379
221
234
293
311
433
437
138
381
328
246
191
336
411
279
196
192
226
320
250
260
278
443
296
177
263
216
434
240
264
468
413
335
588
207
255
268
280
225
214
296
325
265
405
372
262
274
298
247
349
356
330
262
287
269
303
335
511
418
221
263
302
215
284
186
421
340
124
420
300
286
299
203
400
239
320
176
222
377
368
277
228
313
278
230
242
261
211
217
368
154
292
597
237
178
232
210
43
73
546
450
301
248
273
458
207
224
272
225
199
499
219
269
135
304
254
235
223
331
244
232
221
207
201
320
215
286
511
356
316
250
189
269
269
170
275
220
477
259
319
288
470
214
158
245
275
247
342
143
231
340
438
283
204
319
234
364
300
222
255
261
252
456
143
334
401
424
192
223
198
205
216
196
319
255
179
166
174
104
260
167
447
189
337
305
305
214
211
158
182
170
245
104
306
228
188
185
126
159
249
189
189
269
185
161
389
308
172
294
167
196
198
365
221
96
217
432
179
212
166
150
352
173
164
131
220
304
193
172
443
159
199
370
192
163
259
232
91
300
288
350
86
137
151
317
300
166
169
142
232
205
92
136
138
217
209
209
359
300
165
175
161
124
139
196
169
201
224
74
88
156
162
121
181
318
167
228
240
415
230
167
130
132
180
141
156
133
162
158
383
140
294
125
150
117
181
163
220
218
275
76
56
204
152
150
261
99
175
191
111
179
66
83
142
52
82
160
160
99
105
117
50
212
115
100
112
161
119
71
118
58
77
87
106
63
43
88
125
128
83
84
129
65
83
870
190
