1177
905
712
699
606
433
841
716
101
728
709
616
797
834
636
617
558
545
545
610
651
613
712
965
973
771
562
611
637
622
686
621
784
855
884
923
975
744
842
776
834
826
835
770
774
792
778
802
1176
705
895
1076
1023
1001
788
1199
958
808
1349
1005
1047
911
826
1132
855
844
727
896
938
978
786
690
825
799
1085
1057
737
694
817
707
945
890
788
1228
737
635
1225
1737
780
835
690
792
720
669
702
741
1044
782
664
1242
1396
1132
693
614
674
882
990
854
923
1054
1204
964
1250
858
882
938
845
1645
964
792
939
727
913
736
887
862
1116
665
1128
911
682
819
838
779
1020
667
732
714
1443
1689
921
988
774
683
861
828
720
694
716
685
568
538
615
614
597
660
723
928
769
718
614
836
792
652
637
681
668
694
633
844
849
741
808
764
809
593
824
846
635
840
754
837
1360
564
470
1194
780
491
652
745
681
592
777
813
1889
965
805
807
588
485
692
690
612
614
508
1443
850
687
770
924
649
675
799
538
1015
730
521
627
619
679
655
628
795
768
700
650
765
552
895
683
923
678
558
608
650
578
678
716
654
741
640
628
775
1126
1112
533
657
613
1684
-1
926
1308
1307
1117
820
677
538
749
709
885
954
967
574
585
1054
650
1265
755
679
801
631
595
795
1133
509
489
510
412
412
557
694
736
638
567
487
637
542
652
375
1047
737
670
784
711
657
968
535
815
514
766
625
653
636
659
638
646
530
602
717
497
604
582
575
508
477
744
618
454
666
484
565
588
619
508
651
550
611
923
577
589
606
778
584
590
970
919
625
671
701
609
773
477
629
526
449
723
876
786
705
507
551
652
540
516
533
1077
705
584
652
483
450
463
590
481
512
1299
470
699
439
446
640
524
604
514
461
403
417
621
714
605
561
527
925
767
637
1022
420
487
552
541
814
830
632
610
592
532
480
456
461
903
472
937
510
524
500
495
420
646
582
487
542
464
771
422
635
542
493
473
966
450
447
504
540
757
753
644
379
453
391
665
432
620
563
568
391
443
610
773
764
691
597
558
545
526
437
416
459
375
589
492
527
807
544
538
507
431
347
563
675
907
800
738
775
859
560
470
654
793
618
585
810
777
737
568
589
579
496
525
559
506
607
485
500
736
554
562
1012
462
456
491
581
685
913
437
571
389
401
492
500
417
441
413
489
521
531
389
524
475
644
562
571
332
410
875
533
639
497
503
602
676
479
482
578
481
557
410
504
561
532
518
586
435
831
520
374
535
546
949
401
468
319
442
319
418
491
535
767
521
356
415
421
408
428
401
432
410
458
421
393
478
439
421
611
477
443
614
537
504
404
427
403
437
547
474
466
780
637
356
403
298
300
295
446
342
325
787
462
665
218
275
801
459
470
392
413
586
592
411
351
470
694
600
714
676
531
438
434
350
419
344
515
434
683
344
475
331
282
286
321
370
480
843
346
500
482
387
532
290
337
717
441
759
514
637
509
479
436
331
418
373
408
270
353
282
508
368
341
327
710
513
493
539
314
329
410
554
396
351
484
480
663
910
481
298
149
312
363
431
403
567
526
459
337
307
348
362
468
477
447
397
441
417
426
359
371
392
444
319
383
263
387
523
387
399
248
359
348
296
439
379
374
426
337
414
397
424
431
465
344
267
497
264
366
341
292
304
299
310
265
421
341
300
370
396
540
315
635
664
360
359
652
629
421
486
490
375
454
617
860
276
406
381
346
342
428
689
708
408
493
430
835
593
333
354
294
289
327
479
361
476
341
285
347
416
500
325
331
460
423
259
531
648
407
402
473
410
281
250
295
288
369
318
253
285
415
302
494
318
289
363
266
461
265
261
484
359
343
275
325
467
244
387
905
241
302
342
362
349
508
333
160
418
258
325
207
221
326
451
372
367
329
518
236
379
323
303
305
315
307
215
352
377
432
299
381
421
240
379
283
328
455
268
247
297
259
400
327
351
364
388
354
320
411
312
235
238
256
285
332
275
277
218
323
252
366
266
267
327
417
393
408
385
245
483
323
345
329
262
279
548
338
324
347
571
295
253
332
325
883
263
322
324
236
349
228
204
250
321
305
297
284
185
234
301
247
247
296
208
354
313
278
557
414
360
291
266
379
366
481
198
568
367
315
409
330
231
471
284
315
550
210
186
394
201
202
375
219
177
189
330
239
639
195
488
294
396
252
459
326
287
306
320
267
224
280
200
319
396
337
299
643
330
255
229
186
230
370
358
357
506
270
480
223
309
386
271
317
228
280
275
255
588
178
377
309
208
246
189
224
290
187
259
253
231
804
186
171
167
452
196
488
286
417
265
293
187
353
536
547
318
259
362
368
198
229
362
292
197
309
235
372
258
161
417
238
440
238
375
420
206
395
190
234
411
320
307
295
220
275
409
306
268
304
190
469
179
271
192
239
265
213
312
287
260
161
442
355
362
325
172
271
301
153
316
387
287
151
404
167
351
216
224
249
974
202
324
618
240
223
284
414
803
190
275
196
152
184
209
145
265
216
171
330
298
338
257
245
209
457
176
247
218
222
428
277
288
461
243
142
453
244
556
895
253
210
575
146
258
155
169
224
194
210
172
175
338
387
202
108
387
191
367
143
145
469
317
268
317
179
149
190
196
221
144
232
217
264
201
169
155
137
245
283
219
203
304
754
712
654
518
149
231
203
270
174
153
242
290
160
381
526
260
255
256
220
263
259
264
229
365
272
453
166
307
115
117
191
180
268
343
230
316
152
110
161
197
217
581
186
157
137
167
118
177
264
136
142
300
347
349
113
259
262
346
264
255
326
313
382
241
482
317
99
180
164
191
160
111
191
180
104
151
179
220
121
186
190
258
211
212
132
211
259
129
140
246
314
281
219
199
162
272
230
134
116
359
323
194
251
169
111
177
296
155
150
152
128
176
181
205
169
166
166
168
468
395
131
59
427
201
155
510
121
187
370
273
134
179
176
149
180
536
179
282
294
185
240
162
153
184
159
248
243
183
365
189
261
194
226
144
85
195
194
247
188
165
489
246
461
193
150
226
217
399
230
247
246
144
300
168
158
166
393
179
197
191
221
329
220
362
190
153
129
190
100
244
105
150
187
193
279
176
152
574
123
134
132
229
233
133
229
134
187
216
336
168
216
179
151
260
209
298
203
166
212
214
212
161
203
194
147
139
303
212
267
175
217
167
700
196
90
217
155
141
170
160
147
97
113
133
181
324
165
152
137
177
145
255
97
235
210
198
143
133
97
176
128
182
136
168
140
134
233
183
349
293
243
152
164
170
100
164
125
231
219
331
373
66
187
421
139
234
322
182
194
273
89
144
138
254
129
152
151
183
136
176
134
161
128
248
209
293
228
118
169
108
84
161
193
183
220
260
114
118
120
87
96
206
208
110
83
118
104
178
257
178
259
322
155
409
313
258
95
438
125
155
223
113
239
147
137
136
200
204
312
122
151
193
178
119
218
240
119
168
123
158
103
199
202
127
225
104
315
159
213
177
134
188
209
91
262
272
128
212
300
89
253
149
186
275
138
241
201
170
100
229
117
88
123
155
105
284
232
126
127
162
139
254
316
209
96
178
175
467
265
129
158
119
237
118
151
140
260
140
145
120
127
159
83
241
143
275
120
153
121
147
147
152
188
155
89
142
85
194
157
113
226
175
104
464
222
138
160
87
111
103
113
100
185
109
99
139
166
102
150
382
185
260
214
292
141
194
104
100
94
115
104
93
120
131
323
100
91
163
164
94
150
172
176
213
446
179
349
142
151
145
202
211
129
90
319
207
148
244
121
132
65
135
231
97
110
133
97
307
321
33
194
238
178
112
194
199
111
68
86
103
165
72
148
114
386
124
152
146
96
349
144
173
158
218
147
275
112
131
150
117
109
117
117
158
98
165
188
147
162
119
242
156
170
128
208
151
92
132
128
202
163
121
158
170
94
153
116
258
145
22
198
120
259
185
69
263
119
129
76
135
131
211
130
202
125
131
83
113
140
87
150
277
110
235
143
96
84
126
93
278
305
463
266
140
139
167
157
57
137
190
86
102
309
114
93
72
182
106
72
125
139
133
74
204
76
128
196
97
212
202
190
107
161
64
108
162
95
131
86
140
115
134
153
236
166
71
135
167
115
162
74
160
267
127
119
173
226
165
218
158
97
140
116
89
438
89
137
292
140
108
159
138
87
125
81
145
98
181
111
96
68
120
75
220
111
179
182
184
139
201
67
130
75
113
29
186
111
137
118
64
128
139
107
64
137
68
57
324
212
113
196
118
132
123
193
388
53
109
146
86
96
107
73
187
66
97
68
191
89
92
88
155
75
90
197
127
71
128
202
49
160
224
139
56
73
159
172
140
88
158
86
103
79
60
60
86
103
138
137
171
163
122
95
74
55
67
129
113
79
128
102
82
118
75
79
90
118
90
73
96
131
122
104
84
81
182
65
76
68
80
68
132
70
149
48
54
123
93
65
98
97
75
52
36
97
106
106
114
54
116
95
99
91
53
44
73
42
59
102
115
57
56
65
39
92
54
59
55
72
67
49
63
37
49
51
29
31
44
62
74
166
45
45
50
36
41
610
116
