1433
1682
2011
1833
1782
1525
2015
1839
170
1751
1777
1756
1389
1325
1575
1691
1716
1756
1666
1856
1492
1557
1200
1280
1164
1131
1418
1670
1733
1767
1698
1705
1574
1680
1673
1646
1678
1518
1573
1659
1601
1469
1492
1544
1494
1496
1412
1598
1311
1496
1660
1432
1416
1314
1351
1358
1282
1250
1320
1266
1290
1313
1357
1078
1296
1198
1483
1303
1318
1283
1631
1558
1453
1736
1172
1098
1403
1409
1153
1388
825
1199
1117
1005
1208
1154
1149
882
1094
1511
1575
1270
1471
1748
1597
1346
835
1236
1410
811
888
1218
1629
1699
1385
1121
1116
1062
1113
1048
957
985
1070
908
984
961
934
870
998
1022
904
853
999
1321
1032
1101
846
857
1136
880
1702
887
892
935
660
871
908
1017
885
685
1297
1063
704
947
848
892
561
899
1506
1105
1344
1435
1223
889
1333
1539
1323
983
963
1441
1410
1115
1144
1539
1532
1492
1520
874
828
830
809
812
585
593
604
683
627
646
833
685
471
958
956
1217
1318
859
530
621
470
459
457
547
482
548
613
590
1284
1275
886
1367
1347
830
1735
1615
1570
747
929
1210
1103
1046
1344
1194
1480
1261
550
1324
1265
1693
1545
1395
749
1252
1099
1137
1174
1240
1008
1229
915
1098
1030
1404
1359
1234
1062
1248
1323
996
1389
1272
1455
1102
887
776
731
1268
866
1119
670
535
837
460
445
746
666
782
1369
966
853
342
500
410
595
1584
698
901
336
1027
883
1244
1328
669
773
710
1178
1066
1072
1018
1020
1140
1046
1153
1148
1268
1256
1099
1408
966
971
822
1247
1224
630
913
1507
958
-1
893
1437
1088
1386
843
827
813
693
804
1565
1191
943
1196
890
770
832
1012
1604
866
1114
1013
1473
1116
1369
1370
1356
1067
1173
1382
1089
917
1159
846
878
1121
1333
933
591
936
1006
1011
996
688
1120
971
1151
1396
1218
1035
967
1091
1091
1090
1272
1166
1069
1537
1187
959
955
1327
909
1350
1218
1539
1303
1495
1379
776
957
1060
989
1024
1088
1073
744
732
966
1318
1132
1094
1033
1227
1085
1223
706
840
971
361
1522
1519
1406
1228
871
911
805
690
688
794
1236
974
970
646
1071
268
1277
1133
1133
1209
1208
904
1190
746
1191
1188
882
1200
709
1063
1417
1200
972
601
1160
1624
1181
878
1010
950
873
701
1083
951
1286
887
611
593
493
563
760
416
741
671
840
1023
1012
980
524
636
590
505
1067
1171
682
695
1332
1184
615
1216
1086
1067
969
740
907
855
859
351
799
1248
1004
358
446
1189
754
524
562
749
766
776
727
699
896
744
820
927
865
902
886
845
802
1045
1300
946
1023
1082
613
1256
1106
901
1247
1255
1290
1336
1294
1278
1241
1154
1115
1065
799
1305
888
749
1121
997
1196
323
195
703
1589
736
966
1191
884
1111
1227
975
1375
1195
735
1379
1284
1023
975
1226
870
1089
1049
968
844
371
988
1065
876
1018
886
1137
830
842
655
750
910
1022
856
939
854
861
765
719
793
779
875
821
979
829
405
827
1025
972
835
734
948
781
673
819
1177
1070
922
563
440
1058
776
858
857
839
854
930
741
962
1335
702
250
791
904
745
662
775
709
918
818
1129
1048
837
604
659
392
403
633
496
625
454
591
801
782
772
778
1199
939
658
902
874
812
769
716
755
778
674
990
906
1145
1025
733
807
608
577
779
963
908
737
993
866
1020
789
886
877
1014
810
839
673
799
766
832
582
867
799
1136
1094
673
954
528
479
738
275
823
464
474
797
379
863
733
764
680
671
583
546
576
690
630
336
790
928
1130
1092
1100
1120
1077
1168
1205
885
631
598
578
908
897
751
956
775
729
794
630
727
525
785
751
1022
616
739
708
831
683
1206
562
576
611
730
776
706
915
1144
1090
1066
1184
732
724
567
682
870
1009
645
985
931
1034
928
459
593
564
605
721
532
606
585
376
618
583
688
683
810
788
788
1158
354
614
600
364
532
585
600
531
702
737
1128
727
846
723
810
510
755
802
702
878
1299
1200
529
709
324
1175
642
453
438
665
651
537
843
687
875
901
646
765
560
1143
782
546
717
620
769
592
636
773
648
728
519
638
842
701
545
577
551
619
949
586
747
768
655
459
622
812
566
678
694
1338
526
673
555
979
1147
618
604
781
859
726
650
645
943
609
808
1041
667
1136
909
706
891
627
628
757
867
769
665
607
523
649
586
553
935
1257
1135
1053
995
797
788
830
783
711
750
791
632
816
911
509
566
810
970
521
486
542
489
405
513
422
793
705
659
670
696
488
926
1202
593
901
754
261
1044
237
480
513
1003
481
1106
656
645
644
479
624
898
654
440
664
558
665
825
901
523
609
527
557
699
619
808
636
635
744
967
658
651
424
803
643
683
1078
614
968
813
542
659
768
730
488
603
612
736
724
579
680
613
749
475
474
812
814
894
699
1144
668
558
616
596
527
452
591
647
563
592
433
570
556
740
612
504
615
601
809
769
761
860
650
1259
763
553
750
495
659
512
658
585
652
724
626
1088
656
684
685
631
602
656
495
498
424
555
573
664
685
656
1013
540
753
1062
980
606
657
755
716
807
837
631
792
419
472
584
780
951
651
659
658
421
691
858
621
492
747
539
739
517
1069
511
666
662
461
713
564
961
764
290
625
858
656
500
487
659
576
488
515
478
639
712
521
783
556
517
575
774
521
413
593
599
814
662
517
707
511
780
399
755
450
993
555
518
557
408
576
261
397
705
470
599
903
533
610
649
515
457
459
463
505
623
491
537
843
667
544
646
596
479
890
613
357
327
531
570
419
534
345
525
459
880
538
360
250
532
690
594
470
485
522
376
405
437
731
610
616
657
618
448
379
588
437
591
501
475
699
511
534
535
633
582
334
408
467
499
390
550
465
599
582
453
311
537
557
511
494
488
210
245
198
630
331
706
577
480
631
281
652
761
467
724
605
530
446
579
568
564
550
533
422
540
679
751
579
560
443
429
465
549
615
268
720
730
392
311
588
749
785
461
643
523
312
357
303
539
616
448
472
601
496
491
382
454
914
584
871
570
699
689
585
784
1165
561
326
442
417
324
556
343
650
401
291
384
524
585
348
528
477
397
385
461
440
649
888
414
484
513
698
477
413
576
570
544
531
460
396
537
695
578
396
554
271
563
780
328
355
463
444
361
437
473
684
563
550
405
664
317
268
154
668
487
358
591
308
495
588
530
331
408
545
402
650
530
452
423
433
297
356
390
357
325
328
567
533
379
1102
460
564
459
490
417
392
389
293
389
339
323
451
764
470
344
447
669
582
326
506
282
496
540
620
405
460
406
603
303
330
297
342
813
828
923
502
482
371
724
269
538
415
366
604
607
622
512
479
744
363
437
405
340
327
399
366
347
346
334
756
467
623
578
535
441
525
904
318
403
515
606
509
390
468
471
433
349
644
467
887
489
654
414
537
336
360
427
363
357
525
506
443
309
336
349
343
755
312
320
397
422
494
576
358
763
310
269
488
493
325
335
375
437
343
385
331
427
839
617
584
555
311
498
566
611
312
376
344
499
606
480
523
280
498
484
501
800
513
658
410
592
197
439
379
732
273
331
436
614
367
367
301
483
439
342
346
280
290
360
544
366
300
551
541
499
613
611
385
369
374
322
336
646
431
280
320
313
320
428
435
571
684
740
488
631
413
379
302
707
429
538
438
318
524
469
308
235
470
314
444
266
581
513
449
297
413
372
307
334
278
421
308
665
520
433
720
283
589
322
326
440
368
343
341
145
614
607
465
474
667
283
809
507
716
621
415
419
477
277
326
610
424
347
304
358
353
356
362
363
522
388
290
673
695
351
341
389
395
566
479
384
505
381
549
271
478
223
620
337
422
370
356
410
275
537
400
548
283
356
293
366
341
325
416
232
297
560
272
377
321
343
351
485
336
558
624
320
369
229
381
304
416
409
427
305
317
218
271
266
457
488
362
418
632
387
313
782
268
225
291
338
288
244
250
328
318
278
214
386
521
261
342
261
316
339
157
310
412
288
343
316
432
611
334
341
545
280
517
365
360
370
219
379
409
352
358
340
400
571
738
205
393
342
292
247
353
655
327
246
205
376
362
285
321
373
567
401
241
339
308
539
355
340
442
587
422
494
325
326
354
433
382
299
311
325
349
614
620
262
284
324
276
498
498
391
347
390
317
474
425
465
613
253
361
348
270
367
210
431
461
202
560
322
358
376
236
517
326
356
263
349
340
465
440
291
415
350
262
372
303
247
234
376
208
335
597
271
220
254
319
57
93
596
594
348
367
287
588
239
260
356
237
229
582
278
297
193
346
309
296
307
423
358
290
273
261
286
443
237
357
560
500
438
357
251
345
398
271
343
246
547
409
496
366
476
250
204
289
371
329
562
205
336
459
459
458
279
344
298
457
371
290
348
397
300
569
163
461
490
683
224
273
259
289
284
248
381
334
258
203
211
130
294
212
444
217
431
319
322
255
272
201
282
220
329
112
427
270
181
237
180
167
366
270
233
327
250
192
514
478
250
366
195
213
229
388
265
143
270
549
208
238
205
247
564
246
182
172
332
341
245
261
528
198
285
438
259
198
293
328
117
363
365
406
103
203
185
456
379
223
235
189
351
223
129
174
172
287
286
282
453
370
200
267
194
173
177
252
215
306
298
105
132
196
176
132
268
464
248
311
295
520
321
257
177
208
238
215
219
188
230
181
363
227
278
187
205
190
234
195
270
269
335
121
89
280
179
178
423
137
210
238
131
236
78
123
173
89
112
210
235
127
165
175
90
344
195
151
143
204
211
94
163
69
117
108
136
89
81
113
186
183
106
107
153
87
115
1231
238
