471
557
557
574
581
518
621
550
66
573
521
505
448
400
444
465
467
502
478
551
446
457
424
486
419
362
446
516
563
554
524
581
629
624
704
715
734
616
686
598
604
658
667
695
643
599
574
646
518
659
763
651
750
724
626
721
675
632
661
694
755
745
633
646
751
663
657
740
744
748
760
756
769
692
530
433
816
701
624
709
560
722
710
666
840
790
541
467
746
558
659
695
592
635
639
497
553
671
612
505
508
562
559
596
569
521
488
539
522
541
496
485
517
455
481
502
499
445
437
469
473
447
426
603
367
652
338
413
618
465
588
448
467
497
342
445
478
503
372
402
523
578
377
496
453
451
274
430
730
702
548
530
520
477
498
715
625
515
515
693
659
499
529
516
556
588
667
422
428
413
401
428
298
313
329
345
336
328
400
304
252
447
527
555
490
381
285
333
261
233
247
285
243
306
317
315
453
454
276
479
636
417
562
547
487
411
481
562
646
754
747
684
488
515
257
590
453
699
691
669
413
664
562
612
713
606
568
618
532
672
501
638
532
599
584
748
601
499
665
710
678
698
552
475
352
691
578
461
345
309
322
225
243
322
354
390
413
525
451
167
260
189
335
655
353
410
150
561
478
584
680
390
498
469
898
504
530
493
469
569
568
628
569
626
627
620
537
470
462
370
830
877
691
887
701
521
553
495
665
598
576
461
428
453
370
418
599
381
351
389
305
270
309
344
621
300
789
513
657
443
569
661
654
795
608
630
495
429
465
405
554
662
718
848
383
542
585
682
609
232
563
723
671
533
616
679
364
499
462
435
581
499
740
660
539
531
488
437
498
633
546
540
636
564
556
490
676
590
482
470
560
640
426
425
765
514
518
734
576
635
642
600
358
541
662
153
563
561
583
605
500
540
446
391
380
385
529
345
348
308
731
146
598
501
593
670
570
538
606
344
645
555
520
582
236
579
595
543
590
315
590
514
572
513
559
308
612
525
521
507
606
438
372
367
292
358
454
397
773
378
428
686
634
629
351
370
341
340
519
521
357
346
511
360
393
429
358
610
613
419
555
556
496
326
636
466
618
317
284
614
476
382
397
468
516
514
476
458
499
497
463
499
481
422
383
465
356
615
445
568
684
615
361
496
515
400
440
578
561
533
584
518
666
527
512
487
436
532
465
526
685
551
608
338
155
262
603
452
582
400
550
620
478
456
588
522
391
617
536
598
610
589
393
634
533
586
553
303
732
519
451
578
522
630
565
580
410
481
479
562
588
482
434
443
411
509
369
466
456
458
548
565
240
466
493
581
491
527
468
467
409
463
621
595
518
399
350
483
428
511
469
470
664
561
384
520
566
503
119
505
326
481
420
496
456
457
431
487
479
583
374
398
310
264
406
300
406
213
485
596
394
513
490
491
478
501
464
447
394
457
386
424
436
431
591
541
363
479
672
524
370
422
539
635
580
516
577
622
620
398
519
415
529
460
468
433
419
506
268
410
419
466
507
492
463
988
336
311
420
158
544
182
346
344
215
555
455
390
375
368
322
329
352
408
387
169
604
553
537
526
542
514
517
536
512
448
437
388
439
482
515
532
523
388
418
392
367
391
419
539
533
343
483
409
405
520
470
610
450
371
459
403
537
468
474
466
473
489
454
351
393
429
534
444
576
422
458
605
514
546
235
328
356
411
589
354
361
313
269
537
383
425
419
481
494
400
535
301
399
403
178
695
411
478
416
392
413
430
367
352
482
402
319
259
446
527
367
465
430
382
431
181
435
479
228
336
364
426
374
523
299
429
454
382
553
450
560
431
401
545
445
335
403
425
611
542
572
375
584
318
475
382
413
437
434
509
424
320
575
496
256
426
423
424
466
229
445
288
378
195
481
574
427
430
509
598
510
455
445
386
388
552
497
403
633
530
464
559
492
366
416
467
484
407
390
279
418
440
317
431
445
414
393
504
497
465
485
450
538
501
525
460
395
446
487
430
442
473
692
731
803
760
621
653
674
838
489
396
415
412
239
456
458
302
475
448
196
494
153
270
386
499
393
510
387
373
379
291
368
467
433
336
413
389
447
459
500
422
486
379
356
470
415
599
420
382
538
340
380
417
252
449
397
416
516
398
517
486
543
372
451
435
399
491
510
514
379
332
374
467
471
282
335
528
254
412
536
618
527
498
521
477
452
340
351
330
395
403
264
404
317
481
429
403
394
444
475
432
437
568
420
536
397
-1
429
379
482
390
468
429
424
477
351
533
381
415
398
414
516
475
347
355
304
415
297
391
386
359
351
431
586
415
527
400
368
407
358
544
558
468
437
232
655
329
420
436
416
364
504
319
394
500
388
276
418
356
393
372
483
384
473
408
337
539
431
427
493
415
488
394
368
407
314
443
409
400
488
332
453
536
370
534
456
360
374
604
271
324
485
364
398
508
447
565
357
439
269
399
363
471
291
389
411
269
321
190
234
453
329
524
517
304
376
464
381
332
351
375
356
520
343
355
562
466
388
385
334
312
441
315
556
519
457
390
329
386
240
387
375
547
307
205
120
369
526
245
352
318
370
299
353
340
373
392
393
332
397
346
318
528
344
497
357
305
554
716
614
392
396
363
195
330
318
289
356
360
393
472
426
332
249
339
388
387
355
452
96
92
71
265
276
413
360
263
364
419
542
571
303
528
553
411
370
379
359
362
388
373
358
386
662
648
348
258
293
265
342
343
382
179
367
333
322
241
374
400
406
274
383
411
274
300
259
358
322
323
309
388
368
369
221
281
435
348
335
448
413
391
424
380
354
384
267
352
325
277
390
229
374
330
222
265
371
376
267
301
346
289
257
355
259
432
436
323
361
360
479
364
324
298
302
331
415
320
292
378
630
430
259
348
389
361
396
291
294
333
300
282
321
395
356
378
379
360
419
204
616
321
434
350
255
467
243
293
657
672
364
309
304
363
359
498
437
314
392
270
298
302
295
302
277
322
372
310
498
298
439
331
403
346
247
273
247
324
300
269
320
414
318
245
313
385
377
244
311
410
351
314
236
313
436
361
435
265
294
266
283
333
394
378
436
233
246
418
226
412
269
283
394
380
474
369
350
471
276
308
300
280
279
298
239
268
310
444
498
320
480
366
338
336
252
448
469
358
380
428
402
358
427
331
348
273
447
327
456
365
363
331
355
500
310
336
295
265
278
295
313
231
232
236
262
433
261
280
285
307
328
285
254
383
561
514
318
301
189
278
240
369
322
329
262
308
321
323
355
391
257
336
282
402
219
282
324
354
403
257
396
216
352
316
363
425
320
271
324
518
142
336
256
440
231
278
285
406
270
572
442
268
262
288
295
580
550
333
407
257
208
350
371
325
378
308
279
281
293
230
216
439
487
222
212
259
255
301
339
469
254
607
319
423
291
343
243
444
242
313
237
234
489
334
258
212
388
467
345
198
374
270
320
217
331
270
271
283
231
329
212
397
357
223
278
143
434
265
434
393
256
187
520
250
410
420
288
272
408
213
391
344
392
448
276
296
365
497
240
398
332
216
236
356
244
282
280
271
310
291
241
391
542
260
222
383
373
459
336
244
287
244
382
212
360
439
444
269
316
257
258
278
243
365
378
420
271
300
220
257
242
264
314
190
165
347
207
381
286
311
296
276
224
310
405
280
287
206
263
248
300
284
265
262
244
358
389
211
284
374
298
331
308
193
264
343
231
189
235
238
235
193
195
265
220
221
174
292
281
197
294
387
279
242
94
240
316
295
259
254
291
279
249
237
480
225
299
389
219
304
179
211
309
228
247
252
246
389
248
89
362
266
224
201
189
351
262
215
192
236
249
186
275
208
291
287
414
232
174
424
233
402
276
372
267
278
208
267
279
235
214
236
263
216
235
286
292
227
240
237
199
346
343
316
258
315
245
306
280
299
322
239
304
355
189
327
201
352
286
64
417
264
293
309
243
368
251
271
181
259
242
309
266
413
317
231
217
211
365
213
205
271
182
281
346
195
184
214
237
34
37
418
298
302
223
223
364
177
210
288
175
199
414
229
214
191
341
288
242
254
321
235
224
295
183
237
328
184
365
439
339
284
272
199
218
314
180
282
199
332
197
274
259
357
197
166
256
276
268
294
184
304
339
252
243
204
276
218
407
273
205
246
219
221
346
155
316
410
264
188
185
241
198
220
181
346
193
427
364
220
271
319
189
266
208
339
259
262
281
182
196
229
187
211
76
295
240
375
213
147
420
221
199
210
199
190
171
287
322
205
297
278
197
339
274
152
123
191
347
197
163
189
164
246
182
123
141
154
283
186
181
292
164
227
246
244
163
277
245
130
260
244
314
208
204
160
404
240
201
180
173
183
195
112
116
144
186
252
252
288
214
202
155
202
125
161
213
168
120
271
79
98
177
150
335
253
245
177
196
210
231
341
278
224
203
112
207
232
196
235
129
266
217
204
176
150
152
272
136
208
207
190
102
79
219
139
138
221
101
183
192
102
184
91
121
108
83
104
149
113
121
136
204
68
188
127
131
127
148
136
101
121
68
122
98
99
58
62
105
122
92
85
83
126
70
88
463
233
