438
548
563
545
548
529
592
554
82
553
532
487
452
398
442
462
461
518
487
566
450
488
424
455
396
362
479
520
581
553
565
534
611
601
645
669
730
614
661
592
645
703
652
704
714
660
607
701
536
708
750
715
696
720
649
705
723
698
711
721
828
828
642
609
779
675
665
840
772
811
668
668
632
660
563
372
705
680
509
548
553
758
754
611
718
729
533
423
797
563
678
659
561
614
612
486
490
662
614
430
468
641
585
635
584
606
561
602
617
563
497
518
525
499
537
540
583
443
504
523
502
527
407
619
374
770
284
485
568
481
613
465
487
515
347
553
591
622
387
408
546
575
440
606
484
537
302
505
654
762
530
584
588
591
505
668
663
575
605
619
680
562
589
478
555
581
589
530
506
483
450
484
325
333
320
411
363
339
467
358
266
529
486
669
504
328
300
401
273
262
270
330
270
284
306
364
492
489
279
449
564
478
576
564
515
436
493
559
633
776
587
564
483
525
204
620
485
603
638
606
463
662
688
713
777
680
591
709
545
763
365
591
518
568
673
658
696
609
651
702
583
620
537
422
339
638
583
445
327
287
305
202
239
305
305
381
419
598
507
159
275
218
332
629
351
522
162
594
522
614
705
424
468
328
663
572
572
596
595
630
623
713
578
679
664
622
508
552
549
407
563
587
410
624
662
551
558
379
647
704
576
450
452
468
374
471
658
349
338
364
301
282
275
311
601
315
705
567
621
460
535
723
634
592
685
587
448
476
492
506
644
658
602
627
395
610
698
824
586
228
661
629
580
593
604
626
331
488
376
422
548
445
612
606
550
549
564
471
561
578
543
547
597
576
601
485
631
560
540
549
611
671
401
423
693
542
594
585
607
624
521
601
411
474
792
170
570
547
609
661
541
578
525
444
452
499
534
333
339
323
668
125
569
460
533
613
533
532
660
343
530
571
568
644
245
630
645
573
538
357
633
532
664
602
628
264
572
499
581
504
667
546
334
307
297
316
402
288
460
355
503
851
734
730
316
360
348
324
469
535
392
317
519
365
343
447
382
739
724
426
610
652
554
280
770
485
695
274
245
559
381
299
289
441
463
434
416
429
425
453
445
564
465
362
386
465
401
593
470
707
768
659
373
528
500
389
457
566
534
596
609
566
635
544
548
500
372
546
544
432
728
663
649
250
160
247
600
434
662
409
450
646
476
449
638
615
463
597
514
704
711
573
457
703
571
745
706
266
658
448
436
684
640
633
726
624
388
552
490
551
555
420
396
402
352
429
346
409
509
395
568
624
233
507
571
651
621
681
416
368
366
496
598
583
419
449
419
439
369
736
606
584
614
546
398
620
569
497
133
601
327
459
395
403
392
546
433
552
546
766
310
344
252
223
357
266
391
250
434
619
505
427
522
542
471
698
592
581
437
642
449
439
468
426
677
608
379
510
712
519
465
439
651
631
706
619
703
514
746
343
753
450
625
663
575
397
373
693
277
438
517
605
584
563
451
563
304
286
351
132
507
170
287
326
273
563
393
490
498
370
333
325
357
439
391
179
808
635
629
627
629
615
622
583
566
478
423
390
400
574
528
633
588
356
393
394
380
425
377
805
816
368
430
379
367
677
628
677
433
424
391
480
731
476
583
544
505
607
529
307
338
458
684
360
541
461
447
619
551
681
205
308
431
500
711
425
478
318
241
496
365
394
390
657
638
342
484
304
493
462
148
390
627
703
448
432
458
431
330
346
575
406
318
243
435
432
373
483
454
389
524
169
467
660
177
250
322
489
441
584
285
451
535
368
854
628
588
498
465
710
773
397
709
723
697
719
798
581
474
284
477
376
426
430
600
552
417
290
697
784
257
518
520
447
510
235
497
302
335
174
543
540
490
408
521
590
489
467
505
467
343
666
591
504
560
711
637
525
592
442
543
502
531
354
334
270
355
623
277
472
484
442
450
545
530
505
521
463
537
619
552
540
340
540
386
706
483
605
346
368
418
385
382
334
435
527
655
365
380
413
251
475
481
326
512
598
238
579
115
310
414
563
472
544
523
535
570
347
390
564
391
390
519
327
434
516
456
402
677
404
327
560
565
724
366
378
751
411
459
419
229
495
334
355
583
443
592
579
366
378
486
473
271
587
605
654
499
469
461
385
502
214
406
547
249
408
544
631
1082
-1
878
700
701
396
329
425
524
528
259
404
296
645
748
559
621
802
622
619
638
664
570
573
497
498
529
389
676
553
668
719
618
423
492
613
409
476
472
497
556
737
591
317
282
634
314
475
462
468
369
609
731
482
606
478
340
501
435
640
670
668
535
230
354
417
392
493
371
432
572
430
336
528
442
315
479
358
508
324
461
661
632
455
328
568
503
448
585
262
718
382
341
589
362
520
419
480
753
460
667
532
476
509
401
410
480
749
398
324
680
552
423
673
544
551
432
541
348
365
466
608
323
617
735
242
489
155
188
530
637
725
673
340
483
625
581
444
478
586
464
590
416
483
617
490
514
434
368
369
417
388
364
298
753
450
547
559
284
574
525
682
327
223
114
569
525
324
387
307
480
328
366
572
454
512
514
300
468
350
402
669
339
601
508
504
625
495
391
363
433
426
344
560
358
362
487
513
577
613
455
402
271
555
324
671
451
591
96
116
94
206
355
557
487
256
465
282
540
558
450
706
566
586
568
472
456
501
528
489
440
453
591
716
435
244
417
397
529
446
604
174
353
270
349
266
425
448
447
280
503
480
447
382
313
509
375
483
457
443
316
316
306
259
478
317
352
660
530
512
470
469
389
412
379
360
361
335
530
370
543
519
382
447
432
388
387
367
543
448
360
548
365
484
528
447
507
419
692
608
402
308
369
285
625
390
437
510
482
595
433
389
276
438
456
310
355
371
362
340
503
660
443
424
407
553
540
233
278
177
519
643
475
383
385
295
454
496
313
606
401
452
428
439
498
469
503
339
317
399
353
392
379
398
591
578
543
267
625
655
676
416
388
270
339
561
518
479
332
492
268
390
361
582
507
321
412
266
493
358
265
425
566
477
569
295
284
283
291
375
434
413
527
263
264
504
274
567
480
487
486
490
558
463
423
555
357
370
354
283
283
380
322
306
521
309
518
382
452
452
426
462
262
577
370
336
609
644
604
581
677
554
432
401
488
542
438
481
476
467
387
320
352
387
449
417
326
355
329
259
251
261
351
409
396
332
335
294
395
267
330
388
320
256
449
421
339
399
319
578
478
482
274
413
376
413
430
476
354
385
312
487
335
407
485
469
466
351
510
330
555
320
468
492
424
328
549
603
152
453
496
610
316
341
344
457
441
425
317
323
311
338
375
298
302
450
546
333
275
388
445
483
498
287
364
389
392
312
295
500
397
286
305
275
303
478
501
557
232
591
381
503
275
511
321
579
313
422
224
376
476
412
333
237
572
342
539
277
408
265
626
386
484
412
473
405
317
388
238
441
426
312
319
168
397
467
272
410
416
315
294
168
422
434
398
369
490
270
424
348
465
580
398
338
561
295
319
392
382
316
281
282
396
277
425
284
384
369
441
366
514
357
346
550
448
448
350
354
334
274
488
271
429
246
522
408
343
282
265
287
290
570
472
516
337
522
365
241
282
379
334
210
261
481
292
516
493
402
418
282
321
373
417
522
461
274
330
281
359
323
370
282
331
218
270
236
377
471
284
464
341
164
343
435
273
201
274
406
410
206
208
274
199
364
247
383
344
220
374
281
458
364
65
362
423
423
416
254
415
296
404
260
621
338
419
543
290
351
216
279
420
304
307
242
336
528
255
122
609
420
303
302
249
415
411
352
253
306
406
293
393
294
309
377
237
398
227
519
331
390
321
464
289
274
303
254
293
307
271
232
452
280
311
362
378
325
315
396
174
430
464
392
415
477
302
412
363
394
441
364
476
443
229
437
301
527
260
45
398
385
322
492
349
395
339
379
259
330
371
316
330
288
419
294
265
273
331
242
239
266
279
337
503
268
203
297
339
21
38
486
290
348
345
309
379
209
257
442
320
273
548
274
256
244
483
392
288
422
452
268
301
210
255
405
488
276
328
521
380
270
396
248
334
463
224
450
237
439
250
346
303
515
282
323
311
434
409
368
194
389
328
345
340
335
270
252
592
400
220
390
258
318
313
263
344
492
308
276
260
376
236
320
263
401
255
263
248
240
166
342
258
387
293
449
238
238
247
171
238
361
262
318
182
437
365
219
226
164
209
266
222
257
266
214
208
355
325
326
423
207
317
230
288
131
122
201
488
376
230
287
210
291
214
218
227
137
363
207
221
352
203
270
232
274
181
338
352
134
313
318
394
147
253
213
350
305
297
278
266
212
279
123
204
207
207
353
355
398
237
331
228
198
175
200
277
264
95
328
103
193
246
203
169
246
313
250
243
250
290
345
261
206
196
127
210
233
200
232
191
425
226
253
192
211
204
265
200
239
239
245
133
104
291
229
227
279
126
192
255
167
203
87
136
163
95
116
215
119
192
165
182
107
230
148
166
151
192
147
111
127
88
149
128
146
83
85
155
189
125
112
109
187
91
113
412
232
