278
337
342
321
330
308
379
334
33
334
328
299
267
237
253
282
294
316
301
369
248
313
219
257
226
232
313
316
352
360
362
343
337
376
405
405
514
430
442
392
402
452
413
475
486
397
360
455
310
466
490
472
456
451
426
407
466
472
383
455
472
503
402
408
463
470
430
436
410
431
438
470
425
448
326
216
441
466
337
374
320
427
405
299
429
467
314
248
422
319
448
416
388
404
393
331
288
400
439
281
269
328
378
420
387
331
306
359
334
283
254
257
261
266
264
282
303
240
281
308
301
291
257
394
227
470
194
270
296
251
368
256
250
259
190
325
375
372
186
214
325
363
265
354
248
282
168
299
368
527
362
436
398
351
317
411
441
296
332
356
448
328
323
271
359
424
381
311
310
253
243
272
175
202
169
251
181
177
287
197
163
341
257
465
373
194
175
241
146
145
143
180
138
157
155
183
278
278
186
286
339
270
353
349
314
228
313
322
374
375
391
354
325
340
141
409
283
399
456
388
238
419
422
399
475
427
337
516
379
436
206
379
332
352
448
410
414
347
453
409
390
402
336
220
159
410
313
314
194
136
190
130
118
169
198
252
278
327
280
88
144
102
184
409
147
324
71
337
358
396
481
226
251
205
456
379
398
442
431
421
445
474
414
458
475
398
293
315
369
190
356
356
231
340
401
282
367
218
436
420
395
255
245
260
198
248
418
187
187
192
154
146
146
150
390
191
438
382
377
286
382
485
383
406
416
396
305
237
283
334
398
402
387
357
197
385
462
525
392
139
389
420
375
396
440
338
198
276
210
244
321
258
384
395
343
290
409
296
385
371
362
341
343
368
386
261
405
337
374
377
384
431
216
233
426
391
436
331
356
418
375
419
203
250
441
67
382
344
422
451
282
312
296
224
225
288
345
240
240
145
465
61
403
328
331
382
392
326
421
262
384
365
302
463
117
396
396
393
287
247
443
330
432
314
375
153
423
422
435
291
454
330
193
167
176
184
244
169
232
182
317
468
449
483
184
200
188
162
291
369
203
220
366
220
201
281
248
463
361
211
344
358
312
166
476
368
382
147
142
312
236
188
181
263
261
247
247
230
266
241
226
337
280
203
230
304
196
373
277
494
473
396
192
364
347
283
308
384
386
388
408
374
398
368
403
300
223
334
326
282
437
466
450
122
89
149
369
227
462
256
326
391
279
332
448
422
283
385
340
458
449
407
257
448
402
447
398
152
431
281
260
425
407
441
446
382
201
286
320
362
377
253
230
230
198
247
206
238
327
254
399
417
143
296
396
374
422
406
245
199
229
298
378
352
258
256
218
331
227
439
426
427
399
371
244
360
367
250
120
437
176
230
213
238
215
336
257
367
367
455
180
180
118
125
184
158
190
154
233
420
308
244
342
377
332
514
452
405
309
403
278
229
280
316
492
431
290
353
501
297
274
221
330
403
490
329
442
381
485
208
550
304
475
461
340
238
238
523
130
306
299
349
420
396
276
345
172
171
206
81
308
86
163
178
242
399
256
268
277
178
152
168
230
259
234
106
468
448
427
413
412
404
401
400
377
261
248
234
213
422
369
376
427
222
239
245
213
277
225
561
556
273
270
218
216
467
371
468
234
287
265
289
543
308
391
400
394
408
355
161
197
267
419
240
314
255
322
386
391
453
98
156
245
252
375
206
236
165
121
329
241
243
245
463
410
208
307
203
300
255
78
219
331
393
270
261
284
290
192
245
478
239
183
130
299
289
217
318
274
235
260
68
332
393
111
128
202
282
299
411
152
285
390
231
388
314
381
388
254
523
524
199
460
473
371
456
545
360
400
150
325
193
218
317
327
390
267
221
349
557
157
291
352
272
343
177
323
186
204
84
397
329
362
229
346
428
307
248
359
344
184
399
370
354
415
447
412
395
326
257
325
378
371
218
196
167
190
306
176
293
330
302
286
403
383
358
354
334
351
447
408
396
188
385
226
482
349
447
227
205
221
206
238
191
242
373
460
252
253
249
170
349
284
176
384
436
160
390
58
236
246
427
298
401
367
368
351
188
219
408
239
229
364
204
303
366
316
268
400
234
209
313
298
475
229
221
494
281
270
303
119
290
178
245
392
256
388
423
195
200
382
385
140
465
456
427
350
377
352
212
341
123
262
405
187
265
410
387
476
441
527
454
460
241
237
345
327
295
136
279
151
427
517
475
521
552
425
402
403
408
416
365
360
270
326
237
540
447
510
481
474
281
375
408
258
403
394
407
445
502
484
178
157
511
144
339
370
370
258
486
423
330
395
324
216
407
287
378
368
460
370
113
225
276
266
320
237
302
408
271
227
378
348
194
340
179
423
216
261
489
405
350
192
377
334
342
409
179
472
239
202
382
198
413
240
360
472
340
414
346
300
339
225
225
396
407
186
174
405
405
312
478
415
321
281
408
238
216
382
409
207
445
456
130
346
97
107
365
510
493
456
194
361
381
505
341
288
397
375
400
302
383
377
333
345
298
244
263
297
330
207
195
491
220
291
412
132
469
441
418
205
98
48
355
396
210
268
177
372
221
243
482
392
401
395
153
290
245
337
405
222
343
402
372
343
313
258
209
356
336
185
349
208
327
369
431
418
436
310
240
173
452
202
545
386
367
46
52
31
123
255
417
357
204
358
220
374
368
366
404
312
379
365
361
349
368
347
314
265
278
392
418
341
134
377
288
432
324
446
110
248
177
206
175
352
346
340
144
353
470
333
233
325
407
257
345
298
221
175
176
242
172
322
207
274
452
350
361
261
368
221
283
358
324
290
224
375
320
351
443
356
483
312
306
402
274
464
228
214
399
270
356
394
402
429
254
436
335
292
251
311
203
519
333
400
320
336
394
229
300
219
310
324
213
270
245
239
220
350
480
355
353
320
457
315
150
185
153
276
511
344
199
294
205
262
316
277
396
303
417
310
262
382
285
334
199
204
314
211
215
239
326
335
352
345
181
385
439
465
295
326
163
186
314
401
380
178
316
159
215
220
422
404
161
325
181
313
297
129
216
438
334
321
168
185
179
176
252
351
283
398
207
179
358
290
401
389
480
356
356
403
323
334
280
235
238
233
171
161
322
200
210
343
219
305
258
294
371
341
392
162
393
224
211
458
497
441
468
414
423
324
370
297
378
342
365
333
233
191
206
340
237
304
419
271
274
201
164
176
168
247
316
347
239
193
188
349
148
328
302
206
170
377
337
322
258
263
471
378
413
200
370
269
346
307
306
216
312
236
345
279
237
381
338
351
200
292
328
440
198
319
341
221
258
386
420
115
432
419
409
238
218
260
351
-1
282
272
266
258
176
175
159
173
309
367
320
276
275
306
378
349
167
319
393
345
231
228
366
237
181
208
155
199
424
298
444
188
440
325
276
163
319
217
307
235
345
147
246
298
331
325
147
386
225
281
233
344
165
477
365
421
255
368
326
303
311
180
328
293
227
241
127
247
327
195
260
331
178
169
146
284
291
367
260
396
196
283
252
382
374
294
207
452
208
254
282
305
309
196
245
355
166
267
185
319
266
355
241
291
287
342
405
319
323
205
282
292
203
352
163
318
165
435
347
245
205
207
213
260
457
356
316
334
416
356
177
193
293
188
119
232
383
270
398
353
342
272
159
279
189
298
384
389
264
246
211
266
306
262
170
290
142
158
168
239
258
167
336
209
93
240
309
198
146
190
400
393
169
156
189
109
353
201
309
264
184
307
203
353
247
28
222
249
290
317
166
363
186
324
194
338
213
356
321
213
333
178
165
205
294
252
159
299
343
123
116
330
216
220
188
102
316
302
324
196
279
377
249
289
291
249
308
138
395
238
318
296
240
215
401
214
159
283
182
182
260
228
181
394
165
256
284
274
186
207
303
100
313
326
280
226
355
235
349
358
274
389
315
355
384
193
380
207
332
179
32
321
232
201
378
373
285
232
279
281
292
279
221
282
202
306
233
192
234
297
176
146
159
210
234
338
186
157
181
356
10
12
300
222
236
226
245
316
145
151
309
347
266
410
194
162
231
290
286
222
429
367
193
238
112
212
310
323
184
213
323
280
235
295
243
293
367
163
419
164
347
224
232
183
279
170
304
191
372
378
290
116
300
231
302
296
259
155
161
360
304
151
355
225
198
200
207
242
286
220
148
160
283
206
252
199
252
173
190
175
203
131
246
194
249
222
368
137
138
131
101
227
263
213
289
88
333
220
124
143
142
119
193
164
235
178
169
174
237
210
292
251
121
242
152
169
73
119
151
402
290
174
216
210
220
220
94
248
66
351
145
184
268
163
207
156
228
125
289
205
136
231
253
327
115
240
185
288
203
263
155
148
171
216
98
150
136
167
299
300
274
159
196
224
190
182
159
224
221
51
335
63
149
192
136
112
225
250
188
228
181
231
283
210
167
154
57
207
219
190
222
169
347
201
156
184
176
172
240
163
174
175
234
153
116
244
151
149
236
146
127
166
124
149
66
124
174
117
97
203
53
211
185
150
121
198
125
133
129
140
148
104
108
90
158
108
169
83
93
171
192
87
100
103
125
75
135
261
156
