246
290
250
184
187
142
320
266
0
318
240
325
258
330
445
290
356
214
192
258
323
274
405
256
209
349
376
234
248
224
267
247
220
266
269
268
258
241
240
236
232
195
275
201
222
256
266
249
224
247
222
212
192
184
203
182
186
194
236
197
186
221
226
138
148
182
187
177
207
191
217
318
247
293
174
192
220
202
251
247
4
189
144
91
126
113
123
202
130
248
205
143
238
261
238
207
18
180
208
24
100
150
214
252
181
145
144
134
136
133
165
147
152
140
114
147
100
174
150
119
80
100
171
198
276
170
103
109
185
133
251
135
114
119
56
117
140
118
324
19
184
170
0
117
83
102
0
84
173
166
241
255
210
98
243
196
171
91
93
223
167
129
133
215
221
193
245
71
84
95
90
83
0
0
89
65
88
87
80
84
0
99
111
220
269
38
62
57
64
0
60
48
65
72
14
66
147
147
0
253
195
87
209
206
231
53
142
201
88
100
199
211
125
261
59
175
207
207
218
175
63
172
165
139
136
203
194
190
89
145
240
174
243
185
167
184
157
118
223
166
159
106
139
139
188
172
118
153
53
22
57
12
20
37
0
0
193
112
115
0
80
87
82
189
136
98
0
138
64
142
160
54
17
93
153
144
149
156
152
204
131
160
110
169
145
132
194
110
125
188
205
224
1
91
178
155
202
108
181
62
187
100
89
93
84
91
218
446
388
407
577
364
563
483
211
0
148
134
165
180
205
155
197
128
124
194
135
132
155
95
99
139
179
106
0
25
100
114
138
0
141
154
174
198
187
145
103
197
229
179
167
232
160
161
167
180
139
181
140
167
165
294
137
193
186
129
65
211
139
153
120
120
98
97
106
235
178
205
117
131
170
113
146
138
121
8
186
186
185
174
176
161
97
101
97
90
175
0
0
152
138
0
171
64
47
124
181
32
118
0
162
176
185
172
156
139
171
159
146
52
183
180
172
158
134
279
163
32
148
148
145
90
98
95
50
76
115
0
115
143
106
142
151
139
69
99
69
70
192
167
94
55
175
109
78
311
169
127
159
111
163
142
201
0
39
214
120
2
79
107
138
17
93
107
110
109
88
99
139
116
124
120
146
200
101
99
147
126
221
125
122
158
54
169
102
124
184
160
187
159
181
169
134
158
148
124
121
141
99
102
110
136
135
0
0
137
178
97
103
199
137
128
143
22
186
133
59
162
147
121
107
150
31
119
118
94
106
0
134
168
134
97
80
152
138
111
160
106
110
119
142
135
120
125
139
97
100
134
118
124
134
115
1
119
129
135
119
111
161
134
107
107
104
88
135
9
0
138
66
98
113
94
83
113
118
96
160
34
0
125
160
87
83
101
105
91
165
146
128
103
111
102
2
14
130
24
115
14
92
105
72
102
0
163
56
67
108
97
132
59
82
92
96
0
119
110
33
123
78
129
110
28
89
128
118
104
117
140
110
85
82
116
112
107
96
81
119
72
34
0
126
76
143
128
73
155
64
51
84
0
20
0
68
111
0
110
93
64
63
112
87
59
73
99
88
42
59
93
147
138
123
121
128
159
152
131
89
68
84
101
92
118
101
112
115
145
93
89
86
91
85
21
91
107
88
88
92
164
68
50
43
82
108
121
115
146
134
135
152
115
89
65
85
133
84
93
114
99
143
110
64
75
55
81
83
93
59
113
30
64
78
98
88
81
105
49
121
0
90
84
175
11
72
70
62
101
98
100
116
89
66
102
49
463
143
105
122
90
70
74
90
16
126
81
104
49
84
81
51
112
336
95
96
88
101
72
113
134
87
72
72
150
35
44
90
76
70
71
26
257
26
64
72
77
101
90
76
0
116
89
124
70
109
63
63
0
145
50
81
545
115
89
102
74
100
83
95
83
95
118
86
109
123
91
159
111
81
121
57
82
62
119
72
77
72
35
96
72
56
118
166
117
148
134
89
99
104
116
77
98
102
83
206
110
56
58
105
145
12
3
11
7
3
12
3
131
61
87
84
60
0
71
121
175
135
86
0
117
0
0
69
118
64
173
82
94
82
112
77
109
76
45
71
75
99
85
87
65
84
78
67
94
96
76
80
85
49
102
45
84
204
43
86
88
121
36
124
71
85
77
101
89
67
92
68
41
111
80
82
85
91
51
70
31
0
70
93
133
64
45
48
62
48
62
66
79
65
65
102
62
11
79
78
39
75
60
89
90
74
75
75
167
88
64
73
60
51
72
55
62
61
39
79
102
77
88
77
70
60
77
21
79
84
50
89
55
72
81
65
26
28
115
122
6
115
84
43
47
92
46
76
95
55
69
80
112
96
94
45
42
88
102
64
0
57
73
83
0
116
37
70
64
79
61
28
120
45
9
38
140
63
64
56
81
112
70
38
51
40
62
43
125
61
72
60
84
98
59
65
70
115
61
67
63
4
77
57
130
46
131
56
54
53
0
79
0
54
85
1
50
101
28
68
59
37
62
45
56
51
63
59
74
69
97
60
71
57
50
25
89
2
1
39
70
53
57
13
49
54
106
80
58
0
62
107
9
57
50
51
19
39
36
61
70
71
87
72
41
34
44
56
51
61
57
96
51
37
61
91
68
91
58
55
52
0
34
2
57
54
63
35
63
46
45
53
66
0
0
0
60
28
74
49
6
73
4
78
121
33
90
31
89
46
70
73
68
65
65
48
70
69
52
63
84
50
64
56
58
57
0
67
97
57
35
75
93
100
61
82
51
20
49
36
49
61
50
56
27
45
45
55
41
92
62
91
53
72
56
70
60
90
52
30
53
53
49
87
30
108
38
27
35
23
25
24
45
58
45
39
54
49
58
100
46
48
76
75
58
44
36
31
39
42
60
45
46
116
40
101
90
38
32
73
42
69
55
49
37
49
34
83
69
60
42
85
44
24
7
31
34
35
0
29
23
79
58
47
49
64
38
73
23
35
64
41
53
66
54
47
49
44
0
50
42
149
57
52
32
42
44
51
7
59
60
18
34
0
55
69
55
50
63
63
2
38
0
64
54
244
46
43
28
100
53
49
43
48
36
86
16
35
1
42
60
37
40
37
17
53
49
66
67
70
122
55
55
45
54
40
56
73
41
44
4
59
32
55
72
59
0
101
119
6
61
69
77
62
33
42
53
19
32
48
41
121
34
81
48
0
0
42
44
47
28
8
2
60
40
46
44
18
70
8
35
45
62
54
127
39
25
2
0
60
60
32
49
24
24
24
24
33
51
104
80
0
76
54
12
1
60
45
46
29
23
39
106
74
17
58
37
42
76
96
73
33
63
0
28
30
78
35
42
47
59
32
37
33
31
34
11
42
0
0
33
59
29
24
68
51
40
94
77
40
29
40
56
44
67
33
24
42
48
37
44
33
72
126
93
36
81
80
42
33
68
65
70
0
40
37
64
4
4
33
4
16
36
73
55
55
28
21
56
21
45
16
5
24
50
65
50
0
0
51
41
10
65
46
73
1
1
48
47
45
54
65
26
122
60
73
45
49
66
49
2
47
19
41
41
37
8
32
59
45
37
55
41
38
68
72
32
35
17
30
0
41
50
15
8
51
42
45
0
72
27
31
44
47
54
31
52
22
75
16
29
22
16
17
4
48
43
0
49
12
28
24
36
51
72
54
94
82
15
33
13
58
30
50
50
20
29
14
37
54
50
58
53
52
11
95
66
33
86
35
11
38
37
13
22
13
37
52
22
20
23
43
12
25
12
31
38
0
46
61
16
31
49
42
88
31
32
42
41
68
15
32
31
26
0
84
36
26
32
54
68
246
0
17
56
21
28
123
84
25
18
31
49
38
35
41
22
43
46
12
32
1
67
38
14
57
78
22
63
27
34
48
32
28
32
26
37
39
56
55
35
27
38
10
55
51
25
70
23
32
54
50
67
71
15
26
14
27
44
32
73
35
-1
61
46
46
39
19
28
37
53
16
49
51
42
36
47
34
0
27
26
0
30
33
39
18
0
93
26
33
29
14
0
0
2
0
1
77
21
61
0
50
14
20
12
47
38
40
8
26
23
27
21
15
24
19
0
50
26
43
26
1
59
20
42
43
11
35
32
34
38
23
48
1
47
36
41
32
11
42
33
33
60
23
31
0
71
46
26
60
59
37
26
29
41
48
34
3
13
10
27
87
6
51
25
34
29
16
12
0
8
22
0
0
19
25
32
27
34
41
41
31
43
11
23
14
16
24
49
38
0
18
18
1
37
39
23
14
23
25
11
14
22
62
8
30
19
39
2
13
14
73
7
28
21
22
54
23
39
9
2
30
43
11
42
23
16
46
50
23
24
53
0
40
22
46
4
9
0
72
55
22
3
21
0
21
15
5
28
25
3
3
51
19
12
26
7
21
15
26
33
325
22
0
9
13
16
9
33
57
24
36
34
69
34
43
24
30
50
11
17
11
22
20
32
16
44
6
24
7
22
15
27
27
54
4
1
22
28
28
26
6
19
16
0
6
5
4
13
0
6
18
0
6
5
20
0
19
24
3
8
25
15
5
18
0
5
3
1
3
0
1
14
0
7
7
6
6
0
178
42
