622
740
779
716
734
665
864
736
80
756
718
704
590
554
622
664
683
739
681
831
616
647
540
588
496
498
624
714
776
862
833
764
845
890
948
1051
1080
943
1021
883
934
966
935
1017
1031
855
818
949
746
924
1197
1003
981
877
946
804
962
867
896
938
993
902
1012
766
927
905
1061
894
935
929
929
843
935
979
714
558
915
1014
724
797
603
864
866
616
873
891
678
598
865
727
1045
811
890
926
818
686
561
759
969
549
606
759
748
936
886
766
746
728
750
672
592
630
661
633
642
678
606
579
620
705
602
584
573
873
511
738
425
631
684
606
884
618
584
654
418
645
665
694
496
406
757
731
465
685
521
608
366
627
825
804
697
827
785
627
632
966
985
619
654
882
969
747
747
665
763
862
904
622
619
548
529
537
392
410
406
508
424
398
574
439
315
639
555
812
738
381
360
479
330
308
311
380
313
325
335
394
618
620
377
611
732
602
839
770
663
429
622
746
794
763
935
849
688
684
304
845
606
1004
949
917
524
887
865
808
880
816
736
926
791
852
516
834
706
740
775
881
903
775
1093
1084
855
783
696
509
434
954
684
565
381
282
351
244
239
384
426
555
580
678
580
195
330
230
430
931
396
655
160
755
658
890
1101
480
583
477
917
702
717
796
775
716
787
850
781
1053
1093
836
630
684
739
490
792
727
398
589
889
693
810
433
910
885
765
558
550
569
463
576
957
468
424
490
404
351
359
419
962
425
793
789
757
548
751
935
816
757
923
936
877
609
582
556
620
723
827
658
410
709
771
850
840
308
829
611
731
901
812
801
436
698
546
505
787
672
856
891
720
601
727
639
635
934
686
756
717
861
811
535
762
725
701
716
789
819
482
504
823
766
826
680
750
983
753
727
442
570
722
172
945
745
1035
1176
579
610
574
456
440
571
763
514
511
401
881
137
851
683
651
883
876
587
807
572
751
777
632
901
282
815
852
804
663
447
825
690
825
683
770
355
639
539
1124
647
1139
693
412
358
339
393
502
308
582
418
595
934
904
919
363
454
413
366
664
862
465
394
862
520
440
560
519
1002
896
451
637
662
559
241
730
712
878
274
313
656
483
349
358
551
526
540
520
520
611
515
563
664
639
507
564
593
472
834
566
749
777
908
399
686
638
499
622
804
835
992
942
792
847
859
853
595
491
700
717
571
1001
989
1227
220
142
283
825
507
772
551
595
920
618
837
1022
1002
549
767
833
841
783
770
539
907
923
736
662
263
911
636
613
746
752
951
714
721
451
571
618
899
776
575
545
571
465
531
520
520
669
578
1033
878
266
615
743
884
597
759
568
465
473
645
784
728
604
349
295
772
532
911
845
837
594
614
458
736
813
498
211
713
390
529
441
556
494
693
584
681
697
787
387
409
261
264
390
316
445
301
393
768
634
584
632
943
792
689
1109
1002
553
644
466
515
590
526
909
876
681
708
747
582
570
373
644
792
928
604
989
731
1082
467
986
835
1318
-1
730
498
556
892
328
410
669
544
940
828
563
758
387
361
477
154
634
195
352
370
395
669
569
581
527
407
333
362
515
646
695
229
672
775
1089
1040
1031
1013
989
966
904
630
511
495
423
1176
836
705
986
484
556
557
410
513
435
995
1005
553
560
508
512
862
687
878
503
509
514
714
932
559
737
916
842
940
817
398
466
544
692
507
591
573
634
718
759
968
236
364
487
492
686
435
462
346
237
569
457
552
554
893
805
535
711
330
442
463
223
396
614
704
548
745
635
647
429
452
795
519
367
343
618
598
479
651
599
489
539
178
683
675
266
300
471
622
460
730
340
724
1030
522
937
709
842
647
527
784
776
463
764
768
593
721
808
570
613
383
627
417
364
597
667
834
514
520
760
748
300
549
817
527
765
428
836
384
461
259
782
608
538
514
772
847
666
529
783
862
466
789
792
784
885
884
737
638
600
483
614
889
832
495
486
330
438
679
386
557
607
555
586
805
868
834
853
787
755
797
865
662
430
907
392
682
766
873
399
409
449
369
374
360
417
764
800
660
658
529
384
601
717
349
705
1136
189
903
125
549
445
780
600
785
1051
785
788
426
495
739
552
499
757
454
478
658
755
496
696
489
470
619
588
809
464
498
807
572
488
742
227
569
412
490
1003
607
889
751
422
496
774
746
289
750
708
839
638
602
875
502
733
254
600
752
434
536
840
911
768
663
642
586
708
469
533
612
594
473
286
396
352
835
840
631
695
736
787
798
750
680
702
766
702
460
610
416
716
571
735
760
642
512
846
1004
484
766
736
686
532
750
598
432
408
739
336
658
743
881
571
687
634
785
969
674
491
899
685
617
712
690
670
257
423
586
594
624
502
505
739
549
458
829
740
378
799
441
734
472
518
596
612
844
424
542
482
734
739
306
655
485
511
626
383
773
554
616
624
585
801
688
626
547
476
449
735
850
428
349
709
1046
701
795
654
563
524
700
590
505
589
874
439
712
795
252
870
167
218
782
615
656
857
310
742
693
604
613
513
576
638
684
465
690
754
775
609
592
578
543
562
856
400
357
673
395
483
676
253
651
592
757
411
217
121
538
613
380
539
359
610
428
469
564
825
733
732
368
584
431
454
507
538
475
672
560
683
475
461
458
672
636
313
581
445
579
459
642
547
782
553
553
363
642
451
634
624
474
89
96
70
257
419
956
772
515
709
287
582
605
513
660
476
605
534
588
603
535
551
521
382
490
680
708
636
324
592
540
574
643
738
193
500
344
471
369
735
757
760
267
841
652
485
435
412
668
460
541
501
511
398
396
483
426
767
453
550
731
775
729
575
814
561
759
444
529
475
383
540
612
728
513
411
489
622
603
452
485
568
420
438
626
523
643
684
561
674
516
767
651
498
595
642
456
694
547
467
445
658
854
424
618
345
611
746
376
463
517
555
430
471
573
677
635
624
535
599
195
289
178
490
637
529
369
417
440
451
516
371
533
483
524
692
349
479
491
419
360
341
500
402
432
400
492
624
468
697
444
627
606
644
506
597
360
348
490
440
409
315
621
333
424
440
776
649
245
564
324
496
737
326
460
520
542
593
351
363
333
333
523
716
536
529
546
463
656
357
615
599
488
806
803
731
594
576
597
426
467
472
342
338
505
354
455
428
377
542
463
503
593
536
493
358
849
333
422
677
775
640
552
565
568
530
439
640
598
758
555
571
479
305
364
438
453
466
493
445
589
418
408
403
401
439
613
434
392
437
421
536
343
456
611
292
271
554
526
377
454
414
526
422
451
361
462
612
584
507
604
274
544
498
518
386
418
427
659
620
354
441
379
663
319
517
619
369
602
493
581
284
520
484
871
403
402
571
648
461
404
328
491
469
338
364
243
265
493
653
383
348
601
553
595
630
376
494
456
474
432
413
680
333
308
449
398
399
580
566
724
479
824
547
676
315
405
405
599
474
608
298
480
525
507
435
329
558
288
406
339
616
385
601
376
531
423
409
438
344
513
394
690
721
480
464
354
427
443
307
392
446
319
332
174
535
566
495
437
564
354
653
628
686
694
549
408
600
295
363
443
410
361
392
390
538
338
353
466
638
434
386
587
580
429
501
472
468
478
399
531
496
451
825
362
473
213
721
432
580
439
449
485
365
614
441
653
353
419
405
368
372
395
397
254
355
630
311
449
481
427
480
398
321
446
624
445
463
296
432
376
489
427
464
393
353
247
283
288
623
378
346
450
438
194
363
596
338
272
356
460
339
281
301
360
239
360
276
538
507
245
386
305
436
396
70
298
410
346
446
339
507
377
396
442
633
283
645
415
395
439
287
349
476
430
396
414
480
566
340
324
490
355
353
302
274
553
377
335
313
423
413
366
428
442
487
440
234
427
366
522
522
339
431
666
449
338
369
356
392
434
371
346
427
341
398
511
524
317
316
425
214
551
623
432
389
504
341
593
432
473
680
296
449
370
333
532
335
527
394
107
591
384
418
448
276
618
425
375
322
386
408
444
431
297
534
407
323
472
345
322
262
329
290
357
629
322
286
317
425
38
43
478
426
442
425
365
523
306
304
353
284
251
564
336
389
255
380
357
319
397
536
413
326
227
320
372
539
327
321
539
449
401
459
301
388
460
269
491
325
504
342
462
414
416
242
256
395
516
456
542
178
386
388
492
558
323
324
342
541
416
331
485
370
395
336
206
429
451
431
286
291
373
369
362
253
393
293
303
238
335
150
324
303
415
335
552
268
270
303
216
253
387
270
430
201
506
394
165
276
242
190
290
326
258
258
306
246
434
334
326
457
190
257
212
333
139
188
270
622
296
259
229
247
397
273
186
242
147
385
281
299
397
237
354
291
346
223
364
386
160
424
397
435
114
247
215
493
445
247
208
272
295
279
149
225
213
275
330
328
552
255
260
304
247
209
221
286
275
141
406
70
132
249
221
155
321
495
319
344
326
392
365
300
225
225
160
246
264
239
277
194
422
245
306
202
265
210
284
225
319
314
341
157
109
344
198
198
439
182
213
281
145
240
96
146
187
108
148
272
116
149
191
200
97
342
217
168
166
226
221
126
156
87
150
139
189
87
86
133
212
115
124
122
153
100
145
566
279
