345
395
336
295
253
189
346
308
0
297
345
293
313
330
230
261
227
240
201
277
239
250
287
354
277
316
272
241
307
288
292
336
391
452
496
562
621
491
540
426
490
528
548
493
525
411
383
479
497
437
543
708
728
589
564
626
671
596
714
714
654
561
551
716
508
588
486
480
530
502
499
424
427
452
441
289
506
489
418
309
680
478
465
353
537
472
570
688
436
341
436
398
438
395
314
360
465
362
402
493
425
1002
306
352
365
827
940
765
833
801
556
918
690
923
747
790
685
603
643
760
848
937
355
447
288
528
476
822
368
649
362
952
718
682
908
640
659
627
0
601
482
630
808
592
598
623
997
763
356
478
323
314
404
529
250
349
507
550
648
387
444
613
589
313
268
362
333
1039
1062
1037
1100
936
1104
1135
933
1113
694
614
917
729
838
592
325
430
310
330
756
800
718
878
716
797
539
595
269
465
390
394
501
240
358
709
303
261
226
482
607
457
492
323
333
314
334
295
270
379
217
384
333
391
792
343
542
506
489
460
514
380
540
435
91
401
318
354
487
338
384
668
442
400
320
499
434
196
24
401
364
315
198
218
207
137
304
155
612
547
222
535
600
672
336
78
950
285
220
780
240
427
460
529
369
784
514
238
395
337
318
272
262
301
415
467
351
367
306
519
254
512
268
121
317
286
243
247
285
322
250
160
319
535
279
593
544
568
309
606
328
38
190
123
16
116
26
3
296
390
391
311
287
250
312
335
248
379
440
337
330
357
258
426
380
327
226
297
491
605
465
440
520
465
551
374
267
284
280
394
200
390
205
229
302
311
289
268
295
158
415
254
402
295
251
195
279
264
262
205
329
513
298
307
458
393
540
395
406
256
312
294
434
356
267
299
106
335
361
69
224
223
363
395
165
210
490
335
300
536
317
281
281
73
335
246
292
281
280
246
267
425
330
453
288
313
70
318
0
346
253
305
300
622
313
227
279
246
287
0
308
352
272
538
297
555
464
401
638
409
523
324
236
397
414
337
340
349
406
440
528
346
427
330
471
150
294
158
438
175
129
447
291
2
74
68
49
213
341
299
436
193
480
207
308
362
171
349
313
364
363
441
320
273
359
332
252
166
277
196
113
272
181
385
334
401
373
239
358
273
198
236
239
273
226
226
268
345
337
199
346
215
566
382
309
251
238
213
233
45
252
336
356
230
261
270
220
262
357
247
496
245
286
321
389
198
298
278
282
318
332
434
370
264
183
240
212
246
214
218
214
296
210
258
313
262
274
265
204
313
279
267
296
322
341
305
510
356
291
414
374
187
250
258
215
278
277
220
283
297
260
183
270
200
208
219
284
202
246
490
229
289
-1
259
77
271
247
228
254
476
474
234
199
217
213
133
252
137
68
342
160
858
43
293
475
203
529
198
287
229
210
191
214
282
223
217
259
494
351
343
265
170
208
75
35
21
246
382
332
260
314
294
330
203
308
163
239
211
430
212
234
258
144
382
306
336
197
207
298
348
360
350
267
532
363
214
128
151
530
266
212
413
333
233
210
216
200
212
79
493
209
331
286
281
314
283
285
237
219
259
272
248
154
188
220
222
267
231
213
225
260
215
125
248
273
223
266
243
234
281
161
314
258
194
348
178
251
157
193
161
169
181
159
191
161
221
178
204
168
247
299
259
169
342
166
260
4
1
144
2
304
74
133
141
263
251
224
269
280
273
290
262
2
8
169
92
146
132
208
202
249
229
176
251
251
164
340
75
290
166
153
167
151
217
313
183
239
144
248
106
133
184
219
167
97
187
163
175
284
216
290
236
205
284
206
0
211
206
230
127
242
114
305
71
319
261
129
207
179
238
230
204
242
181
0
59
190
247
116
312
153
625
156
36
219
169
226
277
244
205
236
173
215
143
268
247
329
174
236
281
243
172
207
201
435
131
126
173
156
290
160
238
173
212
158
166
202
193
149
135
142
273
136
211
244
193
0
158
200
138
104
261
118
45
75
49
28
44
40
213
241
174
198
335
576
176
167
0
142
165
7
244
100
293
180
223
186
269
168
169
130
3
201
204
158
150
190
192
194
155
180
189
162
221
153
183
102
187
132
122
262
141
570
123
68
361
149
257
210
87
337
182
192
437
182
150
60
199
188
278
198
168
78
249
105
136
154
406
413
177
130
263
177
133
151
143
135
165
176
121
164
159
2
106
219
245
204
171
168
167
279
298
266
303
160
251
129
119
387
193
207
86
232
197
160
199
192
256
149
106
136
106
166
191
154
128
38
199
92
119
123
93
204
184
218
109
328
247
136
111
225
287
261
227
144
1
17
134
159
194
94
139
257
168
225
192
90
590
143
161
178
127
130
164
208
134
221
250
165
154
211
12
182
34
165
146
154
123
72
176
146
80
256
142
97
150
213
190
144
208
0
119
169
146
277
257
160
225
177
158
116
85
138
243
163
203
180
221
135
175
130
105
181
186
307
12
177
223
145
161
140
128
105
196
209
161
161
140
126
158
179
137
255
87
43
47
158
133
7
159
63
158
135
373
157
38
167
161
150
323
144
176
133
131
181
155
141
139
138
105
199
135
71
129
96
182
159
125
149
118
126
230
121
115
1
82
131
94
203
167
194
228
120
113
87
149
146
154
153
92
15
53
0
0
132
148
123
298
113
12
144
133
81
213
183
116
93
135
127
137
132
91
44
33
151
212
105
128
87
123
151
109
247
515
148
135
78
57
156
104
113
0
204
158
81
107
112
193
144
128
126
155
179
179
64
107
171
183
119
169
276
244
215
144
174
111
105
174
99
123
164
76
183
127
131
148
102
114
109
255
137
1
4
130
93
95
152
108
142
123
212
108
151
107
102
145
176
80
120
177
146
116
4
52
71
124
126
131
53
96
92
149
80
126
108
84
77
114
178
0
31
30
323
171
77
137
115
123
116
78
56
128
69
118
104
186
114
24
93
57
53
66
95
80
84
138
153
73
181
111
168
144
152
70
131
176
20
14
78
74
280
142
144
1
85
142
139
3
93
77
138
107
0
163
120
62
81
61
81
86
102
189
130
198
114
94
84
120
82
137
129
114
116
105
232
71
67
94
66
102
88
127
113
50
0
74
67
33
186
85
119
113
102
176
193
186
37
99
160
196
155
109
97
125
213
104
91
158
150
83
172
128
72
45
79
132
108
122
112
108
113
70
72
69
121
184
125
131
128
93
83
83
83
180
31
23
74
76
62
107
72
128
90
116
121
74
116
109
384
120
12
92
134
86
60
145
98
165
185
0
91
111
160
222
97
159
83
83
109
194
90
131
108
204
113
149
104
103
120
104
80
98
74
122
80
30
34
77
146
56
68
67
91
172
155
71
75
96
71
63
62
111
101
89
112
106
76
160
113
171
210
250
88
274
22
19
89
256
82
115
257
128
87
87
183
85
121
119
88
27
90
83
142
95
163
4
76
97
76
226
65
136
88
41
210
76
117
70
38
41
87
0
26
6
69
78
83
181
230
66
155
120
115
137
84
40
147
16
60
95
62
62
102
160
107
44
85
84
94
23
41
131
116
92
88
104
65
342
166
116
95
89
146
110
68
18
157
101
73
87
93
87
76
157
81
229
71
96
98
84
125
95
173
2
98
128
61
80
74
67
27
91
45
0
81
74
117
64
68
77
88
64
250
69
64
0
1
0
108
69
103
88
139
177
109
128
77
36
61
121
97
51
82
66
16
76
63
116
78
28
83
67
45
59
0
11
40
58
105
68
122
111
57
69
100
40
134
79
85
66
55
87
29
60
65
98
74
166
0
132
113
9
99
56
0
97
101
55
62
51
78
66
32
103
141
54
6
119
61
102
93
84
104
129
107
119
52
65
78
76
63
70
109
89
60
117
101
62
101
118
9
123
76
65
0
107
45
79
75
148
129
56
102
108
67
120
56
124
92
0
136
76
81
104
74
211
72
38
61
40
121
130
73
42
102
53
88
65
129
37
43
94
47
83
196
69
45
103
85
44
0
139
267
102
0
123
104
86
32
82
86
65
234
66
57
60
88
53
46
93
127
85
51
47
90
82
101
74
136
149
76
85
47
42
61
108
0
118
50
110
84
78
138
139
1
45
122
127
103
85
0
71
252
124
94
31
40
128
92
119
71
136
51
72
104
21
69
148
88
116
23
54
63
28
33
65
71
61
15
66
14
27
77
346
72
128
11
12
63
0
22
73
20
156
0
147
64
80
115
53
10
27
93
36
36
68
58
350
56
71
90
0
21
23
155
84
36
78
164
46
44
14
37
91
34
0
49
0
74
60
37
68
68
23
89
9
36
94
7
13
208
184
73
6
48
37
82
111
57
0
50
81
78
8
16
2
35
76
76
106
37
19
49
47
33
53
52
47
4
97
4
0
33
50
12
53
69
65
79
90
64
58
9
20
0
0
33
38
35
40
26
114
40
97
28
53
35
38
52
72
71
62
25
17
61
17
17
87
26
178
63
21
23
5
14
46
26
33
50
1
31
36
34
14
50
22
35
46
60
36
25
26
14
25
29
67
9
8
28
41
19
29
29
9
25
30
258
55
