768
901
889
831
834
736
946
864
88
857
811
802
688
689
734
793
783
826
725
906
715
798
669
760
626
649
803
778
924
899
958
842
927
1020
1033
1129
1262
1105
1192
1083
1126
1187
1032
1186
1289
1132
1053
1197
952
1201
1305
1414
1229
1185
1219
1110
1269
1217
1120
1151
1200
1269
1107
1051
1191
1095
1181
1281
1140
1218
1088
1065
986
1129
892
612
1109
1127
789
864
781
1037
1047
796
986
1026
949
758
1093
886
1195
974
998
984
924
817
754
964
1089
741
686
1087
985
1158
967
1052
965
1068
1026
908
811
856
901
831
853
872
920
806
897
923
868
847
779
1090
648
1148
519
814
954
765
1050
796
780
818
546
923
1014
1100
633
602
1045
940
782
1070
766
812
543
900
901
1165
874
1043
1028
1009
783
1014
1251
910
944
944
1079
1048
1055
748
835
971
909
849
874
763
715
763
540
593
536
677
551
534
806
592
462
942
716
1162
917
499
490
654
450
433
436
520
410
434
483
558
870
871
476
729
818
792
876
858
807
674
914
951
896
980
925
860
768
864
357
984
708
1018
1056
939
710
947
1171
1065
1207
1118
951
1169
887
1111
573
909
844
877
1103
925
1086
1052
1144
1113
959
955
802
650
567
952
790
744
490
414
492
327
351
483
540
677
680
961
798
302
441
334
560
934
597
847
242
936
867
1110
1145
664
631
479
990
933
950
963
928
1026
1047
1239
952
1122
1055
964
748
919
919
664
854
841
476
695
952
859
903
552
1054
1035
876
779
722
760
590
733
1114
536
530
560
459
415
399
484
956
551
992
999
870
702
860
1065
878
899
1249
897
739
762
747
906
919
952
858
764
594
1000
1059
1113
1009
396
1125
871
859
1007
959
901
532
839
563
655
826
714
877
908
905
854
1035
770
1010
873
842
811
791
857
870
725
896
960
879
897
1155
1025
626
658
961
925
1026
837
985
1013
875
867
631
648
1014
232
884
803
1047
1090
863
908
878
700
675
837
840
582
576
523
952
200
865
724
725
849
846
774
994
628
777
912
803
1062
373
1073
937
987
802
694
987
814
1150
912
1008
402
899
756
1010
891
1011
929
487
434
448
486
669
436
587
565
926
1097
1001
1014
458
555
525
468
797
828
598
510
885
558
554
655
604
1183
1022
569
859
866
855
376
863
838
1048
314
362
704
578
446
445
637
615
637
641
672
705
582
686
819
688
609
628
689
651
864
657
1083
1093
1096
539
832
773
652
735
871
899
981
841
892
874
991
934
702
608
758
1003
691
967
938
977
291
234
373
883
631
1028
685
773
946
718
674
1123
933
750
861
846
1068
1020
862
720
991
939
1056
997
392
952
701
611
947
807
884
1019
897
596
741
702
795
804
593
606
592
482
576
488
587
795
636
963
917
374
803
955
1039
994
885
624
491
510
744
860
819
607
580
489
680
551
891
871
818
813
723
562
1037
845
603
307
837
477
606
548
526
539
1011
722
807
794
979
485
497
299
312
497
388
525
426
480
826
865
562
805
837
668
821
825
794
720
893
772
700
728
752
1098
1049
632
735
765
799
680
480
817
977
1042
769
1020
799
994
473
1002
629
1012
857
983
540
584
843
412
657
815
910
817
797
612
792
466
441
514
234
745
280
422
472
409
816
568
779
785
528
443
481
523
636
556
311
860
1003
1039
985
1033
979
964
947
907
718
608
582
510
802
770
898
923
527
559
661
576
619
512
902
904
609
614
582
494
1029
830
1081
504
535
606
608
861
661
758
820
783
835
722
435
456
530
780
538
658
649
736
881
790
1033
288
466
623
633
782
535
655
442
341
581
603
589
583
1008
973
575
771
419
645
624
268
437
730
752
484
632
707
670
461
618
846
563
470
362
711
628
553
695
647
558
784
233
666
805
295
342
449
616
566
712
415
643
691
547
875
658
942
797
561
912
862
537
740
750
771
807
868
640
654
445
640
516
550
567
644
878
577
481
852
793
304
652
738
558
561
431
707
507
504
271
952
733
702
636
734
800
649
558
688
630
468
889
1002
723
859
1119
820
722
671
650
874
691
593
475
431
379
445
622
377
764
761
703
771
735
664
623
651
726
620
733
708
682
451
730
498
675
633
986
443
408
449
397
366
411
386
794
807
529
547
659
476
637
672
490
787
781
266
925
155
458
521
887
554
906
678
708
691
475
561
917
495
458
732
486
622
642
688
485
782
564
508
743
790
866
455
475
873
589
651
529
381
665
417
666
878
509
962
784
458
622
664
615
315
677
676
890
739
620
547
518
582
284
488
942
464
548
646
924
809
673
716
713
662
466
533
561
667
691
359
549
450
833
735
603
665
765
1011
1010
984
1026
756
858
633
517
879
434
781
607
849
719
784
629
621
886
596
603
587
544
652
828
587
413
334
680
496
536
551
544
570
594
752
676
1017
622
509
626
638
800
897
775
661
294
444
557
569
791
519
548
745
447
594
703
506
526
579
552
767
471
615
626
786
562
455
714
607
709
704
278
774
477
481
654
455
589
626
560
639
498
760
588
471
712
511
526
555
924
505
403
757
657
685
783
564
621
622
795
407
568
522
960
482
614
683
328
601
235
279
622
639
759
-1
458
611
742
634
451
458
512
487
639
565
586
686
629
688
610
537
480
611
503
376
329
645
538
508
656
328
627
521
1126
478
296
228
687
709
563
451
389
548
359
433
572
580
539
542
418
633
483
376
674
391
616
538
485
747
534
524
554
526
477
419
544
452
404
568
636
555
698
500
430
310
627
421
638
539
649
142
181
130
296
380
696
583
526
516
264
619
656
482
929
610
638
596
619
636
630
610
536
416
491
639
792
537
328
427
402
617
510
862
339
487
388
387
286
574
557
592
354
633
538
333
365
339
652
523
489
486
512
443
446
349
351
658
503
572
670
911
860
685
672
592
508
333
487
470
372
619
365
688
485
362
482
439
455
384
606
615
455
414
576
428
548
749
440
519
550
833
565
461
418
423
438
659
431
451
693
633
591
466
450
275
484
718
362
404
375
377
397
570
580
550
497
465
471
779
309
256
153
687
629
423
464
361
367
505
511
315
516
486
466
548
500
489
513
573
357
387
469
400
370
375
484
612
470
755
363
678
594
612
370
404
351
325
487
463
434
448
572
423
408
373
717
651
318
560
334
551
442
364
413
520
408
809
341
384
346
403
631
611
569
516
334
286
591
307
635
428
411
570
568
689
465
448
828
344
387
369
395
395
388
357
325
483
335
721
395
520
498
476
532
430
862
343
369
635
730
613
469
524
561
553
373
559
546
621
475
678
412
471
336
378
420
424
381
422
399
347
277
285
288
395
596
362
366
387
366
420
341
344
551
278
249
432
471
336
412
349
528
419
435
368
405
564
495
683
709
383
388
407
518
304
409
415
539
704
503
664
314
626
496
453
699
527
472
513
754
178
522
483
747
350
386
389
551
456
407
328
384
378
389
382
264
278
379
583
330
290
458
472
669
711
400
345
362
345
308
296
548
422
283
289
326
286
528
492
661
456
831
394
733
424
446
307
857
376
535
322
397
487
445
460
232
541
361
591
265
484
370
571
400
507
470
357
393
322
552
246
569
499
397
462
209
476
455
321
400
466
403
309
147
509
531
452
645
762
242
629
438
591
687
378
470
603
275
311
438
383
326
312
395
384
400
465
298
422
370
372
535
609
471
356
447
398
613
470
403
390
292
664
272
424
236
733
408
362
317
319
349
281
680
413
647
315
443
334
278
325
388
455
274
284
551
294
475
413
335
393
329
312
634
510
390
469
247
342
280
373
340
573
277
326
222
261
241
419
550
354
555
517
288
312
556
274
211
263
416
346
218
222
301
259
327
219
438
405
225
379
288
387
465
94
380
525
323
382
316
552
434
366
296
609
369
532
429
342
359
227
342
413
293
326
279
365
715
363
176
498
460
328
259
312
518
367
271
250
310
458
270
357
353
542
395
221
427
249
687
406
357
419
659
347
381
319
299
308
360
308
272
401
397
314
484
470
304
333
354
245
480
472
365
408
438
311
425
397
587
553
299
421
416
257
455
236
576
329
101
539
323
445
484
283
534
341
354
263
341
397
465
338
301
435
286
271
302
323
220
255
362
252
381
620
272
225
303
341
46
64
651
525
374
368
372
477
214
298
420
274
256
764
275
251
232
405
311
269
377
459
286
262
241
282
350
525
243
363
571
386
328
382
228
323
452
211
412
217
497
274
366
393
570
290
235
347
485
356
466
170
422
502
500
442
345
331
311
523
479
276
394
329
301
400
204
356
548
444
243
338
325
254
333
233
377
263
283
223
230
134
311
239
586
269
594
258
262
255
183
192
331
222
431
127
548
290
198
304
180
178
306
271
244
310
224
192
556
347
289
437
183
308
228
422
177
136
206
668
262
216
265
217
387
232
201
229
167
373
238
228
383
215
251
306
280
185
338
388
106
515
493
429
116
223
245
417
355
233
258
205
243
246
127
181
200
253
320
317
479
262
237
282
206
178
185
297
263
146
354
101
166
237
185
146
263
381
277
278
313
385
320
258
194
191
217
216
213
195
219
185
505
229
374
175
215
213
255
236
260
258
322
128
111
314
213
212
341
143
248
252
181
213
89
126
222
102
105
283
134
149
172
183
97
276
167
165
162
204
184
114
157
87
140
122
173
80
91
150
222
162
125
126
164
95
121
652
246
