459
562
600
566
574
530
650
566
52
563
554
515
450
425
438
502
518
557
516
607
473
482
404
430
365
366
442
554
570
626
619
576
609
571
633
706
751
731
755
682
694
729
658
795
753
642
575
668
548
637
780
733
706
705
721
578
673
644
607
663
699
639
679
591
686
648
723
642
698
649
676
600
642
715
471
368
658
761
540
614
448
607
603
450
591
622
519
403
655
567
755
668
648
648
593
532
426
576
713
380
386
574
545
654
662
569
533
554
564
504
422
470
490
455
485
477
451
395
473
487
461
444
409
634
337
538
291
469
508
438
644
467
444
484
294
475
474
520
332
293
537
531
354
522
374
442
252
468
605
589
506
578
550
456
438
661
743
468
495
593
656
565
552
476
579
604
667
466
457
414
392
420
299
295
287
367
318
291
443
320
225
502
384
594
498
276
255
352
240
208
223
267
244
252
231
288
472
477
311
428
552
423
614
585
494
310
473
515
520
561
594
584
495
485
192
621
473
669
662
588
392
624
572
553
670
653
520
670
550
623
340
581
492
496
545
653
636
577
785
799
606
594
433
360
307
652
454
415
261
172
259
154
170
263
323
399
433
524
430
135
228
174
315
651
301
505
109
529
449
648
807
375
381
310
682
496
508
541
538
508
604
655
608
760
784
575
473
502
522
356
541
559
302
440
633
467
599
292
615
640
564
416
421
415
342
438
680
338
310
361
274
244
279
288
693
303
588
540
580
393
575
707
580
600
754
634
628
449
408
427
450
543
594
507
278
513
596
640
580
235
615
434
552
687
556
547
305
489
383
351
536
426
607
655
491
474
529
469
483
631
517
540
521
653
596
371
612
495
487
506
632
623
355
384
618
549
590
478
505
735
532
541
329
399
535
120
711
548
754
820
412
436
417
331
346
426
509
386
388
303
671
93
620
464
471
610
650
463
633
419
542
574
438
649
194
584
594
592
435
336
596
544
580
483
567
259
458
379
780
506
841
528
312
273
260
298
386
204
382
328
437
647
650
647
284
332
311
298
495
611
334
269
637
408
348
416
402
745
610
319
472
504
395
177
550
492
611
189
217
500
330
259
251
397
385
403
375
399
453
374
410
478
465
330
364
403
344
553
433
556
576
620
285
483
464
350
448
600
615
694
709
565
627
595
639
415
382
527
533
394
728
722
913
132
104
198
584
370
578
412
429
765
449
583
746
749
411
578
556
608
546
557
406
664
693
549
479
187
574
433
411
553
579
665
543
539
330
401
412
603
531
402
378
387
322
360
340
385
447
430
740
673
207
440
530
608
457
554
394
339
325
470
600
548
424
252
206
558
384
664
627
593
446
454
312
501
625
357
146
499
282
365
312
402
360
520
396
513
541
606
285
300
176
197
304
236
328
236
271
531
492
385
427
693
573
532
869
840
403
470
332
395
400
400
700
645
488
506
603
434
404
288
436
563
645
430
723
560
882
340
711
591
971
1046
554
371
409
692
227
298
477
401
720
656
423
533
297
278
323
114
418
124
261
281
297
467
415
436
416
288
250
258
369
409
457
157
537
597
716
687
676
686
657
700
651
440
392
354
354
901
653
509
707
338
385
390
310
339
324
776
797
389
405
378
367
645
516
643
365
379
372
469
674
355
498
713
637
729
631
289
351
393
602
388
431
402
468
520
547
767
165
254
358
373
565
330
352
244
164
430
362
424
415
739
650
363
489
243
338
335
140
289
481
622
414
504
444
466
320
306
622
368
293
257
417
399
331
535
490
402
392
119
509
573
170
211
379
430
346
547
261
540
801
388
701
541
669
453
394
642
624
370
615
619
424
623
667
433
437
258
468
301
272
425
496
593
387
365
536
621
193
422
548
403
613
328
619
291
324
170
579
489
404
384
530
667
479
387
538
694
313
681
556
585
631
651
558
468
429
347
475
681
652
354
355
225
320
510
271
374
441
405
426
597
698
678
666
595
571
653
599
476
305
724
287
615
594
640
297
275
314
260
309
259
276
563
687
478
446
371
273
462
537
255
522
1071
143
679
95
438
365
587
470
561
857
575
585
326
362
578
398
371
528
334
363
462
555
365
547
360
380
465
416
633
336
356
665
464
379
580
180
466
276
391
734
462
628
570
306
361
607
598
204
537
536
658
446
422
754
353
571
178
451
573
329
435
670
664
621
552
537
451
634
362
370
454
482
346
208
285
213
694
659
504
565
608
610
579
546
507
529
575
539
364
425
306
595
509
627
637
469
366
691
702
373
681
630
598
396
632
458
313
312
601
245
542
661
750
429
631
540
613
684
592
361
750
516
443
567
558
525
197
307
408
448
453
358
381
565
403
367
603
724
269
637
340
590
322
369
467
478
685
306
448
405
567
573
225
517
337
361
535
261
661
395
491
527
479
683
519
484
390
341
349
638
625
312
291
581
-1
524
620
612
434
380
546
499
328
521
638
305
597
633
183
664
134
164
553
573
578
657
204
659
506
524
505
384
511
612
528
336
588
531
585
468
478
444
457
455
638
294
268
567
288
424
503
176
544
513
550
282
164
79
434
472
274
386
276
541
344
363
480
679
607
605
269
417
355
423
405
396
357
569
492
497
355
365
365
577
585
222
490
342
559
341
570
458
617
437
448
311
563
345
514
517
395
60
70
49
176
364
777
639
362
631
275
466
450
421
491
368
473
469
461
457
422
416
389
313
353
526
524
468
241
560
461
479
513
629
153
391
279
380
312
642
620
620
201
633
580
466
363
395
568
344
430
376
384
267
262
383
311
514
329
400
569
595
573
444
643
404
636
415
449
374
265
399
691
506
423
344
410
514
482
430
332
470
343
318
539
387
519
542
505
625
381
639
538
413
474
573
320
600
473
426
349
467
692
307
511
325
514
582
308
329
410
441
312
375
502
580
555
531
486
479
141
255
182
380
560
499
248
339
321
331
383
346
447
368
483
535
252
402
446
343
289
265
445
335
376
358
389
508
398
555
317
590
509
573
441
565
269
303
429
413
390
235
491
247
385
347
628
542
201
440
233
400
593
239
368
427
460
458
299
292
274
281
414
575
439
413
435
374
559
352
495
510
437
694
715
538
499
474
422
346
381
371
290
282
504
273
366
406
280
426
343
369
528
465
384
255
618
268
346
537
592
551
473
513
483
419
424
470
526
549
515
421
363
207
285
435
340
369
450
359
477
305
335
322
319
346
460
367
330
325
311
507
241
415
488
234
226
481
454
353
425
408
473
375
404
313
381
458
451
377
508
221
491
418
390
338
375
383
476
498
260
324
340
592
241
426
472
287
488
443
437
248
459
399
670
357
327
477
560
405
312
292
432
451
235
293
177
197
438
545
364
313
523
423
495
474
286
468
419
440
373
336
597
261
272
357
301
357
514
445
586
362
618
496
493
229
372
326
449
366
518
222
468
417
395
319
277
505
212
328
324
528
274
481
350
477
372
359
381
330
419
330
541
617
379
354
280
303
393
250
304
346
273
264
175
430
428
430
322
423
314
456
492
615
554
485
296
564
269
348
348
369
313
309
342
500
263
295
359
591
381
336
407
461
344
465
424
432
370
292
412
430
344
747
295
481
153
599
450
455
376
395
400
327
515
425
470
326
357
371
302
302
373
308
204
280
504
317
389
416
411
394
299
288
352
483
397
492
293
376
340
422
423
404
317
340
201
243
247
508
290
275
382
317
140
290
491
305
243
313
403
311
264
241
314
169
327
247
476
444
246
367
254
427
355
48
246
328
316
387
273
440
265
339
357
485
241
577
347
312
418
261
248
367
422
384
293
425
464
247
285
382
278
299
274
210
471
322
293
291
399
358
316
370
418
373
408
196
404
356
410
493
279
325
550
339
227
352
302
304
390
348
295
390
259
349
444
439
247
239
345
170
487
560
357
321
444
282
519
389
356
558
296
430
343
285
452
318
438
306
70
498
294
323
427
269
466
378
349
306
380
318
357
405
254
502
336
263
414
315
272
225
236
251
296
454
302
249
265
406
26
33
342
321
377
332
273
456
203
255
304
257
226
431
290
326
265
317
329
276
385
522
316
295
162
280
353
490
281
254
404
377
331
415
270
357
413
223
443
262
407
325
425
294
321
203
225
337
429
393
413
156
360
310
382
523
283
240
247
473
358
257
407
308
336
244
197
350
360
328
234
242
358
311
374
234
318
259
248
208
311
156
279
257
327
314
541
205
207
213
156
241
367
277
428
154
489
336
121
253
219
151
274
269
244
204
271
210
346
303
307
382
145
227
160
260
104
187
219
515
270
209
210
241
334
268
165
235
117
328
243
290
320
228
327
222
303
215
331
316
150
326
297
350
106
258
208
386
352
251
163
242
260
244
136
189
195
246
305
305
445
217
219
294
249
192
206
273
266
94
402
50
124
255
171
134
296
407
305
286
280
307
339
274
213
203
125
227
252
215
254
190
378
251
224
205
255
224
267
197
271
271
291
145
111
349
193
192
358
188
179
254
141
199
90
150
171
106
128
263
85
156
193
211
90
298
203
182
151
187
220
115
157
89
139
126
175
80
81
141
204
103
116
117
131
96
138
411
238
