312
345
358
340
350
307
393
338
38
338
345
347
295
278
286
300
316
332
300
347
305
286
262
292
254
226
264
320
340
370
365
373
384
371
421
459
426
422
436
387
410
446
400
429
419
378
370
363
369
349
468
485
488
462
445
410
476
393
470
519
521
417
491
398
464
459
429
484
495
473
404
363
404
419
281
265
426
427
331
382
339
496
543
350
399
440
369
403
486
346
418
409
394
375
336
290
318
349
389
286
350
405
326
366
378
396
405
379
402
455
356
361
395
333
355
405
288
338
344
384
310
262
264
378
248
357
218
328
435
372
376
418
429
454
238
308
308
325
305
226
367
578
200
346
260
336
172
347
409
374
290
311
319
283
277
438
455
364
366
425
368
383
401
354
327
348
374
317
329
319
323
326
233
209
304
267
287
293
312
263
146
340
338
320
275
199
238
263
216
168
210
233
218
282
193
246
312
313
162
266
346
388
336
348
296
218
391
386
414
471
410
397
300
311
164
358
274
414
361
388
318
361
439
424
456
386
369
348
381
447
260
377
321
346
381
420
388
408
435
475
386
362
415
369
324
385
579
254
194
184
170
118
169
202
177
241
227
380
311
123
228
158
360
381
285
336
114
395
253
408
432
285
356
317
430
297
294
283
278
299
355
398
322
425
438
431
310
366
270
331
410
412
233
346
417
473
325
219
361
442
330
401
400
401
360
375
366
242
213
262
206
168
194
212
383
200
386
328
361
271
320
385
358
404
441
386
306
381
241
255
289
347
363
329
281
337
345
446
455
158
428
281
319
392
327
458
224
408
364
266
371
384
346
389
314
409
326
285
305
413
304
325
335
372
334
343
395
313
299
291
397
397
416
460
396
314
309
321
414
392
356
308
276
452
347
108
378
309
417
439
367
368
305
265
241
277
327
188
191
293
372
119
376
256
279
334
357
265
399
206
330
300
410
313
134
373
330
307
401
197
325
315
349
431
455
208
290
251
385
366
431
360
431
396
304
405
553
215
365
375
320
475
508
526
373
431
337
371
524
417
274
198
366
237
531
246
237
481
527
314
453
450
321
169
436
292
473
220
349
318
460
315
347
650
793
768
746
575
733
634
529
296
455
248
223
280
297
330
279
338
346
529
234
267
254
200
269
330
311
413
404
306
375
403
389
299
587
319
370
429
393
344
399
184
126
130
343
536
371
272
252
429
291
257
399
376
300
361
350
335
375
331
278
411
380
336
312
150
373
374
363
322
283
375
439
455
306
335
291
357
387
392
427
425
383
388
277
394
309
582
443
471
234
348
283
507
269
570
331
382
441
388
345
338
605
167
123
323
500
324
288
307
254
279
245
368
363
268
80
277
205
422
420
477
485
378
278
277
279
482
537
616
382
355
621
280
500
188
189
395
344
547
289
373
336
344
382
367
237
324
202
335
267
254
413
382
239
273
418
391
388
278
389
455
456
361
421
362
476
445
478
330
441
432
382
427
490
434
160
186
346
294
352
346
731
419
353
323
456
113
335
101
573
204
206
287
580
327
274
288
265
297
327
316
284
149
398
310
432
423
422
421
390
386
345
316
666
372
747
406
348
492
346
309
311
314
227
221
763
577
560
212
642
450
511
471
472
334
529
468
265
330
441
246
299
333
329
378
311
403
444
636
499
518
269
499
272
341
288
408
267
307
374
358
498
316
229
193
158
274
601
682
561
445
470
241
355
248
297
320
162
273
396
582
572
368
302
272
388
193
364
271
293
190
413
313
257
332
304
628
315
168
284
489
247
360
477
384
303
290
167
482
365
363
566
630
406
237
714
399
391
239
389
380
296
524
464
377
311
192
213
311
225
440
474
302
738
203
525
435
168
388
304
821
284
123
326
216
378
131
309
290
247
581
425
396
351
420
480
321
526
442
304
423
354
350
308
282
249
253
299
318
302
517
367
223
400
557
380
248
250
242
228
319
337
330
364
378
335
386
452
310
224
327
223
465
256
311
238
250
285
240
257
268
247
354
396
518
517
328
142
250
308
234
269
417
161
358
166
176
609
282
780
296
444
322
313
383
405
300
508
398
301
484
209
240
365
396
468
582
478
398
348
324
306
308
405
225
294
303
142
271
294
422
368
248
435
277
439
340
307
303
225
354
350
307
240
234
308
547
271
261
509
365
165
224
361
371
451
392
368
310
479
703
405
225
485
248
417
177
204
417
484
346
288
408
347
326
312
339
280
307
268
302
272
333
398
350
396
488
263
255
333
397
201
336
316
306
267
412
258
451
445
384
230
230
279
269
253
364
356
306
419
289
342
310
350
272
434
364
268
211
225
266
338
262
290
223
360
495
477
270
269
185
273
432
274
198
255
294
336
296
419
241
221
270
322
230
330
226
460
492
324
370
498
479
365
236
414
285
244
251
551
452
290
464
219
532
493
376
283
411
312
254
176
262
481
231
344
311
215
503
449
159
360
220
257
360
306
308
370
182
313
322
281
383
421
382
287
372
217
299
322
393
412
291
244
265
281
260
265
220
360
209
400
313
197
375
320
350
243
164
68
317
254
174
313
305
311
483
652
253
268
303
301
268
277
330
262
332
502
239
285
269
345
259
273
610
329
296
209
417
337
220
249
316
333
374
218
445
417
351
516
317
414
339
57
56
40
160
520
310
267
163
322
202
238
271
191
350
320
373
386
231
218
246
225
229
197
236
358
366
210
225
287
306
265
257
369
82
431
368
338
300
288
261
304
163
306
332
242
714
268
302
211
229
197
248
271
271
182
350
345
381
193
424
476
449
490
308
219
277
235
328
207
442
221
272
260
261
195
224
260
227
246
182
268
307
318
388
201
237
274
275
306
384
389
418
588
236
224
335
391
252
204
210
343
318
311
243
213
203
339
478
270
286
282
635
224
295
258
253
254
322
380
114
200
130
239
336
371
198
365
278
251
280
220
313
177
295
275
159
262
360
277
578
531
384
614
-1
715
158
371
317
275
386
394
318
409
255
256
328
671
344
303
310
175
259
399
323
207
270
250
179
195
174
349
264
170
558
266
257
337
623
649
645
631
277
268
247
246
188
282
276
213
274
292
307
308
314
440
294
305
354
339
239
285
628
600
259
165
398
289
193
262
175
214
271
254
246
212
337
179
489
311
329
347
292
394
322
308
360
292
390
302
275
236
427
185
203
263
592
317
267
161
171
409
332
376
372
514
244
293
556
349
443
273
272
219
252
207
196
231
227
151
572
232
267
224
208
510
202
235
243
224
381
200
220
212
212
177
489
271
308
258
211
257
200
347
181
219
260
234
236
316
257
197
254
248
356
582
606
279
283
215
228
191
190
220
224
410
166
140
228
263
205
168
277
213
279
249
345
242
224
226
208
197
312
180
375
325
398
351
341
251
314
187
349
217
393
377
334
309
345
153
254
210
470
221
224
241
335
302
152
260
215
275
238
295
200
346
280
243
257
201
249
284
312
337
167
178
141
209
311
194
182
169
175
205
124
233
245
207
197
245
300
257
414
301
271
285
326
297
194
175
216
202
173
528
216
256
495
220
323
254
200
281
374
311
152
239
307
242
217
376
258
199
198
313
382
269
119
288
308
189
387
420
429
245
331
255
534
221
224
314
338
279
292
445
451
107
237
192
268
310
229
338
244
165
266
310
256
320
187
248
391
277
249
257
280
194
162
185
180
462
246
463
246
214
110
450
235
413
321
376
215
184
237
230
339
257
182
360
314
241
149
236
191
383
266
83
219
228
241
309
437
256
201
193
256
371
224
284
271
197
220
297
132
366
193
211
337
181
302
180
71
250
202
285
411
185
246
171
156
410
206
166
187
246
179
184
200
145
263
123
309
242
184
225
283
313
172
176
370
355
193
179
374
238
206
216
205
223
400
301
245
329
280
275
172
305
279
151
245
198
255
262
178
330
231
289
296
611
367
167
49
260
304
426
270
166
327
233
184
159
212
250
491
203
183
252
148
248
192
206
286
311
264
177
224
221
358
382
491
239
24
26
229
170
171
184
235
241
61
305
226
141
144
258
422
186
153
232
202
130
256
236
306
141
334
196
262
342
240
190
208
196
150
249
135
180
225
173
265
258
221
135
213
430
189
168
170
546
313
268
217
101
247
196
180
235
233
316
210
347
192
407
300
159
338
175
153
208
233
162
287
182
280
314
180
134
185
123
172
140
152
111
165
382
184
448
286
238
240
232
204
138
264
150
236
95
302
423
99
371
253
126
175
374
145
111
207
213
196
191
217
279
98
162
113
243
137
201
199
240
186
148
157
128
183
163
132
124
73
172
279
153
204
302
147
243
190
229
164
241
82
236
193
197
73
163
187
258
364
169
138
405
123
186
125
79
341
117
173
173
242
117
171
150
126
99
216
186
214
74
225
58
102
165
224
100
181
207
254
163
204
151
210
162
140
143
107
128
145
132
146
89
181
134
170
134
115
140
158
117
229
232
134
96
77
156
162
160
183
82
266
243
98
117
167
91
96
77
197
148
56
111
124
139
86
154
116
116
153
215
128
167
129
50
95
120
75
51
74
92
119
61
87
87
75
95
67
270
436
