747
845
838
849
810
691
1013
797
97
861
803
793
685
685
719
718
703
735
734
835
739
659
600
634
555
561
652
731
793
870
815
889
1018
941
1083
1215
1059
915
973
866
935
952
967
978
883
864
808
821
792
789
1146
984
1065
1009
856
972
960
804
1083
1106
1164
878
1072
798
947
884
1001
922
1027
932
1049
922
1033
1051
687
663
1046
924
767
884
714
913
990
843
1002
851
797
733
895
817
936
926
888
916
827
669
617
775
838
576
852
883
750
848
788
807
878
751
796
960
696
771
858
684
692
866
649
687
747
762
649
610
527
862
534
750
501
668
874
749
863
820
946
955
511
600
606
658
686
586
874
1115
442
630
566
621
391
683
1019
725
701
690
715
567
668
1017
884
735
700
1073
922
793
812
835
765
812
905
612
625
602
619
620
454
478
521
486
509
512
652
492
356
604
904
671
658
609
380
419
366
321
325
390
361
518
445
456
739
734
441
614
862
752
812
790
665
516
722
930
951
891
1030
988
751
684
370
791
625
1032
900
925
572
832
855
869
870
777
767
728
802
824
646
882
753
806
723
959
783
717
920
1051
963
825
859
736
648
923
996
566
448
434
397
291
335
451
432
546
565
725
679
307
412
311
701
865
583
615
248
856
560
887
880
519
741
749
909
623
626
557
567
636
689
751
719
834
805
946
685
687
544
688
906
918
630
799
1018
863
772
573
824
954
791
848
816
841
662
758
796
598
491
611
471
398
489
513
848
427
794
682
891
562
727
812
836
834
794
887
695
700
581
509
573
785
871
774
529
676
677
771
861
373
840
627
810
771
711
937
530
953
935
596
1027
932
844
852
713
729
672
573
574
932
646
689
816
812
715
587
727
686
584
602
748
728
846
821
795
626
628
762
873
790
778
685
516
963
670
281
768
674
820
813
658
660
604
507
455
522
726
485
488
564
794
260
786
627
663
782
740
597
807
493
782
757
691
633
370
721
736
657
803
371
680
695
676
686
733
468
561
433
645
736
776
640
832
748
582
827
911
523
835
646
578
802
744
729
796
979
782
824
1202
961
600
402
773
522
809
542
447
773
812
583
684
677
594
316
654
622
913
477
632
780
800
590
608
900
1052
1048
1003
909
1256
1273
1143
629
1171
529
521
601
591
670
584
582
701
891
406
601
607
485
566
746
704
812
770
638
824
742
696
626
938
686
647
816
862
599
749
376
178
306
733
1175
686
548
527
744
636
559
827
680
544
846
781
643
691
671
648
753
641
650
599
348
760
1011
845
598
496
713
578
609
616
636
603
762
793
1064
1068
1071
1004
1015
737
1013
599
978
735
642
381
685
573
909
507
682
867
1111
1110
888
770
701
1316
355
300
615
968
545
523
507
586
592
570
734
767
625
203
517
450
943
926
1298
1178
665
583
557
506
648
810
873
837
630
1010
707
918
351
423
750
580
-1
593
612
681
439
531
514
462
521
416
540
547
542
661
609
517
568
598
622
493
486
643
789
698
589
688
623
722
1106
644
678
605
584
613
989
1152
541
410
393
741
514
583
574
999
879
687
623
994
186
662
285
672
458
329
609
1074
616
471
703
640
657
669
610
561
240
553
583
765
764
749
768
732
668
661
717
882
732
973
538
593
630
593
877
737
638
424
486
763
623
596
416
931
971
1038
607
514
651
1051
776
482
608
549
535
531
568
534
560
560
958
1114
1084
548
948
664
817
692
715
565
631
536
679
483
536
596
428
397
483
342
547
698
961
1192
581
611
624
774
328
397
464
349
547
453
514
967
671
546
610
961
390
514
572
651
394
781
618
569
707
660
922
514
394
609
488
559
1029
974
669
497
522
357
863
542
782
705
655
768
500
848
502
421
451
406
437
587
564
544
408
510
425
542
606
427
581
607
535
771
470
807
483
310
574
547
835
432
289
622
346
788
305
498
662
410
951
728
633
712
803
670
460
1040
592
639
588
742
587
446
554
477
452
486
531
477
913
868
639
1027
697
722
499
489
458
463
552
523
471
552
626
615
572
655
480
491
488
448
446
453
555
468
507
560
536
421
543
423
589
523
860
883
637
334
474
595
408
535
497
222
579
313
376
640
513
803
585
509
420
428
485
846
498
1138
694
471
774
440
482
648
668
501
669
669
522
483
543
737
707
536
421
518
449
306
555
743
632
637
398
714
446
951
590
485
442
531
470
456
496
415
342
426
1024
427
514
744
589
401
448
526
723
507
427
436
387
428
640
608
365
511
395
489
409
534
626
505
403
367
410
523
512
505
586
438
640
460
513
458
648
480
410
450
466
411
517
461
688
414
451
445
423
422
482
328
772
617
440
436
370
385
367
530
440
554
559
705
423
596
446
568
534
748
436
429
475
422
426
682
503
547
375
503
507
695
497
400
332
432
702
412
411
545
333
485
426
663
513
364
495
498
327
420
483
786
422
520
474
653
569
411
331
464
464
370
470
985
703
369
640
329
583
508
385
483
547
444
504
347
423
487
487
416
550
436
465
462
386
478
329
504
585
284
394
562
366
410
471
354
455
541
444
365
605
370
356
607
646
413
495
503
383
581
370
447
331
431
400
353
420
280
421
364
599
483
277
181
364
451
352
542
656
381
722
672
310
429
426
429
652
545
465
310
440
879
413
331
347
543
454
429
862
435
403
254
328
590
288
288
374
371
480
349
620
481
412
1064
353
421
342
137
129
106
396
616
428
359
303
443
291
446
520
280
510
530
431
331
361
353
373
372
361
313
426
534
613
338
594
330
363
318
364
411
180
671
654
548
454
407
390
432
345
438
401
248
593
286
376
364
293
305
519
605
606
254
730
595
675
356
478
562
514
607
471
478
422
271
404
300
493
363
246
383
275
186
247
355
368
267
328
302
326
339
395
292
375
431
326
379
550
518
407
514
321
318
623
429
363
264
327
571
363
313
348
284
332
506
449
370
465
460
613
290
356
348
349
354
324
520
197
263
147
455
338
317
467
401
521
508
461
279
321
314
343
402
417
319
337
307
455
495
371
598
547
469
304
446
280
542
718
454
305
383
326
283
668
578
308
256
234
325
417
545
276
373
388
351
234
321
294
443
370
346
590
330
307
422
471
469
457
475
446
433
509
341
281
466
436
233
346
324
292
345
361
605
401
396
539
478
398
480
475
469
338
272
630
250
284
469
281
406
374
343
310
470
537
265
749
385
424
408
284
396
366
331
350
468
440
532
378
394
545
410
305
291
620
360
271
272
282
660
476
516
479
402
483
273
469
613
627
345
698
274
437
315
305
307
313
208
439
289
327
264
269
459
266
395
347
410
423
230
327
338
348
215
439
281
382
432
321
369
202
392
313
293
408
350
333
296
413
268
323
255
550
418
511
392
421
244
328
240
267
314
334
488
312
266
273
352
254
221
361
349
313
336
737
301
269
275
272
285
443
325
404
431
586
544
334
346
417
430
546
284
554
425
308
393
487
259
357
608
357
379
309
234
359
354
266
296
222
383
419
329
214
330
330
216
293
213
325
413
443
426
232
364
237
436
258
277
318
235
214
319
164
466
478
297
332
397
412
442
594
446
380
346
404
326
263
215
366
278
231
603
301
268
443
290
543
325
286
224
750
510
201
253
292
304
414
522
336
290
331
378
408
353
203
392
285
290
524
527
544
252
369
310
672
237
235
267
462
476
259
649
336
152
329
224
300
252
260
333
515
232
402
440
225
285
206
349
518
435
315
316
438
247
242
257
257
612
356
570
299
390
256
465
393
496
378
486
237
188
349
376
479
430
221
369
352
348
206
275
251
315
276
176
219
291
239
308
535
291
437
244
383
428
237
337
300
280
281
359
242
476
243
289
538
260
365
366
96
320
258
301
354
301
369
213
178
333
255
220
232
265
236
380
251
215
262
151
384
269
283
354
357
523
348
238
540
520
291
238
464
238
301
291
312
324
346
324
298
387
350
330
246
322
314
213
330
302
366
349
220
328
249
329
305
322
345
293
102
414
372
417
313
174
496
288
266
184
275
286
535
279
254
347
216
344
228
283
359
315
479
195
327
350
441
417
403
238
59
61
430
358
265
243
297
378
150
338
232
160
173
377
434
288
167
280
237
183
250
295
502
194
532
213
261
347
280
311
342
305
228
287
161
236
294
218
275
339
309
197
317
619
319
171
146
435
310
272
333
138
254
351
262
288
219
509
440
386
225
470
344
229
402
443
128
332
383
299
294
223
236
427
205
165
283
193
259
192
155
132
246
349
281
285
300
497
504
342
442
164
233
187
243
81
332
434
176
368
271
207
228
395
174
172
293
245
326
285
209
329
190
156
176
354
380
217
338
326
157
205
160
164
257
193
127
135
190
218
371
202
327
242
191
498
249
272
243
268
106
306
275
257
94
192
163
327
507
162
165
287
155
236
160
100
314
199
188
188
350
206
171
188
176
124
258
219
179
175
256
58
79
170
227
128
209
263
268
229
267
253
256
207
172
181
166
159
180
156
194
122
239
170
246
143
150
147
219
150
311
310
189
106
72
183
162
162
259
103
261
300
112
160
124
106
123
72
206
168
106
103
132
152
77
209
139
108
167
243
152
134
136
62
107
126
99
54
61
82
130
87
107
108
100
100
84
631
384
