1336
1375
1253
1204
1061
876
1331
1192
82
1242
1121
1006
1082
1064
861
996
948
991
914
1171
940
1116
998
1436
1148
1041
1300
989
1274
1176
1202
1165
1303
1488
1398
1387
1513
1285
1415
1389
1385
1300
1407
1382
1344
1388
1294
1641
1257
1655
1473
1320
1305
1232
1170
1206
1131
1129
1189
1046
1184
1205
1152
1345
1139
1070
1184
1177
1096
1088
1537
1886
1308
1588
1384
1023
1185
1231
1173
1107
1066
1019
899
877
1059
980
1222
983
988
1277
1305
1209
1200
1362
1385
1394
1047
1332
1278
958
841
1129
1535
1543
1127
1117
1005
1032
1034
983
817
983
995
911
938
912
965
830
969
956
1028
1011
1187
1205
1124
1190
962
844
879
806
1323
855
836
828
763
912
1006
1122
473
818
1064
1006
982
1049
879
889
735
899
1321
1137
1456
1460
1293
1001
1249
1340
1124
1013
951
1289
1254
1068
1099
917
1249
1271
1194
937
869
850
826
848
720
766
565
783
586
602
871
626
637
894
681
1271
1371
946
580
718
464
573
468
585
451
524
622
603
1081
1076
881
1118
1406
837
1128
1122
1052
822
891
1007
979
966
1051
910
1315
1261
681
1236
966
1350
1463
1331
767
1099
1016
1058
1018
1101
898
1239
1081
967
1094
1485
1098
1188
1036
1094
1221
954
1115
1028
1217
1017
923
698
525
1039
771
1424
822
571
1052
605
496
837
900
1072
1004
910
790
465
483
419
645
1137
533
870
358
923
1240
1292
1176
710
924
770
978
1144
1153
1053
1048
1207
1028
1167
1089
1031
965
861
1022
876
997
557
1022
1036
770
877
1237
730
1106
887
1363
1031
1208
750
762
774
527
736
1368
644
882
723
598
733
501
557
1102
1067
1022
960
1230
1025
1269
1261
1281
941
1012
1069
1192
757
1302
919
1084
1157
1065
897
735
1171
1061
1014
927
704
946
1049
1028
1006
1334
843
1147
929
722
920
982
876
947
1082
1176
743
885
1138
1045
968
1248
1068
1151
1007
1156
793
794
1166
995
1007
981
962
753
622
830
1250
1127
987
941
985
902
1437
599
785
1003
315
941
1086
1120
1026
750
776
799
710
683
796
1039
909
913
469
952
289
1128
1183
1167
1235
1047
1158
1022
879
991
1068
631
1124
499
1082
1230
1086
780
753
1180
1103
1205
695
799
499
1076
1078
836
836
1012
821
601
519
526
536
705
599
729
642
845
977
797
779
528
604
577
488
882
923
621
957
996
786
595
907
676
923
777
587
680
669
764
535
843
1247
891
421
469
1055
731
729
612
656
696
700
644
668
757
601
655
908
664
891
988
775
547
1073
828
965
1085
882
617
1354
-1
1259
998
1098
1091
911
1012
1166
1074
927
945
982
688
966
846
783
965
960
935
433
293
827
1223
632
994
1039
1146
975
1010
1052
1120
874
711
1166
1175
1147
1038
1223
746
996
782
1009
929
519
877
823
625
1103
948
1000
748
669
509
704
865
770
699
786
660
676
619
588
762
640
793
699
769
754
504
741
1100
818
912
587
735
685
551
639
1050
870
755
814
676
791
609
785
814
784
992
1021
737
965
985
842
358
775
810
648
594
592
560
865
739
1152
1035
694
554
481
494
439
464
559
466
500
576
678
707
607
947
773
994
766
702
644
791
693
802
600
731
923
859
762
1023
829
626
594
403
518
690
891
787
676
816
765
898
572
739
580
781
638
750
572
612
702
651
954
696
851
847
870
571
868
525
500
656
320
960
514
451
627
542
765
567
662
656
565
459
478
506
573
492
308
742
1048
858
806
804
806
778
934
922
711
550
506
467
677
764
637
796
655
548
667
653
731
413
682
683
1028
523
568
595
721
515
1231
514
430
777
539
698
703
878
793
785
795
720
512
520
449
550
632
932
515
1185
877
963
769
429
559
350
444
570
310
626
382
404
462
531
585
532
607
603
823
1048
439
471
459
364
692
465
462
482
532
646
930
523
1106
694
620
479
516
609
566
625
818
768
411
708
331
817
499
459
329
445
420
514
790
606
590
624
525
634
461
876
753
442
697
581
380
520
510
798
520
650
403
722
692
752
546
709
452
453
960
496
674
634
643
275
492
630
474
596
716
715
533
544
393
891
985
597
531
614
688
545
489
496
606
570
746
944
483
942
908
690
922
631
609
732
686
617
481
435
590
477
477
529
880
995
912
897
854
552
579
577
611
559
618
578
575
429
680
712
447
650
898
579
485
538
487
378
530
459
740
612
473
517
757
654
926
699
353
839
547
322
820
255
628
431
941
416
1046
494
572
546
297
499
840
479
342
611
466
755
781
594
385
491
459
436
551
473
770
511
489
640
835
740
506
449
756
488
657
819
466
817
721
441
623
579
563
350
488
499
733
660
566
459
510
615
452
359
821
829
896
550
964
618
500
630
579
446
377
482
560
453
570
313
530
404
619
470
446
556
549
733
736
711
813
584
1178
688
515
747
473
613
388
520
484
615
956
474
800
637
518
650
452
578
564
447
359
253
464
524
547
528
438
797
444
710
584
776
693
547
546
540
1030
655
575
727
289
533
429
523
958
472
659
632
350
589
788
454
641
669
409
769
582
876
498
601
542
355
806
609
891
744
277
589
582
512
439
405
489
417
378
474
395
509
694
488
786
432
406
442
650
331
342
459
464
688
552
412
715
629
728
315
564
382
817
479
373
437
484
407
271
355
495
485
582
773
611
492
620
499
339
362
364
380
501
490
446
711
500
405
552
495
418
820
412
357
321
488
549
298
539
378
448
355
813
435
294
313
546
766
708
378
372
411
280
396
483
690
496
502
441
599
392
280
573
310
645
383
408
540
553
430
451
516
450
196
315
383
415
487
494
479
485
547
320
220
430
435
457
326
446
207
260
169
564
295
541
427
596
464
251
701
770
428
658
562
425
350
514
487
469
494
460
350
423
562
666
539
435
327
283
392
516
545
473
455
442
305
233
439
558
577
292
499
420
316
277
241
404
544
422
424
489
535
529
316
407
599
487
631
464
579
572
464
566
764
563
257
375
388
298
599
252
624
390
303
402
490
555
312
522
474
289
245
346
390
604
879
337
381
357
620
356
365
471
441
501
432
356
378
606
531
518
234
399
231
567
584
277
275
338
333
300
442
443
509
420
385
343
522
370
232
137
706
455
261
620
255
411
543
475
237
363
505
341
449
712
428
307
430
236
254
266
268
254
248
528
420
352
941
304
486
456
414
289
291
361
221
290
315
302
578
670
419
228
364
567
568
315
522
393
399
393
383
315
430
319
465
227
240
227
277
569
529
782
503
375
277
563
210
545
306
301
471
449
459
327
310
494
280
333
313
274
256
267
264
255
333
329
748
427
641
479
429
495
430
758
394
314
448
535
444
344
363
376
363
245
458
385
637
396
608
343
494
360
282
354
294
310
545
427
328
227
205
252
303
605
322
296
291
301
382
310
250
643
302
250
437
408
290
278
293
397
318
414
283
439
626
600
720
407
270
444
412
585
268
305
320
460
521
310
497
208
417
661
530
747
348
440
344
658
179
386
344
572
236
288
330
473
347
365
285
460
346
290
278
385
413
316
500
287
238
413
508
467
623
399
300
299
338
225
224
528
457
212
222
265
241
351
417
486
575
618
424
519
318
299
235
615
441
435
475
274
482
427
330
217
410
479
372
147
399
317
395
274
409
258
218
268
244
390
229
528
369
365
677
232
554
276
368
445
347
194
309
131
458
419
415
499
652
209
611
343
528
611
283
290
412
243
343
566
449
334
230
383
281
263
326
273
374
248
257
466
592
485
266
301
345
746
398
290
415
306
448
228
397
276
544
261
408
267
240
300
202
476
328
431
251
363
224
279
341
264
367
148
418
544
216
395
289
279
239
323
319
417
405
304
304
190
245
223
296
275
401
217
249
205
249
158
323
411
275
431
553
413
264
589
220
157
206
331
280
179
239
245
306
265
163
322
360
185
309
304
249
244
142
213
405
254
272
225
375
468
327
248
426
226
401
344
327
319
156
271
303
258
274
264
317
470
443
180
372
282
233
182
170
492
310
223
171
258
332
204
230
323
632
329
226
307
279
430
273
298
333
479
300
458
262
233
249
335
281
234
318
268
250
502
505
214
289
264
206
378
391
362
215
292
305
369
390
421
476
216
279
394
218
318
174
424
338
102
475
237
269
350
206
512
259
347
209
265
286
390
379
359
301
325
204
294
348
176
188
336
181
365
513
200
161
216
240
64
74
592
727
350
188
322
482
243
176
321
279
253
633
200
213
164
316
260
273
258
444
288
252
240
202
242
334
213
402
532
478
359
255
251
274
332
161
280
177
524
339
323
319
477
178
171
234
288
250
425
114
278
535
426
335
233
260
277
381
373
214
294
323
235
640
149
375
468
452
217
177
204
208
214
236
358
274
238
217
239
122
280
163
513
185
372
235
235
231
220
161
199
172
274
38
328
218
265
221
143
166
279
203
215
280
193
146
550
463
186
269
138
190
205
336
246
97
237
497
191
182
170
214
473
197
101
142
103
320
191
221
365
151
215
335
159
148
324
186
99
329
368
374
107
158
180
334
273
187
160
133
311
195
87
148
119
287
274
269
357
336
152
203
208
151
144
214
159
124
269
115
93
161
141
102
208
288
189
239
245
343
252
180
131
118
146
193
195
154
216
140
374
187
246
151
162
162
217
147
211
209
307
103
71
236
119
118
293
142
209
191
97
197
63
95
171
88
96
173
75
120
129
128
65
220
125
126
115
156
142
79
136
74
105
92
144
74
63
109
145
157
92
92
128
64
125
1194
169
