279
330
343
348
346
345
380
328
42
322
341
316
295
255
281
287
300
337
299
349
274
281
251
266
233
212
248
323
349
375
344
364
393
361
406
448
433
426
448
402
419
457
385
466
427
365
346
381
347
385
484
452
476
490
439
417
474
420
440
473
533
454
426
393
514
440
433
478
517
504
411
355
402
413
305
227
446
439
340
382
362
493
523
397
462
501
363
290
550
374
416
419
377
366
352
298
324
380
402
282
310
404
330
387
376
392
367
370
395
357
311
340
341
326
346
330
316
280
333
365
297
308
253
381
206
372
180
314
363
319
369
332
328
373
223
327
318
337
228
244
345
376
234
345
288
323
191
324
423
399
295
319
299
314
262
420
466
336
353
396
382
372
380
314
330
356
378
334
327
309
301
312
234
217
220
257
240
211
324
236
174
325
301
343
259
203
207
248
191
177
184
208
181
201
183
221
296
294
188
248
365
307
340
350
276
230
317
316
398
478
376
378
322
278
117
380
262
383
402
392
311
390
427
419
494
434
320
385
354
481
236
376
292
303
363
429
387
395
457
454
347
394
328
277
218
427
426
247
168
158
160
111
149
171
204
254
231
380
302
118
182
129
244
398
201
355
100
371
273
418
443
291
319
236
457
277
300
315
323
310
366
417
357
423
434
396
294
343
285
247
364
386
256
348
436
355
361
194
392
475
337
318
324
307
264
308
382
216
205
221
167
151
156
173
390
176
424
309
366
236
333
430
378
401
471
396
324
310
243
276
301
363
362
364
254
365
392
523
386
160
435
307
321
391
336
418
189
313
260
219
345
311
387
414
308
358
339
270
306
407
310
313
372
381
343
297
454
310
293
289
418
438
270
291
443
306
328
336
375
415
338
329
228
297
405
91
380
325
449
468
327
325
294
247
234
299
306
209
211
190
439
92
395
297
315
378
382
304
402
236
341
363
376
350
116
344
353
345
331
220
352
337
358
376
469
147
295
298
404
341
441
368
268
240
212
240
306
200
305
254
307
473
545
575
222
264
243
234
346
378
254
172
359
221
284
255
248
461
438
284
446
449
305
171
563
306
461
192
195
334
238
189
179
324
367
325
325
322
349
317
305
304
318
212
219
249
251
339
273
381
422
452
225
287
279
221
276
334
334
396
400
324
388
360
394
263
288
336
363
284
438
367
457
166
119
120
348
308
390
257
288
428
306
312
429
381
295
363
340
374
424
329
273
429
375
390
353
178
406
298
304
349
321
396
471
468
242
304
260
362
360
273
276
262
246
271
242
290
279
305
401
428
170
287
299
475
330
564
259
255
256
337
375
341
315
206
179
306
283
341
313
337
314
282
195
356
395
260
102
319
187
288
246
295
261
370
274
301
292
551
249
258
171
156
254
194
277
182
214
413
369
328
346
390
368
394
408
376
229
345
224
255
252
303
459
404
255
283
533
369
382
317
400
455
453
380
438
376
456
266
561
324
466
449
395
272
280
545
167
219
328
316
407
368
340
380
226
199
267
93
312
98
246
171
243
309
318
322
305
222
191
195
232
255
243
130
509
368
414
418
422
411
400
383
384
285
321
260
326
417
357
453
380
218
253
242
205
232
317
642
623
217
318
266
268
544
475
388
347
364
278
288
518
240
314
382
364
396
370
240
256
356
571
287
312
326
300
339
314
394
138
195
339
351
458
301
256
178
126
335
292
306
303
499
520
210
340
275
304
323
101
234
399
531
385
286
276
289
225
199
493
235
209
145
300
306
218
350
305
330
288
98
322
520
144
177
262
337
263
321
166
330
428
259
512
431
419
285
335
460
424
219
390
389
339
581
579
438
368
183
300
225
193
367
435
360
356
210
449
547
137
372
328
363
380
158
359
218
216
88
316
308
268
311
362
475
321
315
402
357
262
452
326
364
386
410
339
289
292
264
335
374
386
278
245
178
240
397
227
240
268
248
263
367
406
412
418
374
367
487
476
355
185
357
226
644
306
351
230
223
279
242
275
198
243
378
524
305
315
275
169
300
310
188
310
456
214
398
90
231
335
330
428
315
408
296
302
221
274
346
282
288
317
249
203
289
349
308
545
302
251
353
333
376
254
264
487
246
302
336
119
291
227
247
421
294
393
329
272
270
373
378
156
458
450
382
282
268
392
272
340
138
331
401
191
246
451
399
520
476
494
417
644
347
237
263
372
272
176
182
188
450
573
474
384
522
389
366
352
363
325
344
295
304
304
274
514
451
542
572
351
253
430
405
231
463
400
404
330
487
366
232
213
548
184
330
383
360
263
534
364
356
406
287
228
411
298
321
467
404
326
145
229
250
278
286
252
232
394
299
262
315
398
215
362
260
335
222
238
367
385
364
220
286
259
316
374
182
409
236
277
502
246
463
350
463
494
272
486
326
267
273
304
279
379
558
178
220
498
430
277
490
456
283
219
305
308
222
426
370
190
539
574
170
368
129
137
416
362
362
421
182
394
306
457
401
353
488
436
470
229
385
383
378
490
306
287
287
287
304
247
221
513
222
397
423
185
497
493
412
205
127
61
312
300
193
293
202
424
281
290
363
355
410
416
200
306
247
419
403
294
290
413
378
362
290
297
296
371
365
181
389
234
345
361
454
511
482
267
355
229
497
262
455
456
376
54
51
40
114
347
404
351
168
405
236
311
330
258
394
360
416
443
282
271
284
286
275
238
271
373
410
262
183
415
344
404
308
412
104
284
203
262
226
357
324
340
161
374
512
363
360
366
366
231
264
243
265
220
214
228
212
345
240
223
626
416
405
341
378
243
334
398
356
228
290
301
369
295
384
289
338
322
282
448
215
361
309
315
547
221
322
325
407
470
302
463
398
360
262
330
219
592
321
324
266
342
342
328
318
287
280
342
285
300
277
268
303
283
459
324
333
328
549
342
148
210
188
280
478
455
210
322
224
254
300
275
376
233
486
354
199
364
355
315
293
281
528
319
330
331
230
362
308
334
227
451
355
529
350
356
221
250
353
384
363
191
320
201
316
198
351
341
181
264
181
373
324
132
275
400
358
349
277
271
268
247
265
338
297
337
222
236
383
321
357
442
491
345
348
480
386
364
331
296
266
263
257
250
412
184
316
333
241
279
199
246
362
339
352
175
353
197
289
439
461
492
427
492
468
458
448
339
507
318
407
262
317
201
221
402
319
344
457
204
259
248
224
246
240
295
306
465
323
259
265
395
183
332
304
225
198
338
329
237
396
334
434
346
347
264
302
251
312
257
420
249
327
279
272
265
274
429
338
306
187
255
351
509
159
256
291
237
266
422
332
157
413
348
450
318
316
341
379
355
283
242
246
332
213
203
176
152
312
319
324
291
337
256
350
293
205
379
391
357
236
223
399
211
281
265
209
303
480
313
441
194
433
343
361
160
396
262
346
198
345
175
292
286
274
331
204
432
178
279
316
327
181
441
325
511
295
330
381
346
305
244
371
374
192
221
157
223
345
191
238
232
189
217
184
311
323
330
231
291
280
276
332
404
303
377
243
373
231
253
254
287
241
284
263
412
223
281
235
358
307
356
290
329
211
409
430
331
295
234
321
287
230
400
229
360
145
356
499
260
259
275
290
345
478
374
395
372
343
405
224
202
417
240
192
180
317
304
368
460
343
305
188
254
250
360
313
423
343
321
299
317
355
299
234
330
176
188
234
296
258
223
306
212
92
286
338
274
233
244
305
316
231
176
261
142
306
293
327
313
206
373
221
504
312
41
214
247
283
486
230
364
190
299
228
372
231
414
282
243
344
255
160
237
321
307
202
256
369
155
113
362
245
253
282
122
312
264
298
274
312
257
278
375
281
203
303
161
436
211
342
322
240
205
348
235
156
310
242
253
304
288
245
385
194
293
290
293
247
251
286
130
371
363
250
315
389
197
377
288
241
346
329
-1
347
236
423
279
369
191
26
319
255
260
434
284
326
331
255
268
303
233
269
312
195
406
219
223
259
309
220
184
173
295
296
270
234
234
228
381
16
23
268
197
210
232
270
312
120
218
310
265
226
343
315
193
277
277
296
210
460
332
227
239
155
227
434
441
219
228
288
256
204
334
205
294
372
188
384
213
315
223
288
256
253
172
275
276
409
396
284
131
340
249
220
320
323
199
209
501
236
219
391
224
233
186
223
264
282
212
169
178
375
280
250
213
219
192
226
195
212
160
236
256
235
308
389
175
175
173
136
232
344
255
315
73
413
271
121
231
202
150
212
220
210
147
220
217
241
213
354
322
121
256
125
206
96
174
175
318
281
180
228
203
216
230
126
222
84
264
191
222
240
235
190
188
269
173
283
291
137
247
228
250
102
294
220
277
270
295
175
234
170
254
144
128
226
154
284
285
300
148
210
203
199
154
220
254
289
62
372
89
178
287
185
115
232
275
237
222
221
182
284
222
220
184
75
216
229
202
233
159
267
226
177
196
214
226
258
171
206
202
179
164
134
257
195
195
242
145
161
237
149
162
108
133
146
121
151
223
57
187
189
182
142
211
152
157
145
154
170
145
117
81
160
122
137
72
102
159
179
90
107
109
114
88
107
251
236
