152
173
192
187
195
186
207
197
17
196
182
164
159
135
135
158
159
193
170
196
128
175
125
161
139
128
159
184
204
210
199
187
182
190
204
208
243
201
218
198
214
231
203
225
226
200
172
227
159
230
245
240
229
226
217
220
236
226
198
233
247
239
195
195
250
225
188
244
234
231
216
235
215
207
166
106
241
233
164
187
173
232
230
177
241
269
153
123
242
184
219
215
180
219
221
171
155
207
218
139
141
190
201
205
206
191
169
187
185
156
150
152
149
146
156
156
165
132
167
149
141
160
143
195
113
239
90
141
159
146
193
132
148
153
97
171
181
208
112
108
178
190
133
199
131
161
86
161
224
251
167
200
186
185
172
223
217
179
196
186
207
183
186
157
201
214
212
171
159
140
134
143
87
120
96
135
105
95
159
97
77
181
155
208
163
101
101
128
91
78
88
107
88
93
81
105
140
142
101
157
204
151
197
195
170
133
166
152
197
237
220
190
176
178
74
207
157
200
241
210
133
223
208
201
235
217
169
242
174
230
130
221
157
163
206
228
209
201
221
208
200
214
189
112
96
228
182
169
100
71
109
60
72
106
103
138
150
191
160
48
95
65
94
208
99
163
46
175
154
200
232
132
134
118
244
182
176
201
194
216
214
248
219
232
239
201
178
175
163
118
169
180
122
195
215
166
204
122
232
210
219
151
150
155
131
144
223
112
108
128
109
94
96
99
215
101
245
170
220
144
179
243
212
220
227
210
157
142
168
173
217
239
210
243
123
181
246
301
197
78
212
238
213
191
216
172
109
139
119
123
179
135
229
208
166
164
190
163
186
200
191
176
219
206
206
149
245
163
163
162
208
237
121
148
245
182
194
182
185
212
190
219
131
146
241
47
209
210
216
222
174
181
153
116
138
151
181
128
131
93
229
35
228
182
202
240
222
169
226
117
215
193
191
227
87
171
206
193
170
122
211
201
216
179
211
87
215
235
220
143
238
184
116
99
89
118
131
94
135
103
164
256
296
306
116
119
119
119
157
184
120
110
187
122
125
163
153
234
221
139
233
250
186
98
297
201
222
88
78
212
120
90
91
146
156
134
133
145
147
141
140
174
155
124
138
149
120
179
166
266
251
218
125
194
171
154
161
206
190
203
216
214
213
173
201
158
129
205
174
143
239
230
235
80
60
83
212
140
235
147
163
208
161
173
222
201
158
205
190
248
260
219
140
241
201
223
207
87
244
152
156
221
244
257
249
209
131
157
148
200
189
142
132
128
118
145
112
158
158
122
202
230
79
163
202
205
225
268
141
104
130
174
211
209
147
141
129
185
118
237
198
207
248
247
126
182
216
135
45
250
105
135
122
133
127
188
133
202
214
288
109
120
68
84
116
93
124
74
216
218
177
146
166
211
189
306
227
209
148
200
148
142
152
153
229
214
145
177
334
173
194
167
194
210
243
181
244
210
259
121
296
169
238
256
199
137
135
314
93
153
169
201
207
216
155
178
104
102
116
45
152
58
109
102
146
181
133
167
140
105
93
92
122
149
140
57
295
221
209
205
212
201
212
228
216
159
139
135
144
223
203
235
224
123
114
145
104
139
144
348
325
153
151
125
119
260
226
228
159
171
135
171
311
192
225
211
200
235
191
98
115
167
256
134
198
152
156
203
223
218
51
96
171
162
221
158
145
101
76
210
136
133
134
235
240
108
170
114
207
176
43
125
202
236
168
146
152
153
112
110
276
130
111
75
172
160
120
183
165
158
144
45
188
245
59
81
112
171
147
246
98
159
228
137
257
191
202
188
163
270
268
115
256
258
215
283
340
221
242
91
166
107
116
213
219
205
167
121
209
339
124
189
175
163
253
88
195
102
104
46
188
213
183
139
206
244
186
158
221
193
107
235
205
187
214
241
218
217
193
140
184
233
248
131
118
89
113
210
92
144
190
180
146
213
241
240
212
175
197
275
228
230
121
216
124
310
195
218
138
148
152
146
151
103
145
199
270
129
134
127
80
233
180
119
200
236
123
204
37
141
148
218
188
203
189
186
181
123
131
201
137
159
206
120
166
207
170
175
265
145
111
186
175
254
124
140
297
162
150
188
65
137
107
121
228
193
190
241
119
104
233
237
85
319
310
243
162
187
254
124
243
81
151
201
85
168
273
208
308
323
334
298
313
154
128
189
200
171
90
135
89
226
331
311
325
347
228
227
228
241
200
202
202
166
194
140
348
255
309
295
252
173
217
210
142
257
315
280
303
330
301
122
101
316
89
255
254
257
147
324
279
182
199
164
108
250
155
207
214
279
225
75
115
150
151
165
136
196
214
180
126
211
244
108
222
121
227
122
169
285
243
223
110
229
221
198
273
100
292
160
119
241
112
267
155
222
384
241
285
244
185
188
129
151
255
264
123
105
251
225
145
258
270
216
160
219
150
124
252
217
100
333
355
69
194
67
58
247
316
272
235
115
240
193
350
218
197
290
298
240
182
262
251
223
213
149
132
142
168
212
133
120
349
146
195
218
89
323
315
224
120
69
29
201
200
99
183
94
263
142
145
295
232
253
253
105
164
123
307
306
139
231
301
263
221
194
158
135
256
219
113
224
130
244
254
264
278
245
219
179
138
271
115
364
301
264
29
23
21
70
169
231
223
87
244
139
251
223
260
220
219
230
271
197
192
216
233
212
207
206
246
256
210
99
290
211
277
200
239
50
131
100
149
135
166
217
212
91
192
285
291
157
252
241
135
203
174
138
105
103
175
93
186
122
155
365
195
196
156
202
126
171
266
194
179
149
260
241
182
305
220
306
297
176
387
138
293
176
168
286
169
264
228
284
294
153
241
234
181
165
207
123
325
250
318
175
183
247
152
208
148
211
184
157
179
168
156
142
190
314
200
230
228
418
172
107
146
133
173
405
253
128
212
117
143
206
155
248
178
320
191
154
293
196
224
141
147
255
142
170
164
198
189
243
210
89
232
265
336
246
221
103
135
237
302
299
125
222
97
163
146
215
209
106
160
101
202
187
80
146
333
315
187
125
117
118
115
144
212
162
281
122
129
232
219
248
301
441
210
215
236
255
246
170
192
165
167
106
106
305
155
160
258
139
222
219
265
244
267
223
87
217
141
126
277
297
294
358
335
314
223
306
191
255
176
276
155
176
117
139
298
143
232
301
170
201
121
107
109
124
156
172
292
176
125
112
298
91
242
187
128
104
322
240
251
174
205
369
328
307
136
302
156
232
131
201
161
240
150
240
236
145
304
221
190
112
166
317
313
102
249
197
134
160
294
227
101
303
300
227
170
163
175
242
304
179
173
192
233
105
118
95
124
283
208
321
218
204
201
209
187
106
243
328
293
182
184
221
196
128
146
94
191
286
179
253
81
240
285
168
94
227
149
189
154
252
81
153
266
223
174
112
294
171
177
237
226
99
374
272
268
148
298
217
232
168
154
209
176
147
122
121
148
223
120
190
208
112
121
124
185
174
239
142
221
151
161
159
237
251
237
120
221
128
193
192
249
241
116
133
287
110
179
134
230
220
323
142
203
146
275
338
251
158
124
165
186
129
202
105
265
121
227
255
186
123
122
120
233
276
276
192
329
308
298
115
120
206
126
79
147
236
226
297
298
321
226
98
213
123
195
308
238
245
193
160
186
251
155
120
270
85
102
125
142
195
105
214
114
37
159
213
130
117
155
302
382
131
123
130
70
300
180
196
171
143
221
121
288
175
21
158
165
278
253
104
219
110
245
130
220
155
219
275
139
226
123
89
134
234
192
106
207
203
83
74
234
135
136
150
63
194
280
332
160
262
188
209
241
189
112
238
105
263
182
201
179
216
116
205
117
90
258
126
134
219
187
138
328
101
181
183
179
143
157
218
63
188
213
255
150
243
180
269
248
139
208
330
275
272
138
265
174
206
106
11
172
180
117
254
369
146
167
231
236
257
139
126
224
122
215
205
135
204
193
174
102
87
173
144
172
133
113
136
261
7
11
157
120
168
144
164
204
110
112
244
301
222
229
154
129
196
265
270
219
355
228
115
241
79
139
281
215
131
161
224
200
157
233
258
218
247
132
284
114
224
170
161
116
193
158
-1
127
233
277
182
130
242
109
137
191
221
95
88
249
192
98
256
141
137
108
246
173
215
141
85
110
217
138
199
191
175
150
104
122
161
105
232
144
141
164
225
106
105
81
63
220
179
268
173
79
199
162
78
99
113
115
139
104
261
127
115
148
122
154
221
159
116
210
138
97
50
101
88
204
267
128
213
197
127
194
67
205
52
278
104
171
161
120
204
102
160
110
167
137
122
122
129
206
93
203
128
152
124
234
125
127
129
177
83
126
98
115
227
229
163
135
205
135
114
158
135
159
163
23
221
58
150
163
104
96
143
147
141
139
125
122
205
153
147
122
41
166
182
159
175
114
188
173
95
143
133
129
193
116
119
118
146
130
131
174
116
115
142
112
70
124
104
126
63
115
114
112
74
152
42
200
132
122
109
132
93
136
91
87
96
78
78
65
119
87
133
66
79
150
126
70
77
74
109
52
96
149
107
