1765
2157
2634
-1
2388
1866
2382
2251
193
2188
2089
2065
1819
1687
1785
1806
1753
1896
1854
2044
1879
1719
1506
1568
1455
1362
1563
2021
2089
1941
1900
1909
1957
1786
1921
1830
1885
1715
1690
1740
1768
1687
1685
1717
1559
1686
1582
1723
1533
1553
1781
1567
1536
1615
1464
1567
1505
1396
1556
1385
1509
1383
1530
1296
1337
1335
1575
1360
1443
1419
1753
1762
1662
1778
1300
1278
1489
1556
1303
1478
960
1275
1211
1274
1350
1212
1419
1083
1230
1871
1588
1581
1607
1976
1890
1595
967
1453
1566
893
1075
1431
1805
1698
1543
1264
1254
1169
1215
1303
1121
1185
1274
1037
1115
1139
1077
1040
1213
1084
1064
1006
1154
1434
1167
1276
995
983
1371
1027
1804
1024
1028
1062
807
898
1034
1135
1032
893
1478
1250
828
1024
991
1011
671
1021
1796
1233
1495
1491
1227
970
1432
1567
1356
1184
1086
1593
1480
1314
1307
1794
1832
1709
1698
987
946
977
934
958
718
726
713
813
742
783
933
798
610
968
1160
1217
1282
1170
625
692
610
523
570
649
559
641
813
714
1402
1404
1174
1551
1562
972
1871
1910
1699
926
1034
1276
1177
1156
1381
1289
1724
1372
684
1557
1411
1566
1572
1433
856
1480
1158
1180
1314
1345
1156
1248
1048
1185
1229
1570
1463
1319
1093
1384
1493
1078
1391
1362
1581
1218
966
928
917
1309
948
1347
822
699
979
565
542
982
765
921
1495
1175
904
433
622
507
725
1715
875
994
466
1074
973
1335
1463
795
934
886
1196
1110
1085
942
910
1150
1232
1273
1333
1304
1215
1097
1753
1001
914
970
1224
1373
795
1051
1736
1060
1833
1097
1416
1237
1591
941
884
942
740
896
1447
1403
1157
1437
1047
1001
1085
1331
1595
946
1127
1005
1762
1281
1547
1467
1549
1203
1247
1482
1258
1033
1316
872
1001
1370
1494
1083
677
1057
1156
1097
1013
868
1200
1073
1333
1470
1182
1103
1078
1221
1301
1176
1253
1364
1220
1610
1213
1149
1049
1600
996
1359
1355
1569
1526
1578
1536
910
1040
1165
1004
1016
1188
1132
882
771
1004
1271
1121
1269
1129
1356
1053
1382
806
979
1092
487
1484
1641
1409
1231
940
967
878
745
770
812
1270
975
976
787
1066
373
1408
1285
1341
1308
1265
1037
1367
847
1313
1242
944
1215
897
1134
1426
1187
1075
655
1158
1780
1148
943
1084
1160
906
727
1005
1121
1243
920
758
695
588
635
910
534
870
848
830
999
1007
932
643
689
673
592
1139
1196
700
768
1423
1362
748
1452
1097
1084
948
893
989
933
946
428
808
1210
1053
479
530
1478
913
665
645
846
906
919
855
783
1035
808
912
985
949
907
967
892
931
1076
1593
936
1099
1083
728
1262
1204
956
1302
1458
1436
1323
1336
1291
1351
1192
1197
1136
938
1514
921
842
1199
953
1215
420
224
859
1577
817
1098
1416
881
1211
1461
1089
1341
1168
733
1444
1298
1004
1016
1275
1081
1176
1073
959
920
458
912
1075
798
1060
905
1163
805
858
708
783
894
986
833
956
937
933
874
740
894
810
853
976
978
834
518
836
1072
1008
894
746
963
858
733
829
1409
1233
1031
641
510
1070
892
825
806
810
941
1062
739
1050
1408
790
295
694
1178
747
736
841
803
941
935
1285
1087
803
704
722
517
484
684
566
639
526
661
742
833
849
810
1139
1008
647
846
822
777
709
812
895
787
752
891
829
1291
1001
681
885
634
709
770
980
879
754
969
846
1034
926
794
813
954
716
820
727
824
693
1026
623
863
833
1112
1098
725
999
642
569
887
304
897
609
534
886
453
850
812
717
635
760
681
620
618
682
613
390
843
1012
1023
1003
967
999
965
1109
1117
897
707
603
616
817
935
759
905
796
657
761
638
676
597
729
687
1037
684
779
809
815
654
1193
604
554
699
672
682
742
817
1067
1016
1042
1125
867
825
586
687
1023
1176
653
1079
1038
1049
910
553
716
585
654
757
563
653
639
432
664
623
808
737
749
772
954
1374
409
658
630
484
613
577
586
549
644
697
1251
799
925
660
791
550
915
795
664
889
1382
1321
544
714
408
1210
653
558
533
736
563
546
820
873
886
838
641
738
541
1198
748
551
743
588
800
530
567
797
659
750
494
643
1005
662
569
674
537
577
868
604
848
787
629
431
665
715
607
645
853
1263
564
748
663
853
1305
586
626
729
811
707
667
608
849
637
845
1020
606
1071
928
658
913
647
628
743
808
777
673
600
579
657
586
654
922
1175
1099
1066
1063
737
731
793
772
700
767
704
563
915
887
537
560
818
888
556
516
589
555
382
521
430
700
693
714
708
769
574
959
1232
696
847
690
303
976
360
543
503
923
502
1033
645
592
607
495
609
820
663
418
617
627
695
827
912
504
594
557
618
742
591
805
583
601
739
1000
774
646
541
872
649
739
985
573
924
767
597
747
734
705
526
567
555
751
621
505
625
618
758
634
440
820
934
1043
662
1152
684
545
608
584
535
447
593
607
560
628
522
614
674
720
559
468
553
551
759
729
714
891
611
1352
707
574
684
496
623
494
625
577
577
758
551
1024
677
686
618
622
555
620
457
506
421
534
683
645
686
617
1105
514
791
1022
945
596
721
664
737
861
890
636
810
481
487
522
686
878
652
630
608
398
792
866
609
568
745
579
703
515
1184
469
690
646
493
848
622
934
780
288
581
897
673
518
495
617
579
462
516
433
574
691
498
719
606
492
517
756
520
477
565
566
804
651
488
795
532
726
401
728
424
925
495
495
531
550
543
308
498
619
446
603
831
596
587
576
465
425
414
471
488
606
467
489
823
669
527
644
580
463
993
566
353
308
507
600
431
477
387
471
421
885
523
458
315
528
599
604
437
497
478
369
429
382
715
541
549
670
578
475
361
641
430
663
501
433
709
504
491
583
629
559
327
395
461
474
382
476
449
561
571
437
289
497
586
474
465
504
266
311
253
801
341
639
527
527
579
266
666
748
427
712
679
483
423
572
543
554
555
527
414
568
676
767
541
630
423
373
419
505
585
302
757
897
370
269
559
756
794
626
572
462
284
356
286
474
613
419
414
673
493
491
349
486
774
604
795
529
662
636
603
698
1232
549
307
423
392
309
523
312
551
338
266
340
506
605
307
472
423
412
359
455
392
644
801
408
455
480
677
461
413
575
550
578
501
399
375
526
638
568
401
517
246
559
715
370
321
423
420
359
398
464
613
569
533
385
687
337
251
147
728
453
331
702
292
477
644
545
307
387
493
385
572
649
423
416
452
313
381
368
332
340
339
545
497
357
1122
441
569
434
475
377
369
385
297
380
323
299
532
742
564
337
415
629
511
369
455
288
481
483
764
380
438
395
586
316
340
309
355
882
707
897
485
453
350
684
252
499
371
334
599
610
598
487
439
737
357
381
367
366
331
388
334
329
343
305
785
447
659
509
482
421
499
835
316
417
476
550
472
372
457
418
411
338
619
436
856
488
624
368
648
333
344
411
328
330
516
493
415
293
303
298
325
709
297
321
376
431
468
626
316
742
298
274
475
433
283
339
337
400
314
348
343
405
751
512
576
533
346
499
560
593
288
363
340
470
593
537
511
262
442
514
509
763
538
636
418
556
175
394
333
640
279
340
383
603
321
330
276
498
425
351
355
297
304
364
509
345
247
514
492
427
559
574
355
351
363
288
281
644
482
267
278
315
308
402
410
505
778
666
474
625
428
385
284
725
406
473
491
308
523
439
307
227
456
346
457
254
524
470
396
273
375
356
293
318
247
390
287
608
485
392
774
273
643
308
315
427
346
294
332
138
606
601
388
454
649
264
705
519
632
613
385
366
467
264
310
632
430
306
289
345
314
381
386
346
494
387
282
650
717
349
321
369
393
652
484
339
467
338
573
263
471
221
607
342
414
398
380
410
258
511
369
534
252
336
260
369
316
302
422
228
302
516
230
379
315
340
352
446
307
594
588
312
366
216
346
298
386
373
425
278
288
219
261
245
441
551
362
405
598
405
306
740
270
214
259
316
258
237
235
331
362
250
208
397
445
234
307
257
301
318
205
326
407
285
313
322
393
558
297
301
557
280
469
387
327
358
213
369
403
331
313
306
374
529
810
195
360
340
280
227
419
580
290
216
217
336
336
255
292
357
618
373
242
325
311
546
336
338
403
547
401
446
298
299
322
407
335
308
298
295
313
564
553
243
267
274
298
461
470
396
362
377
317
410
391
429
540
248
348
335
269
332
206
428
418
184
523
293
361
355
221
509
314
364
237
323
291
464
397
284
397
369
243
345
305
242
226
386
193
335
530
271
218
253
283
83
118
627
616
332
320
267
602
265
243
354
206
218
593
272
261
176
366
309
293
296
383
358
278
271
229
264
420
203
353
534
522
409
343
247
318
378
258
333
224
506
385
497
344
468
266
187
300
357
300
490
193
329
469
367
397
242
333
308
456
341
275
305
386
275
627
160
434
524
603
212
254
255
281
269
238
386
321
230
207
198
122
283
203
442
230
432
303
305
238
294
196
258
216
310
114
411
264
202
237
177
181
351
255
206
356
219
170
533
482
229
345
193
201
225
350
330
140
255
506
197
199
191
224
596
249
178
160
405
321
224
260
477
181
275
434
249
175
275
322
113
320
332
397
103
192
178
408
357
216
239
185
346
211
122
171
173
270
276
271
419
428
213
244
203
156
167
253
220
342
282
105
130
190
165
139
235
414
216
260
277
441
302
244
183
185
251
179
201
174
211
164
359
197
282
174
193
180
223
180
253
253
303
109
83
275
163
162
390
129
228
219
116
229
82
108
161
81
108
206
245
122
138
186
79
323
167
142
121
193
203
89
171
70
120
102
132
79
78
115
168
194
92
93
153
80
101
1544
231
