374
428
473
468
462
447
507
468
50
487
434
399
340
310
359
387
397
460
421
477
364
398
294
340
299
269
371
426
468
513
466
466
452
477
509
510
566
508
541
497
478
495
501
535
487
442
411
494
385
489
558
485
479
483
471
443
477
437
434
467
502
451
465
392
514
437
480
482
482
457
568
551
554
612
349
316
523
512
415
505
305
454
450
337
481
484
384
292
468
435
506
479
447
549
502
396
285
453
503
252
291
409
460
512
456
393
372
389
386
358
326
325
335
315
335
347
338
283
332
366
295
287
311
419
257
379
220
324
373
308
507
328
333
346
193
342
361
378
286
202
390
386
240
378
288
328
164
333
538
440
382
452
367
328
374
552
452
353
353
470
454
381
378
395
486
467
517
316
304
280
275
276
170
179
211
247
222
223
299
234
134
336
299
394
384
214
180
236
170
137
161
201
179
187
167
200
348
349
210
350
473
311
471
453
383
246
342
369
415
446
497
460
374
363
155
481
370
509
560
481
270
475
405
405
464
426
354
440
345
439
342
497
385
398
386
545
467
411
492
497
530
447
368
261
252
509
372
333
203
145
208
133
120
199
203
265
360
389
305
90
165
115
213
539
213
339
73
357
289
423
545
254
269
239
541
359
369
389
390
384
391
471
433
511
542
408
399
360
348
278
489
495
281
443
537
357
494
298
531
458
469
313
311
313
264
301
523
288
262
320
256
207
247
264
518
228
501
356
514
320
468
539
517
497
458
519
407
329
349
333
321
433
506
450
188
335
410
491
385
162
418
386
466
473
464
400
245
341
318
291
413
348
509
530
360
342
373
366
358
492
435
454
456
496
500
283
466
360
349
343
423
479
268
289
486
431
405
419
369
450
447
447
266
340
398
88
515
470
504
517
327
324
301
262
259
316
387
255
255
218
536
71
473
373
411
498
496
334
487
247
469
447
355
460
169
387
479
410
369
230
442
460
429
392
415
239
393
306
482
353
535
363
254
230
202
242
320
156
342
264
306
448
489
491
223
268
231
239
362
422
261
224
454
293
279
350
326
445
429
284
399
399
321
133
449
423
432
133
174
439
286
207
208
326
328
307
292
314
332
308
311
326
327
289
275
278
272
417
377
421
439
449
233
407
382
297
361
501
485
490
537
486
514
408
448
338
289
452
329
320
496
448
603
120
91
182
541
294
427
313
362
474
350
393
519
484
314
543
464
454
428
514
287
504
411
399
328
141
450
347
353
441
396
586
421
400
248
308
347
457
403
328
291
293
270
289
256
305
337
319
425
429
142
316
389
442
333
462
299
267
274
348
454
429
344
186
151
427
285
411
387
407
378
427
255
355
493
253
83
366
227
277
249
329
289
373
279
417
418
481
240
247
150
143
264
185
256
159
268
420
344
345
278
489
452
406
512
468
295
333
248
272
298
247
458
430
323
407
567
338
334
237
354
414
484
315
529
456
511
275
509
418
524
536
381
279
308
523
191
195
351
332
547
517
318
433
240
220
280
83
307
119
212
229
214
381
324
322
303
201
189
190
268
282
271
115
436
392
473
467
470
445
448
549
539
321
302
270
286
484
417
406
482
280
308
299
222
267
272
568
561
279
334
277
279
449
401
490
295
307
249
312
529
303
411
513
485
513
507
240
276
320
464
314
404
308
368
419
450
424
140
198
282
290
403
273
268
204
117
380
279
299
304
481
442
236
392
185
283
289
114
281
324
411
327
331
280
335
260
234
470
315
213
205
329
363
259
439
397
305
277
94
417
405
149
177
296
352
272
452
221
378
543
295
427
348
481
335
294
446
404
272
381
383
335
481
482
360
368
256
325
225
198
372
357
430
320
257
417
460
196
347
367
319
515
197
478
190
263
135
396
441
277
295
424
559
389
333
434
495
253
438
388
396
533
449
393
422
315
252
362
546
548
286
280
171
251
344
215
295
379
357
354
508
523
531
575
407
528
589
511
378
329
544
234
477
469
420
250
262
285
260
317
245
263
449
507
348
342
277
159
388
413
225
424
507
130
487
71
308
300
439
372
434
443
359
373
229
277
435
313
288
358
261
294
382
388
299
447
287
277
332
331
440
281
277
491
357
280
421
157
323
240
286
516
345
397
424
251
239
453
454
187
466
467
385
326
309
583
293
498
158
302
350
212
319
564
461
451
395
443
370
447
310
282
349
334
246
204
256
194
503
515
473
479
472
422
391
387
379
404
496
445
328
330
262
512
448
466
459
361
348
545
511
273
646
664
603
383
472
385
258
238
459
183
443
554
566
315
532
386
489
430
317
292
615
309
344
440
407
438
166
309
312
332
337
338
330
414
293
295
459
537
160
536
259
441
249
364
365
377
474
255
338
293
458
496
237
433
344
304
396
224
614
306
429
424
373
432
443
335
337
275
280
491
465
214
198
426
507
351
447
522
366
249
403
316
267
463
451
233
427
475
132
410
101
138
469
363
383
420
186
458
340
447
404
295
432
558
471
246
445
483
504
367
341
312
306
405
454
260
245
451
217
304
418
137
467
472
406
222
131
65
306
384
183
316
232
438
262
279
358
560
513
512
214
314
294
490
350
323
276
492
424
380
363
340
267
591
538
186
317
246
586
254
467
370
489
385
416
266
475
271
445
474
322
36
45
32
169
287
545
467
203
526
287
417
432
351
371
320
374
361
376
359
340
343
328
277
276
473
444
364
202
525
384
401
412
413
90
326
239
330
268
470
531
485
168
448
531
384
268
392
353
252
284
271
317
222
217
301
228
455
252
350
495
400
375
335
436
304
438
376
396
300
279
343
408
386
395
294
321
580
378
454
241
384
286
290
444
294
464
461
465
553
288
428
354
337
321
480
270
510
457
407
257
410
423
270
443
298
407
400
284
256
324
328
267
292
438
428
493
485
495
378
130
233
184
287
439
358
255
265
255
348
413
338
284
322
467
467
229
405
324
275
243
232
402
257
273
259
295
330
276
478
255
435
354
451
505
460
212
220
322
317
323
181
450
215
270
269
403
392
150
296
180
334
391
217
245
439
462
365
247
253
232
230
295
448
366
389
309
264
546
371
387
439
480
436
450
425
488
454
330
338
318
334
231
225
697
201
364
307
268
345
281
365
590
561
333
210
453
239
299
413
468
457
421
429
446
331
397
435
423
423
462
290
298
194
258
444
284
272
415
278
396
257
261
269
295
272
361
338
287
256
274
-1
200
444
374
269
231
528
499
316
323
359
445
323
392
241
450
377
444
263
385
204
503
317
370
379
255
378
322
356
197
254
379
485
163
408
368
238
358
375
363
202
448
331
471
257
296
392
571
349
314
287
316
476
191
214
189
199
450
398
476
350
405
373
322
324
235
563
502
580
304
313
588
246
231
294
217
396
426
303
463
252
483
569
344
211
291
259
353
297
480
165
271
403
372
248
221
421
206
263
426
430
246
405
334
369
306
307
327
324
289
329
466
432
285
267
229
283
283
237
297
268
203
248
195
379
377
438
243
319
316
361
373
532
362
505
241
397
259
367
324
426
376
243
260
442
235
235
262
451
353
300
308
424
235
425
408
496
263
236
336
392
267
402
241
535
174
417
377
363
303
304
323
332
414
421
351
370
302
347
239
225
280
239
184
238
410
317
364
349
598
307
211
329
267
426
312
368
323
443
342
385
564
260
270
409
236
266
282
307
234
238
286
242
103
231
445
244
224
280
350
298
261
234
302
156
336
231
311
408
278
347
271
355
310
48
202
250
253
386
251
322
227
326
283
379
199
444
257
284
432
244
194
250
470
418
220
355
341
225
184
317
226
218
217
162
492
309
325
247
502
292
294
384
332
237
453
211
386
320
321
360
239
254
393
251
189
414
271
287
456
426
284
315
171
339
367
377
205
234
257
141
393
466
367
259
376
300
624
453
260
463
289
395
307
280
391
244
325
264
54
385
244
248
370
318
299
371
348
369
538
239
286
470
238
456
311
232
401
313
302
180
177
243
242
329
243
235
203
382
11
18
290
228
277
273
233
424
137
198
258
283
262
320
260
221
251
252
335
277
355
394
252
336
150
231
332
360
222
209
340
360
308
326
370
358
363
265
332
255
419
312
370
235
251
165
298
247
323
360
368
174
315
208
250
371
289
207
228
393
275
224
383
281
240
209
193
322
259
301
147
191
265
294
298
249
273
228
231
214
304
160
299
219
221
245
377
193
194
190
150
262
255
395
278
88
345
221
105
186
177
159
294
212
323
161
251
217
228
285
272
316
146
203
150
185
92
170
164
372
254
186
197
324
276
342
131
220
96
358
218
320
339
190
312
200
309
208
300
262
194
232
214
340
124
277
162
353
267
276
152
169
215
219
149
165
168
216
252
251
312
177
173
254
238
206
194
252
235
90
364
63
126
215
147
129
259
342
226
278
211
262
355
277
211
239
91
240
257
236
259
180
272
256
173
208
247
169
288
161
209
210
257
183
132
279
158
158
275
160
134
197
131
195
92
142
155
141
159
210
74
168
202
201
115
264
214
149
138
158
204
121
135
83
159
125
158
93
95
165
167
73
102
102
127
76
132
345
206
