280
364
372
359
355
319
410
340
39
346
353
354
317
302
311
318
329
350
322
379
311
281
257
281
231
251
293
320
346
375
370
377
399
421
482
493
490
418
484
414
435
450
446
459
433
382
348
393
360
386
535
495
507
465
458
452
486
420
512
568
555
431
528
415
490
438
482
469
513
448
445
400
432
482
305
245
513
462
323
387
401
479
544
332
461
542
378
347
472
332
466
414
401
420
349
316
282
347
399
283
374
436
338
398
376
428
464
399
424
462
335
356
404
357
357
464
327
324
355
431
361
321
258
392
225
371
177
372
354
379
402
459
472
475
270
341
333
357
259
272
410
645
251
355
267
360
231
391
419
393
317
353
341
311
269
481
497
353
374
449
432
397
399
362
328
351
393
356
378
311
333
344
257
270
289
301
244
259
347
249
183
337
317
319
293
214
218
251
190
204
190
225
183
267
181
229
331
330
210
267
362
484
356
355
317
219
396
411
510
438
445
447
340
328
135
370
275
473
424
466
333
371
469
440
453
378
387
378
501
458
235
415
339
343
412
464
394
445
474
480
458
426
526
324
279
437
585
274
166
176
147
113
147
159
207
327
251
374
368
142
208
134
410
401
275
379
109
435
295
452
468
299
430
285
472
309
321
329
315
301
364
433
331
450
457
517
310
388
295
295
430
386
247
350
438
439
361
191
387
481
345
487
471
469
359
416
415
210
206
254
166
156
176
174
399
193
491
360
365
251
349
411
349
432
458
415
332
335
263
278
285
365
378
348
315
385
353
495
504
170
460
297
390
406
349
441
198
446
346
267
438
439
409
411
356
344
348
288
297
438
325
345
338
387
349
293
463
381
302
309
375
492
547
562
460
336
327
331
419
410
405
353
234
576
330
120
409
316
437
478
334
342
321
262
228
310
351
238
239
257
434
123
405
296
305
364
372
324
391
274
343
368
334
353
115
372
372
352
393
204
364
317
369
384
403
157
319
303
417
366
426
372
521
449
379
512
557
226
352
355
326
480
531
544
462
528
408
429
567
463
295
171
406
249
533
237
226
455
442
264
387
403
270
175
481
325
468
246
337
307
496
323
322
686
810
755
753
616
744
711
597
303
551
221
267
284
251
379
279
374
375
559
217
288
300
234
284
356
353
448
410
329
385
411
392
300
599
304
400
476
420
340
417
191
129
115
363
685
388
254
283
419
274
289
468
411
349
392
386
417
460
352
330
414
404
391
327
158
468
436
416
342
282
377
380
406
290
318
322
412
502
445
463
478
401
490
341
427
325
556
455
475
217
355
309
541
269
478
403
461
538
444
373
347
613
179
159
332
524
312
302
328
311
264
284
403
368
307
149
330
172
489
513
585
584
388
342
281
266
443
473
530
394
294
538
327
517
226
205
476
364
613
358
366
373
359
359
369
260
339
215
259
278
318
451
470
261
285
456
304
311
237
360
508
524
338
466
427
427
450
483
381
453
430
398
466
518
464
153
233
377
274
365
361
864
438
446
414
576
111
383
89
464
210
290
325
553
384
291
309
271
365
400
367
295
130
388
319
496
486
470
479
472
421
373
354
787
440
609
389
327
452
409
354
380
346
233
263
623
527
518
223
778
559
590
460
406
369
722
541
314
338
467
298
324
349
330
361
318
465
472
876
447
481
272
529
307
352
303
396
337
393
339
302
377
253
240
181
129
339
579
664
585
470
475
261
352
253
242
269
128
264
338
430
621
437
321
296
443
216
440
280
367
160
532
386
246
329
317
643
278
158
298
375
276
386
470
478
340
312
156
484
377
405
531
575
398
287
765
435
371
224
376
356
308
412
439
313
328
181
302
328
188
566
472
364
797
233
529
404
144
381
317
832
295
180
329
206
412
115
340
291
264
639
533
436
447
500
602
326
629
386
339
519
404
365
340
281
295
245
322
371
327
669
435
294
470
632
445
263
245
243
252
327
370
337
367
457
334
419
557
342
193
332
223
388
267
322
219
259
262
243
232
267
259
380
480
502
521
352
209
272
302
185
324
380
153
383
159
300
687
330
790
329
416
303
304
279
478
316
641
510
349
575
232
256
390
488
400
681
450
321
283
328
337
348
451
216
303
323
106
299
347
421
396
253
463
270
540
346
336
323
187
385
375
345
275
260
310
744
264
234
614
407
237
233
400
384
398
340
357
282
385
889
451
238
466
226
326
209
213
438
447
386
327
380
349
351
332
346
331
328
283
282
311
419
423
335
419
397
308
290
455
428
209
348
354
346
304
391
298
553
564
445
194
246
277
272
267
418
308
330
470
282
352
323
390
283
424
351
264
193
208
289
386
280
274
224
404
654
463
313
253
218
282
376
287
228
223
309
349
299
537
256
231
287
343
214
378
185
529
384
369
362
423
528
369
270
384
284
223
242
643
523
335
443
156
478
421
312
298
478
335
280
206
268
399
234
377
346
248
493
432
157
360
207
226
413
270
324
397
159
347
313
311
438
519
378
319
429
237
325
356
438
362
277
274
260
297
283
239
229
383
181
274
390
179
389
325
378
254
134
74
273
285
180
374
389
340
618
669
291
298
328
324
279
359
355
249
299
620
237
337
305
353
277
308
569
331
326
164
281
372
244
257
366
351
424
247
582
550
372
572
306
451
273
67
51
44
129
587
326
301
198
341
179
276
295
218
338
298
346
276
312
265
293
277
268
198
230
331
360
215
233
285
366
290
286
360
96
406
353
382
347
310
268
284
123
352
350
251
599
275
360
229
216
190
288
362
363
167
367
401
467
220
442
486
449
450
350
267
311
253
361
232
586
234
216
297
256
201
231
272
232
238
221
281
234
261
359
214
245
278
297
346
377
354
297
608
229
248
382
391
272
215
226
327
250
256
248
200
235
332
496
321
313
313
-1
253
298
240
294
285
305
325
107
190
118
266
325
284
222
424
284
241
273
196
270
218
309
319
190
284
257
225
531
525
281
606
635
538
205
320
205
292
445
345
277
354
247
303
444
487
234
230
221
200
264
328
239
210
272
310
150
223
190
378
264
128
647
302
267
286
482
512
505
493
293
295
304
261
218
302
296
232
315
362
308
262
275
476
284
271
274
383
306
365
485
479
267
180
463
191
204
261
171
216
293
262
304
227
352
163
512
366
408
354
301
352
335
324
334
319
435
317
298
254
495
184
198
255
807
319
270
160
200
527
410
463
459
570
267
294
763
466
512
267
334
228
280
197
169
238
248
174
509
265
298
242
241
589
198
239
245
299
318
155
238
240
227
184
514
251
320
338
152
216
191
371
152
215
242
189
228
283
316
272
283
236
443
672
705
323
300
220
243
191
197
228
264
341
167
143
242
285
202
175
257
214
263
231
315
243
251
237
222
218
310
165
467
441
537
362
375
278
347
222
386
220
367
316
232
410
324
184
294
277
457
221
227
245
435
295
164
227
217
267
265
323
190
326
221
256
255
194
309
333
329
340
156
235
203
202
234
170
189
217
148
203
107
264
267
242
208
260
389
268
429
309
255
305
291
280
185
174
203
194
160
694
228
297
388
184
358
264
204
203
375
284
173
257
289
242
247
443
353
215
225
303
565
246
115
299
257
205
382
426
434
230
363
230
645
223
207
319
340
361
247
556
342
159
222
208
253
228
228
282
299
163
205
284
214
266
182
257
378
307
228
280
355
190
140
166
161
418
224
620
192
236
124
597
250
495
377
465
244
180
245
282
375
310
198
409
334
234
141
217
162
276
239
72
135
191
203
339
481
302
217
211
288
334
167
311
224
220
223
320
183
358
206
226
424
198
296
150
114
256
175
276
383
114
240
211
163
478
195
204
190
244
179
215
212
126
297
141
286
253
203
232
279
396
158
205
404
433
213
174
393
209
246
213
225
229
351
335
299
354
303
260
186
236
271
137
258
196
250
271
190
303
234
317
299
398
285
207
37
288
274
349
276
161
395
255
161
164
205
284
497
203
155
284
158
306
201
243
339
364
282
162
242
291
483
407
563
231
35
39
259
220
209
209
277
237
97
267
219
159
155
262
412
224
154
227
208
119
253
240
313
143
384
210
242
276
265
217
249
193
149
234
133
179
232
148
279
345
216
151
183
595
211
109
142
586
319
288
240
85
213
234
210
231
204
341
337
306
185
481
359
162
416
171
119
205
249
167
294
174
220
324
176
122
181
148
172
125
176
94
159
501
205
350
261
246
247
230
180
139
192
144
216
46
279
352
97
356
245
105
141
406
131
95
258
236
242
167
209
238
90
123
98
245
154
181
260
278
151
192
121
124
180
157
79
135
55
184
367
134
195
321
133
250
165
240
193
206
94
234
238
182
56
172
130
245
413
163
129
365
122
222
115
66
288
135
166
168
250
101
135
135
133
102
242
168
181
69
238
69
91
152
242
99
160
199
230
166
230
155
194
132
115
105
77
121
132
122
136
89
192
122
176
107
124
110
153
136
257
257
138
106
76
159
135
133
200
78
230
247
92
123
135
82
100
75
199
149
49
98
126
114
80
152
108
95
176
270
120
177
110
47
102
144
88
50
62
97
126
58
101
104
84
98
76
280
356
