332
415
434
433
431
400
493
450
81
456
387
423
332
316
339
398
389
403
391
446
365
419
318
343
290
247
465
428
457
451
466
447
445
496
522
513
587
468
528
458
461
477
495
512
568
542
512
588
357
583
612
526
500
474
471
479
509
500
458
518
546
594
481
389
506
474
541
536
502
496
563
577
531
569
426
339
537
509
397
478
300
472
445
337
514
531
321
295
479
377
551
466
449
498
479
382
283
434
484
266
311
391
482
581
454
376
364
405
370
352
349
298
349
304
304
339
353
304
303
346
307
296
295
491
351
519
226
309
430
304
466
312
297
330
187
393
425
411
315
207
420
419
246
404
284
307
142
302
472
588
488
594
603
422
485
530
490
337
353
503
637
392
395
391
448
484
499
326
325
280
289
282
169
200
227
243
230
228
304
210
119
357
352
601
553
215
187
275
171
143
176
193
190
207
201
257
333
334
178
448
481
330
479
464
468
250
358
451
442
449
651
558
339
531
191
460
414
567
591
512
254
474
501
477
500
467
365
650
386
458
318
462
483
538
587
587
518
372
529
562
533
462
389
312
280
598
361
355
238
192
248
167
165
206
185
268
379
372
349
81
194
136
200
529
262
336
108
435
459
441
558
250
272
278
571
564
586
623
636
582
445
490
442
520
548
473
385
354
578
314
466
453
256
396
518
392
478
400
610
467
444
309
305
310
283
309
581
313
241
315
279
188
256
282
513
238
538
587
459
415
452
537
514
515
516
502
371
371
428
359
446
434
530
423
202
354
448
504
405
139
445
472
579
455
644
432
317
360
317
389
476
368
527
481
581
396
405
372
434
504
486
508
473
495
480
326
473
419
535
537
431
498
267
318
504
566
603
456
461
470
447
539
295
345
528
120
481
453
461
530
452
469
388
326
292
368
528
248
249
245
615
86
538
400
445
583
526
353
456
248
509
454
370
575
216
539
567
482
420
270
636
394
579
437
435
252
509
402
487
348
533
346
235
204
188
219
287
197
363
230
405
604
493
493
212
261
230
226
360
422
240
309
423
294
237
361
324
511
474
273
418
432
411
153
414
416
464
150
147
392
288
197
238
317
306
300
306
288
338
302
302
466
352
383
324
508
313
574
388
510
547
469
239
514
395
356
402
487
472
501
572
509
522
457
412
487
262
417
341
329
547
700
579
119
105
208
494
321
442
271
363
481
354
397
521
507
306
479
416
539
505
550
329
491
469
582
489
143
627
374
358
524
505
625
549
415
329
396
500
516
488
330
301
312
270
359
249
319
479
313
478
440
154
392
555
450
458
467
354
280
285
378
430
421
337
260
205
443
301
669
642
636
506
624
385
390
464
322
80
744
260
325
285
334
276
387
302
462
493
473
253
259
163
177
261
180
277
149
491
548
316
331
290
490
395
529
507
486
442
490
376
322
453
278
486
467
307
569
576
372
327
235
418
448
503
429
517
452
555
262
476
435
541
585
378
286
308
557
226
305
381
367
502
459
309
442
217
218
251
89
311
121
214
294
199
584
303
306
324
254
213
240
325
392
435
123
437
456
537
495
494
487
497
498
507
378
311
294
263
481
439
440
461
291
350
343
317
438
288
535
522
331
323
288
249
455
422
542
291
286
277
413
523
644
737
488
458
513
469
236
266
353
421
273
385
313
311
445
573
486
153
196
309
291
409
269
302
268
172
418
279
300
310
476
429
281
363
175
380
340
113
275
370
421
317
403
396
336
263
313
411
366
244
201
328
384
334
385
356
280
366
111
331
388
128
200
260
434
376
726
253
355
586
309
516
367
446
540
306
439
575
306
458
491
499
422
487
402
361
250
372
245
264
393
400
601
306
269
452
487
421
389
478
286
568
187
440
193
257
142
517
412
482
304
486
545
486
377
447
440
231
402
499
456
540
517
635
580
520
324
328
592
548
287
308
184
268
398
195
415
428
411
398
477
609
589
472
473
598
589
480
599
315
456
274
414
470
546
286
323
327
281
299
273
318
451
479
327
351
269
147
478
414
229
749
524
147
456
93
293
280
494
347
517
408
505
497
217
282
501
333
328
541
258
480
612
443
360
425
293
244
343
475
570
289
338
531
326
269
440
186
306
264
302
507
323
415
437
251
221
543
554
240
525
508
429
568
550
601
298
520
158
357
379
208
292
623
508
520
460
483
429
383
270
291
628
336
341
200
449
246
500
477
407
744
512
485
506
499
414
603
469
647
332
364
262
479
398
456
414
520
400
536
538
325
518
446
562
430
502
538
314
275
442
201
520
569
555
263
549
422
437
472
332
299
571
312
400
406
397
465
184
292
386
346
497
358
554
402
312
265
451
528
168
488
269
481
330
397
539
363
523
242
362
312
416
599
217
508
427
231
353
260
561
329
402
499
-1
432
526
551
434
267
304
600
433
311
227
418
479
370
498
524
414
399
483
252
368
441
541
308
442
517
131
409
109
136
551
456
428
498
201
542
543
472
427
351
428
543
457
504
540
542
585
329
337
308
284
369
489
299
231
521
323
274
406
135
423
471
468
286
142
94
407
480
207
432
227
437
304
294
561
437
639
631
255
359
315
335
363
356
399
586
646
435
392
330
265
419
444
253
382
271
386
314
415
337
465
546
419
324
351
272
506
371
364
56
74
54
182
309
457
383
212
518
210
577
526
666
442
295
442
316
392
388
425
432
406
357
423
469
400
649
210
500
439
451
661
388
89
287
227
404
344
442
440
439
185
482
451
417
265
304
410
375
513
416
327
236
238
434
215
412
258
341
449
375
359
321
407
290
476
367
320
626
227
561
319
574
388
337
502
387
371
325
324
479
258
248
365
554
544
475
455
510
321
410
425
301
325
381
271
437
617
599
303
448
469
276
497
211
546
396
249
425
431
423
270
433
457
419
555
525
412
386
155
222
132
277
448
308
259
322
274
395
381
276
436
543
384
448
285
378
300
285
246
259
280
238
236
233
451
380
388
443
223
368
457
385
449
398
212
226
364
343
342
172
410
219
241
437
493
429
170
346
198
295
438
205
271
490
609
406
215
237
209
229
288
442
348
477
309
287
443
248
412
496
385
374
367
424
491
470
374
353
472
404
203
212
392
364
328
374
246
350
457
463
440
394
284
194
454
288
295
503
524
432
393
435
388
297
275
544
354
405
454
527
377
248
259
323
297
374
329
405
387
285
260
249
233
264
369
253
253
300
260
373
213
309
360
247
219
557
480
572
249
303
428
349
367
225
583
362
456
275
340
222
403
316
510
520
270
297
331
399
290
389
271
401
263
571
432
241
318
304
469
146
431
489
439
260
237
376
473
340
323
251
360
310
221
225
202
221
464
464
339
247
404
512
381
449
258
409
346
435
427
399
461
279
211
345
243
312
329
317
444
232
463
373
327
233
272
355
327
494
438
140
219
525
608
258
254
374
226
342
293
445
228
512
346
293
290
324
325
237
305
275
425
415
429
240
155
263
321
196
443
403
230
247
133
367
396
453
376
353
299
396
339
461
435
458
280
370
230
368
321
340
478
233
218
420
212
298
303
442
428
297
324
405
358
350
360
449
247
255
344
319
287
386
236
424
197
446
238
364
266
269
266
275
405
319
338
276
349
282
228
210
237
242
166
258
502
242
336
306
387
356
236
371
253
387
330
279
233
309
258
392
307
221
342
241
190
231
234
304
283
247
326
316
131
251
362
244
231
280
386
325
213
191
239
154
427
202
320
293
204
274
222
290
250
47
216
276
300
270
236
307
289
302
274
411
235
362
327
249
384
196
207
302
341
285
251
475
339
217
135
391
329
221
211
173
355
366
326
204
362
311
376
395
264
218
337
183
289
248
348
271
248
312
355
234
235
289
241
257
277
246
212
381
224
353
320
328
207
204
358
157
358
428
454
264
313
267
440
391
344
389
275
272
265
224
304
178
360
254
51
344
305
261
320
279
301
278
407
267
298
343
255
296
216
352
314
256
289
240
264
198
227
181
209
521
240
224
205
307
24
27
387
207
283
331
236
368
254
203
235
288
220
371
187
317
174
263
339
293
313
363
226
321
174
219
245
298
215
224
368
303
264
331
264
395
281
253
326
280
437
215
290
213
316
182
241
235
274
323
363
255
224
188
409
291
244
239
196
326
262
202
293
228
265
225
153
272
273
259
131
210
225
242
263
261
239
209
192
180
202
133
336
195
240
185
307
265
267
193
153
258
213
307
213
142
289
211
108
148
131
155
249
183
230
175
231
212
198
222
210
321
207
218
218
201
103
136
168
371
210
259
195
191
216
228
145
196
110
339
184
234
339
158
296
182
273
211
231
225
133
220
197
436
105
175
155
307
246
170
143
150
169
247
100
189
153
166
215
215
313
171
211
175
168
255
151
172
177
90
236
51
116
145
141
129
185
279
165
219
209
342
267
243
183
208
103
179
187
163
192
157
329
185
198
158
155
123
219
172
196
195
252
114
109
196
160
158
227
102
118
169
127
192
74
104
133
60
81
149
92
114
135
141
59
200
155
98
123
140
138
70
109
60
100
96
125
90
58
99
124
63
93
91
142
62
94
291
200
