850
1054
1085
1063
1047
951
1064
1018
120
1077
931
866
788
712
787
825
840
935
875
1121
743
890
685
777
731
674
804
907
1079
1082
1094
966
1006
1040
1145
1065
1218
1120
1091
1098
1031
1074
1030
1124
1037
986
923
1181
836
1124
1180
966
940
1006
980
933
942
961
848
882
946
941
974
851
911
869
1056
919
899
910
1108
1188
1077
1189
789
691
994
1070
846
957
548
863
812
653
888
882
812
609
871
956
1079
1027
1005
1276
1292
976
562
952
1093
544
586
772
1054
1142
1030
759
723
741
762
714
623
640
672
621
653
650
676
558
658
643
649
597
717
917
622
848
516
597
753
589
1088
597
598
622
442
643
693
753
502
455
833
761
504
756
573
627
395
656
1055
920
1049
1076
831
686
809
1096
936
691
718
958
1006
767
784
828
1144
1237
1171
631
596
550
542
539
383
415
373
512
430
425
570
440
321
681
586
934
881
504
358
470
313
298
314
373
324
369
412
422
718
723
510
801
933
607
992
1047
913
521
667
804
773
751
950
886
861
908
375
1083
754
1084
1146
991
532
1006
820
780
885
870
709
971
725
855
646
979
829
856
753
1018
1070
733
1021
953
1063
836
675
529
449
945
641
810
474
312
515
295
281
501
502
555
803
722
553
211
332
248
414
1218
438
639
190
693
665
878
1213
489
544
484
948
798
794
781
783
828
916
977
992
1139
1177
764
912
646
725
484
866
925
476
749
1105
601
995
598
1057
820
1174
575
567
565
436
553
1109
633
581
652
500
491
500
573
1166
500
945
830
1072
705
1098
1233
1194
910
910
1113
930
611
779
596
719
922
1098
775
385
729
896
896
763
367
796
810
950
1071
992
730
513
711
620
620
811
744
908
1206
853
651
790
851
711
1036
1056
948
944
1129
1193
576
768
744
749
738
790
885
496
542
807
1050
886
865
710
989
831
1021
463
589
797
203
1169
1052
1064
1021
599
607
589
482
462
567
885
648
647
391
940
151
1032
888
928
1115
1078
709
1041
635
911
957
606
1079
388
876
1110
1030
644
449
978
994
919
668
752
529
800
576
1004
684
1116
665
429
378
357
398
547
335
569
476
581
813
806
779
399
448
411
374
666
826
425
521
982
632
442
773
707
874
702
509
662
667
657
266
662
971
731
231
316
883
552
376
416
561
550
572
537
530
631
497
539
668
620
561
647
635
504
841
803
808
888
807
453
1006
854
679
825
1208
1232
1124
1149
1198
1099
870
889
768
533
985
670
613
980
946
1118
231
129
408
1139
517
880
734
709
953
786
960
1012
1131
520
1071
993
885
811
1115
606
1025
974
766
694
269
802
656
573
891
862
1105
708
688
443
545
695
783
708
586
577
565
481
485
530
523
664
597
868
770
282
585
870
761
684
650
606
486
468
583
1035
959
654
419
338
1038
626
783
785
785
754
832
494
691
1077
490
193
696
536
523
441
571
497
689
569
1012
1019
710
395
409
284
275
404
331
418
297
497
672
603
552
553
1109
831
637
976
946
621
592
573
564
612
487
801
758
800
851
723
611
473
380
598
771
822
564
885
787
957
495
708
730
955
805
638
490
551
669
426
442
612
613
1232
1111
523
728
404
349
520
184
600
273
356
470
335
721
569
525
492
417
383
370
454
571
557
236
713
910
868
831
820
811
820
1039
1010
621
503
430
427
866
944
628
945
503
548
547
456
561
412
739
735
643
532
515
514
731
564
1031
427
427
490
645
733
584
768
1050
1023
1083
982
426
490
462
632
615
845
490
779
821
1112
786
272
402
411
463
595
423
449
361
252
558
461
574
511
743
699
650
853
298
467
470
239
433
481
564
437
583
606
797
488
568
668
572
353
451
589
597
532
834
788
429
504
187
742
562
311
315
500
486
430
731
437
737
862
468
657
525
899
652
462
746
610
488
553
592
599
614
693
433
570
508
579
413
431
516
495
853
492
617
654
617
367
506
719
485
711
518
899
365
494
296
823
900
544
476
690
793
612
520
614
864
423
777
785
583
987
820
648
792
564
476
588
781
811
538
460
350
439
551
405
680
853
769
777
-1
742
747
790
698
639
722
688
567
652
1090
419
530
979
853
434
413
448
404
360
406
388
676
700
615
613
492
424
887
860
403
769
724
190
860
154
479
439
996
444
965
663
686
650
356
453
830
526
357
630
464
617
856
844
426
576
459
525
611
498
768
429
452
688
737
522
686
316
617
427
579
990
607
759
865
433
463
721
737
303
591
590
738
614
535
651
469
979
291
422
705
476
775
691
979
660
545
615
556
547
395
519
655
538
507
322
474
361
633
588
533
650
580
691
664
665
707
596
1117
722
504
567
375
700
521
614
607
574
639
585
953
571
684
683
653
593
646
474
397
337
551
367
711
740
703
698
530
659
826
818
584
558
708
622
667
670
647
882
274
423
507
582
702
541
642
584
410
517
963
638
337
792
394
748
426
739
486
640
700
401
669
508
924
815
270
587
707
483
520
348
623
469
464
518
477
589
753
469
667
443
396
578
690
381
321
559
597
745
617
548
707
451
752
430
530
466
833
440
498
558
264
549
185
260
630
484
624
735
368
630
563
497
434
382
476
525
595
430
578
835
595
499
555
479
436
680
642
317
318
518
406
379
536
248
512
479
737
385
241
144
521
643
383
395
341
522
337
411
443
765
579
581
400
479
445
391
547
395
509
512
463
632
468
464
419
651
610
293
391
387
524
355
518
425
579
602
420
292
517
429
523
449
470
106
125
101
350
315
678
587
472
603
289
715
788
531
625
491
501
447
599
572
575
568
548
398
475
663
691
616
331
450
392
457
505
640
191
568
445
342
260
594
827
842
306
640
526
310
346
340
530
499
447
469
520
368
368
386
361
729
442
706
559
626
600
499
713
646
532
342
429
409
325
579
366
566
411
322
390
562
674
348
452
476
357
316
468
423
767
893
455
480
413
640
440
418
590
547
490
536
449
427
469
625
670
352
586
272
575
668
330
329
382
391
327
448
501
755
618
587
438
559
244
258
164
535
505
343
489
287
411
558
543
360
389
540
433
601
454
476
412
434
296
320
392
313
319
323
622
446
366
1013
382
558
463
499
393
411
312
260
380
369
352
357
723
359
330
361
689
595
229
468
294
455
541
447
369
476
432
553
276
313
276
305
574
699
647
543
423
332
689
278
565
410
375
772
767
544
528
477
575
348
367
367
308
286
430
320
305
391
340
666
520
662
576
544
443
359
820
319
358
560
601
518
437
472
437
415
335
593
448
816
509
555
340
363
343
379
376
319
360
541
520
383
281
288
291
339
610
323
315
323
361
508
359
359
703
279
257
539
504
317
349
361
454
362
392
321
484
640
557
498
520
299
531
523
628
321
350
376
466
609
377
463
288
474
360
580
756
428
543
438
576
188
462
367
629
286
317
395
609
403
374
308
542
415
311
301
252
303
395
580
395
302
523
525
464
581
386
392
401
459
319
294
716
393
241
282
306
277
442
430
596
663
713
506
528
354
364
268
639
444
540
300
329
561
482
325
209
470
326
417
257
577
400
469
318
409
344
316
352
300
410
278
659
472
437
568
264
567
334
320
433
384
283
315
160
614
603
457
382
615
257
669
480
669
659
394
333
521
295
361
577
476
360
289
364
376
296
337
314
507
411
313
517
653
370
369
410
416
485
388
371
461
341
629
274
494
239
672
359
488
357
346
388
252
521
401
494
291
367
302
330
282
307
356
194
355
590
269
431
341
396
353
369
349
443
576
374
418
249
359
302
397
409
399
263
316
218
276
243
400
417
339
430
487
233
290
662
264
208
270
393
305
229
218
292
246
306
207
407
459
265
360
274
325
336
81
295
388
295
323
299
430
405
333
294
531
267
516
348
333
396
215
349
351
381
348
327
403
509
446
246
376
335
291
219
288
645
347
291
226
374
398
287
352
434
495
442
231
389
361
487
354
327
403
619
344
323
358
270
310
410
348
287
347
288
339
536
543
254
266
298
210
514
530
429
323
392
354
449
455
384
614
298
367
385
287
401
211
428
371
134
548
273
357
405
269
520
316
422
289
398
292
435
420
318
431
422
232
387
330
241
221
307
228
273
561
248
212
250
329
35
47
524
485
344
316
273
615
354
244
350
272
231
623
261
260
222
334
324
339
334
471
316
323
229
249
300
444
219
317
564
521
417
373
285
375
400
265
355
214
547
356
418
314
410
229
213
282
378
325
523
200
345
383
430
443
272
281
295
459
371
257
346
404
265
418
185
388
440
546
194
241
256
268
298
286
379
315
247
234
224
145
354
205
399
244
512
252
253
209
209
243
267
246
336
128
427
238
178
223
184
189
332
263
266
320
219
180
444
429
260
357
205
226
234
296
163
146
227
579
231
202
207
284
559
272
168
197
164
382
238
245
400
204
310
282
281
173
310
305
129
319
335
423
114
223
182
461
322
230
194
189
369
206
124
200
157
276
294
295
403
331
209
281
231
207
164
276
225
181
318
81
125
205
168
142
293
432
243
282
253
388
338
281
221
226
154
246
251
210
261
179
398
236
266
206
237
189
268
198
241
240
343
136
106
328
164
161
390
152
186
218
130
243
88
135
196
95
114
232
140
146
178
198
92
350
203
146
134
184
230
102
164
93
137
112
158
97
86
147
216
136
110
111
164
78
134
748
226
