640
684
728
693
666
613
817
684
67
679
668
642
551
542
567
618
613
671
607
742
597
591
542
630
510
524
610
660
703
780
742
724
767
785
856
983
1002
866
997
829
895
905
931
983
943
823
751
907
709
892
1096
1015
1062
922
911
897
967
877
834
927
1036
955
894
897
980
940
940
977
977
918
944
912
895
1033
698
493
1056
936
713
836
854
908
887
681
1022
1079
694
642
913
677
964
800
805
827
725
676
703
731
863
597
645
771
712
878
779
791
740
737
775
676
532
660
640
620
647
630
608
564
646
733
670
645
571
842
512
814
458
646
668
575
794
615
577
619
456
658
685
735
382
500
713
729
560
710
541
587
412
649
803
896
649
801
762
669
616
940
963
622
654
816
919
740
741
591
684
794
834
676
673
581
527
582
446
454
391
541
430
421
633
452
361
641
534
823
742
449
385
474
332
339
323
369
298
332
391
419
608
615
409
549
780
604
737
692
612
482
636
695
860
875
921
806
731
651
293
746
525
943
912
859
532
775
810
843
961
872
664
886
861
878
529
839
662
708
834
964
818
772
1021
964
812
879
655
488
366
981
679
622
405
327
380
263
289
380
451
593
515
722
584
252
335
261
483
784
363
698
194
726
732
976
954
489
636
510
1063
691
701
735
722
735
728
843
728
932
924
877
595
670
692
427
844
800
536
663
832
634
766
442
851
930
711
559
535
545
401
572
861
422
459
426
322
352
305
353
862
477
944
722
713
504
714
873
752
907
922
798
690
556
588
578
688
690
756
763
460
853
796
954
840
321
853
720
744
760
778
765
479
635
455
488
730
583
830
798
695
612
718
622
645
803
658
679
714
747
698
566
953
724
673
670
841
960
476
491
1045
704
782
687
748
808
832
781
394
545
758
186
798
658
886
947
594
633
591
468
431
608
693
494
492
371
1080
160
781
638
670
811
794
759
744
536
697
792
647
800
237
737
754
716
611
494
791
642
802
660
805
289
754
781
854
676
922
701
394
341
361
398
528
444
595
413
607
960
1020
1013
375
465
441
362
654
745
456
411
729
486
450
523
451
972
803
490
686
726
595
322
966
668
864
349
340
619
480
428
402
557
567
557
552
544
565
505
537
639
606
513
526
572
406
783
509
847
847
867
397
659
702
503
581
730
726
875
813
716
775
736
753
590
496
594
741
601
854
793
907
311
212
306
725
504
719
543
669
835
611
650
931
838
578
733
757
902
956
734
527
803
772
829
697
332
952
589
545
727
659
876
798
754
422
572
582
816
825
545
501
497
413
539
500
508
593
520
791
912
312
607
686
840
667
833
527
460
434
616
701
615
571
453
397
610
490
716
683
678
714
640
448
799
755
601
258
832
401
518
467
511
473
744
548
615
635
922
406
390
325
305
401
374
431
342
438
917
620
541
779
715
780
872
811
703
528
674
468
456
563
729
1124
993
577
605
973
593
588
498
686
896
947
630
910
830
964
403
1198
610
913
892
719
457
493
-1
320
570
605
583
759
727
551
786
377
362
462
194
734
212
390
356
540
707
512
576
580
391
335
327
426
535
469
239
793
703
882
855
832
852
826
852
820
559
504
498
462
802
674
729
785
470
491
502
406
486
434
1069
1080
529
583
457
459
958
737
817
572
569
605
555
1187
561
706
713
701
751
651
378
436
593
794
468
586
534
689
724
692
882
230
332
474
534
749
459
451
292
264
714
445
503
506
923
827
487
658
475
449
484
213
506
633
767
643
524
543
620
405
479
1120
464
367
290
573
650
447
624
576
505
538
201
613
751
275
280
413
671
513
671
317
587
783
432
890
655
794
682
537
970
821
410
740
747
615
825
956
641
837
357
754
407
423
658
662
805
520
418
765
841
282
656
645
542
631
368
641
380
422
225
710
601
597
527
757
957
655
532
795
653
478
828
738
641
857
833
783
660
626
476
620
785
630
447
429
375
463
626
389
511
601
537
517
669
736
711
753
788
743
951
930
777
366
711
471
741
595
746
510
483
556
452
502
451
497
798
991
517
546
599
395
611
580
316
660
785
330
816
159
536
485
695
646
733
705
576
545
362
447
694
468
533
725
430
507
594
607
551
821
474
401
583
561
748
432
461
1020
499
532
538
229
512
374
505
840
490
845
642
411
485
741
690
266
867
832
722
653
597
633
477
581
276
584
910
429
484
833
789
790
693
778
689
742
461
423
507
582
458
274
457
368
940
889
785
809
813
841
740
711
691
636
684
586
506
626
508
826
663
883
824
714
600
790
842
455
741
778
677
661
820
751
377
339
927
388
549
575
606
536
931
668
636
778
677
449
709
523
675
742
709
591
231
513
484
509
583
519
477
900
556
422
652
548
427
668
405
651
522
472
726
631
598
371
588
494
640
735
325
782
401
460
676
391
811
536
670
801
557
865
578
496
585
448
453
711
870
315
327
818
692
626
915
718
616
513
590
408
452
680
764
380
769
822
322
566
196
264
746
708
694
843
368
719
711
743
619
578
644
681
772
499
703
671
703
618
572
520
503
606
567
452
418
833
383
513
850
333
760
726
721
352
209
146
533
654
461
526
344
791
481
582
823
669
648
651
327
672
473
501
591
461
520
741
638
706
521
540
458
578
568
279
568
372
511
612
834
818
917
496
508
319
661
420
791
691
520
105
123
87
263
561
679
521
396
619
376
650
657
495
658
563
640
575
583
583
576
574
514
397
528
753
745
488
293
641
551
690
530
740
221
455
330
414
329
662
516
547
251
712
798
562
408
476
750
423
534
462
533
424
430
337
374
609
378
464
882
763
705
537
667
487
674
553
569
453
458
634
432
706
638
548
685
504
502
690
565
683
442
433
649
408
563
650
640
758
470
787
590
553
458
509
438
833
496
559
542
661
597
428
510
368
530
639
415
508
440
426
464
491
690
531
570
531
667
562
265
305
207
526
740
519
432
473
404
512
569
381
553
462
678
565
431
664
536
522
349
352
537
391
434
396
522
596
502
652
347
651
620
660
481
575
396
352
504
497
455
329
605
339
400
370
629
625
287
572
419
509
490
257
433
683
563
585
338
355
335
333
461
606
612
578
395
363
607
448
662
648
623
530
539
820
582
552
541
376
437
422
353
340
496
388
423
453
408
533
391
481
546
499
666
326
722
410
405
734
843
701
694
669
576
711
500
678
628
591
635
527
482
361
444
543
456
530
709
388
441
380
310
314
305
457
586
563
436
421
366
523
296
435
575
373
343
522
484
424
437
411
625
503
617
392
470
517
547
624
605
310
475
440
493
386
372
455
680
664
310
438
527
804
399
482
551
374
446
511
694
211
623
555
820
459
442
450
593
523
442
346
425
436
420
322
370
335
509
592
374
381
509
486
628
593
354
462
542
457
337
322
615
373
305
422
340
379
692
648
829
429
931
489
545
302
518
410
577
369
606
327
422
552
481
572
310
607
366
429
362
536
293
663
445
702
412
595
448
460
608
312
623
562
347
445
251
412
417
386
431
451
267
399
203
564
552
495
440
571
324
567
451
649
542
490
353
615
337
353
465
398
357
377
480
607
323
368
326
536
443
415
487
570
432
562
639
483
590
372
469
460
343
544
293
538
263
692
481
421
341
354
390
415
692
513
656
486
539
492
340
415
471
377
241
315
542
413
486
512
434
489
325
328
382
570
453
487
392
400
338
467
431
494
322
412
296
316
261
446
382
338
496
390
238
400
504
381
264
331
519
460
234
297
322
268
425
321
592
461
259
465
393
526
366
82
274
455
388
535
327
533
336
469
310
665
286
635
462
347
483
267
346
448
380
407
312
413
566
307
221
556
329
333
315
181
505
486
382
356
380
475
368
479
390
493
409
280
488
273
559
433
454
355
582
355
325
406
338
344
404
356
313
526
292
363
478
477
309
373
508
215
568
496
406
400
550
295
550
435
438
549
341
545
489
290
639
302
583
322
72
568
355
389
504
390
627
394
375
347
395
439
415
412
367
545
318
325
351
523
294
274
296
274
501
591
314
258
297
565
42
45
560
415
376
399
455
492
265
259
404
427
336
596
321
279
328
445
446
296
534
560
357
302
263
326
402
570
347
449
562
432
340
489
260
387
449
244
624
311
492
334
360
414
394
233
314
388
514
595
473
186
354
459
473
441
368
291
334
590
385
298
531
305
364
407
220
400
488
344
276
246
441
291
287
247
386
277
374
280
310
188
362
332
450
330
510
271
274
293
229
301
370
302
417
91
535
349
232
271
191
236
253
301
275
245
278
275
467
344
380
410
219
233
227
307
171
162
265
605
335
256
236
230
360
280
144
305
132
413
251
271
344
267
269
274
355
205
404
355
201
413
430
426
135
350
287
475
367
318
230
250
255
336
129
212
212
254
393
395
479
231
269
261
288
180
233
266
275
90
534
126
159
253
220
162
330
363
264
296
275
314
382
309
237
218
118
268
276
256
289
173
441
271
259
232
260
224
312
218
264
260
292
188
143
307
193
192
358
180
219
259
140
234
83
148
184
149
165
233
95
183
223
190
117
294
159
159
177
189
201
122
144
80
182
152
171
71
84
176
201
118
136
138
170
95
156
576
253
