1545
1886
1688
1567
1422
1094
1807
1606
189
1709
1570
1489
1375
1365
1439
1393
1346
1340
1237
1484
1344
1438
1202
1345
1188
1151
1335
1379
1522
1551
1724
1522
1787
2002
2132
2311
2621
2004
2203
1932
2045
2063
2240
2063
2105
1914
1830
2028
1841
1979
2228
2565
2596
2257
2101
-1
2337
2208
2596
2279
2204
2330
2013
2200
2232
2086
1853
2250
2185
2267
2028
1961
2030
2064
1793
1403
2159
2031
1700
1623
1947
2188
1899
2161
2132
1793
1841
1804
1860
1752
1884
1838
1819
1774
1608
1464
1660
1762
1782
1629
1827
2205
1595
1707
1684
1922
1918
1826
1889
1968
1563
1699
1895
1628
1620
1747
1630
1579
1717
1716
1671
1531
1321
1773
1128
1985
1146
1434
1891
1465
1712
1624
1522
1528
1229
1517
1519
1696
1508
1633
2017
2014
1322
1565
1341
1631
1177
1554
1637
1855
1457
1531
1644
1466
1424
1587
1889
1657
1602
1680
1776
1827
1777
1476
1478
1803
1639
1549
1423
1435
1408
1415
1146
1285
1012
1286
1035
1064
1380
1135
1049
1662
1645
1737
1491
1317
909
1092
836
847
814
910
857
937
1273
982
1652
1655
913
1222
1456
1434
1443
1465
1290
1540
1745
1640
1930
1780
1559
1571
1260
1349
922
1633
1202
1615
1611
1575
1262
1639
1900
1878
1708
1741
1768
1649
1637
1823
1237
1551
1423
1491
1668
1564
1575
1651
1881
1705
1598
1734
1723
1464
1241
1605
1449
1096
1230
1199
873
881
843
1089
1178
1358
1238
1488
1373
764
831
697
1151
1454
1217
1496
630
1644
1388
1770
1711
1156
1500
1184
1481
1375
1405
1204
1166
1597
1786
1862
1638
1489
1323
1648
1257
1424
1120
1304
1660
1702
1298
1532
1556
1604
1358
1203
1459
1613
1561
1370
1290
1363
984
1306
1489
1110
1004
1076
934
806
916
1045
1323
1015
1721
1299
1484
1110
1361
1454
1426
1375
1600
1426
1154
1344
1140
1327
1537
1794
1351
1500
1315
1865
1669
1705
1687
741
1703
1471
1534
1404
1305
1617
952
1488
1195
1095
1298
1384
1468
1289
1281
1722
1703
1144
1432
1294
1179
1206
1239
1249
1289
1520
1347
1757
1181
1209
1468
1466
1256
1100
1414
1223
1289
1538
1553
1496
1500
1208
1146
1423
1615
578
1175
1225
1483
1522
1469
1501
1317
1106
991
1233
1189
891
884
999
1321
537
1287
1142
1089
1195
1159
1381
1468
1072
1363
1513
1376
1375
809
1415
1171
1305
1734
993
1270
1249
1432
1301
1540
1011
1226
1123
1137
1462
1218
1357
1057
886
847
897
1234
1168
1188
1170
1277
1478
1526
1468
887
968
980
787
1428
1267
990
916
1383
886
1011
1089
854
1489
1393
1390
1432
1350
1427
961
1203
1340
1463
820
739
1113
1381
1127
999
1221
1220
1300
1152
1033
1268
1114
1281
1221
1236
1180
1009
1098
1232
1156
1100
1430
1559
1592
909
1116
1206
1001
1110
1249
1266
1228
1081
1147
1225
1362
1403
1027
1105
1046
1424
1296
1310
1031
1127
865
461
638
1262
1108
1416
1083
1216
1162
1178
927
1506
1139
1068
1222
1183
1308
1435
1202
1447
1224
1116
1311
1314
871
1241
1135
801
1161
944
1132
1161
1165
1111
1150
973
1171
1170
1008
999
975
925
974
832
981
1035
1113
1267
1155
739
1146
1211
1343
1373
1048
1008
969
878
1011
1321
1119
1076
1129
950
945
991
901
927
827
1341
959
838
1378
1197
1085
626
945
898
1014
1005
899
941
1388
1443
1142
988
1084
943
935
813
659
984
709
852
776
874
967
1146
972
1483
970
993
881
899
890
924
972
1049
1173
926
1250
1244
1241
969
843
909
1175
831
1050
1048
1520
1362
1127
1225
1037
1176
829
1035
710
1048
804
1200
851
886
897
807
1184
1145
1129
918
897
949
1396
836
749
953
488
1280
690
695
721
770
989
859
1012
944
966
841
874
707
741
684
506
1087
1278
1183
1114
1207
1099
1101
1067
1048
954
916
735
831
808
964
1066
1149
883
746
963
864
770
769
1000
1015
775
841
901
817
1096
848
1335
794
683
1106
685
973
863
829
920
865
929
841
823
766
736
833
886
1113
798
1189
1404
965
1155
762
1067
776
810
957
678
905
880
620
839
843
871
824
965
1124
1178
1482
650
867
843
681
876
690
782
663
713
863
898
757
874
903
716
755
738
1121
1002
778
930
888
654
989
519
1011
839
587
794
663
720
756
811
696
819
748
660
1025
728
1236
1046
715
965
762
968
732
712
1112
858
955
640
820
816
884
779
923
660
736
935
793
760
1107
872
409
814
763
773
578
575
948
823
789
527
937
1139
784
863
973
900
861
759
849
679
822
1063
1341
755
1114
1115
843
958
818
856
1139
797
643
660
600
654
724
789
618
960
875
829
1004
933
677
670
731
896
736
795
876
687
857
742
774
690
712
1105
850
711
790
758
519
768
597
974
892
683
694
1010
888
718
864
895
850
764
480
972
458
615
656
978
604
1099
672
627
632
626
707
863
664
527
682
743
768
712
814
592
808
698
637
1087
804
931
647
616
976
756
1021
578
734
1067
661
956
970
574
1235
804
765
1075
693
632
686
660
683
935
750
599
565
809
650
625
510
1201
765
699
725
1234
857
705
792
794
683
554
678
535
761
933
629
825
1012
907
763
589
650
752
955
942
918
1178
701
1177
628
721
1021
638
879
618
826
798
759
928
638
984
812
621
611
560
734
837
556
558
442
706
875
531
538
540
775
601
1063
780
1117
661
759
605
861
1077
1130
864
724
527
662
519
661
936
699
563
816
520
847
816
505
853
612
727
745
554
905
587
973
553
603
1181
864
761
795
373
759
808
650
700
635
594
831
559
686
479
778
633
500
977
755
627
569
1052
645
580
795
578
816
845
567
879
746
801
409
797
540
1019
557
640
720
791
564
437
582
689
609
770
1110
935
621
767
616
470
523
583
501
734
660
568
778
751
689
713
644
494
786
556
470
467
608
827
535
664
616
660
497
1202
583
537
435
672
752
899
493
595
527
440
532
497
573
518
516
618
745
561
379
905
472
958
519
457
915
720
699
737
588
514
435
495
522
390
601
623
582
724
504
449
329
617
595
589
610
676
357
371
300
670
377
687
588
687
516
311
743
839
483
958
957
638
588
694
683
736
681
680
489
670
742
1046
496
581
426
385
543
466
832
577
618
671
395
283
595
572
628
723
634
576
309
446
362
657
652
495
494
809
588
586
324
435
710
703
655
708
897
849
793
727
884
521
327
494
413
415
656
328
677
437
350
427
420
498
358
699
549
506
460
582
398
592
771
413
493
594
860
557
550
427
395
585
658
400
419
689
824
577
508
492
276
484
804
430
413
414
389
452
533
582
541
503
497
477
855
446
301
155
927
606
415
1066
372
409
817
637
349
502
504
436
518
1046
552
565
575
393
468
466
397
410
404
589
635
464
910
440
628
528
586
376
376
433
374
474
441
375
723
574
780
423
411
647
644
488
531
506
604
437
673
487
523
406
803
383
388
366
434
777
646
715
550
364
313
579
330
605
432
401
558
548
756
481
461
980
375
382
365
446
412
374
402
351
429
428
886
431
640
520
445
572
552
899
410
434
622
707
628
450
550
516
588
356
709
565
801
499
688
447
1017
427
356
507
386
373
424
384
401
285
295
298
433
893
393
398
429
444
443
540
354
610
407
369
430
414
321
437
355
528
400
411
406
420
633
506
824
681
477
373
416
542
283
428
405
572
740
623
677
294
581
733
463
695
703
461
507
798
183
478
448
741
316
394
393
526
407
461
320
382
359
577
419
506
458
392
555
318
279
469
528
602
692
544
338
383
360
260
272
607
657
297
283
357
287
511
495
651
607
960
385
826
574
479
305
964
342
519
470
377
566
435
413
242
562
551
591
310
481
445
547
355
547
466
354
409
309
579
250
591
534
368
531
200
770
378
411
474
436
394
405
184
661
662
409
591
894
247
727
441
563
730
360
470
583
351
305
495
377
314
347
377
351
486
483
329
415
422
359
603
712
443
330
451
402
1092
598
381
378
279
642
310
447
315
760
439
356
328
335
397
253
664
439
733
284
451
353
326
349
434
511
277
252
509
288
500
384
350
448
431
313
686
560
392
437
262
341
292
375
336
535
302
323
248
330
253
395
707
419
547
564
480
362
560
281
204
287
399
325
225
224
314
401
310
222
456
442
236
372
323
376
429
255
389
515
338
394
347
552
541
330
264
696
373
495
490
333
372
222
487
463
299
353
322
338
761
649
136
502
419
370
253
504
520
345
264
269
308
476
254
363
351
736
418
295
408
247
727
379
451
402
689
366
486
324
320
362
326
282
292
376
371
290
429
440
331
369
343
384
492
482
371
415
448
294
400
393
544
522
321
417
448
265
414
239
605
382
182
607
318
495
464
279
591
329
364
250
348
377
492
332
343
428
322
252
283
378
241
288
436
254
461
602
248
233
327
342
127
117
982
644
422
360
345
488
264
295
424
234
234
866
283
240
243
487
326
265
356
408
325
253
350
233
332
552
232
483
609
428
346
388
236
288
486
239
375
228
472
258
363
380
611
306
220
344
438
323
492
200
396
679
468
390
370
416
364
550
415
294
368
321
299
633
227
380
650
492
249
295
322
259
310
226
457
255
387
251
231
167
358
234
629
268
544
332
332
272
262
210
330
226
370
134
486
284
349
285
165
296
292
295
249
449
206
186
700
393
316
438
279
268
296
463
350
132
219
585
242
205
240
207
437
224
195
199
376
341
249
211
396
218
268
421
333
166
317
378
136
455
450
406
126
225
245
477
360
230
311
224
251
231
134
217
204
249
342
341
434
403
249
266
195
151
173
293
247
292
325
140
165
232
192
186
294
363
248
263
274
384
331
286
193
202
335
217
217
205
229
161
400
224
343
194
196
203
245
178
238
234
276
119
102
285
198
196
337
125
274
256
168
222
82
126
162
111
114
230
211
155
182
188
87
283
158
143
152
211
177
109
158
80
136
126
145
70
82
136
210
179
94
95
196
88
123
1091
276
