547
664
710
644
658
567
741
657
76
672
653
597
541
489
545
587
618
641
600
721
549
554
478
548
441
438
556
652
672
727
727
741
777
842
878
936
906
822
825
786
830
864
782
875
877
846
790
864
690
829
979
861
861
765
813
713
839
754
883
943
879
837
1005
673
758
764
1016
818
867
822
834
756
816
787
661
489
784
800
574
712
532
739
788
543
739
728
631
560
720
660
926
704
792
747
693
571
469
673
745
470
606
729
651
817
744
686
742
704
698
732
649
594
649
582
623
696
632
597
612
655
539
526
506
884
529
688
407
614
672
601
750
630
620
698
457
604
595
621
551
386
716
807
407
639
494
562
326
585
736
724
647
729
795
582
587
795
857
601
589
896
895
678
669
697
642
687
811
572
590
544
517
515
379
354
388
445
392
399
523
399
258
567
618
748
649
378
340
437
315
282
275
347
296
358
333
409
579
583
348
621
608
613
700
684
667
400
579
933
681
668
786
797
590
722
303
743
559
889
767
793
512
759
863
823
776
709
745
799
742
729
468
662
789
808
763
709
800
681
920
936
753
659
637
537
497
773
722
509
363
289
332
256
279
361
339
420
490
602
759
183
337
249
447
790
449
582
184
1006
599
754
873
473
562
457
740
682
693
682
685
648
665
704
637
926
886
854
566
677
676
595
712
670
350
510
765
717
702
419
761
776
630
644
642
644
547
646
798
445
367
457
364
294
327
380
826
373
653
819
639
592
636
764
695
651
746
789
710
595
508
512
547
621
707
544
396
597
614
688
748
282
766
549
655
799
715
784
415
883
757
573
955
859
699
756
788
576
596
538
583
830
623
662
629
727
670
470
629
660
743
761
666
646
555
605
663
682
700
594
844
832
691
600
478
671
640
200
748
598
818
833
646
637
593
528
467
582
783
431
427
432
646
154
686
513
549
723
711
461
731
457
677
610
570
712
274
815
757
657
660
403
746
588
748
661
632
373
532
448
823
617
825
625
503
481
384
534
556
263
543
456
633
788
707
716
522
599
512
535
869
805
550
378
712
485
501
470
404
773
740
412
599
585
524
196
542
571
775
259
346
550
485
323
375
594
611
616
648
588
729
732
754
720
770
455
574
600
514
715
512
620
648
793
379
565
532
442
553
662
675
811
723
668
703
823
694
626
577
573
632
515
806
735
860
185
133
282
679
707
624
478
469
701
549
632
809
768
612
647
675
638
636
604
511
688
789
671
619
230
756
901
830
587
553
690
579
564
702
692
648
700
774
772
850
836
728
813
739
772
890
640
815
596
259
786
713
766
532
615
1082
793
739
776
695
654
659
334
260
662
577
694
664
667
491
522
609
698
682
516
202
545
359
890
778
800
755
631
561
549
521
580
436
478
323
314
508
449
682
265
341
683
566
671
488
699
619
473
699
672
578
593
433
483
723
391
661
620
562
642
535
541
479
344
663
686
661
621
721
592
697
577
627
825
825
745
623
734
793
524
270
339
901
502
646
579
626
648
540
479
614
153
554
171
390
518
307
600
615
606
510
716
607
651
794
1085
829
211
513
633
922
889
893
944
961
704
647
912
610
809
554
773
614
632
699
716
838
920
525
599
468
571
565
493
549
751
589
604
570
728
636
581
415
999
541
579
609
646
571
615
597
551
601
682
509
562
498
748
538
605
600
691
328
430
387
419
505
361
453
513
324
415
486
624
696
590
611
524
608
250
384
406
222
351
506
495
582
-1
806
532
763
465
490
613
551
283
709
495
635
539
520
582
521
230
527
457
301
399
532
715
639
560
328
651
669
748
717
553
692
516
612
517
502
421
499
535
551
490
525
473
451
342
421
758
375
571
709
588
550
404
668
489
296
478
788
534
506
323
662
324
488
208
634
537
460
645
641
563
731
747
545
554
503
518
703
819
661
615
498
501
511
525
497
546
555
600
813
532
728
596
428
529
497
462
478
583
559
560
595
589
518
546
632
503
365
569
399
449
552
665
331
317
380
335
291
364
328
542
484
596
592
523
305
459
581
364
581
606
145
656
158
376
481
601
522
620
607
606
622
407
790
597
723
604
553
476
448
503
629
620
479
518
513
468
531
572
607
643
497
435
434
542
271
449
754
476
701
442
684
537
559
488
493
487
404
489
461
574
520
430
483
618
513
265
569
545
336
448
539
700
501
432
413
402
402
505
534
458
486
396
321
364
346
578
534
427
450
452
605
633
597
552
580
627
498
392
486
605
450
384
498
471
465
409
538
728
379
453
441
417
372
485
377
546
503
431
369
454
455
498
473
428
455
580
854
446
434
528
496
505
629
429
478
428
319
729
644
584
433
433
471
445
468
573
454
305
503
494
473
328
459
387
467
515
568
440
333
499
484
231
432
404
537
402
581
462
511
492
407
403
460
500
416
464
608
749
418
554
359
410
470
504
562
547
403
431
389
505
461
568
391
696
634
434
470
216
643
165
275
613
304
429
632
297
446
535
376
438
662
371
388
515
386
422
588
609
438
433
449
380
451
497
293
250
429
393
316
419
230
415
363
613
732
235
156
423
468
330
554
505
358
441
428
331
474
485
486
677
616
341
272
388
510
364
405
392
493
354
356
534
441
403
255
356
732
346
293
386
345
478
405
497
410
416
559
381
408
343
113
117
78
277
400
555
490
448
474
212
443
473
328
509
382
418
326
403
404
402
373
375
287
387
462
515
456
433
354
458
363
477
436
170
447
410
484
395
445
509
509
268
530
405
255
396
274
407
472
348
333
348
621
623
337
440
594
688
383
450
564
520
505
480
462
485
259
376
409
395
361
295
469
319
214
288
388
414
249
407
366
288
312
396
404
419
469
359
411
572
513
437
405
427
392
400
402
380
304
355
474
453
318
373
246
387
511
325
515
577
553
437
341
350
440
393
368
311
517
191
216
134
439
326
302
263
517
458
376
364
237
341
358
311
480
316
305
308
301
358
420
320
471
368
347
325
492
277
543
469
431
366
400
311
334
407
356
303
251
235
255
415
373
270
434
518
378
191
336
208
435
479
290
483
327
330
414
314
320
310
329
456
440
396
364
349
435
423
207
403
362
276
494
497
561
396
378
534
505
505
534
338
324
314
295
458
258
238
457
308
362
372
345
314
473
572
219
422
421
468
419
308
359
405
311
304
452
408
550
357
544
584
270
237
269
452
483
262
313
370
520
482
418
427
331
425
260
357
544
442
331
527
302
431
212
189
327
327
241
371
283
320
249
265
343
295
440
390
384
414
204
341
364
349
268
416
267
372
448
343
366
201
406
343
344
451
305
408
301
424
317
300
298
590
336
386
418
417
261
314
232
312
294
252
528
173
175
279
414
240
207
371
355
361
430
512
330
264
275
392
398
405
243
317
469
453
421
348
333
431
425
537
328
567
339
260
514
505
342
376
294
334
337
333
241
319
334
220
296
208
381
347
362
230
324
285
236
286
199
318
415
438
451
361
338
325
310
266
227
301
274
229
231
98
387
398
292
373
425
409
504
503
416
457
389
474
343
200
254
334
272
242
370
254
290
338
288
541
389
264
217
642
447
269
277
285
290
334
442
406
306
426
468
347
312
134
459
259
345
386
410
429
272
382
290
599
192
244
269
337
408
245
491
241
200
374
186
283
247
263
309
693
229
393
408
215
279
169
360
348
457
277
340
509
204
172
213
238
492
332
397
288
571
278
415
381
333
260
409
253
190
264
343
355
272
238
269
329
324
168
252
189
259
256
92
219
302
223
290
349
321
572
229
443
410
212
375
269
336
264
264
202
550
253
273
521
295
406
286
207
338
273
282
331
274
350
235
198
264
267
272
267
271
288
391
282
160
265
215
405
287
218
567
385
550
491
214
370
418
271
243
313
247
479
310
339
353
414
421
398
276
355
364
246
304
302
200
336
266
502
392
180
286
241
256
321
238
350
311
101
384
432
326
309
161
463
313
239
198
247
386
423
256
203
318
258
357
286
219
380
258
608
188
258
448
361
297
326
224
45
64
392
330
265
287
364
353
185
354
242
171
179
396
335
487
143
260
225
179
237
301
344
221
300
265
228
332
286
226
368
304
271
268
169
247
270
200
280
380
343
223
336
410
342
170
146
333
326
284
355
120
247
290
335
339
211
448
304
351
252
317
323
254
468
282
124
296
308
286
298
311
217
314
213
165
242
190
189
163
173
102
193
273
316
236
325
412
414
357
237
163
240
172
247
79
347
378
122
264
182
116
215
276
159
164
301
254
347
238
197
313
121
153
136
508
213
156
326
388
142
301
143
155
273
191
145
136
123
220
303
196
340
216
208
396
203
242
230
270
79
351
322
256
83
148
156
308
451
156
149
238
208
287
122
103
225
178
183
183
426
173
143
187
140
138
210
204
190
125
230
40
76
153
291
104
194
327
243
235
363
274
229
201
135
149
174
136
161
138
150
132
287
147
345
126
161
144
180
192
365
362
200
90
63
209
168
166
283
112
213
282
86
141
87
86
126
59
124
172
86
98
124
130
62
203
154
117
188
262
140
121
126
57
83
135
100
58
47
73
138
86
133
135
82
123
83
510
259
