1564
1883
1968
1879
1680
1326
2233
1918
176
1851
1774
2189
1912
1883
2008
1881
1858
1619
1678
1633
-1
1604
1654
1396
1352
1391
1589
1765
1657
1640
1482
1683
1692
1565
1609
1686
1563
1492
1512
1568
1585
1442
1510
1452
1336
1513
1432
1453
1395
1312
1491
1435
1309
1389
1245
1344
1246
1167
1394
1210
1269
1229
1281
1125
1152
1152
1363
1187
1252
1179
1439
1496
1393
1626
1154
1204
1303
1266
1244
1298
755
1109
1054
1133
1129
944
1247
968
1019
1644
1342
1297
1415
1490
1495
1256
778
1216
1330
701
924
1270
1493
1452
1302
1133
1121
1004
1108
1151
985
1087
1237
942
985
1023
928
924
1119
997
892
851
1016
1284
1015
1081
754
897
1229
925
1530
940
962
977
687
816
920
972
1046
776
1303
1082
662
899
843
880
545
876
1475
1011
1246
1258
1110
815
1406
1359
1173
992
927
1414
1255
1173
1179
1499
1468
1336
1390
828
810
843
818
826
588
626
647
686
678
711
802
737
482
879
1078
1042
1156
1056
534
598
514
418
497
543
492
604
750
637
1377
1381
967
1292
1398
863
1534
1537
1374
803
961
1139
993
959
1150
1080
1431
1178
522
1234
1310
1342
1262
1165
729
1172
987
1002
1105
1179
1031
1027
842
981
1111
1269
1290
1100
969
1134
1182
920
1195
1164
1249
967
819
821
894
1094
845
1102
660
651
771
452
457
772
587
731
1333
998
827
414
570
488
675
1293
891
827
443
947
735
1136
1155
669
718
762
1060
962
929
824
801
996
969
1040
1020
1077
969
989
1444
890
796
932
1057
1211
754
867
1440
958
1492
1069
1150
1045
1222
840
800
836
691
804
1219
1606
1247
1614
1143
1061
1159
1432
1324
747
928
880
1402
1104
1305
1153
1227
972
1066
1152
998
941
1143
757
841
1118
1188
884
538
791
868
865
867
727
1078
875
1088
1179
995
929
948
1115
1148
1061
1058
1157
976
1292
1028
1036
875
1318
841
1119
1082
1427
1233
1291
1177
787
809
1013
818
834
1012
955
778
710
840
1068
946
1039
980
1104
906
1078
714
827
871
456
1220
1250
1166
1028
867
851
764
688
661
714
1035
760
758
786
937
376
1131
933
955
1008
1057
828
1054
625
1042
1058
870
960
910
943
1122
960
936
559
972
1406
985
803
935
1106
770
533
858
925
1042
818
697
639
512
601
821
427
764
768
724
832
816
769
566
646
619
539
1028
1031
650
587
1194
1295
648
1433
996
905
844
796
854
783
815
312
624
1017
920
412
496
1165
779
522
544
715
766
762
736
680
897
744
886
858
872
844
777
722
889
842
1437
783
920
929
615
1060
940
843
1035
1116
1106
1080
1118
1046
1098
973
1043
923
841
1187
807
674
976
803
991
380
182
696
1225
736
849
1213
726
1014
1175
748
1156
909
647
1199
1027
830
849
994
929
938
888
787
750
352
769
980
723
860
692
868
701
733
663
709
727
775
699
837
848
834
806
680
728
744
729
882
810
684
417
741
870
902
731
629
828
768
667
724
1070
914
911
519
396
852
753
656
674
683
753
839
634
873
1168
626
239
585
1171
634
616
701
712
833
794
981
820
706
644
663
495
410
672
465
597
422
549
664
714
739
649
903
761
522
689
654
673
567
702
731
661
584
742
723
923
808
566
772
538
624
688
836
746
655
795
683
836
804
703
701
794
616
733
633
737
597
1049
468
781
669
889
845
636
848
551
490
710
274
669
612
475
715
327
686
680
663
548
679
623
565
491
589
523
312
642
804
870
841
842
854
837
925
962
757
582
529
557
693
749
639
687
743
567
701
554
595
513
607
561
780
540
702
694
675
558
957
528
470
564
561
600
605
668
856
817
838
916
818
754
532
554
882
919
575
895
854
800
737
543
624
500
552
625
489
565
584
358
520
511
692
642
642
660
786
1106
308
559
538
452
479
469
477
475
549
593
968
657
714
542
663
478
1047
705
557
742
1205
1137
496
628
366
1014
537
482
522
642
545
419
672
921
789
698
571
627
467
1029
648
494
566
485
734
440
453
644
539
592
429
430
1050
549
487
535
429
525
747
504
668
709
535
365
586
629
514
513
641
1014
438
591
818
758
1034
500
580
549
642
576
560
536
681
609
686
867
506
887
766
561
716
521
522
624
646
601
537
541
455
615
502
519
785
969
869
946
743
622
583
665
626
613
649
563
480
827
691
420
451
620
742
416
429
466
428
304
405
346
578
583
602
625
646
456
734
956
653
678
598
217
801
325
412
426
747
436
836
536
486
510
455
555
700
552
393
493
493
546
640
729
420
505
459
506
590
510
603
501
530
614
782
638
486
471
718
568
619
804
462
798
627
512
685
614
570
466
445
437
595
560
433
499
556
557
520
403
640
759
737
544
921
535
450
465
447
433
374
460
471
438
529
435
504
576
644
474
359
445
456
648
619
587
709
492
1077
573
446
576
403
492
408
514
450
481
615
464
843
601
552
492
485
454
500
352
428
364
426
613
484
504
465
853
386
604
847
807
455
619
544
605
663
745
473
642
439
390
444
581
731
516
515
480
335
703
659
472
437
604
538
552
355
937
368
510
496
421
666
481
746
597
217
460
700
558
400
409
501
511
411
438
365
486
567
392
585
530
433
403
646
458
397
481
473
626
511
410
568
392
574
347
607
378
782
400
415
415
478
446
250
461
543
354
471
715
440
480
487
364
368
354
359
374
518
404
407
641
584
430
544
503
379
811
424
290
253
418
491
369
398
293
392
357
748
444
418
285
436
502
502
370
432
423
300
345
313
523
448
453
552
541
395
261
478
383
492
428
363
594
414
405
521
513
436
323
316
404
372
268
382
339
462
446
369
238
394
511
398
369
403
265
292
252
606
270
533
431
354
461
205
523
624
341
596
537
418
336
421
393
419
407
378
327
458
548
605
417
619
349
326
363
432
468
240
617
716
344
255
454
579
597
540
495
378
208
311
224
390
509
347
362
613
428
426
267
410
626
526
677
461
562
507
541
590
997
404
242
339
305
269
437
246
515
290
233
259
381
454
255
386
366
353
285
366
322
459
645
328
392
415
553
389
313
423
411
447
436
333
306
413
535
433
367
404
209
423
600
302
270
359
355
311
344
343
491
438
396
302
571
269
187
98
605
338
263
590
243
386
551
410
226
324
403
323
441
548
323
338
341
259
308
310
298
305
273
450
416
252
882
398
449
336
379
297
324
310
257
299
247
232
419
586
510
285
330
518
419
268
356
190
395
374
748
327
375
312
511
265
267
253
306
738
579
775
362
351
301
546
204
394
295
264
442
467
520
376
363
632
274
310
304
298
284
306
294
298
273
249
622
324
489
409
370
324
430
704
204
392
376
453
385
299
360
340
340
269
531
359
696
377
506
339
566
227
272
344
281
263
357
364
355
246
248
264
250
593
223
236
349
344
364
584
239
558
239
229
362
357
228
267
248
310
250
258
270
334
649
437
477
482
284
342
429
416
245
258
263
327
462
454
398
202
374
401
369
587
481
547
306
453
144
331
270
570
242
272
326
443
248
276
202
347
318
306
282
267
229
278
443
257
191
421
422
378
456
512
263
264
271
236
243
497
377
217
249
304
273
345
352
453
632
592
380
520
352
302
244
594
339
367
428
246
376
343
208
181
344
265
362
201
422
378
323
224
288
305
230
246
188
284
231
461
396
324
568
211
497
237
226
342
282
266
273
109
490
490
297
379
465
237
590
408
520
486
302
331
361
218
230
479
300
252
261
250
270
315
307
307
387
317
197
550
571
280
258
302
277
498
362
297
346
290
441
217
378
186
486
249
311
332
308
357
220
426
291
457
206
264
192
291
250
233
367
197
220
422
190
292
235
253
294
365
236
528
466
239
288
166
289
268
330
298
336
224
228
183
231
199
374
419
301
321
459
387
249
582
247
178
228
254
193
201
205
271
300
215
179
283
397
203
246
179
237
267
204
248
317
198
258
288
309
470
239
256
417
224
410
280
259
273
188
324
372
252
249
262
280
418
876
140
273
287
201
180
413
490
234
154
168
259
282
205
243
271
496
288
174
259
202
431
260
265
346
421
307
370
215
262
276
315
268
255
234
286
247
439
446
207
221
238
236
400
347
271
311
297
213
332
312
340
450
165
274
258
189
269
160
368
329
323
438
247
319
283
159
378
264
258
164
269
254
381
314
207
319
256
219
263
232
184
177
295
149
258
454
230
196
202
226
71
111
526
486
269
286
207
474
220
214
272
159
148
446
235
214
128
272
235
200
208
258
278
187
230
196
203
359
182
262
426
361
319
277
166
271
286
178
278
196
386
280
418
287
373
195
128
263
287
247
412
149
239
350
332
311
201
292
305
377
267
241
257
304
235
574
117
333
402
464
176
212
212
234
201
166
268
246
201
148
138
90
217
181
373
175
331
261
263
201
230
138
203
152
229
111
345
228
149
202
146
143
270
217
158
267
182
151
389
349
191
288
149
152
157
308
297
118
202
415
147
161
137
167
445
193
160
129
434
230
198
209
383
151
196
400
217
154
206
277
98
266
253
293
55
151
134
344
313
165
186
148
245
163
101
136
146
192
181
180
365
322
149
191
133
114
138
181
171
424
203
78
98
147
153
107
184
339
176
212
243
366
240
207
131
151
211
149
165
152
174
131
276
165
225
129
167
122
182
137
208
210
254
89
65
196
129
129
286
98
188
178
95
173
62
94
123
55
99
168
238
87
124
134
68
241
126
95
104
145
143
70
114
57
102
76
96
69
55
101
129
164
73
73
114
66
64
1318
206
