1112
1349
1453
1359
1313
1128
1510
1323
147
1292
1374
1280
1087
950
1109
1157
1140
1248
1226
1404
1119
1062
926
1046
841
799
1005
1305
1327
1505
1338
1600
1583
1551
1854
1847
1681
1510
1554
1482
1547
1500
1450
1581
1511
1453
1368
1446
1191
1395
1724
1460
1487
1449
1377
1294
1411
1284
1411
1371
1456
1309
1542
1180
1331
1352
1724
1326
1401
1398
1721
1453
1709
1641
1091
1109
1477
1502
1229
1481
920
1303
1359
1082
1380
1286
1139
923
1232
1264
1617
1324
1496
1574
1418
1140
852
1223
1365
808
987
1209
1223
1434
1434
1153
1146
1049
1114
1128
940
1043
1113
933
949
987
910
883
987
984
909
876
896
1389
870
1125
813
954
1185
925
1403
925
949
998
670
868
943
980
780
718
1215
1146
688
946
818
889
584
925
1579
1144
1270
1275
1177
881
988
1510
1341
991
962
1621
1638
1159
1176
1301
1267
1400
1753
868
889
829
821
813
648
644
655
719
649
650
852
702
520
870
1001
1127
1175
907
525
640
500
469
465
562
463
539
630
638
1051
1049
715
1020
1309
865
1391
1363
1123
694
916
1310
1106
1140
1569
1471
1198
1201
551
1346
1030
1745
1512
1459
785
1339
1148
1161
1278
1221
1153
1196
1121
1222
994
1344
1295
1323
1087
1457
1348
1019
1515
1477
1520
1154
893
873
724
1438
1029
937
642
483
627
412
405
668
686
876
936
1004
876
378
506
389
675
1660
690
921
295
1104
913
1298
1506
699
946
848
1368
1057
1032
993
968
1043
1079
1164
1151
1417
1355
1305
1104
930
953
794
1281
1287
757
991
1535
1000
1350
865
1431
1191
1266
858
824
861
684
854
1397
920
740
897
685
585
670
812
1646
711
1180
1102
1334
938
1260
1435
1408
1191
1243
1664
1298
923
979
767
879
1121
1460
1030
610
978
1047
1100
1117
598
1151
989
1165
1431
1275
1207
785
1150
1106
882
1424
1181
1277
1534
1201
1000
965
1056
885
-1
1124
1121
1328
1495
1300
797
1058
1039
1024
1035
1130
1092
758
738
1175
1177
1081
1158
1143
1331
1142
1165
657
877
1039
336
1483
1164
1421
1315
896
915
837
707
690
821
1317
833
830
645
1161
274
1421
1031
1117
1388
1361
924
1229
846
1365
1181
972
1184
531
1149
1340
1130
962
565
1218
1138
1120
909
1087
732
873
696
1189
1028
1376
923
655
604
506
595
811
572
921
691
793
1123
1103
1075
594
671
664
583
1118
1353
702
648
1331
844
650
880
747
1226
1068
741
950
932
834
384
874
1030
1149
422
486
1163
735
542
577
796
851
878
849
777
988
856
910
978
1046
824
897
896
766
1244
961
987
1080
1170
577
1094
968
790
939
1253
1298
1430
1275
1183
1334
1270
1102
1050
839
1119
966
795
1320
1119
1299
420
227
491
1308
835
978
902
814
1223
1022
1125
1403
1275
739
1220
1271
1007
1029
1186
897
1110
1189
968
900
434
1121
1155
946
979
873
1223
868
903
711
837
1014
1195
1039
1028
947
933
847
852
875
894
970
922
1103
917
420
959
1037
1097
829
847
1023
880
770
926
1278
1149
1048
536
476
1146
928
935
869
914
890
988
798
1003
1324
802
295
782
708
784
750
968
835
933
852
1052
1019
858
633
659
472
452
672
541
688
458
599
990
812
932
860
1209
1103
694
986
940
751
755
697
754
855
731
997
955
997
1019
816
874
703
626
875
1089
977
843
1029
923
1124
821
932
1040
1102
934
858
792
878
803
573
571
984
752
1110
1045
774
1104
571
519
844
264
942
427
546
694
527
968
876
763
672
673
581
581
670
835
790
331
787
970
1189
1156
1162
1186
1155
1115
1072
996
719
654
676
990
1022
829
981
866
890
821
609
735
619
833
796
767
755
793
819
923
753
1171
704
663
738
867
799
811
931
1065
1027
1055
1018
722
796
697
762
944
1033
746
1094
1012
1043
1056
442
551
619
686
805
588
601
598
375
764
620
834
790
848
870
883
1260
436
593
629
385
635
638
703
653
830
880
1069
769
714
745
887
532
564
858
747
869
1049
981
640
705
342
1014
712
524
557
746
757
646
910
548
970
1039
760
915
650
1206
775
658
808
650
702
607
640
783
751
785
588
735
631
774
608
550
643
716
1013
636
755
926
663
456
710
962
662
720
586
1130
509
702
416
876
996
662
748
916
950
867
771
784
856
692
833
1024
765
1185
915
760
907
727
655
719
942
823
765
731
550
738
693
607
807
897
816
844
1036
937
903
972
906
819
842
933
689
711
884
612
614
889
950
632
577
671
610
492
585
525
795
796
826
848
794
584
850
1029
566
933
814
263
999
256
621
536
958
596
1077
762
695
686
549
679
809
836
549
790
680
666
896
1119
634
680
584
652
723
659
845
740
764
778
788
665
721
408
819
743
688
1099
663
992
810
658
734
865
827
540
694
680
793
690
571
699
748
803
461
581
921
644
758
827
1264
716
578
621
601
575
519
595
638
609
618
459
590
621
819
669
567
630
619
807
781
752
841
673
1088
759
633
658
594
665
538
697
647
627
757
695
1214
656
737
731
660
607
688
525
611
504
620
559
660
706
675
920
585
766
970
1099
689
658
754
752
792
925
613
774
428
541
630
830
906
715
597
721
459
679
882
670
517
756
601
669
558
868
515
689
739
521
772
600
837
812
340
609
799
718
553
504
737
684
615
603
504
719
736
571
704
699
581
642
868
482
489
728
631
876
766
597
776
565
715
497
756
516
1006
618
617
631
444
642
281
397
788
437
617
873
470
693
650
497
558
530
520
584
747
552
578
944
850
580
713
670
531
842
661
489
395
593
563
453
605
376
548
514
893
576
327
247
540
676
551
613
528
573
469
529
469
734
673
677
675
764
497
419
603
565
613
551
496
784
547
542
654
672
617
366
448
557
490
465
566
496
709
657
547
372
530
682
519
538
497
182
202
153
573
440
679
537
541
697
317
723
821
468
763
639
560
472
557
556
585
579
540
429
589
772
798
623
537
531
480
488
604
641
275
677
666
482
385
727
691
731
447
761
573
357
447
362
583
635
498
516
697
597
595
386
522
897
620
680
605
776
723
655
758
857
665
384
503
468
380
569
383
621
428
311
378
539
624
366
534
492
434
409
543
469
661
781
472
588
607
701
529
484
628
557
606
614
478
427
518
749
634
445
655
316
585
747
391
421
580
543
438
405
502
648
619
602
437
680
312
307
173
674
469
396
628
369
596
666
585
367
443
528
468
691
584
448
458
453
374
388
443
427
413
388
567
588
391
962
528
592
465
533
463
423
477
348
406
336
317
481
696
546
388
530
717
557
333
505
395
480
607
521
467
474
442
595
373
388
366
409
721
799
770
514
491
419
706
318
556
482
386
639
671
749
618
594
758
457
515
486
421
403
445
392
425
360
365
743
478
677
580
531
444
539
834
342
522
568
642
545
404
520
465
495
389
704
512
959
554
683
473
547
385
415
498
423
383
497
517
506
376
373
382
357
804
348
363
501
513
492
595
424
772
363
342
481
496
309
406
380
440
356
375
386
454
698
551
580
582
338
498
625
631
321
394
372
551
667
462
533
315
525
488
520
723
507
570
422
644
234
426
372
806
343
401
522
629
371
405
308
483
475
439
429
346
315
412
588
369
296
589
551
481
603
633
441
391
413
375
372
700
457
311
354
409
402
474
502
650
766
825
457
717
432
384
371
686
448
508
435
370
534
458
370
289
459
383
450
305
638
452
464
306
472
391
344
369
301
478
372
708
590
438
654
324
632
338
348
473
379
297
387
188
668
667
449
487
641
334
774
588
747
602
503
444
503
345
332
643
445
341
383
412
401
425
381
463
579
407
299
801
760
392
380
402
417
620
477
418
477
446
571
326
495
266
652
396
475
436
461
498
358
502
409
672
295
352
327
411
408
352
440
271
283
566
275
384
349
375
400
513
332
543
706
318
390
253
470
385
536
441
457
375
301
275
309
310
509
475
450
398
609
349
350
605
349
254
344
345
282
288
304
402
380
285
257
480
543
278
352
317
369
333
152
311
403
302
379
390
412
624
329
411
603
284
531
394
387
413
287
411
501
378
400
439
435
560
571
237
437
358
329
275
382
573
338
241
265
376
378
304
349
433
572
398
262
335
297
565
355
393
503
560
484
528
339
401
435
428
361
348
359
368
407
537
551
321
329
366
322
546
519
420
390
465
339
472
395
517
555
271
407
348
304
410
246
473
445
167
609
387
410
406
240
624
391
361
265
359
378
515
408
320
481
351
326
357
359
312
264
417
227
379
614
307
291
287
356
50
85
616
550
385
367
345
618
360
307
339
236
210
593
318
334
228
381
346
315
326
426
399
327
329
268
297
497
289
375
566
496
372
380
259
357
397
309
382
288
520
375
474
424
483
264
200
362
425
370
521
216
329
538
421
443
265
389
334
492
346
331
388
358
344
644
170
466
549
499
266
267
291
341
282
244
413
328
303
238
218
170
342
252
462
262
456
400
402
308
313
228
303
234
330
118
452
334
228
268
207
230
329
304
232
354
288
229
498
419
271
402
243
204
234
402
280
174
307
547
203
229
200
243
461
277
196
195
264
344
284
291
468
225
300
441
316
226
328
370
153
370
368
421
125
230
203
472
437
226
241
211
322
252
150
184
203
283
281
281
492
356
213
257
247
175
204
263
238
248
342
96
134
212
209
172
287
454
264
302
307
383
358
285
209
225
228
216
219
213
255
164
355
238
303
188
228
192
254
189
320
318
309
120
90
269
186
183
439
142
244
275
129
267
95
131
168
92
140
218
187
132
174
201
83
354
195
144
158
215
223
102
153
83
127
133
145
87
64
114
177
161
108
109
164
89
127
939
281
