427
509
558
549
546
511
623
547
58
533
516
498
445
389
443
488
522
538
500
613
453
500
417
421
362
357
460
541
578
604
552
588
596
649
693
680
673
626
642
590
605
651
621
678
625
610
531
650
485
630
737
617
602
585
563
516
628
571
561
624
670
594
629
499
600
576
680
584
596
610
729
666
685
752
471
375
643
629
512
577
390
549
568
418
572
565
450
356
573
509
665
579
592
664
608
506
336
528
575
320
363
510
538
682
588
503
498
504
516
479
414
410
430
408
448
444
436
364
420
475
397
421
359
616
347
512
261
442
456
408
595
414
434
451
282
453
472
469
295
273
510
504
334
471
372
415
240
442
661
570
523
579
545
417
457
706
581
433
449
688
685
502
507
488
560
566
651
421
425
371
357
378
263
266
264
337
279
275
409
302
197
433
390
526
518
298
235
322
210
198
210
248
213
244
212
273
428
433
297
457
632
413
620
572
529
296
399
547
523
519
718
596
483
537
160
614
464
718
748
683
369
598
571
553
601
573
487
616
489
539
344
600
541
583
532
680
595
523
627
655
660
514
439
328
275
720
437
444
222
175
249
141
162
214
250
375
427
479
435
140
211
156
306
719
271
467
107
532
420
580
646
326
363
303
680
481
497
522
514
486
466
536
509
648
682
570
499
459
478
321
558
564
324
458
690
430
616
343
698
617
555
413
402
412
326
407
670
326
318
366
275
256
254
299
686
277
547
520
590
439
583
690
622
602
608
698
505
410
446
388
432
489
640
500
244
437
515
559
494
214
529
446
537
597
595
510
305
453
412
389
612
479
609
671
557
403
440
449
435
677
577
578
637
657
620
327
558
458
482
498
526
575
372
387
568
580
523
511
528
568
528
602
285
401
519
123
653
527
646
635
412
428
407
329
322
426
613
339
339
266
697
99
680
501
556
694
674
417
544
349
628
538
410
566
185
531
691
535
429
304
607
516
534
458
484
265
455
376
631
421
680
481
311
294
258
311
385
227
404
293
409
643
585
573
295
354
319
303
460
542
355
261
559
357
352
450
408
625
553
295
434
434
357
156
511
479
571
196
234
535
327
227
235
373
384
388
367
392
416
371
398
471
430
334
383
436
313
589
461
499
540
562
291
523
502
370
482
576
597
682
759
570
630
549
566
491
364
526
466
373
653
616
734
167
80
195
590
400
485
399
391
591
446
513
659
637
396
613
574
571
516
615
379
607
589
547
465
185
684
467
453
532
497
753
484
458
328
421
477
616
538
426
393
400
338
415
365
395
479
381
553
543
178
439
534
556
414
526
458
384
353
471
550
535
439
255
213
557
373
563
529
583
445
608
376
494
611
365
138
580
273
396
344
467
381
479
374
525
503
532
277
292
203
176
310
236
330
216
397
583
427
429
380
629
501
472
625
595
399
458
321
327
422
329
598
553
418
552
637
388
358
261
469
534
566
427
602
530
660
360
629
568
681
732
489
363
402
651
232
284
473
387
672
622
397
550
302
285
357
109
399
148
243
309
256
529
408
428
408
306
276
271
351
453
398
153
483
509
664
646
653
642
650
633
625
486
388
374
327
663
523
463
541
390
439
419
307
407
319
659
627
402
434
379
347
565
462
602
385
367
344
479
571
592
753
647
620
648
623
312
347
421
508
396
511
406
470
484
614
591
170
238
306
341
473
306
340
258
162
441
327
390
406
600
524
310
505
205
321
337
122
288
428
473
428
486
431
449
370
339
553
422
281
239
429
429
391
532
512
368
360
112
500
469
176
237
351
472
350
646
270
464
776
368
607
451
577
443
373
539
521
290
500
522
453
528
549
423
442
283
492
321
248
435
484
613
365
340
506
523
399
423
550
387
724
288
609
248
337
164
549
490
387
365
522
659
560
454
511
617
326
512
503
510
673
577
517
497
458
342
416
731
700
368
389
262
380
500
276
385
478
421
415
581
796
742
641
553
585
649
617
575
324
627
288
518
560
540
294
316
349
295
360
275
326
524
558
426
432
358
237
582
521
232
590
646
149
597
107
339
344
536
418
587
571
527
532
262
386
531
440
378
557
359
413
568
588
412
481
362
331
373
397
549
378
447
579
441
355
595
165
427
355
345
660
421
537
529
334
319
727
745
232
608
567
517
451
421
797
362
640
179
437
480
301
397
707
628
582
514
503
415
507
346
349
571
382
300
206
339
258
649
572
508
655
538
521
500
489
450
505
588
634
393
390
349
509
494
507
514
444
378
635
726
333
632
563
685
407
530
516
320
290
554
223
634
782
711
404
646
444
627
626
425
341
789
378
431
536
421
546
216
311
433
439
481
409
548
530
372
354
560
742
250
652
318
535
315
406
443
391
673
314
409
355
542
683
232
494
445
361
399
287
694
355
518
553
631
566
627
441
393
368
359
664
566
236
261
495
605
469
612
641
454
312
496
396
363
496
589
304
564
625
161
520
125
158
672
435
460
542
224
574
479
474
507
406
536
606
598
397
587
660
644
413
448
378
382
495
595
326
271
648
291
331
513
153
536
625
520
319
162
90
385
493
262
486
307
492
336
354
542
617
1899
-1
289
439
334
494
357
414
339
603
618
446
384
370
356
537
595
209
384
322
547
320
511
435
591
556
534
310
501
361
521
445
337
62
62
43
217
362
564
472
228
699
265
547
571
531
451
338
439
387
393
401
409
429
419
372
435
583
496
604
266
623
522
446
673
493
113
392
284
424
351
544
580
574
172
568
627
493
326
415
520
373
408
370
386
321
317
531
288
585
327
415
571
493
486
412
552
382
475
473
426
482
315
531
403
529
415
337
486
500
481
454
328
449
291
315
502
530
655
547
560
633
394
542
490
351
466
562
349
549
625
519
332
509
520
290
620
357
556
499
325
441
537
532
324
404
483
563
691
639
532
425
145
262
185
373
510
404
249
371
378
401
458
365
366
479
555
648
278
406
357
299
291
269
410
324
301
299
506
442
320
562
317
512
434
466
539
524
280
271
390
339
344
231
564
253
293
415
568
486
169
405
206
345
620
217
345
529
577
405
272
277
253
267
356
612
490
450
374
405
655
360
467
569
483
527
547
518
645
629
383
442
509
473
273
260
501
334
405
372
275
411
454
489
618
567
312
263
547
257
378
588
650
553
457
562
468
351
400
553
500
519
538
442
427
232
267
474
375
422
441
413
516
357
333
307
312
297
439
369
326
359
335
512
271
411
514
285
257
600
600
454
329
457
509
410
445
280
529
432
505
345
421
212
516
439
528
457
317
395
414
448
257
325
393
550
226
557
461
257
424
371
424
195
506
446
619
327
310
569
647
395
369
302
509
472
247
286
230
202
510
484
485
331
545
463
427
409
295
527
459
549
480
443
587
261
290
388
306
384
457
401
537
325
566
481
431
214
310
387
400
412
532
222
304
497
552
279
273
472
218
296
324
640
257
507
342
444
343
372
402
345
376
356
566
522
356
354
241
354
317
222
420
315
221
269
164
440
451
542
314
368
374
442
478
702
433
580
279
478
258
376
433
408
443
315
316
517
253
258
384
609
500
284
408
486
296
454
407
452
333
292
425
485
413
453
281
568
175
492
371
469
372
372
377
391
444
422
439
388
337
358
295
284
309
324
198
304
553
350
345
397
432
395
312
437
285
523
336
387
331
450
369
531
465
338
375
357
252
261
330
412
258
294
318
347
165
300
537
294
268
337
390
309
299
253
292
176
429
275
389
501
321
376
267
391
305
61
206
272
339
367
294
359
303
396
369
402
205
506
333
381
459
275
247
332
495
423
318
570
400
230
187
372
277
273
263
175
514
380
341
268
497
328
404
391
430
306
424
206
383
326
357
360
278
352
439
336
231
376
317
356
432
365
299
397
260
539
486
514
256
264
398
161
462
474
498
305
420
312
601
483
356
533
301
416
326
321
402
243
366
350
71
440
363
299
412
310
410
400
481
371
377
311
346
430
251
469
352
337
424
335
354
216
248
246
317
466
322
275
260
403
18
34
357
299
284
383
296
542
302
245
275
339
240
376
295
392
269
291
380
332
413
455
310
362
187
269
329
406
299
250
401
418
337
417
306
554
376
342
434
307
532
340
431
321
328
175
253
332
375
410
483
283
295
273
356
429
259
280
282
445
301
286
408
297
335
295
162
376
331
333
206
226
303
323
273
324
299
320
244
225
232
162
382
261
292
258
433
279
280
251
189
285
274
329
323
124
404
299
130
209
183
163
297
251
271
193
295
263
309
304
292
383
206
219
195
260
106
186
264
468
231
307
209
285
312
303
160
241
100
350
268
310
409
225
383
239
321
257
359
292
178
275
274
387
109
252
163
388
351
226
161
210
256
302
147
165
190
238
322
321
432
210
218
250
269
246
215
230
220
103
356
54
128
195
196
137
291
433
254
312
283
332
379
304
237
251
95
251
270
236
278
196
345
272
226
224
230
181
303
223
280
278
315
152
130
283
193
192
350
148
166
249
126
247
78
147
161
95
138
225
89
138
189
218
78
309
210
143
157
196
219
108
149
77
135
134
165
97
61
121
174
94
119
120
134
99
142
409
247
