1295
1351
1416
1478
1341
1160
1558
1350
150
1394
1243
1193
1210
1135
1055
1107
1044
1138
1173
1293
1165
1071
1076
1188
1082
912
1040
1214
1371
1357
1248
1420
1499
1314
1422
1382
1430
1234
1247
1298
1325
1307
1270
1304
1170
1244
1176
1269
1153
1218
1452
1164
1169
1290
1062
1113
1141
1054
1145
1073
1262
1089
1151
1062
1068
1062
1288
1085
1088
1089
1444
1391
1358
1441
1064
1023
1143
1195
1059
1131
839
1012
960
1021
1054
959
1169
865
1040
1264
1212
1369
1121
1487
1563
1213
818
1232
1187
763
907
1090
1305
1234
1177
999
960
936
990
1040
868
935
966
833
872
870
873
841
923
851
883
852
890
1107
847
1139
778
830
1036
795
1271
804
862
860
644
727
864
936
684
739
1065
978
725
888
834
833
568
846
1606
1026
1172
1125
913
833
1003
1338
1038
986
922
1290
1185
956
1019
1105
1357
1273
1308
790
791
755
758
789
582
630
565
668
628
631
766
640
525
801
917
972
935
986
535
573
499
460
447
543
471
524
690
630
985
988
826
963
1464
761
1290
1363
1039
800
811
998
910
1069
1135
1049
1266
1019
544
1225
999
1321
1310
1195
718
1228
943
945
1130
1048
912
1017
932
932
1053
1339
1066
1016
894
1109
1248
845
1091
1160
1322
976
774
807
683
1049
797
1101
734
585
796
462
482
791
645
779
983
1000
760
376
512
445
589
1375
665
786
390
888
829
1126
1193
637
779
788
1090
865
884
767
739
935
941
1036
1037
1093
1058
909
1250
812
667
729
951
1083
873
1079
1483
823
1189
851
1157
1053
1235
752
726
762
605
725
1135
877
818
878
725
710
680
784
1305
735
956
819
1563
870
1242
1320
1378
1036
1049
1185
1099
808
1176
704
891
1239
1402
1073
595
917
991
978
857
603
977
901
1115
1101
996
858
903
944
899
828
1027
908
1045
1364
955
864
814
1120
796
1163
1115
1101
1509
1276
1292
806
899
874
798
801
978
955
686
636
889
951
864
1031
972
1041
859
1285
652
772
965
390
1169
1181
1150
953
764
780
730
621
676
673
1028
793
794
598
958
329
1201
1017
1242
1282
1070
899
1229
746
1054
974
774
930
591
932
1206
968
834
538
933
1116
983
753
857
681
772
647
823
825
1027
762
631
555
486
529
751
576
854
627
655
884
783
769
546
592
593
533
903
980
612
681
1064
983
580
919
751
917
800
673
815
801
749
457
828
918
927
444
467
-1
674
548
558
643
733
723
686
676
832
695
753
849
794
762
806
745
709
873
967
739
1000
883
690
1006
1055
796
891
1198
1161
1077
1221
1098
1339
958
942
950
748
1389
842
724
1144
831
1097
469
238
609
1267
706
966
971
741
1040
1076
1059
1036
915
614
1321
1103
960
919
1147
876
1109
882
845
786
469
809
887
677
910
860
1019
692
730
586
638
774
812
712
786
789
770
705
655
835
724
743
791
799
722
430
725
842
855
746
691
792
748
650
751
1294
1157
861
642
538
952
735
751
721
732
851
1025
637
920
1183
753
207
612
839
668
610
743
686
790
674
1051
952
728
602
576
488
458
573
538
591
411
596
675
687
780
719
917
925
614
715
708
611
621
651
706
657
675
766
688
1001
822
740
736
520
670
716
854
744
655
843
720
897
748
672
713
777
656
718
690
706
619
741
566
759
752
941
991
630
885
506
464
773
275
819
543
503
635
389
746
749
642
553
619
546
519
566
601
604
292
824
885
848
807
816
856
804
881
910
762
623
547
546
678
839
702
754
693
579
614
541
585
514
653
600
817
600
673
746
728
575
982
608
520
623
596
653
695
728
880
825
888
898
675
665
561
643
810
1166
604
981
974
934
775
449
545
511
642
731
482
570
491
431
660
533
656
645
652
657
835
1147
416
567
529
374
672
514
540
556
550
636
1025
673
708
563
705
500
600
639
522
641
1092
1039
492
633
340
880
613
448
483
625
517
473
791
629
738
711
583
662
506
1000
586
491
662
531
564
498
541
784
632
673
481
628
696
660
551
675
474
517
814
558
733
727
595
334
620
643
540
734
616
886
458
675
451
726
1287
480
568
622
738
628
592
562
680
596
714
797
549
928
841
581
793
618
537
650
664
861
601
564
523
601
521
583
733
846
792
809
883
691
661
729
612
715
706
609
532
720
765
574
507
757
720
558
571
634
600
426
495
479
592
619
583
611
709
468
980
933
508
687
634
317
790
296
530
446
800
460
834
518
510
543
433
547
677
590
405
517
533
621
817
800
438
557
484
528
613
530
803
539
621
648
783
706
598
426
773
563
605
846
638
792
723
522
638
655
652
453
522
528
795
518
421
565
547
708
537
409
734
686
963
622
956
649
559
620
566
505
414
469
485
471
563
398
522
493
634
504
445
532
517
662
646
641
864
574
1106
652
614
595
439
629
477
521
501
499
797
474
905
637
569
643
575
549
531
420
450
362
487
578
658
668
549
856
477
815
852
788
624
592
615
584
887
800
575
816
385
468
464
582
722
550
578
533
362
621
833
564
457
784
552
609
573
1041
446
636
596
446
860
692
804
766
282
569
731
621
457
412
557
549
427
575
392
528
871
527
595
549
464
480
709
430
447
529
500
637
570
491
870
566
658
364
591
427
730
400
443
483
545
450
282
433
553
417
636
704
546
495
565
401
374
390
430
465
613
391
432
888
630
447
596
516
440
935
489
373
330
516
599
438
467
387
456
401
772
455
404
301
481
549
518
402
458
447
328
402
400
655
534
535
593
607
433
354
654
414
642
444
421
648
526
437
530
576
499
257
359
421
480
388
413
478
529
599
388
268
438
595
445
398
524
222
272
214
625
312
577
507
440
533
276
659
682
403
651
748
444
418
485
453
494
493
489
432
482
621
757
493
528
381
338
373
472
550
231
612
596
371
291
489
703
691
479
502
423
326
338
247
430
506
436
411
604
501
500
329
469
683
524
610
496
577
550
543
574
818
558
297
389
359
311
492
301
491
361
270
295
619
658
296
378
412
420
324
409
356
700
716
403
447
447
611
427
363
554
537
503
475
384
349
535
573
603
361
486
259
574
595
317
306
406
400
307
357
444
518
509
502
383
619
318
288
157
765
421
302
622
262
498
649
594
290
352
430
377
528
624
489
379
470
305
329
351
330
318
318
521
446
361
930
398
528
411
479
379
330
381
282
349
323
317
613
845
510
303
384
567
486
378
467
325
433
432
512
371
468
431
522
292
308
275
347
607
607
888
492
415
368
661
245
555
337
335
560
560
539
437
394
659
353
371
350
334
303
377
350
321
351
301
839
497
761
517
481
441
433
727
368
374
417
481
424
392
460
394
369
298
585
404
696
480
526
371
554
340
323
383
312
320
483
519
389
281
273
301
306
589
284
288
328
391
439
478
291
661
335
309
466
418
258
310
308
393
351
370
313
416
571
505
558
475
305
537
511
577
261
303
360
425
530
403
484
234
420
468
528
680
501
519
404
523
191
389
296
578
246
323
361
589
312
386
273
477
377
315
341
369
380
408
520
345
232
476
534
395
464
516
326
313
392
274
281
625
536
247
269
286
292
367
433
503
596
601
524
579
374
411
270
646
394
411
423
289
615
388
288
218
433
443
432
215
480
377
362
256
367
331
302
277
246
367
287
582
434
315
725
290
653
310
329
456
327
268
319
161
546
551
361
366
542
259
541
485
586
642
360
358
442
292
318
748
496
300
257
334
305
343
376
349
463
335
308
582
732
386
273
406
445
613
422
295
446
347
536
232
495
265
561
296
507
380
336
392
248
449
399
505
265
337
238
340
324
276
372
219
332
531
236
399
307
355
318
429
288
513
539
348
357
201
318
309
378
355
361
272
294
252
291
215
381
519
326
383
484
345
295
647
252
200
264
302
278
250
255
321
353
255
202
350
398
225
335
313
320
280
185
304
387
300
294
306
354
474
311
284
541
275
408
401
307
366
211
324
386
292
294
321
327
462
557
168
380
317
242
229
328
520
338
237
205
298
315
243
299
322
541
404
259
289
295
531
287
382
362
462
360
392
269
285
311
378
326
289
283
270
304
545
546
252
284
271
275
435
459
450
319
353
363
414
390
380
480
239
334
381
251
337
186
376
359
107
511
286
326
344
230
475
300
365
222
309
265
413
389
314
382
403
236
354
339
240
212
358
180
351
476
246
220
224
258
76
102
533
590
398
273
260
584
356
250
376
219
218
561
252
268
183
399
345
335
277
401
321
334
269
212
250
407
221
446
552
638
375
332
273
305
363
223
325
203
506
358
460
341
515
257
212
285
321
286
425
185
332
451
295
350
250
320
296
464
366
241
292
352
282
678
189
475
578
432
203
224
264
274
291
265
433
368
257
257
247
161
344
192
404
214
429
331
330
249
293
226
226
234
266
85
357
273
252
223
169
213
326
237
238
374
215
161
457
568
207
320
218
240
225
336
299
133
266
462
231
178
200
216
488
248
164
163
252
352
213
256
421
161
322
397
237
192
273
278
136
311
324
386
115
186
196
352
323
206
243
169
410
199
110
184
162
287
274
271
380
466
217
204
215
155
159
238
199
217
273
118
123
204
162
132
228
365
217
237
249
327
317
252
191
192
177
201
218
183
213
170
313
213
235
170
184
175
246
152
241
241
245
109
73
256
153
151
316
142
199
206
105
255
79
121
148
81
109
193
200
125
135
175
73
261
153
142
126
167
164
88
150
80
111
97
132
83
76
115
155
202
96
96
158
69
106
1085
226
