283
346
357
343
344
303
391
331
21
333
321
315
294
278
252
312
308
331
287
360
270
284
239
259
224
228
246
300
344
364
357
364
375
381
439
455
441
409
445
387
390
406
377
430
399
346
316
354
328
349
464
461
469
433
443
406
435
392
412
466
460
369
469
389
440
415
426
406
441
374
415
371
392
426
260
225
442
436
323
383
328
414
461
305
458
464
339
317
417
305
415
410
381
396
354
327
278
322
370
263
299
358
315
366
379
355
369
339
353
415
261
303
332
298
311
331
253
281
318
326
305
250
228
366
211
322
187
324
340
303
408
398
342
370
202
279
285
303
222
223
378
502
215
304
227
278
201
335
356
350
298
299
286
256
242
426
486
310
309
394
379
352
359
333
313
346
389
294
316
282
280
304
213
241
240
251
217
231
300
232
159
296
267
280
265
204
187
220
182
147
164
190
181
232
167
192
270
267
200
255
342
340
337
334
293
190
363
354
440
347
381
412
321
287
150
363
248
437
401
399
259
351
377
361
405
342
343
338
412
397
233
368
315
303
337
445
350
377
441
428
430
414
411
280
235
396
436
260
173
140
166
127
134
179
199
337
237
335
292
121
179
127
336
380
235
318
97
343
256
433
434
259
373
239
435
276
282
282
270
265
345
398
318
409
430
431
298
320
247
255
379
346
224
290
410
348
331
178
355
433
337
352
355
346
267
336
383
195
201
230
168
165
155
169
360
190
427
301
344
241
329
384
310
402
430
383
327
303
237
233
260
327
375
302
259
343
358
424
480
160
380
262
349
393
312
385
196
369
300
250
367
362
386
381
307
299
327
274
285
386
296
315
336
354
328
248
436
331
264
262
371
457
345
369
402
284
286
294
379
377
397
337
205
405
302
77
367
294
401
448
277
285
273
209
169
255
299
257
258
238
395
117
384
286
286
340
349
307
380
278
320
346
279
329
126
337
323
361
331
191
317
320
311
317
372
176
292
254
386
324
400
326
342
290
251
344
493
221
300
327
286
374
460
455
323
377
255
310
495
375
225
167
361
232
476
219
212
394
348
224
354
339
239
149
374
301
395
168
260
313
439
323
309
529
651
620
657
482
653
452
425
272
410
207
218
274
206
334
270
340
326
471
179
267
283
203
253
352
327
400
397
303
355
390
395
264
570
308
356
429
380
326
406
153
83
121
343
436
358
250
271
411
277
290
417
378
268
388
363
379
392
323
294
371
401
311
287
142
370
335
328
300
270
366
318
331
250
259
277
388
385
349
367
355
313
353
255
335
275
582
425
455
231
278
277
433
248
404
340
342
385
326
355
319
568
178
143
333
591
277
249
271
280
238
216
340
336
259
121
272
180
359
352
408
428
343
302
269
271
375
384
452
320
270
443
285
346
176
182
368
321
459
325
378
351
327
353
360
221
286
200
240
254
306
441
479
271
261
355
287
273
201
296
445
451
285
448
433
415
376
385
313
416
361
360
395
437
392
145
218
318
233
361
352
600
386
308
303
421
95
363
109
461
191
216
291
518
292
231
237
215
245
295
294
224
115
328
300
406
394
392
393
370
392
355
278
508
329
453
381
351
337
398
285
313
304
192
228
551
444
432
231
562
402
446
408
317
332
463
368
285
268
371
246
283
337
317
344
317
364
403
538
383
504
253
364
290
324
276
379
236
291
284
249
346
233
184
153
118
269
470
662
473
422
427
259
352
206
217
222
117
264
267
365
446
343
264
276
344
183
445
230
269
147
366
328
227
329
319
473
215
136
271
330
186
290
451
364
257
261
129
473
332
339
435
447
391
255
468
364
314
219
316
287
241
381
380
259
333
167
275
264
154
387
326
311
574
241
378
328
128
357
278
690
270
172
298
191
338
110
319
294
224
522
454
417
334
358
488
315
513
387
320
378
363
342
298
261
247
201
270
324
300
455
321
230
341
432
348
218
233
220
233
321
351
319
324
462
295
374
438
277
165
293
194
330
253
303
217
251
247
205
227
256
197
354
421
505
488
323
178
256
298
152
273
352
138
370
145
260
452
302
580
310
397
248
261
241
347
300
440
368
323
485
207
229
412
338
335
451
602
295
237
313
273
306
408
208
258
310
106
268
266
526
357
223
426
261
339
289
319
319
171
322
335
331
240
206
295
474
271
260
449
369
196
225
367
368
325
274
327
234
342
561
403
222
356
192
299
185
205
422
376
316
287
339
319
294
282
296
268
304
231
262
258
309
353
280
383
352
261
283
391
385
190
336
312
286
256
338
269
378
376
369
172
221
257
237
270
344
273
307
395
300
398
297
402
249
390
327
255
146
195
234
338
260
256
203
391
398
534
291
264
180
254
318
300
212
226
252
290
281
336
253
216
315
345
205
326
184
386
324
239
324
363
422
306
225
349
276
199
211
498
358
301
385
136
379
367
313
285
412
286
275
194
253
409
215
358
299
218
439
353
156
302
176
220
325
229
268
368
146
356
245
269
353
338
318
274
360
207
299
319
386
283
291
257
265
315
253
205
208
330
155
246
323
149
322
271
317
206
123
63
236
280
172
272
276
311
437
615
241
262
280
280
227
297
439
230
248
453
197
276
251
322
241
283
476
322
300
118
236
296
223
240
382
314
359
210
383
339
283
483
280
407
234
63
44
39
140
427
283
249
208
292
174
245
257
186
274
242
274
251
290
283
290
272
257
195
226
317
341
190
190
264
287
252
230
324
84
467
398
274
260
292
267
279
119
307
327
210
614
247
343
200
174
164
273
301
298
155
332
314
344
218
354
455
443
447
336
236
278
223
338
196
353
206
192
233
221
171
223
240
230
224
191
265
207
243
322
187
236
268
251
284
284
309
251
666
233
218
381
362
212
180
204
300
250
189
235
178
201
347
607
249
241
231
589
245
263
238
256
254
269
293
77
163
113
205
287
236
211
303
255
218
255
199
213
196
272
276
178
245
221
191
319
346
255
403
510
596
206
257
172
287
334
325
208
300
188
265
386
360
189
192
189
159
261
350
210
187
254
278
118
226
181
267
238
113
395
237
208
258
431
525
517
505
292
304
309
231
203
245
283
210
307
289
253
270
277
384
260
242
247
268
241
280
506
450
231
165
329
178
178
248
179
203
273
244
248
188
324
146
473
318
325
313
252
316
251
302
292
277
393
285
264
217
337
149
199
247
514
242
231
169
202
368
298
311
296
452
260
244
530
309
393
241
266
209
266
175
157
202
207
131
389
258
263
216
231
-1
189
212
214
295
309
125
218
242
206
154
336
228
340
369
130
181
188
332
147
175
247
195
256
243
271
184
273
207
364
482
501
267
278
200
213
172
201
212
211
230
157
141
198
260
176
159
248
193
253
228
282
214
229
195
179
154
289
154
328
285
386
285
349
239
279
213
381
198
290
323
208
266
297
152
283
250
330
230
204
217
312
261
155
199
182
251
214
265
175
295
214
192
205
202
306
219
318
310
152
215
153
204
185
181
161
198
127
196
104
264
256
209
171
258
239
246
364
304
245
239
207
249
173
155
202
182
136
503
245
251
401
154
259
245
182
172
334
265
158
215
236
210
265
292
275
210
185
284
366
249
113
296
260
179
351
447
463
199
292
247
416
193
199
270
349
274
255
379
378
132
206
220
212
201
178
261
233
150
205
259
205
235
166
215
363
253
200
258
237
172
127
148
130
353
194
444
196
191
106
365
246
368
338
298
217
177
209
197
332
221
175
245
341
242
142
203
165
247
202
70
126
170
184
253
435
252
191
170
206
261
137
305
231
177
212
240
182
269
190
213
295
178
241
135
95
207
140
232
247
86
224
180
160
389
189
178
153
190
202
199
178
127
241
141
245
205
180
181
262
282
156
183
310
299
198
171
368
182
170
181
228
223
221
222
208
295
296
250
175
185
237
137
218
168
215
240
157
264
204
282
238
364
252
176
33
282
200
334
233
140
375
215
169
159
182
195
554
180
144
258
158
194
179
216
232
299
214
129
246
231
361
316
344
201
29
29
246
202
178
188
213
242
81
181
186
142
128
233
300
164
152
194
186
119
211
249
272
119
261
168
216
242
218
219
225
217
150
229
122
157
213
146
235
219
209
150
220
430
166
108
136
425
252
228
233
80
188
224
173
213
174
255
215
259
200
393
256
147
275
175
106
205
232
163
180
127
190
302
153
104
202
139
162
117
148
86
158
324
180
347
263
193
193
161
142
122
171
132
212
35
245
232
88
310
249
101
139
424
133
101
179
179
205
171
171
204
83
115
101
189
116
182
185
264
122
156
108
115
176
133
61
113
56
169
242
134
189
304
136
186
148
178
171
169
78
197
178
171
64
154
130
219
267
139
105
232
129
169
76
84
181
133
174
171
205
109
112
138
133
90
172
143
145
47
206
51
60
126
163
92
151
184
188
139
181
141
169
120
105
92
80
105
120
99
132
76
160
121
131
97
120
113
126
101
189
189
129
89
63
148
91
89
186
80
190
173
74
132
146
69
95
75
190
117
47
90
121
114
69
146
96
93
125
185
110
109
136
51
73
100
86
37
58
75
97
61
71
74
82
65
66
260
311
