1426
1690
1616
1505
1395
1114
1699
1514
161
1550
1479
1406
1319
1277
1291
1275
1224
1241
1189
1444
1246
1260
1178
1290
1107
1088
1196
1347
1424
1444
1547
1609
1859
1842
2072
2282
2408
1968
2095
1862
2164
2245
2064
2108
2176
1895
1756
1940
1784
1836
2187
2651
2497
2518
2146
2337
-1
2309
2496
2469
2432
2338
2101
2126
2077
2145
2028
2156
2276
2329
1956
1749
1973
1874
1538
1258
1978
2049
1520
1614
1718
1992
1982
1908
1970
1764
1937
1670
1911
1658
1940
1836
1858
1629
1545
1353
1470
1624
1752
1479
1554
2278
1441
1645
1686
1978
1988
1984
2001
1956
1569
1765
1798
1660
1714
1776
1686
1554
1749
1732
1769
1571
1261
2014
1069
2027
1071
1634
1865
1524
1625
1663
1568
1626
1186
1464
1635
1687
1308
1440
1895
1934
1418
1638
1347
1523
1118
1679
1737
1898
1369
1460
1553
1525
1216
1608
1991
1631
1679
1715
1792
1934
1911
1434
1372
1641
1663
1597
1603
1410
1381
1433
1149
1311
1068
1318
1088
1073
1495
1169
939
1627
1598
1650
1338
1169
873
1082
870
820
820
936
798
891
1096
1048
1551
1556
938
1130
1387
1478
1422
1437
1166
1318
1674
1758
1664
1767
1674
1641
1320
1282
827
1730
1119
1564
1510
1538
1317
1708
2025
1868
2032
1957
1849
1643
1748
1870
1069
1503
1399
1490
1771
1621
1664
1701
1955
1848
1500
1711
1437
1409
1211
1648
1472
1120
1001
958
797
679
777
993
1080
1264
1059
1719
1503
681
859
699
1124
1528
1235
1593
606
1727
1436
1809
1770
1162
1451
1134
1549
1386
1357
1197
1166
1471
1740
1875
1591
1603
1434
1822
1228
1526
1081
1292
1483
1500
1074
1265
1576
1592
1282
976
1460
1829
1463
1448
1354
1399
1021
1425
1450
1011
944
1007
837
754
781
917
1441
930
1560
1308
1488
1112
1329
1535
1462
1453
1853
1496
1227
1457
1110
1282
1439
1652
1404
1427
1136
1802
1749
1657
1686
725
1987
1389
1412
1448
1229
1659
901
1637
1175
1032
1348
1386
1431
1405
1274
1725
1669
1132
1470
1411
1136
1129
1350
1362
1341
1407
1390
1593
1204
1254
1802
1483
1238
1135
1478
1166
1331
1412
1713
1671
1359
1185
1118
1273
1634
568
1223
1120
1562
1573
1476
1480
1405
1150
1068
1344
1239
831
826
1005
1318
489
1304
1030
1093
1185
1195
1342
1524
1093
1415
1434
1446
1372
687
1511
1208
1292
1447
1034
1336
1204
1376
1398
1661
838
1130
1056
1235
1722
1339
1507
1057
905
843
979
1275
1025
1131
1102
1316
1445
1452
1389
924
999
1032
858
1424
1415
1036
820
1382
868
1033
996
804
1810
1502
1241
1451
1356
1328
756
1213
1165
1703
736
722
1141
1108
905
834
1118
1162
1242
1199
1121
1309
1121
1354
1323
1324
1003
984
1125
1343
1193
1031
1428
1542
1613
947
1075
1131
919
1022
1258
1235
1278
1131
1107
1294
1446
1415
1020
1156
1076
1565
1194
1468
1075
1228
791
454
589
1228
1156
1485
1071
1031
1343
1156
1032
1625
1182
1223
1220
1177
1344
1432
1154
1452
1339
1221
1342
1379
817
1278
1205
881
1100
975
1130
1179
1301
1106
1200
971
1214
1206
1051
1125
1083
936
1071
902
1073
1154
1137
1328
1194
708
1308
1261
1571
1437
1160
1059
991
962
1135
1413
1184
1116
964
802
928
986
971
955
903
1191
968
857
1678
1257
1115
671
975
850
1033
1027
932
1020
1510
1367
1142
951
1179
905
942
723
682
919
700
883
805
733
1115
1333
960
1460
1017
1033
924
949
916
903
1041
1120
1263
1002
1208
1356
1254
985
858
936
1272
905
1051
1160
1503
1347
1134
1284
1000
1275
915
1200
818
1166
962
1348
933
983
967
754
1011
1314
1144
954
951
991
1361
891
815
974
454
1273
602
729
677
873
1013
935
1120
998
985
821
883
819
861
739
539
1130
1333
1313
1277
1318
1251
1249
1097
1080
1133
945
864
868
915
1051
1143
1144
938
803
975
880
787
801
1039
1028
774
888
965
872
1259
1008
1377
863
779
1077
804
989
872
860
921
911
938
844
843
806
815
955
933
1082
940
1191
1423
954
1340
651
862
814
933
1081
770
969
832
596
900
899
935
926
1184
1226
1106
1458
703
863
871
647
783
830
901
723
839
963
971
786
865
934
772
837
697
1184
868
823
966
908
751
1037
507
1027
981
622
722
715
804
839
821
659
896
850
753
1148
790
1370
960
777
1090
878
931
848
836
1064
961
1008
735
922
746
901
870
877
710
863
968
834
732
1166
861
403
919
865
814
592
595
946
828
731
505
949
1106
811
936
943
961
925
827
903
704
818
1090
1248
862
1133
1188
871
925
846
873
1108
840
715
699
664
674
773
856
668
986
853
812
963
942
766
734
788
916
787
897
909
740
757
780
759
764
747
1101
695
611
741
681
468
631
557
882
998
757
789
1137
917
775
909
918
848
893
403
1100
411
691
657
933
686
1120
772
712
716
688
795
893
725
586
760
758
716
734
885
683
899
740
682
1063
883
997
682
651
1046
704
1076
628
713
1045
676
953
1042
612
1274
825
748
1109
791
747
574
783
785
1007
763
627
584
839
652
603
621
1342
775
710
770
1344
879
723
782
785
736
591
678
561
761
953
583
780
859
1014
834
676
686
775
1134
1084
1069
1307
740
1174
656
675
1051
671
858
724
960
819
800
910
698
1094
842
684
637
617
736
849
611
606
511
821
879
563
592
584
848
699
1018
782
1335
742
720
655
864
1091
1249
896
732
567
559
592
724
936
702
575
852
548
832
825
549
870
636
787
746
602
860
653
954
627
692
1136
843
741
849
329
827
762
701
727
637
657
909
674
721
509
890
677
550
874
773
719
624
1171
681
627
924
673
847
979
655
871
783
794
479
822
589
1090
585
757
787
774
670
422
573
751
608
822
1269
816
687
822
612
562
565
605
570
840
686
613
846
816
794
766
706
566
860
586
474
424
745
825
633
685
664
657
589
1363
629
555
431
705
709
883
572
624
607
473
581
559
617
626
628
646
907
564
430
854
530
843
586
513
969
618
634
830
629
540
484
553
583
439
611
661
661
810
538
537
368
689
655
632
634
711
335
347
291
601
444
726
600
674
587
307
729
810
500
1030
981
714
608
708
680
727
699
656
462
705
795
1011
540
588
495
468
590
508
905
538
634
686
454
346
671
604
654
701
745
612
365
491
403
747
643
529
539
749
637
635
336
497
798
737
632
764
998
969
841
711
860
623
410
536
466
457
651
396
669
519
391
459
478
512
435
699
579
545
495
631
429
598
753
486
579
696
948
654
569
485
448
599
757
454
443
731
828
607
607
513
323
533
772
464
454
468
437
486
521
587
568
543
531
526
905
442
309
180
997
601
480
825
423
476
691
613
371
521
483
514
580
891
557
586
657
430
482
538
452
476
439
562
708
489
936
497
753
590
660
419
447
506
406
518
424
388
745
652
725
472
446
708
633
504
565
430
655
514
631
529
551
443
839
418
441
407
465
783
660
736
542
385
381
628
358
672
494
451
620
594
900
561
518
1112
434
437
437
480
461
429
412
407
438
377
933
453
657
531
499
607
610
931
368
491
667
763
624
497
620
557
600
439
678
614
825
559
712
503
881
401
429
533
445
463
407
425
463
318
336
364
440
878
398
439
491
467
477
582
408
656
343
327
451
463
337
457
373
531
414
432
435
429
607
508
908
770
471
428
483
526
292
481
444
637
761
637
701
360
649
728
475
736
732
481
543
793
215
514
434
874
394
464
448
567
466
434
339
414
397
546
476
397
373
416
613
333
297
499
536
657
700
583
389
425
390
325
314
620
596
332
364
399
357
570
595
721
648
1017
432
925
538
544
372
997
373
543
508
433
555
462
525
270
562
479
604
294
555
428
543
377
600
480
402
420
334
635
309
626
563
367
603
235
693
422
368
454
469
404
380
179
659
685
442
668
880
308
690
531
630
728
445
515
623
336
303
526
396
337
399
454
407
497
524
395
479
416
361
729
776
456
390
502
423
1066
602
428
423
357
715
343
459
279
818
456
398
401
396
464
338
696
466
856
350
464
387
348
403
453
585
300
279
560
297
479
431
371
474
454
296
798
622
394
528
292
394
363
454
376
645
336
329
270
300
282
504
698
446
523
617
460
404
587
328
244
340
410
330
262
280
368
423
334
268
518
444
253
398
319
456
453
230
410
548
354
436
384
552
569
370
334
724
382
573
492
371
420
269
452
509
335
356
376
376
743
588
186
513
472
378
304
588
548
359
272
292
335
478
297
373
387
780
416
252
449
249
809
424
472
453
652
423
515
332
357
390
376
326
345
395
409
354
498
484
345
395
404
347
531
504
384
510
526
325
436
398
623
573
306
474
429
282
508
296
633
382
186
636
370
509
492
287
704
371
354
276
366
448
535
379
332
499
318
321
322
414
287
284
478
274
476
651
320
278
357
373
118
139
857
686
447
390
397
533
285
347
468
279
267
919
339
291
246
489
344
309
405
483
366
284
337
292
355
602
285
469
662
454
347
416
248
327
474
256
447
266
513
312
406
445
647
316
236
419
568
418
488
201
402
729
460
438
340
431
392
603
467
328
453
344
365
636
216
416
741
459
313
338
383
321
315
235
445
293
344
249
239
177
362
278
657
307
624
352
356
308
293
244
364
245
444
130
603
375
297
323
212
247
286
338
252
410
260
221
733
400
343
508
257
267
246
505
346
156
276
653
270
210
252
215
420
253
230
228
310
378
280
241
431
258
278
446
326
210
360
476
163
546
535
418
127
241
277
471
463
265
316
248
269
275
153
205
244
257
346
348
533
398
261
287
257
172
218
316
293
265
400
126
170
272
223
176
292
423
298
297
329
374
376
298
231
226
325
239
247
221
250
193
479
250
349
188
229
238
284
212
311
307
303
132
104
322
221
222
389
155
313
307
148
242
97
145
195
104
142
276
192
164
183
203
103
318
166
181
176
237
198
128
149
93
144
139
190
79
88
148
235
199
118
118
186
99
139
1089
302
