448
548
544
543
537
460
580
536
71
574
494
437
404
342
408
429
443
505
446
561
393
488
379
410
358
322
449
489
581
562
630
539
553
590
650
663
825
659
726
631
643
680
643
765
735
635
607
697
497
732
783
718
707
697
672
683
680
725
624
667
695
714
648
616
662
688
692
679
634
632
661
690
699
698
486
372
697
769
480
618
397
633
603
464
671
700
493
407
643
516
706
679
622
649
647
555
368
595
701
364
418
582
602
675
639
543
534
555
550
500
419
454
434
417
452
476
460
378
478
499
498
403
416
641
345
647
308
430
510
384
627
427
418
449
256
456
508
564
402
305
565
573
359
558
364
453
226
490
567
712
560
644
579
513
485
648
682
497
550
571
671
515
526
481
604
741
646
454
435
380
355
376
219
291
264
355
272
280
409
280
177
509
401
662
555
251
243
308
217
176
197
249
206
230
246
272
445
445
239
466
547
429
556
559
495
356
532
555
599
547
621
634
423
520
257
677
466
614
689
598
354
665
617
561
671
651
514
734
574
654
385
543
487
542
578
719
641
557
728
671
657
666
524
374
360
671
475
431
338
220
264
203
205
308
259
356
433
532
424
107
241
199
280
652
299
472
131
491
537
639
723
339
404
308
664
551
570
567
564
622
731
752
704
752
723
585
484
500
527
375
548
534
304
503
597
468
568
342
662
596
674
405
407
418
321
408
673
357
325
345
314
247
291
334
634
244
688
543
542
433
571
738
611
636
656
612
454
409
447
511
539
642
624
536
258
500
713
722
617
169
577
603
738
613
581
541
290
476
350
376
504
445
694
589
513
456
683
443
501
556
562
514
508
558
643
436
627
606
521
535
610
760
342
388
633
586
649
551
551
644
637
560
408
455
579
144
595
571
647
724
444
442
425
356
320
430
514
355
356
315
688
84
579
459
465
576
581
522
684
367
556
672
469
720
233
590
578
669
467
335
631
518
666
476
541
317
593
466
630
512
649
505
287
244
224
277
359
235
373
322
465
620
608
606
264
304
278
247
448
534
289
316
557
328
311
410
375
703
505
358
508
545
518
192
539
551
552
137
196
453
431
267
320
379
339
355
351
377
396
340
382
476
433
340
381
482
366
563
421
668
663
629
283
525
487
398
466
633
627
610
582
583
634
558
560
415
346
483
509
457
641
609
655
123
87
236
607
354
721
409
494
622
438
471
669
641
400
592
545
755
640
653
423
668
593
575
512
158
626
445
386
610
566
635
538
522
347
398
475
610
587
386
371
378
317
390
328
353
445
385
614
621
165
438
567
541
566
506
393
336
359
430
592
536
399
308
254
528
366
545
563
540
582
502
344
518
575
393
127
554
300
338
309
348
338
519
475
557
550
543
267
271
157
186
286
221
293
191
400
541
470
353
413
568
474
607
630
616
436
494
390
410
387
369
643
660
387
473
596
492
408
300
416
606
679
432
712
585
742
292
599
410
672
603
511
321
357
583
204
342
447
476
650
599
360
514
281
261
312
87
460
108
232
288
243
506
351
367
353
303
250
249
354
386
386
151
542
641
620
603
629
578
602
622
582
431
362
346
283
550
566
494
718
325
376
389
308
394
281
614
627
345
397
343
326
583
458
687
352
313
394
412
662
448
518
587
575
601
501
245
295
381
493
346
445
367
441
719
601
696
158
285
331
370
474
332
317
272
174
493
339
335
342
618
558
369
471
184
399
360
186
297
370
426
318
404
397
421
300
342
554
353
269
251
430
477
338
455
426
293
374
146
438
474
181
181
281
417
358
525
280
438
525
316
559
400
568
517
332
630
544
406
494
526
448
486
635
373
466
283
440
289
325
400
390
548
357
303
514
539
264
423
460
343
422
214
480
245
329
178
536
484
428
326
510
568
472
391
504
461
322
566
570
501
585
641
562
542
500
347
490
527
458
305
289
224
287
416
223
413
480
427
450
572
513
505
484
546
482
562
529
452
339
546
290
443
545
590
287
303
328
276
280
308
307
509
613
363
358
363
220
426
467
324
535
542
151
595
101
321
293
585
366
598
459
474
436
285
323
544
327
309
510
328
431
436
451
330
480
338
299
446
403
624
306
298
651
391
327
412
236
374
269
424
577
343
600
551
269
327
508
486
221
488
496
559
456
418
436
333
470
174
405
546
217
383
559
615
535
456
484
471
422
277
356
385
425
376
238
411
225
554
491
477
564
525
574
531
527
586
507
608
430
359
440
282
618
476
535
497
492
468
490
599
383
489
439
447
502
551
441
280
287
483
280
384
412
477
351
454
546
477
585
439
379
450
412
494
502
644
471
203
333
354
381
446
363
385
509
334
316
541
421
203
414
285
544
316
392
459
575
438
271
507
431
494
567
231
535
399
296
442
254
445
377
364
479
388
495
414
344
480
287
315
487
568
320
226
450
457
504
556
440
519
406
543
269
370
424
569
279
463
490
151
398
101
166
496
429
536
636
305
492
487
454
375
332
400
480
464
360
472
500
484
382
410
363
319
379
500
258
264
468
287
329
488
183
452
393
556
293
183
85
421
506
247
328
235
454
292
302
396
425
396
401
275
465
369
282
443
315
389
425
362
558
354
370
301
447
392
248
335
303
313
322
472
341
487
390
316
231
422
261
472
436
393
68
76
67
233
241
512
448
365
404
215
538
537
459
498
350
403
389
995
-1
879
810
786
548
518
469
592
404
209
388
330
396
357
546
129
308
246
281
211
473
455
446
229
514
417
326
230
278
497
345
378
380
372
277
278
257
230
445
293
385
466
501
485
367
481
356
427
296
341
339
241
422
294
454
358
266
331
348
339
281
367
426
297
280
354
292
444
525
386
429
326
498
343
339
325
315
320
465
324
332
358
449
445
304
423
187
342
483
249
299
279
262
265
387
424
422
443
429
354
471
205
205
133
342
470
283
321
244
231
359
372
246
329
380
318
416
326
386
354
347
214
255
278
226
218
219
431
372
323
516
227
438
398
400
292
343
264
201
331
300
273
215
415
265
297
268
467
552
206
409
220
345
343
265
274
385
348
462
204
198
196
218
356
417
362
424
219
207
401
262
536
365
342
437
421
471
365
343
458
260
284
267
206
209
333
293
240
297
265
428
356
399
397
388
351
242
600
248
267
495
522
413
396
389
361
335
265
410
394
480
445
430
284
256
241
286
277
300
319
304
305
239
201
195
188
295
419
243
258
291
253
359
226
316
401
199
189
355
338
288
261
279
422
349
337
283
344
358
365
354
407
261
303
260
412
238
266
302
422
532
321
372
219
420
236
373
473
332
323
360
485
97
382
308
536
221
241
285
425
349
276
264
289
258
251
232
182
214
374
458
261
230
339
356
389
498
252
291
334
307
240
238
453
307
177
238
245
223
379
413
494
317
562
289
392
277
317
238
512
284
439
157
248
397
361
284
185
384
233
357
230
381
262
392
267
337
336
301
288
241
369
175
417
410
281
268
123
373
256
238
331
493
296
239
141
429
453
316
316
574
199
418
308
408
511
310
275
446
259
247
313
291
240
219
266
314
234
255
207
337
334
257
349
447
325
279
350
343
374
302
300
262
205
470
197
355
195
624
288
269
229
238
250
215
440
331
420
229
327
288
199
260
263
251
177
206
406
232
368
268
321
326
243
229
345
390
351
336
202
261
205
273
263
305
211
251
176
245
193
277
335
248
375
292
131
227
391
188
166
215
413
287
158
163
200
206
265
159
387
283
162
284
212
259
282
72
276
351
247
254
191
376
255
325
208
485
241
389
321
219
307
165
250
362
250
241
191
306
436
257
119
350
306
208
173
197
356
318
247
189
265
370
218
294
250
335
299
177
295
210
417
277
278
273
511
236
222
304
211
226
249
195
185
278
224
223
339
328
200
206
271
162
377
425
343
280
336
264
326
303
345
421
262
271
318
187
344
150
347
221
73
423
228
269
338
248
442
264
272
243
310
282
296
246
243
365
237
200
235
231
177
225
208
179
243
507
226
159
191
293
27
31
420
234
301
385
235
349
147
191
270
200
172
508
172
186
189
318
281
232
314
402
205
223
161
207
247
320
201
260
474
302
257
380
185
233
355
204
331
201
357
183
257
273
293
195
192
218
314
293
325
165
273
250
333
309
242
228
222
341
343
203
294
248
243
221
148
261
344
299
141
209
223
195
273
191
316
164
199
188
169
129
293
171
276
177
441
207
207
165
158
195
238
204
266
118
345
182
135
154
117
165
206
190
234
212
178
149
328
238
222
260
184
204
189
205
96
92
130
462
200
173
193
193
269
196
132
186
120
324
158
180
261
156
246
185
246
126
232
253
109
316
261
349
107
168
157
326
237
182
164
135
162
174
87
160
127
190
251
252
299
200
173
246
177
148
129
208
186
99
268
41
108
158
139
123
200
276
178
205
204
284
252
236
156
160
155
181
183
171
185
140
317
182
210
158
178
139
200
160
183
183
219
96
92
263
138
138
257
126
110
173
108
179
70
112
147
73
78
190
99
135
154
139
65
226
132
119
115
124
139
65
113
70
105
108
117
65
71
122
190
61
97
97
156
70
103
425
156
