756
862
797
764
711
605
831
782
157
817
654
735
646
623
786
653
700
618
653
760
748
703
715
574
599
554
715
665
769
677
808
683
720
709
750
762
788
709
703
713
723
682
712
682
661
799
795
804
602
763
718
649
623
689
603
673
631
685
676
586
679
646
593
503
559
578
631
597
643
618
698
779
693
758
573
570
557
633
571
651
152
570
512
548
456
439
521
454
541
749
639
696
666
678
766
533
258
684
633
227
440
523
801
778
626
449
474
446
455
517
482
459
501
400
413
423
413
476
472
365
334
347
531
613
529
625
312
369
684
414
751
374
385
420
256
379
455
451
686
299
636
513
104
437
383
397
11
363
640
613
655
720
597
419
658
610
549
458
425
652
585
498
502
599
681
694
648
266
267
328
292
296
74
49
254
219
291
294
256
289
51
409
551
622
578
349
216
224
218
54
193
206
206
248
357
279
538
533
0
652
568
341
631
646
684
367
450
575
377
505
613
568
467
665
238
662
606
583
640
521
262
617
509
510
546
595
459
602
332
482
549
516
630
554
518
587
616
398
579
633
637
423
422
467
521
538
404
446
358
300
334
182
196
356
11
43
662
480
371
4
242
245
247
616
490
329
161
483
302
479
612
226
181
349
515
533
523
452
445
603
523
588
551
552
483
450
629
372
431
538
583
671
331
488
681
497
620
590
617
488
648
347
319
342
315
329
697
733
546
686
718
573
665
854
652
110
482
497
660
589
633
666
699
515
546
551
411
481
514
362
497
675
618
446
36
260
462
486
409
0
526
472
650
611
545
467
425
551
538
493
467
561
567
597
526
607
499
531
457
521
633
768
521
579
621
450
384
569
463
457
464
480
318
321
371
590
575
668
508
539
508
480
481
470
519
246
556
649
553
555
565
540
351
339
357
323
512
141
141
436
490
106
478
348
362
508
486
228
563
10
521
641
532
564
695
513
640
625
483
204
520
605
572
483
531
611
428
162
432
467
499
338
287
276
156
235
356
7
439
357
334
456
441
402
243
245
229
224
470
489
292
304
560
444
267
694
469
460
486
518
564
521
624
0
266
529
444
106
204
512
416
182
306
317
353
352
325
282
398
351
402
437
440
456
312
395
493
418
675
473
559
467
290
578
383
392
626
617
637
545
533
579
517
468
490
490
343
542
355
291
528
449
511
33
0
420
621
327
438
575
401
525
593
231
562
472
254
618
419
483
439
582
415
499
423
456
422
0
427
436
340
486
399
467
461
390
375
363
391
408
399
356
386
356
388
273
296
332
395
381
424
396
88
365
481
423
404
349
409
337
306
336
553
483
384
211
105
429
280
429
391
391
380
451
360
402
545
263
0
332
537
295
269
315
324
359
383
556
480
400
284
344
151
146
332
114
294
85
387
312
296
346
95
465
261
279
385
364
373
310
417
418
345
19
359
346
270
460
307
483
386
321
361
417
373
361
425
400
430
309
352
343
440
326
326
303
346
257
338
24
391
317
459
407
274
437
223
181
295
53
225
106
235
373
0
410
335
246
216
344
281
260
252
321
291
131
335
458
431
407
417
419
398
463
499
414
283
228
273
360
379
371
380
322
314
354
284
299
279
356
337
240
267
316
272
342
340
579
247
216
86
287
294
415
384
450
425
459
466
327
308
234
326
380
469
270
347
499
502
437
246
314
298
420
379
366
237
373
169
293
255
311
289
345
349
301
542
0
383
407
301
212
274
279
205
290
302
327
321
309
237
367
193
509
358
313
376
503
479
216
297
145
404
324
241
205
283
268
225
376
478
350
334
246
308
221
495
326
226
310
292
588
228
251
389
310
322
273
153
593
152
212
320
208
297
309
257
70
379
329
378
380
351
245
243
0
485
154
293
435
427
516
282
254
310
347
321
306
245
339
279
348
481
295
430
440
254
432
237
285
281
331
301
250
255
139
280
262
185
444
540
512
566
447
290
292
347
336
332
372
283
270
826
353
207
249
400
473
157
213
213
206
150
207
155
319
276
282
271
279
0
274
441
558
429
347
28
396
100
0
202
430
213
532
264
319
346
340
239
424
251
153
259
279
351
341
340
195
286
227
260
373
326
357
252
236
306
376
202
246
379
330
282
318
396
238
391
378
261
274
292
273
289
236
224
235
332
252
256
266
324
218
186
235
0
282
288
481
321
265
274
280
244
195
249
257
259
314
322
332
245
319
284
187
296
254
331
346
332
368
300
658
341
236
260
155
280
301
272
256
283
254
254
422
349
285
227
252
232
308
156
217
229
218
370
237
255
259
275
180
348
396
392
82
337
272
249
325
438
288
355
279
257
273
271
427
317
295
176
184
302
347
227
51
221
280
361
53
541
221
318
225
229
378
249
360
260
119
243
455
254
250
202
250
305
175
230
205
212
268
201
410
259
207
224
365
433
235
251
239
312
284
214
341
121
366
183
396
157
437
192
219
237
135
254
1
201
278
165
278
364
228
260
282
188
178
160
196
204
248
197
231
344
317
248
292
250
189
283
274
113
106
194
295
266
187
154
209
171
397
218
262
14
253
314
143
183
202
162
115
142
141
229
216
217
306
246
159
162
296
184
272
222
189
388
254
214
219
250
195
346
208
190
177
24
160
68
207
243
186
111
213
219
224
184
287
80
155
177
339
105
283
252
75
223
105
327
376
226
382
265
246
227
286
265
291
273
259
255
332
292
356
233
263
182
175
210
193
265
0
265
311
161
106
259
327
343
417
261
188
82
164
116
189
261
202
196
342
201
200
161
150
307
235
358
242
268
234
257
298
448
183
104
178
182
119
233
131
311
152
112
135
157
168
108
227
222
281
203
207
163
253
400
186
199
219
259
234
158
158
149
189
205
183
186
187
361
268
308
233
93
180
323
132
173
160
163
128
224
207
298
246
222
167
360
225
117
52
198
180
156
316
101
114
375
283
150
186
256
143
247
300
190
246
191
150
178
179
144
170
144
221
222
186
523
178
263
188
220
171
171
54
165
236
152
157
9
235
266
227
172
282
221
115
158
16
209
160
-1
153
173
196
356
161
162
149
163
295
287
204
235
58
110
256
101
211
106
121
259
264
241
239
212
426
157
157
143
148
132
196
257
128
185
126
330
188
262
205
212
70
219
389
86
186
219
223
218
183
200
208
81
142
272
159
316
216
264
154
296
87
150
156
146
125
128
102
180
127
126
147
121
297
77
109
125
202
217
296
125
197
108
96
215
214
153
154
117
159
140
120
113
197
310
206
52
287
264
130
87
236
151
156
151
124
226
429
286
103
176
150
209
353
450
223
196
259
2
152
161
248
97
128
142
240
129
148
114
125
141
170
175
107
94
170
260
156
101
203
238
183
287
256
140
144
165
134
129
254
196
87
119
152
111
153
152
211
293
288
155
263
265
197
110
301
164
213
12
111
260
227
44
49
181
69
221
155
190
212
187
159
113
240
146
142
86
55
95
219
222
186
2
17
322
185
109
256
217
251
142
56
287
275
178
169
270
99
335
183
241
295
156
193
208
124
161
175
141
148
101
73
139
187
190
120
175
188
168
238
366
122
135
156
164
33
181
147
118
90
253
128
208
88
294
137
118
148
138
174
114
218
138
223
91
136
97
96
69
113
154
142
0
193
71
190
129
159
178
189
176
367
258
140
162
86
157
118
156
157
93
108
95
143
178
149
167
278
176
195
265
212
123
238
89
73
112
172
101
83
63
128
201
113
64
105
178
94
129
75
140
174
118
211
210
112
110
147
188
274
109
98
277
155
228
148
111
141
89
158
235
124
121
109
166
253
567
0
171
225
95
94
432
313
127
109
99
136
187
128
181
116
230
182
113
139
60
292
141
113
179
263
114
194
137
115
149
143
124
110
116
136
121
165
191
122
107
113
153
225
228
160
241
151
139
168
190
202
235
125
132
111
96
160
107
228
165
244
221
131
138
149
85
127
147
237
101
171
138
170
133
142
130
91
72
110
28
96
105
154
86
48
288
94
102
95
82
0
8
334
9
49
248
86
221
45
131
127
81
67
253
116
106
69
151
132
115
107
92
95
98
78
96
115
179
77
10
291
145
153
169
81
147
161
134
136
99
209
15
186
98
203
180
80
105
149
114
200
144
154
17
193
154
132
198
138
190
105
117
110
168
108
169
88
132
168
274
55
160
115
98
149
115
109
48
89
89
0
36
134
82
148
93
179
166
167
108
153
81
111
95
103
154
171
118
6
65
58
70
176
118
99
173
79
66
116
131
103
188
130
115
137
132
89
48
62
280
86
79
107
96
187
116
157
63
264
160
102
85
218
81
116
184
152
69
65
207
38
147
101
193
31
69
34
201
139
87
113
66
9
74
66
92
89
95
62
62
169
141
112
125
41
81
53
116
101
294
94
6
59
84
62
72
106
168
98
128
101
208
135
155
93
146
181
78
87
69
87
90
135
84
129
72
93
55
104
64
96
98
143
41
25
106
86
86
146
30
56
80
44
91
38
51
71
8
34
77
185
45
60
79
24
116
82
40
31
70
76
30
64
21
45
35
26
36
24
56
65
30
30
31
57
33
4
522
99
