854
934
916
868
834
732
1005
897
113
920
832
867
804
755
714
809
804
832
776
963
747
864
696
827
664
679
850
820
958
978
967
918
979
1140
1112
1191
1270
1079
1202
1071
1091
1093
1134
1198
1181
1127
1031
1185
899
1298
1355
1093
1041
1006
1014
935
968
986
902
930
1011
1098
1048
921
981
951
1150
1042
953
957
1238
1210
1094
1270
964
754
1140
1095
915
964
718
892
851
649
976
937
850
668
885
862
1253
986
990
1076
1004
948
662
977
1056
639
656
836
1029
1211
998
815
750
804
795
749
614
694
764
671
649
690
732
628
690
721
708
714
740
1014
710
966
541
672
714
626
1073
613
613
636
470
693
782
839
470
500
831
796
634
822
630
665
470
696
999
1068
991
1158
1073
794
800
1117
1072
749
739
1027
1280
833
821
770
925
1033
1055
693
691
623
592
628
464
521
405
570
424
430
661
444
408
660
594
1092
1091
546
397
547
325
369
324
416
320
354
428
465
776
780
530
790
968
642
934
943
840
554
710
882
863
841
1035
947
858
975
374
1010
735
1143
1232
1094
585
1015
867
900
945
938
764
1216
856
890
665
1039
908
965
1014
1016
1029
789
1094
1028
1134
887
729
570
420
1077
689
843
478
342
513
332
287
467
578
767
746
747
607
248
363
261
488
1057
443
715
206
791
909
1069
1110
520
657
532
1006
1034
1028
1077
1034
1014
857
1043
946
1077
1042
869
762
692
969
472
887
843
527
703
1057
635
949
653
1415
907
939
585
586
594
446
568
1221
550
549
582
437
450
400
460
1063
642
978
987
923
742
957
1160
1072
901
960
1039
817
600
884
713
834
905
979
776
505
830
897
940
848
451
815
893
999
949
1215
797
586
730
588
682
951
717
927
1033
1028
603
753
864
805
1013
955
876
897
941
971
583
805
880
949
930
830
935
519
530
877
1076
1116
832
766
957
863
1012
468
593
896
217
981
861
1022
1042
665
703
678
553
551
691
957
698
692
412
978
183
1031
809
869
1059
935
854
938
684
899
1020
567
1082
326
990
1067
1051
690
569
1183
848
1141
656
749
427
942
749
919
697
1093
717
426
384
392
396
532
409
631
461
709
968
840
822
386
489
454
401
690
847
462
593
893
637
444
661
620
929
786
456
648
633
624
322
800
947
847
274
339
814
525
425
433
556
558
558
558
540
617
523
567
817
647
704
723
771
455
1061
728
890
948
857
439
1041
960
739
750
943
959
978
929
1026
1014
876
866
819
544
778
767
659
992
1129
1047
259
188
391
1064
558
851
718
814
960
728
805
1100
984
554
946
1024
1072
975
1019
605
934
880
942
787
335
977
709
619
960
857
1063
806
661
458
639
888
819
789
625
585
570
491
574
562
554
780
614
871
798
337
663
996
785
774
651
664
536
490
632
908
836
630
520
462
738
591
957
939
964
880
921
594
818
937
663
238
911
527
588
495
578
507
746
622
936
925
728
413
421
304
279
400
380
436
356
552
797
614
535
719
872
834
776
836
795
749
698
635
519
748
665
900
889
720
897
722
547
466
418
684
843
856
674
913
783
988
491
805
656
932
834
726
494
571
805
453
667
650
693
886
866
529
803
412
392
518
202
737
263
381
459
417
854
556
582
586
467
369
404
470
645
587
235
716
867
984
946
927
910
911
970
935
663
504
477
423
839
808
638
870
557
597
618
536
709
407
774
751
731
536
507
503
780
573
1094
489
465
684
634
789
712
888
886
852
878
758
449
477
498
586
533
747
499
853
814
920
871
300
392
405
469
589
376
548
362
264
593
456
558
515
732
695
635
879
346
488
444
215
507
524
536
480
588
685
732
467
682
714
557
403
397
588
600
558
691
651
433
601
217
688
539
284
302
437
591
499
874
434
624
769
499
725
536
894
833
449
753
748
480
618
626
734
579
748
493
649
473
704
472
467
521
519
-1
478
540
676
672
307
513
755
496
657
475
756
400
473
289
977
809
688
530
753
852
659
511
672
659
473
711
942
588
991
886
888
835
723
567
645
794
630
500
439
398
445
516
409
766
850
776
791
853
686
689
707
749
700
749
737
691
463
751
528
504
720
970
507
477
541
488
399
475
435
776
730
533
562
586
448
761
705
340
1027
707
213
933
166
553
442
910
476
1081
637
701
670
340
481
919
524
418
800
466
666
819
716
446
599
464
453
551
547
836
505
489
731
634
541
554
259
646
430
563
970
567
874
775
418
518
739
692
325
646
624
773
787
680
563
499
653
296
460
842
532
599
681
1004
710
552
621
640
529
392
485
638
495
556
264
559
371
727
619
513
707
626
828
781
738
752
704
954
743
509
648
444
665
462
647
562
740
794
674
969
586
619
669
585
611
679
575
400
340
563
382
576
610
589
622
528
684
705
845
679
514
683
605
803
669
612
722
241
475
537
603
859
521
629
668
397
499
809
545
460
666
367
745
574
671
573
606
600
382
655
528
801
818
306
699
538
481
481
360
639
478
489
569
601
609
677
601
714
439
435
598
700
367
333
569
593
735
651
540
703
605
757
354
609
502
1002
489
486
562
298
501
204
253
666
546
657
878
373
606
689
567
439
409
467
490
603
583
539
766
649
452
561
518
459
688
550
408
352
554
492
365
636
241
541
500
802
421
220
200
568
748
485
467
358
547
344
432
578
646
611
613
381
637
434
375
535
432
612
553
513
635
517
484
429
581
514
264
395
396
455
535
533
501
651
622
400
285
492
446
561
479
456
116
156
109
336
329
658
526
490
559
304
706
769
543
706
517
509
414
546
548
539
549
509
383
457
641
694
643
340
429
384
538
611
632
282
476
414
377
282
566
575
615
287
670
521
354
319
295
553
578
519
510
532
464
467
351
336
704
456
647
550
660
638
513
682
636
599
356
436
501
316
627
335
701
502
415
467
477
528
371
522
531
325
296
453
474
633
832
418
517
425
656
436
399
470
477
480
547
475
476
553
601
594
315
520
275
557
642
342
381
412
373
364
494
489
581
548
480
415
531
242
247
162
572
523
345
457
284
406
527
499
300
453
604
451
599
490
478
353
418
275
299
337
320
302
296
588
508
367
850
341
519
519
478
394
396
380
254
339
345
317
425
675
358
277
434
702
627
267
549
373
436
469
309
355
537
458
548
278
282
282
311
539
649
678
553
393
320
652
280
660
433
362
536
573
594
489
463
540
325
422
395
308
308
399
335
321
366
353
698
465
586
542
510
482
366
804
382
372
564
622
509
437
445
471
438
318
620
448
717
490
696
382
391
369
356
396
355
383
514
456
377
268
267
283
362
651
325
343
384
346
430
317
327
608
317
290
498
578
375
319
346
470
360
437
311
470
599
667
603
489
245
447
464
628
382
325
355
499
678
346
472
268
520
480
500
722
361
480
422
666
197
522
418
706
289
326
420
591
390
393
293
410
402
318
292
328
338
388
570
354
294
471
589
533
722
399
374
363
392
321
314
601
400
252
287
290
278
451
495
646
514
790
429
548
304
329
269
608
486
548
339
332
544
506
369
242
463
371
413
242
522
341
506
347
427
336
334
345
316
470
278
635
508
464
554
224
500
339
334
456
443
233
333
162
552
564
507
490
614
246
723
403
625
654
388
368
494
302
355
517
426
356
307
374
370
307
362
312
452
357
296
521
642
457
345
387
392
590
387
388
441
318
525
252
443
247
702
333
410
307
315
355
271
528
409
532
281
401
268
292
348
315
368
205
360
657
279
412
335
366
338
339
341
411
533
366
349
232
337
275
392
377
425
281
329
233
291
235
388
382
344
415
502
298
289
576
281
201
279
390
310
220
245
302
275
342
207
403
457
233
343
294
293
306
95
239
393
266
343
288
432
441
366
312
517
241
527
371
364
406
206
344
367
337
347
302
423
518
381
189
462
325
272
216
207
550
363
268
217
335
387
301
327
369
496
407
239
356
272
473
338
363
426
593
347
389
332
292
316
388
333
280
369
333
324
543
511
248
295
324
216
521
506
426
272
407
333
450
425
463
561
262
360
378
241
392
208
470
359
90
528
287
358
412
266
550
331
366
268
362
372
437
406
326
447
318
256
340
342
220
270
328
223
355
706
258
216
246
342
41
61
619
536
390
322
332
506
282
225
328
281
243
625
249
254
215
340
312
292
325
484
302
291
253
255
289
399
249
420
609
419
347
313
257
339
394
227
372
229
551
338
358
361
434
188
205
300
373
352
477
156
318
458
536
424
267
295
285
434
402
270
372
331
279
479
159
426
464
430
215
226
248
231
264
260
398
293
273
240
257
152
330
216
468
222
429
273
277
232
223
219
258
228
329
103
408
232
219
227
171
191
286
268
248
312
229
186
453
362
245
352
200
219
220
314
169
133
226
607
234
228
197
249
438
228
135
213
149
375
226
249
386
189
259
307
265
186
356
244
134
366
356
459
113
218
195
392
310
210
192
171
284
212
111
185
139
282
293
294
398
295
186
240
217
184
170
238
209
137
330
91
120
179
159
135
245
368
214
281
265
391
304
244
174
171
136
207
212
185
220
178
423
220
263
180
209
173
244
200
257
256
351
129
98
284
171
171
359
142
186
219
142
217
80
121
183
100
109
218
110
141
163
166
90
301
171
140
133
171
175
84
139
83
123
105
158
91
66
126
178
142
113
113
161
81
137
745
212
