920
1112
1146
1098
1077
970
1159
1059
113
1096
1011
929
861
782
812
882
913
1030
933
1178
845
901
712
858
712
715
844
973
1139
1147
1148
1085
1037
1075
1153
1089
1214
1143
1139
1153
1092
1080
1047
1196
1081
1020
944
1152
926
1103
1194
1001
983
1010
1004
897
951
925
867
871
959
909
1002
862
937
863
1092
929
892
917
1124
1152
1085
1231
792
737
978
1111
833
1014
609
882
807
658
865
879
869
656
890
995
1127
1015
1030
1328
1287
1063
589
952
1129
561
617
833
1074
1190
1078
811
757
768
809
736
659
706
712
676
702
676
675
602
710
700
687
671
765
928
646
849
551
649
759
619
1222
617
619
643
475
652
739
772
495
492
861
759
572
754
628
666
474
694
1073
875
1043
1090
833
670
781
1130
990
725
753
968
994
814
812
885
1197
1237
1156
673
650
620
596
607
442
469
421
546
474
452
633
475
375
671
562
888
873
560
387
506
351
353
340
422
348
374
400
439
783
784
597
831
1040
600
1094
1114
914
545
679
789
774
767
938
878
935
872
363
1077
774
1112
1215
1016
590
978
821
762
875
887
717
938
746
891
674
1031
850
824
776
1040
1138
794
1012
989
1089
826
636
527
451
958
668
837
465
329
516
282
289
522
558
631
808
729
580
253
352
282
449
1262
435
670
216
726
664
953
1130
528
572
488
986
758
785
771
780
775
859
939
960
1152
1136
781
977
675
736
484
858
883
495
715
1150
637
1094
573
1073
847
1138
550
561
573
455
554
1177
623
604
668
505
505
502
558
1238
579
903
779
1085
699
1163
1198
1079
904
945
1165
912
634
827
610
705
885
1098
743
420
719
878
896
799
444
792
746
897
1195
938
746
588
723
625
614
843
769
874
1268
842
657
762
910
717
1045
1035
972
957
1194
1213
564
794
761
737
729
855
951
492
521
855
1074
892
812
715
932
833
1095
472
543
772
216
1215
1076
1169
1053
595
614
579
475
471
593
908
713
711
408
995
178
1115
925
958
1036
1048
690
1085
683
880
935
617
1060
368
859
1140
1017
654
486
1006
1004
909
663
757
520
757
584
990
707
1167
693
416
377
362
398
546
364
550
487
579
801
833
790
387
467
434
400
717
897
468
483
1090
721
458
781
712
923
724
507
654
661
613
299
716
929
779
246
352
991
499
386
380
562
551
576
542
500
651
518
581
663
609
581
681
607
488
831
822
797
840
868
469
982
870
663
839
1222
1200
1207
1235
1103
1111
908
920
763
574
1034
701
613
950
953
1164
246
159
406
1168
537
873
793
723
1025
818
951
1072
1088
517
1121
1068
912
822
1072
613
1016
937
777
697
291
794
726
628
883
822
1063
689
717
438
538
692
789
731
621
581
590
521
499
579
546
647
616
843
819
327
590
845
795
654
664
602
507
485
621
1031
924
677
436
351
964
610
773
759
756
705
795
506
718
1133
486
207
687
544
504
451
566
492
738
586
980
1026
754
423
414
298
283
413
366
437
335
441
700
654
574
569
1164
825
665
970
931
623
599
522
563
574
552
864
799
860
822
747
615
507
390
623
771
881
571
919
839
1051
526
777
762
989
828
669
524
587
727
458
455
623
645
1448
-1
528
723
386
347
535
204
613
308
363
451
375
705
593
570
529
434
374
366
434
534
468
255
744
856
925
869
900
882
894
1051
1027
665
488
462
438
892
921
627
925
510
553
544
437
536
426
795
764
670
547
533
551
779
600
1043
461
443
518
599
789
557
776
1210
1170
1196
1047
462
528
479
673
649
786
550
828
810
976
878
275
384
438
472
617
450
487
354
248
571
470
575
542
789
728
613
904
340
470
451
249
428
493
582
476
579
556
866
493
579
689
570
349
451
580
560
549
923
889
454
539
196
816
619
303
305
522
503
439
740
433
750
902
500
730
554
916
632
485
747
641
479
588
620
621
654
738
474
594
493
595
426
447
533
540
866
493
640
677
663
349
538
688
490
713
578
946
391
509
333
873
882
554
498
709
816
620
506
639
933
469
827
785
588
977
884
691
764
572
473
660
834
830
511
462
363
446
561
444
659
871
766
767
1111
830
806
850
738
638
770
728
582
603
1078
407
561
897
823
411
409
468
388
373
392
391
728
741
608
621
553
453
890
902
389
762
800
201
931
154
517
434
969
495
957
721
625
626
378
478
811
546
397
695
473
551
772
878
450
587
454
483
584
526
776
473
519
769
783
560
698
273
702
440
598
1003
584
841
811
411
489
818
809
295
617
603
744
622
545
696
497
830
317
466
743
574
767
759
975
676
563
610
549
565
410
500
612
552
495
297
433
374
739
619
527
647
609
732
677
655
708
620
1101
709
492
575
375
699
532
630
637
597
667
639
1031
554
754
747
716
587
663
506
395
356
612
383
694
763
698
761
555
645
917
849
635
595
764
614
691
730
656
902
272
466
486
623
714
535
627
641
418
537
875
671
393
788
420
784
439
740
532
624
712
382
622
517
996
873
284
594
660
535
549
342
691
498
498
566
459
657
725
501
608
457
410
627
725
357
342
596
656
820
643
579
679
462
757
421
498
504
825
402
533
582
284
538
186
263
653
522
635
797
363
688
567
515
448
406
498
586
618
449
604
811
654
503
613
527
489
786
672
343
334
553
417
412
568
270
521
513
758
417
246
182
518
665
430
435
363
587
385
436
515
796
620
622
445
521
480
390
508
434
491
567
474
668
469
495
454
706
623
268
420
400
547
414
566
453
646
586
441
302
529
455
538
479
455
127
146
116
361
349
708
579
445
653
290
666
769
499
645
500
499
464
607
599
584
576
545
416
473
693
707
580
374
498
427
462
536
662
218
629
498
364
287
667
828
842
297
659
588
355
350
354
578
501
489
479
546
391
388
380
409
754
429
734
558
683
648
555
766
712
573
362
492
411
316
592
386
604
419
337
421
553
667
385
428
496
381
342
475
421
706
895
465
531
446
667
481
443
608
577
500
584
447
426
483
640
700
370
610
292
580
714
357
333
407
409
361
434
504
823
636
623
449
576
231
273
165
558
536
375
454
303
445
547
544
376
402
509
450
621
434
473
441
417
315
306
383
313
346
335
621
505
379
1038
414
591
471
523
409
470
354
277
402
364
354
392
774
356
342
369
688
627
242
510
312
445
538
407
372
494
450
567
292
313
290
327
633
796
814
506
449
360
761
326
579
424
410
685
712
575
527
494
582
351
382
372
318
291
442
331
346
362
350
663
463
607
616
551
459
361
877
332
395
531
605
506
453
480
445
449
346
593
451
789
556
586
390
362
357
384
401
344
379
561
523
388
294
302
303
361
628
335
315
357
384
517
380
362
809
290
274
535
506
324
371
385
468
355
421
352
468
673
627
562
539
288
536
577
604
352
348
365
512
644
347
471
297
507
366
525
770
400
611
431
579
184
479
373
673
309
334
430
648
396
373
310
561
458
327
308
258
292
423
611
408
298
560
509
479
555
425
402
416
447
308
307
722
389
250
325
328
300
464
470
616
657
733
527
584
348
375
301
652
441
570
356
351
531
465
346
227
485
323
419
272
622
398
449
320
422
369
333
350
300
452
292
695
513
407
675
280
516
341
325
427
397
287
342
161
611
621
487
401
606
276
670
531
745
624
418
363
536
309
363
628
469
354
316
374
394
335
336
330
580
436
311
581
680
383
379
420
439
501
382
379
505
339
610
272
507
231
693
392
453
379
368
427
283
534
419
518
294
382
336
349
312
339
351
209
340
613
278
416
344
394
376
362
361
444
620
376
412
244
357
314
402
418
432
269
337
234
295
254
454
401
345
425
460
249
292
745
291
222
286
395
296
246
247
326
251
321
207
461
538
265
363
286
347
339
82
305
398
310
342
328
435
421
332
327
562
262
556
392
355
424
233
356
384
378
371
305
421
542
426
243
386
332
285
239
251
675
367
283
244
405
397
289
337
438
503
460
230
364
364
520
354
308
389
647
382
316
350
326
322
424
385
302
368
293
349
639
634
244
257
298
200
526
555
440
323
432
363
466
459
391
655
274
368
385
276
405
217
451
390
128
575
281
371
401
258
530
336
403
288
399
309
463
434
328
427
393
242
398
336
237
231
313
210
319
566
267
235
259
355
44
64
511
504
368
329
273
668
302
231
358
248
234
590
278
264
220
377
341
329
339
458
337
321
225
264
293
454
235
332
559
538
446
414
284
377
420
265
364
224
577
396
456
359
411
228
216
305
396
345
548
207
339
424
439
467
251
288
298
456
377
277
355
377
275
430
179
421
451
537
212
244
283
285
316
272
405
341
259
216
238
143
341
223
410
254
502
251
256
224
229
234
281
244
340
136
444
286
195
234
188
185
360
268
268
303
223
194
459
453
262
363
193
222
209
301
176
145
250
603
232
209
207
270
569
274
166
196
168
381
246
269
440
203
313
309
297
192
322
314
132
324
332
428
113
214
172
465
363
246
211
200
338
201
118
202
175
289
300
298
424
342
194
282
219
208
171
262
224
178
333
100
134
206
178
143
299
455
250
303
269
436
355
276
209
222
164
228
239
211
255
183
376
249
262
191
229
186
250
175
272
270
351
124
88
324
164
163
412
156
189
232
121
248
77
129
193
90
113
224
143
149
168
207
82
359
201
149
144
185
228
96
168
80
134
102
167
87
75
135
195
158
103
103
170
77
129
807
225
