361
421
447
423
405
375
475
412
59
406
399
389
362
332
338
386
402
424
350
448
339
375
333
341
283
293
337
407
429
476
465
437
437
476
572
548
572
545
595
475
489
528
497
557
552
454
427
496
409
491
612
545
585
518
538
494
536
510
489
542
561
489
549
489
527
552
570
488
514
500
579
513
562
574
386
304
531
577
472
527
395
531
556
358
552
601
401
374
525
394
553
499
522
532
449
450
328
411
527
316
365
409
399
499
499
431
412
419
411
430
311
374
399
362
365
383
339
329
331
393
377
336
314
455
276
448
242
387
397
342
487
405
357
402
239
337
366
384
261
257
428
475
268
380
284
329
215
372
477
470
415
453
419
345
329
521
551
363
380
528
510
450
441
413
448
488
515
369
356
329
312
316
216
235
259
306
250
243
350
250
181
365
313
431
381
246
227
273
200
179
179
214
183
214
204
224
370
370
203
336
472
364
447
457
362
253
396
470
461
450
558
527
396
360
162
477
340
576
552
546
307
474
448
417
488
469
421
482
471
491
292
497
382
414
414
596
504
434
556
559
547
520
433
325
247
563
465
346
225
180
188
145
137
192
242
349
302
380
339
106
182
124
341
519
244
394
97
382
371
528
566
303
362
311
657
361
370
394
389
367
453
494
441
564
557
503
365
366
365
243
518
482
303
435
487
372
442
253
511
530
428
330
339
341
270
344
490
248
255
283
203
194
207
226
509
217
541
403
411
298
423
515
437
532
529
540
434
373
320
323
371
389
467
419
235
404
435
539
516
173
477
397
435
493
452
482
232
415
335
270
424
388
515
478
381
346
399
366
363
503
405
424
438
464
442
296
521
467
377
367
436
514
322
347
540
429
450
469
420
494
507
473
221
375
382
112
491
409
519
576
314
319
338
247
225
318
397
307
308
225
596
93
538
389
382
490
542
329
447
325
452
476
358
487
142
454
434
480
396
270
464
367
429
370
434
230
374
398
528
406
546
385
285
249
237
288
364
247
409
289
332
497
574
574
267
320
276
267
448
448
263
200
499
321
344
294
295
519
429
281
388
402
284
132
520
401
460
173
236
389
349
292
248
420
405
411
402
381
435
373
372
350
373
277
304
306
237
407
327
471
451
528
210
370
375
292
360
473
445
535
547
412
451
492
479
326
367
408
429
440
473
467
572
150
96
141
436
354
438
329
385
500
352
389
526
506
316
505
532
482
537
427
290
463
493
443
355
156
532
359
338
411
373
489
455
450
262
331
335
471
499
350
338
334
265
340
287
320
358
387
556
561
190
376
396
495
345
485
335
316
313
353
436
386
425
199
161
415
390
390
405
401
346
364
296
415
454
289
174
386
223
332
291
397
336
406
382
373
376
486
275
273
224
177
292
227
300
197
210
506
359
404
357
492
483
466
508
502
342
347
244
262
301
322
565
517
335
373
575
332
346
260
384
547
523
358
522
596
581
325
531
370
580
529
419
354
364
569
171
245
354
290
485
492
417
521
264
253
375
101
379
101
277
220
430
455
402
314
291
270
238
227
310
332
316
145
431
442
502
476
488
491
473
469
462
356
395
310
351
514
470
409
469
294
355
339
275
286
334
604
580
281
450
339
384
556
408
495
414
370
315
316
571
324
409
477
459
484
419
291
334
403
479
360
336
365
387
429
408
528
199
255
291
298
400
291
243
190
146
383
371
380
371
554
504
345
425
221
281
302
145
310
325
457
444
376
326
386
280
257
521
298
236
211
366
442
257
402
382
372
303
119
346
437
187
240
339
397
319
392
208
401
513
305
485
438
461
346
386
495
446
226
393
387
344
474
550
375
573
227
361
287
203
494
414
436
424
274
434
503
186
370
374
430
409
209
431
231
347
158
424
349
322
377
567
637
490
411
518
421
337
443
412
431
528
469
394
400
311
242
366
458
433
357
330
237
332
403
298
321
315
293
314
429
485
462
518
544
455
603
636
464
247
442
270
512
387
424
281
265
304
270
299
318
278
541
550
408
414
342
224
363
385
202
399
493
159
462
99
317
353
410
470
445
494
353
353
265
313
424
380
341
432
403
321
323
441
366
470
372
352
330
302
436
303
327
491
321
303
444
141
336
272
392
479
266
524
370
294
311
472
456
211
506
518
412
339
325
433
368
371
190
396
465
244
291
573
462
442
360
412
343
439
381
364
327
438
253
200
251
185
542
519
524
468
481
421
416
385
369
408
439
360
352
331
265
513
393
504
502
367
313
565
549
245
496
577
515
377
513
404
289
250
508
210
367
399
394
340
497
339
436
501
357
357
437
394
339
437
420
342
159
295
301
367
326
322
311
469
380
352
397
403
211
389
280
413
238
291
372
384
437
298
325
271
444
464
260
421
263
349
411
246
587
311
524
404
320
471
401
283
295
343
314
464
452
185
249
443
449
419
545
433
380
241
348
338
248
467
431
244
493
459
146
378
108
164
442
359
367
487
167
503
369
425
495
331
402
479
475
278
469
414
499
370
334
303
324
386
395
302
312
430
196
278
443
164
464
481
428
263
121
49
318
402
205
369
255
438
335
376
421
459
424
426
228
326
375
411
323
367
270
461
431
359
337
361
356
525
476
184
320
267
353
331
515
431
567
332
398
274
416
367
431
556
325
48
60
44
164
367
429
368
264
463
228
365
393
318
381
268
412
372
363
341
331
320
280
238
242
456
387
317
217
459
390
442
371
443
109
379
286
342
281
516
411
414
144
470
586
284
375
450
434
242
263
245
299
281
279
247
285
431
283
286
483
459
444
367
459
339
375
334
-1
311
337
322
284
384
416
352
364
365
340
412
285
414
230
289
469
279
329
366
457
499
292
418
332
442
325
337
357
520
394
333
260
431
351
277
360
281
347
417
401
300
325
314
361
280
409
367
380
386
399
347
135
217
156
263
421
310
228
305
264
314
359
278
323
295
457
359
208
347
317
290
268
308
364
312
328
369
295
325
257
390
297
382
338
403
318
423
253
263
286
293
263
153
349
275
263
261
404
367
129
308
213
347
379
178
306
359
323
319
247
275
258
268
311
403
379
406
269
282
383
408
373
405
410
358
369
473
388
380
290
355
328
325
261
243
416
196
341
234
254
297
243
306
407
394
329
216
428
218
352
424
428
418
346
389
413
410
383
344
422
436
374
322
308
175
281
404
356
330
391
263
304
322
281
283
319
371
370
386
350
276
346
396
219
473
390
239
233
346
322
250
380
290
338
276
310
338
305
315
370
332
384
198
349
326
305
239
311
309
312
389
189
278
364
453
199
291
331
215
345
326
370
190
381
316
453
355
376
350
424
324
306
259
297
335
248
226
216
188
330
390
293
288
360
288
356
343
247
387
444
320
254
249
432
200
245
301
278
331
434
296
458
304
514
333
345
214
273
293
333
265
446
213
324
301
338
321
221
333
209
234
324
401
241
378
294
449
242
262
280
272
366
262
455
411
224
241
225
265
263
213
251
249
182
263
147
345
370
307
256
334
277
352
371
453
321
347
236
368
239
241
267
278
249
310
380
390
230
221
273
380
294
236
363
352
224
360
381
334
294
283
318
328
236
382
288
366
155
424
384
265
312
321
367
330
436
294
444
306
285
366
282
246
332
290
177
191
330
224
316
259
337
274
238
238
226
379
240
343
267
302
321
328
339
299
261
257
201
238
173
320
212
281
269
237
140
298
361
288
230
299
299
243
233
245
324
176
280
254
343
325
168
322
248
323
258
54
159
227
207
308
284
358
240
246
241
319
181
413
226
256
336
255
178
253
278
297
284
265
330
197
195
289
193
253
229
141
352
244
239
307
315
249
273
321
277
252
256
163
336
227
291
290
204
254
367
276
198
268
293
270
304
271
294
303
189
263
344
332
244
267
297
213
376
340
243
259
323
192
358
300
285
368
198
356
313
296
410
275
323
294
53
510
231
281
302
270
401
283
230
258
293
255
341
277
241
338
211
222
270
360
254
199
204
174
233
364
245
251
232
354
21
19
301
226
210
214
267
340
137
186
225
205
195
350
251
202
199
220
260
181
343
326
291
199
203
256
267
365
229
213
315
249
239
263
192
239
297
157
348
221
303
206
310
312
208
150
194
284
347
330
319
107
259
240
287
303
278
215
231
331
221
259
322
204
258
233
148
217
245
235
199
153
251
278
190
150
211
165
284
172
202
130
211
240
265
280
360
185
185
214
160
202
223
200
280
59
366
247
132
221
187
128
178
274
186
100
213
204
281
211
259
293
114
153
143
206
95
151
201
388
185
162
127
178
243
204
93
151
69
308
231
205
240
254
179
203
205
199
262
253
145
253
240
269
90
243
153
346
293
220
119
183
140
214
99
95
164
177
205
203
310
121
127
194
207
119
175
195
181
81
344
73
99
190
165
137
218
255
197
232
216
217
248
179
142
135
110
139
161
139
174
119
258
161
156
134
171
145
176
155
226
222
200
123
99
213
120
118
270
116
163
192
93
139
77
78
138
128
156
167
56
146
155
148
85
197
130
100
126
156
153
129
131
52
131
113
119
47
67
120
137
49
91
94
69
80
99
330
212
