1467
1660
1592
1432
1349
1079
1810
1771
187
1676
1496
1529
1335
1418
1465
1454
1371
1326
1289
1419
1406
1586
1368
1655
1405
1246
2242
1408
1553
1420
1416
1400
1402
1662
1461
1497
1513
1339
1380
1422
1421
1260
1467
1319
1410
1787
1763
1780
1339
1586
1462
1356
1290
1239
1123
1424
1216
1183
1343
1158
1234
1462
1199
1108
1081
1120
1230
1211
1151
1155
1399
1909
1318
1554
1644
1123
1198
1214
1151
1171
847
1137
992
1032
1171
1005
1164
926
977
1435
1256
1165
1291
1465
1459
1344
888
1280
1270
791
983
1193
1851
1614
1193
1098
1098
1056
1010
1065
1012
1026
1092
925
956
970
1046
964
950
977
905
898
1259
1283
1361
1353
822
838
1091
902
1388
842
890
920
726
1045
1184
1158
965
764
1248
1044
805
1023
953
952
620
842
1289
1304
1598
1853
1654
1197
-1
1270
1132
1058
953
1328
1346
1060
1071
1309
1419
1316
1222
890
813
831
814
806
597
641
634
749
640
711
786
737
560
913
1046
1558
1839
967
582
751
505
517
531
600
535
598
686
631
1284
1280
851
1770
1298
854
1437
1330
1543
866
953
1201
1007
949
1103
956
1239
1520
591
1172
1602
1241
1297
1113
732
1108
1038
1077
1056
1178
1048
1362
796
973
1026
1194
1451
1439
1223
1038
1236
888
1141
1119
1145
971
879
802
785
1045
807
1457
777
597
1077
609
495
838
714
770
1438
864
883
437
527
435
602
1240
711
840
382
1041
1113
1068
1100
690
782
716
976
1342
1354
1174
1163
1428
1042
1101
1092
1039
952
926
1288
873
1153
873
1035
1161
707
869
1297
952
1333
1499
1353
1026
1260
769
747
781
634
745
1322
1217
1107
1146
1109
986
987
1111
1177
1051
978
1101
1252
1594
1340
1161
1253
895
981
1088
892
882
1585
1013
1240
1168
1080
857
638
922
958
929
855
671
1006
1173
1085
1058
1395
958
1234
1025
991
1447
1014
1049
914
1116
1377
938
976
1335
1151
988
1397
1455
1043
1109
1142
766
786
1187
1156
1193
939
891
740
686
812
1467
1425
1103
1120
1018
873
1287
769
869
1070
425
1097
1298
1088
972
965
999
994
923
877
850
1181
730
730
634
898
334
1044
1035
933
997
972
877
957
617
981
998
834
1162
1098
1092
1311
1024
948
758
1216
1229
1311
845
864
1021
1074
864
822
811
966
775
636
605
492
537
734
471
705
728
911
988
829
819
515
588
578
515
986
946
686
933
1057
943
586
1381
977
915
894
771
838
769
971
430
663
1285
842
398
437
1003
819
612
591
703
723
722
631
654
751
654
776
1035
745
1106
986
917
815
1051
1186
1025
1088
885
704
1297
1249
1251
1326
1073
1092
940
1003
1215
999
982
957
1205
715
996
778
700
894
975
887
383
231
1056
1208
659
951
1208
998
881
1258
757
1046
844
699
1114
1005
896
953
1131
815
886
795
1081
954
467
859
981
713
1095
889
916
908
694
707
884
998
764
727
817
748
772
733
660
716
722
904
702
794
669
423
844
1117
839
1077
650
924
750
580
714
959
850
758
841
676
782
658
848
936
854
991
1146
872
857
1005
767
250
924
946
652
604
636
622
827
738
1205
1014
697
537
590
451
377
549
498
588
456
688
679
656
668
686
855
745
713
694
631
1007
783
1003
717
871
615
740
698
917
1063
590
696
501
561
748
794
756
826
772
685
822
671
713
667
716
632
744
571
639
616
854
760
815
883
816
781
582
825
513
474
611
317
726
593
425
1014
362
906
598
629
674
717
618
514
536
644
582
351
691
944
848
792
820
799
806
928
946
824
560
531
479
639
721
671
747
762
588
786
768
794
463
635
622
1086
519
626
592
652
592
1162
478
441
634
628
666
770
892
812
810
793
812
618
612
469
567
686
939
552
883
793
917
751
496
674
464
495
607
453
721
687
438
491
529
580
570
623
655
777
1021
336
646
636
386
495
520
481
438
587
687
839
624
1125
546
764
481
818
646
592
887
942
870
409
835
315
892
510
414
460
514
538
591
863
982
614
616
547
640
461
877
1042
442
603
618
634
515
504
882
526
601
511
503
1053
560
556
673
449
515
800
508
625
683
654
445
543
681
479
509
586
911
537
598
592
917
984
702
518
584
632
609
530
494
644
518
666
1078
537
897
856
735
968
619
684
666
658
564
501
485
505
560
469
437
1045
1241
1095
1109
809
571
540
608
572
583
570
554
585
723
637
599
458
615
963
460
415
449
436
324
426
360
666
545
505
529
634
474
751
798
605
911
568
226
733
282
387
435
891
410
951
492
573
553
398
543
816
488
367
630
466
853
855
637
432
520
468
457
614
611
708
556
529
581
859
620
490
515
757
581
602
766
428
758
666
483
608
552
518
538
495
484
572
743
587
466
509
564
470
365
642
668
709
535
917
603
505
585
635
450
361
481
673
468
699
402
690
633
611
476
403
553
562
759
783
752
764
634
1090
753
498
743
434
549
431
501
471
616
592
463
808
673
529
483
456
585
580
449
377
319
423
565
529
505
437
700
411
694
720
769
459
580
535
559
900
703
546
740
392
397
515
597
1088
548
749
506
339
581
684
440
534
551
491
717
356
1046
567
593
467
407
745
559
748
588
235
582
725
490
443
450
502
475
392
450
485
487
569
506
858
442
447
414
608
575
384
469
438
619
542
391
635
508
752
318
671
339
880
529
362
438
441
444
208
377
519
454
517
783
513
459
646
462
326
359
373
356
494
589
409
655
526
432
549
487
370
743
436
302
258
441
681
346
437
320
432
343
823
516
396
356
582
695
665
370
419
381
302
313
404
571
456
457
573
521
350
291
591
348
724
386
403
584
527
431
447
466
433
354
357
420
369
380
405
350
488
544
325
222
399
423
473
359
458
244
327
218
575
257
537
414
435
453
218
634
727
497
717
547
503
362
500
485
471
476
462
365
459
532
650
594
609
325
311
427
500
504
360
503
583
315
228
424
570
545
514
485
411
241
279
215
384
688
464
489
520
434
437
332
346
621
486
721
457
531
499
499
567
860
387
235
329
431
272
638
242
699
367
289
410
391
411
246
534
490
311
305
391
450
569
788
324
374
443
578
395
311
396
370
424
399
386
434
556
570
448
352
414
218
509
578
271
309
362
322
269
490
444
527
425
406
323
625
349
212
129
628
416
284
618
263
342
609
440
258
432
587
294
443
692
387
351
369
257
309
296
302
277
270
498
481
402
902
325
446
461
396
325
297
289
251
343
352
318
454
543
464
267
403
589
528
270
371
234
418
364
658
323
413
326
570
231
266
249
273
628
565
673
484
331
250
515
193
426
305
260
404
425
473
374
374
619
281
338
308
259
260
291
324
250
357
264
649
415
567
413
366
362
441
698
284
333
404
497
429
313
365
381
338
243
501
359
636
358
725
351
626
282
275
341
324
260
505
375
331
244
247
233
276
600
249
275
311
329
374
464
254
516
260
227
422
418
346
281
254
364
277
310
242
480
738
587
513
454
327
369
368
597
357
301
313
372
486
603
531
206
382
618
500
740
506
470
333
626
140
346
364
544
225
298
306
426
317
358
258
357
298
295
310
294
292
280
440
309
231
382
530
476
617
488
275
291
316
259
264
481
485
213
234
252
238
319
313
463
500
604
361
540
359
312
242
611
465
408
384
241
458
471
246
171
387
329
439
208
407
394
429
352
293
311
214
275
195
322
204
448
408
456
503
193
529
331
279
459
393
291
297
118
464
458
433
574
603
201
722
355
489
580
296
366
405
226
352
448
383
403
218
265
252
295
447
279
358
288
302
504
585
378
251
302
320
520
408
300
328
276
405
213
377
231
517
255
293
267
256
287
213
475
299
435
219
398
209
241
256
267
346
177
297
525
182
390
259
279
275
365
365
482
458
299
250
183
287
220
303
289
328
239
219
186
241
195
324
471
277
415
590
546
256
570
213
152
204
305
282
172
164
238
277
281
157
273
378
192
253
232
239
296
168
274
377
231
251
239
354
613
244
231
460
259
366
320
271
280
138
301
357
225
265
230
362
500
740
115
388
341
212
196
388
487
273
209
176
256
364
232
286
288
485
343
205
289
225
466
303
258
392
447
293
526
229
237
260
297
239
213
283
295
264
407
433
239
245
259
233
349
389
318
304
294
290
350
390
465
489
218
262
308
198
280
181
461
335
243
427
273
302
311
197
376
260
360
189
277
319
353
330
240
299
296
196
282
244
185
198
340
154
274
585
201
167
229
213
83
99
625
516
293
272
247
462
173
222
305
238
213
540
208
221
156
290
243
262
226
327
255
236
209
203
235
355
184
283
501
389
409
279
202
312
298
196
253
194
523
254
357
256
480
232
172
234
287
240
397
152
251
386
458
326
231
295
259
365
304
206
251
336
232
503
155
349
406
589
183
240
200
199
226
234
339
218
198
170
160
106
255
150
507
210
332
263
265
196
220
149
199
163
247
137
333
218
165
181
123
149
319
200
201
307
172
150
437
347
188
292
182
218
222
373
272
95
196
449
195
199
194
188
435
199
163
138
373
322
190
191
483
162
211
374
205
142
258
268
86
298
288
417
96
145
148
372
284
167
192
140
251
180
93
162
140
229
210
208
395
342
172
222
142
169
116
209
173
319
208
89
106
159
140
113
215
309
176
230
238
544
259
216
132
158
239
167
180
153
198
171
376
177
289
141
163
122
203
161
195
196
366
86
63
208
163
163
285
100
184
180
135
182
62
97
151
58
71
180
227
115
106
123
61
238
125
101
110
167
139
73
130
59
93
85
114
77
54
102
145
153
73
75
136
63
82
1200
197
