1228
1395
1514
1514
1474
1337
1567
1487
152
1535
1289
1280
1197
1120
1086
1130
1142
1282
1291
1421
1187
1181
1022
1129
1093
890
1055
1362
1471
1460
1316
1320
1291
1220
1288
1230
1321
1201
1178
1209
1239
1226
1142
1264
1165
1175
1114
1249
1051
1138
1311
1108
1103
1135
1053
1046
1076
1035
1043
1004
1101
1041
1065
970
997
1013
1178
1032
1031
1007
1321
1329
1216
1351
919
891
1069
1138
934
1110
715
940
898
913
1008
964
1015
735
953
1255
1158
1198
1118
1431
1509
1211
714
1150
1163
674
769
997
1330
1258
1137
933
901
896
920
902
785
856
865
762
807
822
816
724
846
791
791
763
828
1029
788
1040
657
748
938
728
1275
721
746
776
553
712
822
878
622
654
1011
884
639
833
756
740
521
783
1390
987
1117
1141
902
795
996
1215
1015
898
871
1177
1091
921
961
1137
1515
1312
1284
740
714
687
677
698
488
552
508
602
534
571
707
578
450
758
811
929
900
790
447
560
412
397
392
491
415
460
580
545
969
967
799
1062
1317
696
1373
1506
1195
665
790
938
831
936
1067
972
1220
1002
480
1166
1038
1259
1251
1086
642
1119
904
885
1036
1041
862
983
805
951
918
1182
1026
951
847
1100
1162
836
1071
1049
1236
922
733
668
596
1010
726
1122
623
475
741
408
381
696
548
655
1054
912
706
308
445
352
503
1439
582
756
311
803
729
1002
1180
599
669
623
1032
828
840
753
734
904
968
1042
1069
1091
1054
851
1366
773
707
649
925
995
670
882
1301
767
1305
802
1121
933
1259
675
668
688
550
680
1141
855
832
918
689
694
676
820
1369
648
907
807
1410
900
1232
1287
1289
996
1029
1175
1000
770
1111
689
806
1131
1260
911
490
827
961
941
802
580
915
868
1059
1169
1015
816
784
864
815
806
930
882
1005
1373
896
806
827
1209
802
1119
1139
1216
1366
1362
1321
695
874
860
776
772
916
941
627
604
847
1064
874
950
881
1062
854
1222
575
710
898
335
1269
1402
1126
1011
703
735
703
578
609
658
986
775
778
520
902
248
1164
1012
1161
1217
1101
803
1181
651
1023
936
724
1015
573
932
1226
995
744
516
966
1260
946
768
866
729
760
600
867
796
1042
749
514
492
451
477
669
429
724
588
652
856
797
775
485
545
522
487
805
898
570
590
1136
1033
535
1038
829
922
761
601
769
775
707
366
738
934
857
327
386
1389
643
491
497
609
625
658
616
618
734
615
687
773
713
682
759
671
644
836
1114
805
962
862
590
1051
966
758
977
1280
1229
1098
1276
1162
1242
968
912
901
662
-1
780
655
1073
870
1088
334
185
569
1365
629
945
987
681
1055
1061
988
1041
969
607
1286
1072
917
888
1151
772
1081
910
798
762
362
780
785
644
947
834
997
706
739
536
619
714
798
676
676
693
692
595
595
727
634
709
717
799
731
344
682
859
847
743
674
698
607
569
669
1192
1104
743
524
431
984
668
732
721
721
813
957
608
835
1201
632
215
604
806
595
517
667
611
761
658
1090
997
737
519
513
386
362
503
436
534
352
553
661
696
686
655
1027
829
605
761
766
599
611
644
678
625
576
776
717
1024
860
704
707
527
559
676
834
747
618
833
746
919
678
706
757
857
700
711
607
645
594
683
499
705
727
1023
1034
570
815
459
401
654
234
735
496
425
605
343
731
651
622
525
528
459
444
489
577
551
276
739
924
841
826
839
838
816
939
957
742
564
492
495
727
854
678
797
585
561
580
525
541
466
671
643
858
533
607
636
750
596
1059
533
481
579
572
662
637
738
978
953
985
1076
595
634
490
627
744
948
557
881
905
965
809
383
493
497
551
693
480
513
454
346
593
503
623
605
695
682
740
1012
356
554
514
319
550
521
540
490
573
620
1167
591
655
578
685
431
616
618
530
657
1168
1124
477
592
279
899
598
397
412
595
502
453
763
642
718
768
558
644
497
993
617
482
675
554
575
498
548
679
598
707
476
600
673
569
469
550
485
511
778
522
770
685
593
365
568
663
514
693
741
1012
415
628
441
742
1139
501
521
599
746
616
559
539
784
501
723
802
545
949
819
605
820
581
525
624
710
831
553
505
425
518
508
516
763
937
900
894
985
692
693
738
616
647
685
593
517
697
863
494
506
813
775
468
466
504
448
366
454
404
622
670
579
585
636
441
1025
1112
480
711
653
269
832
234
504
445
849
443
862
562
553
559
404
511
712
547
379
541
519
625
800
772
432
572
461
500
617
547
759
501
572
667
918
634
624
396
727
493
610
864
553
790
757
476
562
663
667
394
525
525
750
536
462
576
485
742
427
406
728
654
1054
606
984
635
546
587
549
477
401
488
556
474
564
383
521
429
640
526
449
532
540
675
648
649
793
561
1172
690
532
618
391
626
494
570
528
558
714
489
913
593
623
614
603
540
595
430
426
349
493
503
672
698
603
921
473
725
959
838
597
603
654
597
785
769
605
845
338
434
483
583
713
535
624
543
383
601
816
598
420
768
496
648
489
1029
456
649
619
411
759
576
853
775
266
571
783
553
453
379
580
516
401
532
417
530
775
494
605
507
437
488
685
427
391
536
527
689
568
475
767
528
696
365
556
428
796
425
457
485
415
484
217
358
549
434
604
758
458
538
548
442
379
377
412
472
565
406
461
808
587
473
567
496
441
874
519
350
323
503
495
410
455
340
447
406
820
436
327
235
490
555
476
386
398
479
341
373
396
687
526
526
534
559
452
356
576
394
551
462
411
633
483
433
505
592
527
298
383
406
494
377
432
427
516
592
384
277
457
490
475
408
495
193
219
168
531
298
571
520
445
560
270
664
691
437
650
612
455
418
530
483
522
514
474
397
460
639
734
521
472
384
362
404
478
569
224
642
590
359
271
502
765
774
412
532
447
309
332
273
454
520
427
416
553
415
413
355
458
692
482
679
502
601
569
511
604
883
516
312
408
358
287
499
311
494
349
270
312
574
644
308
374
420
381
327
429
378
670
757
393
438
453
617
410
355
587
536
482
483
386
364
505
576
572
367
503
255
572
652
318
290
393
405
304
363
440
578
533
533
392
618
289
268
157
662
446
318
535
285
448
606
547
315
353
463
373
523
545
445
393
446
302
327
337
325
319
299
566
457
352
1002
400
531
414
487
374
372
337
291
365
314
311
503
806
462
322
366
590
497
311
446
294
414
460
542
353
453
395
548
288
313
289
334
688
650
833
492
452
373
663
246
540
344
335
581
584
548
463
405
647
327
358
345
315
310
388
306
315
348
294
754
473
670
518
500
445
416
777
319
375
458
516
442
403
468
394
396
305
576
408
745
465
523
350
479
319
326
369
314
335
498
542
375
276
290
296
304
590
299
292
332
374
452
451
306
691
294
265
471
413
278
308
323
412
341
358
308
436
664
515
524
493
318
537
556
573
275
332
351
427
558
441
480
241
416
419
541
707
478
596
421
527
185
416
314
579
252
309
366
592
334
368
283
521
390
302
318
290
316
388
521
348
244
488
497
414
482
480
333
330
398
299
281
621
432
245
275
284
266
387
404
499
635
634
512
550
376
383
270
657
390
419
367
275
522
417
287
214
430
375
443
223
506
414
387
262
381
314
290
290
250
368
262
568
424
344
717
295
601
302
305
424
334
264
304
147
575
576
386
403
589
253
587
476
603
624
369
353
461
275
325
708
469
307
251
333
318
318
350
324
479
347
280
589
680
363
305
380
426
572
406
309
443
310
587
240
473
225
581
319
458
366
342
383
253
498
383
486
268
328
260
332
292
301
379
211
332
528
251
377
324
357
310
426
309
479
553
333
382
213
331
295
372
376
392
263
297
230
268
210
399
478
335
384
479
305
293
728
248
210
258
318
273
225
235
305
291
261
196
356
413
250
326
263
313
306
138
306
388
297
302
315
376
478
302
283
522
265
436
375
299
362
187
316
384
327
313
291
354
480
575
207
361
320
255
224
309
568
323
241
208
331
323
252
290
349
507
382
231
309
317
518
305
321
375
520
361
359
287
277
298
390
325
268
296
272
301
565
563
233
272
280
252
449
467
437
345
357
346
410
398
368
515
249
336
366
243
358
204
402
389
141
529
274
340
375
236
487
274
364
240
330
278
404
390
301
389
383
238
346
321
221
213
321
195
307
486
252
198
229
284
55
88
521
552
359
259
250
614
302
251
342
215
216
568
258
256
183
365
310
322
302
410
312
321
237
237
257
397
210
344
538
578
422
321
268
315
369
236
326
211
505
401
510
317
436
251
205
284
333
296
446
184
318
421
336
375
258
313
286
437
372
236
309
379
272
575
173
417
491
504
208
236
252
268
296
234
400
342
248
230
225
136
305
200
404
218
446
276
277
229
260
211
237
222
295
98
386
265
208
232
176
191
342
224
236
327
216
169
470
516
219
322
187
219
229
316
254
125
261
492
217
190
200
236
634
248
164
162
236
337
226
265
454
171
302
364
242
174
273
307
128
337
314
380
112
201
182
357
318
215
218
180
402
202
116
167
171
278
282
279
393
388
210
221
218
166
160
240
211
223
293
110
136
199
160
136
239
397
224
252
266
390
319
244
195
197
186
208
215
186
218
177
338
219
249
179
205
178
239
164
240
240
277
108
80
282
165
162
342
138
189
207
108
233
84
120
159
80
107
209
190
128
141
190
78
281
160
145
135
165
179
88
160
75
121
100
145
77
78
119
175
190
96
97
152
75
109
1087
214
