397
459
498
473
468
430
527
481
63
502
469
433
358
335
369
425
439
503
431
515
367
447
322
352
293
302
404
455
518
540
515
470
458
548
571
561
642
569
638
563
496
547
547
583
568
497
451
585
429
599
660
600
572
508
562
519
543
526
495
542
551
529
556
438
557
495
589
563
506
520
602
600
573
688
404
317
587
599
456
532
354
526
505
337
561
585
380
344
502
433
592
504
535
611
541
471
303
470
567
290
299
452
496
600
531
445
423
429
449
384
335
353
401
348
397
385
362
316
341
441
345
340
315
469
305
459
239
347
380
356
558
381
345
368
227
410
408
416
335
221
425
461
277
396
314
358
205
361
503
528
460
539
470
374
408
620
584
340
405
496
585
408
398
416
506
551
545
372
366
307
298
310
208
202
236
288
236
223
343
249
179
382
293
496
488
212
204
271
181
151
175
201
182
190
175
210
360
358
204
386
486
373
532
490
435
266
414
450
555
444
559
516
408
429
151
527
380
593
644
591
300
507
488
454
490
486
405
551
444
489
312
561
418
461
454
646
533
463
583
540
583
546
453
277
276
668
379
367
206
155
213
124
131
194
251
327
390
397
347
95
157
126
265
552
229
402
72
423
374
530
613
275
294
244
583
436
448
489
481
453
504
555
518
606
606
461
416
386
427
283
525
468
225
407
529
367
538
279
612
470
522
337
343
356
277
340
596
290
256
306
254
212
219
263
548
255
589
426
481
315
476
556
512
508
506
577
414
328
357
375
375
448
528
438
211
404
471
566
496
163
470
441
517
546
560
413
240
391
315
311
474
410
570
521
451
323
450
395
394
508
475
482
438
510
532
298
517
433
415
429
438
553
302
316
557
539
500
455
405
517
550
485
265
360
439
89
578
488
576
629
327
354
330
265
263
358
469
337
339
222
622
80
570
450
415
528
559
387
508
302
482
566
364
553
167
464
515
526
414
263
513
469
532
386
426
289
476
365
593
369
583
405
271
225
202
242
323
150
337
258
384
522
566
570
235
280
266
233
400
483
284
221
501
292
290
348
367
544
448
277
398
407
364
121
480
515
465
139
186
411
339
210
231
352
325
333
309
332
377
308
310
356
376
304
337
330
266
467
341
502
475
539
228
490
435
340
420
525
540
537
546
502
483
477
552
366
316
419
402
388
499
528
602
103
46
160
547
318
488
348
450
513
359
398
584
533
324
534
572
559
514
514
325
527
484
462
383
132
564
373
363
466
438
620
481
421
275
324
396
563
494
347
317
322
275
325
294
313
363
357
547
501
157
366
464
464
394
480
329
289
268
376
450
432
396
197
154
495
325
445
453
466
415
442
295
406
486
281
115
492
233
296
265
323
284
436
338
427
448
470
240
264
140
133
271
190
269
182
301
491
386
357
333
556
451
456
602
556
374
377
275
292
323
308
591
537
362
423
595
349
319
220
364
508
604
367
588
574
572
299
578
415
620
608
429
300
341
606
183
264
369
355
611
570
341
465
253
249
289
82
328
90
234
233
263
458
353
344
331
222
191
218
290
357
302
131
441
475
577
543
557
531
532
614
539
337
311
312
281
579
484
453
591
290
353
343
250
322
284
583
591
325
360
314
316
506
423
549
326
337
299
368
595
387
540
567
545
546
495
244
275
343
450
332
386
323
409
472
499
527
139
234
292
289
372
283
290
195
106
419
291
340
311
545
494
299
394
174
303
296
101
258
326
416
324
376
336
361
277
276
595
292
232
210
382
473
298
404
378
295
291
104
446
397
155
173
288
384
301
486
203
399
599
312
502
381
479
415
330
527
471
312
433
454
367
443
529
360
424
231
440
235
207
434
395
548
323
268
432
493
270
315
421
334
490
210
460
229
295
147
476
431
375
326
614
674
467
389
495
544
264
453
476
424
622
507
464
468
379
273
424
613
486
298
271
205
248
386
227
332
434
376
366
540
604
577
550
545
458
621
619
465
311
540
222
466
446
546
239
247
255
225
245
271
237
544
514
375
367
289
178
443
414
225
518
539
131
535
62
315
303
540
381
563
492
423
396
249
304
486
326
312
466
316
341
419
438
347
442
323
288
343
330
495
287
274
527
365
296
460
144
322
247
339
599
337
570
450
249
284
585
574
174
568
561
444
430
439
572
319
514
141
375
461
233
325
660
506
479
422
446
401
438
307
344
393
415
283
199
303
170
518
519
498
608
503
491
469
442
438
443
497
479
313
374
284
564
396
471
497
446
407
622
536
311
599
612
576
434
526
494
269
245
535
190
456
526
539
319
538
407
476
513
364
326
616
380
367
403
466
441
176
291
324
386
393
322
404
524
342
293
485
501
198
496
239
536
277
334
409
406
484
252
387
316
532
565
250
455
353
325
407
249
638
320
457
468
438
527
424
346
395
283
282
630
467
239
196
438
518
453
485
507
412
256
469
344
292
474
508
260
494
540
110
428
99
133
592
401
413
535
214
586
385
524
487
350
453
618
473
339
560
483
527
357
357
319
307
357
499
240
225
498
235
284
521
116
567
517
442
238
132
48
349
490
236
365
221
484
296
303
448
558
527
532
237
325
309
402
354
347
307
546
526
405
350
362
276
528
550
203
343
270
444
302
620
370
525
399
380
292
492
296
457
513
336
44
41
42
198
307
549
435
264
518
237
488
506
440
408
303
400
379
461
439
416
426
385
331
316
497
446
432
193
568
441
431
421
494
95
326
232
339
276
527
488
477
165
532
567
334
275
399
467
285
342
312
282
245
242
312
225
488
273
391
505
474
466
336
516
318
406
385
446
368
276
433
314
461
367
307
404
421
361
381
330
420
273
270
422
357
444
521
487
560
300
455
378
369
363
398
306
476
469
443
278
449
439
268
513
253
406
460
300
321
349
323
294
340
436
487
557
515
448
374
129
207
149
304
495
333
267
304
256
284
387
317
353
415
450
475
232
399
302
271
244
233
331
272
254
263
390
353
291
488
265
383
388
437
406
467
231
215
325
312
313
169
450
198
252
294
461
493
148
399
183
350
452
213
266
475
437
374
247
252
241
247
315
526
347
396
298
276
534
382
466
472
425
427
456
469
507
451
326
351
345
366
235
236
423
249
337
306
257
355
347
384
612
556
350
219
542
228
296
530
560
516
387
409
435
363
342
434
468
472
480
352
318
185
243
375
318
319
393
327
337
259
239
244
247
299
448
351
309
277
293
480
192
393
435
193
197
453
475
356
335
390
476
390
399
283
418
384
432
319
371
200
371
319
404
357
278
310
359
475
234
275
339
565
171
402
419
243
368
342
419
125
524
362
507
293
278
413
535
345
286
288
354
381
202
208
180
177
447
441
372
324
448
368
404
425
247
445
455
437
327
318
501
236
221
307
251
306
507
319
501
294
552
370
358
234
276
299
379
298
-1
167
301
413
415
298
227
438
193
249
289
487
273
487
300
390
279
315
357
326
369
259
551
433
331
256
164
297
283
230
328
309
242
257
141
393
403
504
278
401
278
434
382
589
392
445
237
412
230
322
306
311
347
296
286
482
210
240
272
505
436
280
345
385
238
428
381
408
267
278
419
392
252
418
260
435
157
462
339
324
298
312
315
295
454
394
379
313
335
378
233
232
283
257
186
212
425
332
351
317
387
339
229
305
288
439
307
340
289
326
303
374
377
285
281
331
183
219
270
350
238
261
329
284
114
240
481
267
249
287
415
305
204
196
251
160
329
218
362
431
236
361
233
303
292
48
206
266
271
346
263
393
252
346
288
404
201
511
302
288
402
260
198
255
392
365
214
380
381
233
141
345
237
240
227
153
405
347
300
241
427
329
328
340
334
293
368
185
348
254
308
356
239
276
541
267
183
427
297
298
376
332
283
365
213
346
433
418
192
221
288
144
451
438
368
256
346
251
500
398
291
466
277
345
312
280
377
198
346
281
70
442
256
289
389
286
359
281
315
443
458
264
321
355
218
383
247
238
345
259
266
203
201
204
212
434
231
239
223
389
12
15
306
228
242
339
265
362
168
183
259
271
218
373
241
245
240
254
339
268
380
383
274
290
141
226
354
363
200
246
381
313
264
345
237
318
364
267
371
254
391
234
283
260
251
173
252
272
363
330
468
192
295
229
371
407
268
190
203
385
301
266
388
267
262
192
170
270
265
323
154
172
257
269
269
253
251
199
232
170
202
111
359
222
255
226
429
182
185
168
134
278
247
294
307
104
368
218
97
190
168
137
213
236
320
155
249
198
274
230
263
297
169
175
149
216
86
140
180
458
208
233
193
277
269
243
116
213
79
387
221
206
256
201
279
191
271
200
255
235
134
261
254
355
99
223
157
403
259
234
145
164
164
227
125
160
154
202
272
274
341
169
188
288
204
207
176
204
202
90
327
50
111
186
153
136
280
319
210
290
228
284
319
249
200
220
104
214
227
214
232
162
306
230
177
196
208
150
263
189
233
231
269
154
152
285
132
132
290
138
141
210
110
195
78
129
171
124
132
207
64
155
241
184
98
262
207
135
136
144
203
108
123
71
127
123
149
82
85
130
194
61
104
104
120
72
142
367
184
