227
265
294
282
296
266
310
276
26
284
279
238
225
202
214
229
243
288
240
310
203
225
184
238
202
197
214
277
291
325
306
313
306
308
348
371
382
375
395
344
344
387
323
409
363
296
248
349
266
338
397
390
418
382
363
325
400
375
312
388
411
368
360
376
413
413
351
367
406
335
374
347
374
379
233
195
396
423
302
351
315
392
397
282
428
467
280
229
400
263
367
350
323
336
311
274
261
308
367
235
242
291
269
335
355
291
273
300
297
264
218
221
233
227
244
237
230
211
248
265
247
231
211
320
182
322
161
235
265
221
335
246
234
251
159
249
250
264
155
185
279
301
206
252
188
223
138
250
359
373
257
300
271
244
208
371
373
235
276
310
349
288
278
252
299
322
360
253
253
212
198
225
160
184
153
201
161
146
241
153
113
258
218
310
250
169
151
180
134
123
123
141
126
137
149
147
237
238
158
206
308
237
303
298
232
183
253
266
332
357
358
337
273
241
101
327
208
342
362
337
213
343
327
318
397
358
251
351
340
366
207
344
245
269
317
405
332
317
402
343
326
407
281
198
142
366
308
256
153
128
139
94
97
143
164
238
213
293
225
77
133
89
170
344
144
272
60
266
270
354
404
194
252
200
437
250
256
282
269
278
295
331
312
363
370
364
239
245
243
169
318
332
211
287
353
263
298
168
347
372
302
223
218
224
170
233
326
160
166
175
116
133
120
125
355
147
372
262
317
208
306
370
309
379
387
357
298
213
205
229
288
298
328
339
169
322
330
398
340
117
336
291
299
324
306
312
151
229
189
172
299
240
350
335
240
263
298
239
270
342
280
274
314
344
298
241
443
265
257
253
347
414
182
211
435
267
292
268
287
362
326
315
156
223
322
59
346
295
369
384
218
228
222
160
176
234
270
227
226
137
403
57
366
263
287
328
349
280
329
220
340
316
257
328
93
286
295
288
243
181
325
283
300
273
343
127
275
271
372
288
391
292
172
148
156
175
240
176
248
181
240
342
393
416
163
189
176
168
270
320
190
152
333
191
210
211
205
402
315
189
290
293
207
134
423
273
349
141
138
273
197
167
158
252
260
245
230
244
257
215
229
261
257
176
204
220
175
303
218
352
344
349
157
253
269
201
239
326
303
341
346
286
340
310
329
224
219
293
298
255
353
324
391
132
81
113
323
217
318
224
265
367
237
292
383
335
238
332
308
358
378
302
214
349
354
301
268
133
380
236
237
302
287
371
320
349
185
211
218
336
326
233
208
217
185
246
194
231
227
243
336
384
125
230
284
352
280
362
219
185
192
279
313
287
255
180
153
275
229
297
278
291
311
262
167
301
348
220
97
286
152
209
195
222
209
301
221
260
273
364
183
176
141
124
185
154
190
142
175
369
278
256
295
345
337
353
359
334
209
263
179
202
201
260
433
381
240
250
454
247
246
199
275
354
380
273
349
385
415
207
451
266
405
406
299
218
230
534
117
208
264
212
350
333
263
335
161
151
215
68
264
85
180
132
217
287
251
253
216
159
134
140
196
215
186
82
345
320
343
334
339
321
329
343
320
216
238
193
213
375
315
309
338
188
220
200
141
182
222
456
458
211
257
209
217
408
314
348
263
269
245
236
465
205
268
341
334
340
302
158
193
286
391
227
258
240
284
304
303
363
94
143
210
215
327
192
185
108
98
324
213
236
242
435
408
195
274
194
193
208
77
218
257
357
282
230
234
268
177
194
470
177
170
121
265
255
164
282
249
255
198
81
299
359
106
123
209
277
222
283
126
273
377
217
344
312
367
257
253
421
359
161
316
322
263
385
436
261
367
131
270
159
168
310
297
330
255
189
326
378
102
291
272
268
323
146
299
154
179
77
291
276
258
242
313
416
274
227
352
309
197
333
266
306
382
336
291
274
245
177
256
368
325
227
194
143
179
302
177
196
232
218
200
318
345
329
339
329
332
426
407
319
136
328
203
400
278
326
230
199
233
204
252
180
207
351
464
264
272
235
156
289
267
125
285
384
120
335
69
237
247
305
310
301
339
256
246
155
197
286
232
235
263
198
187
247
288
260
365
226
200
254
239
353
197
199
431
248
223
293
80
222
159
220
368
262
316
304
205
183
341
346
120
418
406
331
225
231
350
226
297
123
285
383
160
213
407
333
352
328
355
317
389
241
199
230
267
195
115
173
135
409
408
429
353
391
335
299
306
305
295
295
270
271
249
217
399
339
429
409
295
257
361
359
186
391
391
386
320
376
339
185
156
478
128
290
354
349
275
541
304
294
315
281
193
371
250
267
323
351
276
103
213
201
246
223
200
203
383
265
216
281
360
154
319
173
310
199
191
312
311
336
175
279
255
303
328
154
366
195
206
308
149
407
240
370
388
236
377
299
221
234
214
227
363
377
128
171
365
402
275
443
412
256
211
285
251
180
345
310
155
398
413
134
292
96
107
337
312
334
354
144
339
305
366
339
268
387
369
410
204
371
306
347
309
263
231
248
268
267
217
215
407
163
238
356
136
366
426
326
154
78
47
235
278
154
234
165
369
235
266
353
363
354
356
133
292
214
369
274
244
241
379
302
298
257
243
224
357
345
110
270
177
327
271
450
387
499
231
275
187
357
207
363
379
260
38
37
26
115
288
338
297
153
340
225
283
273
244
300
276
305
295
276
268
270
257
218
187
215
351
339
243
133
377
265
359
252
358
78
232
169
215
205
351
298
298
113
323
494
331
223
349
371
179
225
213
214
185
179
204
195
294
182
202
400
337
327
231
313
221
294
369
344
208
222
258
343
266
378
293
326
287
271
452
209
335
201
212
368
199
276
301
391
449
226
352
273
293
246
313
208
456
280
282
227
290
300
185
291
270
285
281
234
221
221
213
238
231
365
297
323
317
426
255
101
188
195
209
379
327
166
244
214
223
275
281
249
199
476
317
187
306
237
237
193
180
313
193
225
236
233
253
218
306
173
349
314
392
275
311
201
162
241
264
261
156
294
153
214
168
310
304
130
265
171
258
274
94
203
365
305
259
194
203
208
194
215
302
250
291
203
206
343
337
331
341
420
296
306
415
321
302
242
226
216
225
183
180
374
152
255
247
213
248
168
245
343
317
292
139
299
188
213
359
380
353
355
397
335
316
338
250
359
317
338
226
223
155
214
373
239
250
420
194
254
195
190
198
197
221
291
333
255
193
218
364
124
332
300
211
193
295
297
216
271
263
378
301
353
206
262
232
271
239
298
140
313
245
246
232
227
304
297
297
117
186
354
417
147
248
232
147
242
303
328
138
365
275
380
260
238
273
370
335
238
226
250
297
169
150
168
154
293
309
283
272
303
229
300
262
155
368
396
331
182
183
356
175
196
200
182
237
405
316
427
157
419
302
255
130
230
200
258
173
327
154
249
252
256
253
160
328
180
200
254
338
150
318
278
401
195
321
283
375
302
206
330
304
155
194
139
188
226
180
181
224
129
194
181
266
266
317
190
271
219
233
263
367
267
319
178
352
219
228
227
232
210
207
258
346
167
184
176
348
253
224
244
286
206
351
356
291
271
183
261
291
184
315
181
327
133
352
372
235
210
236
226
306
347
312
338
355
275
330
199
194
266
177
131
159
286
266
290
317
307
260
138
208
171
297
256
325
330
265
255
273
327
265
170
291
165
178
188
241
178
164
226
162
69
202
273
211
192
191
279
249
194
177
206
117
273
210
323
260
178
316
211
314
236
41
138
216
225
348
192
289
146
271
208
288
175
361
234
205
340
218
139
179
315
299
171
244
289
110
122
268
167
196
182
76
287
225
243
224
300
251
225
267
273
215
261
145
340
218
252
283
242
173
313
217
131
279
205
197
287
263
207
308
132
268
272
267
151
173
254
103
308
321
238
182
330
189
353
278
206
312
257
372
275
236
406
205
255
182
22
305
182
195
308
242
300
276
229
273
289
221
213
288
215
359
181
212
242
306
188
145
125
217
242
244
182
185
166
408
13
12
228
191
194
168
228
290
103
141
225
270
238
313
218
154
293
230
255
175
379
358
215
207
120
208
300
345
188
189
268
228
194
270
189
264
299
157
379
182
272
227
228
216
198
112
221
206
346
361
263
97
246
208
188
302
233
123
155
337
207
176
344
194
197
168
150
233
251
177
155
131
274
226
208
192
188
162
211
181
185
146
207
225
177
223
326
118
120
163
117
218
252
225
303
47
348
197
111
177
181
117
168
168
202
99
196
180
202
188
282
242
104
162
107
140
68
141
159
306
224
137
152
206
206
237
73
229
57
252
167
214
194
180
176
140
237
159
297
211
138
191
212
255
96
308
173
247
215
260
115
167
153
203
121
116
147
152
251
252
255
121
147
194
218
153
183
199
233
35
-1
51
100
224
137
109
236
251
210
227
178
175
280
190
190
155
52
222
235
215
226
132
244
234
115
208
210
193
242
166
187
184
191
163
117
261
148
146
228
163
128
187
114
127
80
131
140
148
142
215
34
168
192
179
106
215
146
154
141
129
170
125
108
78
178
129
135
60
81
163
170
62
100
101
74
84
132
231
171
