261
319
345
329
345
305
377
319
36
320
328
310
270
247
266
300
318
349
302
353
298
276
243
246
217
203
252
315
330
374
350
389
398
387
429
460
421
393
403
374
392
409
381
413
376
348
312
333
316
330
467
406
425
393
377
351
407
348
420
467
454
380
461
321
400
384
443
382
431
397
437
371
405
422
268
255
436
419
313
393
289
381
463
297
396
417
304
285
396
315
410
363
389
376
323
272
244
313
371
232
309
336
306
356
356
335
347
323
334
338
285
286
314
267
286
341
270
287
288
316
255
232
204
384
210
298
211
281
327
298
365
320
348
372
194
265
262
261
265
194
330
443
163
293
213
269
121
281
400
305
288
298
296
237
250
427
406
271
268
448
409
322
345
357
312
333
389
263
275
242
246
257
180
185
199
205
201
208
274
204
106
269
318
283
264
178
172
198
157
135
146
158
172
204
145
211
279
278
175
263
374
303
353
337
292
185
285
368
401
395
446
447
312
297
143
352
276
461
397
420
250
365
380
377
397
354
302
344
374
358
250
381
319
340
320
438
359
336
405
449
400
346
368
292
256
421
451
234
163
134
167
115
126
178
143
250
225
313
323
84
173
125
250
405
215
275
88
379
245
348
392
236
325
286
454
268
280
284
278
262
287
326
320
389
427
427
280
334
257
286
389
374
203
305
409
384
347
198
381
408
321
382
361
358
304
330
357
221
193
243
183
159
166
199
405
168
370
311
349
246
333
365
340
393
385
408
347
304
228
211
234
300
378
319
196
274
288
378
384
133
391
236
342
370
332
396
196
442
392
250
436
395
403
394
309
305
287
260
254
425
308
307
375
392
332
254
385
292
270
272
347
355
312
350
397
306
281
289
396
388
370
329
217
387
286
96
395
294
396
405
301
304
266
210
186
246
338
209
210
235
372
78
411
302
310
393
415
241
354
200
375
344
314
297
133
319
354
289
335
167
318
308
307
336
370
188
253
215
383
279
404
307
340
289
236
347
340
154
338
245
267
417
410
448
341
385
314
360
477
466
273
176
356
231
329
239
224
401
411
245
337
340
226
117
363
280
416
180
225
321
306
201
234
400
446
403
406
354
498
548
480
290
509
221
255
282
255
338
267
287
305
431
190
259
255
203
255
352
324
412
408
316
378
387
334
277
349
315
322
331
408
335
447
114
81
131
334
489
302
239
235
367
274
298
415
373
283
353
358
327
342
321
252
365
343
294
274
118
425
478
479
295
263
395
326
345
281
286
295
402
433
526
503
508
477
485
323
454
317
427
386
383
142
328
281
451
221
402
404
489
500
462
343
317
502
124
96
337
360
321
289
320
246
293
268
334
375
256
74
302
196
429
413
641
522
344
280
273
250
388
310
341
254
205
385
312
463
147
218
430
306
630
261
366
363
281
372
361
220
256
154
238
248
215
373
360
261
302
402
292
307
212
337
388
376
307
374
346
373
484
434
461
428
455
351
467
517
423
156
148
402
225
366
346
477
386
293
266
447
75
301
84
302
220
201
290
471
327
256
282
255
270
365
373
341
106
310
263
446
435
448
450
427
384
364
367
413
418
465
407
315
355
345
389
422
337
191
230
380
432
440
205
469
466
441
390
377
309
581
507
226
359
389
322
356
359
344
347
337
401
458
615
384
375
280
472
275
314
311
350
194
241
270
289
352
242
197
214
146
311
341
419
528
404
386
237
320
162
191
235
119
222
288
376
556
458
307
287
404
184
357
296
329
167
381
329
275
324
287
519
240
129
320
338
215
321
432
438
291
370
168
419
458
448
448
442
388
249
513
335
300
209
308
302
255
381
378
317
343
191
254
300
171
457
454
321
407
236
427
342
194
327
343
437
377
134
379
151
317
121
277
297
229
450
461
418
456
428
467
351
417
323
302
430
422
302
296
266
271
217
252
445
402
466
494
282
502
465
339
214
247
225
189
305
427
397
406
398
418
419
514
341
196
327
183
394
300
287
215
226
265
225
250
230
235
340
371
455
455
281
126
286
339
173
325
403
118
346
93
232
366
289
573
312
413
275
308
253
468
287
607
506
337
364
221
289
364
518
373
374
303
272
277
320
388
445
360
242
240
376
115
207
378
279
394
263
371
256
476
255
361
367
229
413
382
287
237
224
442
516
296
178
574
315
165
226
476
372
376
306
310
257
343
441
309
254
331
183
229
184
192
396
430
357
343
344
307
281
278
269
311
304
313
268
233
377
334
317
343
368
245
252
426
410
161
434
430
418
261
340
298
497
429
407
168
306
370
376
270
404
266
376
408
250
252
407
298
241
362
286
273
238
219
305
452
254
288
265
366
374
305
304
373
147
358
307
270
216
241
251
266
384
354
220
204
297
330
207
305
248
416
315
290
482
367
479
351
328
356
330
249
235
435
464
376
376
168
277
372
366
266
393
371
262
186
263
375
255
352
343
245
459
408
111
388
130
170
460
211
236
325
151
384
259
297
487
464
373
404
387
227
346
358
513
324
277
277
264
277
341
264
208
376
176
252
328
145
370
363
307
282
129
53
230
269
156
460
297
335
529
416
284
362
403
405
316
334
259
304
243
639
202
362
375
290
253
248
414
392
383
149
264
352
336
201
349
307
380
296
681
511
340
460
282
402
227
50
43
27
168
547
361
314
163
459
219
290
307
251
275
267
315
278
259
240
246
262
242
203
278
356
314
285
280
399
440
270
356
292
63
336
262
591
527
341
315
343
145
341
389
294
388
300
312
199
215
182
220
334
330
272
393
400
368
196
393
384
356
317
342
234
362
303
341
299
373
251
280
254
281
190
239
376
268
284
181
272
231
255
367
296
305
268
353
391
402
346
336
388
298
359
289
378
404
260
180
350
291
243
328
223
296
335
346
371
469
480
463
204
295
279
341
350
324
290
101
202
131
227
288
298
146
419
380
240
287
238
253
212
354
371
141
253
242
196
331
333
329
507
398
349
207
320
191
298
430
310
251
319
329
354
347
374
252
199
208
146
292
229
233
283
278
257
127
222
154
331
380
128
420
291
324
257
333
324
319
287
250
332
255
275
279
469
335
262
258
401
340
296
307
452
371
378
270
513
437
571
295
301
365
214
-1
197
202
238
199
256
342
320
214
247
318
166
445
331
353
322
275
359
317
286
397
314
393
336
341
236
463
146
187
307
444
347
289
209
292
489
492
514
474
317
268
291
373
464
470
364
334
303
308
193
186
308
291
231
372
291
283
230
237
329
290
258
291
182
302
128
321
257
240
252
342
245
304
287
146
198
243
338
139
284
244
152
269
252
255
315
287
244
431
405
384
412
379
210
225
194
253
308
176
295
134
124
291
273
265
204
345
267
234
208
367
375
287
304
362
363
361
162
332
565
475
648
335
259
352
209
371
304
320
211
236
477
278
252
337
186
337
278
295
196
412
288
128
182
257
352
229
303
215
303
221
249
267
203
233
590
373
400
196
203
296
196
228
176
228
176
139
224
131
278
281
273
187
230
662
264
510
359
242
397
301
252
194
201
237
232
238
434
219
333
275
171
573
385
258
206
459
301
168
326
279
308
189
291
318
286
367
293
397
341
108
295
268
284
433
425
442
312
285
272
497
249
187
318
342
363
234
379
232
140
242
222
236
249
299
308
335
218
226
320
194
264
216
367
517
466
326
234
497
238
170
180
232
485
197
356
198
225
95
367
276
477
376
619
216
187
423
436
423
202
234
447
315
279
180
246
184
293
230
54
139
196
216
329
402
239
240
225
457
291
156
297
213
250
270
423
134
358
292
263
464
266
259
182
149
252
174
233
392
136
266
223
202
354
323
188
279
263
221
198
243
147
235
199
246
244
181
259
270
467
177
253
515
451
276
251
400
229
220
300
260
267
285
297
326
201
294
302
239
251
288
167
378
257
248
289
191
316
202
323
305
290
256
204
41
291
344
270
266
208
360
365
208
217
272
240
327
255
161
309
213
360
276
230
439
249
278
173
205
226
469
479
309
284
21
26
208
171
206
217
263
266
122
299
202
167
151
217
418
355
177
193
239
165
261
258
398
215
293
203
250
310
299
168
214
224
186
267
186
230
216
227
282
467
237
189
252
434
182
118
160
364
296
299
263
142
195
180
185
264
204
297
271
338
170
383
324
185
395
165
124
240
212
184
255
185
232
463
186
140
172
183
187
156
190
122
206
403
157
263
267
328
330
263
231
208
212
235
203
50
283
373
78
262
237
111
179
295
154
92
401
332
178
178
214
254
126
124
125
237
141
220
305
242
146
222
127
159
183
219
90
143
65
216
325
206
224
256
201
295
217
366
195
227
99
217
203
205
76
202
145
256
455
165
132
294
120
260
146
73
297
147
189
188
300
114
142
156
158
137
266
173
178
66
255
42
92
166
248
88
185
238
267
198
271
190
223
197
167
172
78
149
161
144
169
105
193
156
164
126
144
144
188
145
350
350
156
122
99
177
152
150
221
103
169
307
90
138
101
100
109
86
199
158
44
110
149
140
89
194
146
105
178
193
158
153
105
57
117
148
83
57
69
92
118
63
114
114
70
107
82
269
270
