469
558
609
609
618
585
651
619
62
613
569
516
452
424
458
506
522
593
535
616
472
502
413
449
412
364
436
572
629
658
588
629
604
574
658
621
633
635
637
603
595
585
548
671
600
535
488
573
473
560
662
554
564
599
574
505
549
514
488
543
571
520
553
473
573
537
618
526
545
553
653
633
641
711
420
412
592
640
495
627
342
530
516
414
541
539
470
339
540
549
606
599
578
672
652
542
335
538
604
310
341
472
556
607
611
464
440
467
463
434
386
401
415
384
426
397
368
350
400
398
370
355
383
533
295
439
266
372
462
374
643
364
377
388
258
376
394
424
301
249
443
437
277
433
346
384
227
416
649
498
539
556
439
379
440
647
572
416
427
568
599
474
454
515
624
598
705
363
374
341
334
371
241
254
233
297
266
269
360
275
190
403
358
469
457
308
229
283
197
181
186
225
207
218
208
262
409
404
308
449
676
334
605
610
489
308
395
437
469
489
629
560
500
446
172
544
468
681
702
601
336
560
457
438
569
535
417
517
432
525
408
603
473
501
434
660
556
486
628
648
686
513
369
294
295
606
406
448
250
161
291
163
175
254
255
351
441
451
354
121
213
161
249
694
267
404
103
421
363
508
680
301
346
283
672
418
431
433
424
439
472
517
535
638
664
492
527
422
406
314
501
589
311
462
678
399
621
360
624
525
587
351
358
349
297
343
602
376
329
395
310
279
308
337
672
278
541
437
634
385
617
651
638
617
595
681
703
382
437
360
381
504
667
479
235
412
492
527
471
225
474
421
538
621
534
464
327
375
377
330
534
393
567
700
462
416
433
491
406
670
557
543
630
684
669
338
552
389
400
416
510
601
304
341
539
539
484
505
441
620
517
625
290
352
446
128
735
562
606
628
380
394
350
294
297
339
498
375
371
265
664
96
726
543
579
722
786
394
594
355
610
523
402
547
204
487
596
564
395
247
542
567
504
416
503
329
414
280
662
398
722
445
283
256
217
264
337
212
362
272
347
509
541
533
248
298
261
255
398
537
287
281
580
417
293
445
418
554
466
325
433
444
371
168
466
478
483
166
199
564
324
234
238
339
344
347
337
332
394
338
354
396
414
319
344
339
310
547
499
466
517
507
287
551
454
359
458
652
641
665
886
572
637
496
529
396
323
598
428
342
574
615
902
149
80
236
654
322
491
427
376
630
466
682
595
636
337
640
595
505
466
616
324
579
632
436
398
170
524
407
403
514
530
780
457
478
282
337
416
545
459
381
341
345
323
324
298
364
388
375
567
506
173
359
448
483
383
463
348
308
296
407
585
547
438
217
184
708
355
528
520
560
415
572
292
387
653
289
90
474
311
320
276
408
320
457
306
519
530
507
272
283
168
181
284
210
300
177
375
480
420
400
347
712
550
414
663
667
364
384
296
353
329
297
555
510
510
546
567
399
372
273
396
466
528
376
608
580
624
352
531
606
791
740
450
340
362
548
247
247
396
386
747
671
341
471
261
234
318
106
361
171
247
274
225
461
391
372
339
243
213
214
296
346
429
135
479
510
588
562
557
559
565
629
626
386
321
282
314
715
586
417
559
317
354
342
239
313
285
573
570
405
366
324
343
511
418
559
327
334
309
403
511
468
663
756
681
717
727
281
356
349
510
389
473
357
470
436
639
523
152
215
325
343
467
295
291
243
146
437
294
379
363
567
500
349
507
210
306
330
129
288
371
458
354
454
353
482
299
300
506
374
244
256
358
371
333
580
553
329
338
105
503
478
170
213
383
372
299
618
271
500
934
345
518
389
539
387
349
520
428
300
391
429
387
524
522
371
389
286
421
250
242
379
399
545
337
450
453
495
382
418
473
341
833
336
631
239
306
166
504
496
334
339
509
637
483
347
472
706
273
536
439
461
648
555
436
502
365
280
408
756
944
358
362
198
307
403
258
348
480
456
429
638
925
887
749
551
565
659
574
466
374
716
268
483
669
510
283
310
323
283
338
260
290
482
540
490
445
324
242
627
555
248
520
717
151
568
86
363
308
504
375
536
606
452
485
244
323
499
394
310
482
326
373
535
585
357
455
313
350
365
347
558
315
402
509
447
333
813
150
397
286
340
668
477
475
524
288
307
727
740
207
528
491
568
376
357
1008
311
808
176
365
451
313
465
710
550
520
442
452
391
469
298
315
534
376
290
210
265
222
540
485
447
585
452
462
455
446
426
440
581
655
388
348
285
518
459
471
490
414
344
591
644
341
719
605
726
390
477
422
314
290
502
234
773
970
885
449
568
414
703
534
408
343
1001
411
391
494
419
560
191
328
360
437
392
452
563
482
307
332
633
-1
212
801
290
500
295
438
370
406
874
250
395
345
607
660
241
431
527
342
417
216
731
342
448
496
528
511
696
461
386
326
293
651
524
227
237
473
724
434
547
577
438
301
499
415
329
473
517
282
489
519
155
545
126
154
572
386
442
506
211
664
375
432
485
304
475
662
496
319
583
631
629
390
441
400
400
505
717
284
276
529
264
333
430
164
479
527
460
258
157
89
333
420
244
402
242
549
300
324
444
768
744
742
243
345
348
476
360
379
310
583
512
432
357
358
316
660
707
195
331
296
725
271
493
351
532
600
460
316
430
352
412
429
361
47
61
53
253
311
679
614
318
803
287
541
561
503
412
336
412
379
418
421
394
413
408
371
416
579
479
644
233
626
463
359
678
462
105
398
303
397
332
628
777
739
185
512
595
452
298
394
495
311
373
325
362
253
248
554
322
539
277
462
495
459
447
386
594
393
571
412
403
425
244
456
451
422
348
278
378
700
642
416
251
371
296
306
444
516
729
563
533
598
344
474
443
327
666
753
348
511
568
448
296
484
614
272
707
291
687
495
319
308
506
527
253
335
401
598
712
700
450
406
152
256
184
356
451
350
281
293
377
391
458
373
320
419
493
569
245
418
370
318
261
251
370
283
269
296
467
376
288
554
348
462
347
430
541
558
237
251
364
334
338
229
615
230
311
420
537
453
174
381
199
332
788
227
277
446
555
394
264
267
255
259
367
730
500
412
570
436
709
341
427
473
428
613
658
463
615
582
368
416
423
422
260
257
516
291
373
346
269
412
496
505
587
561
311
230
564
245
343
462
517
474
401
495
389
336
333
512
444
601
529
353
344
221
291
451
319
337
380
476
641
318
369
342
335
266
424
318
282
294
328
537
247
378
577
260
245
624
501
427
331
434
460
383
390
264
564
472
443
294
429
208
675
502
536
427
276
355
371
434
239
318
299
480
205
565
486
271
558
352
371
241
488
347
503
278
268
551
646
348
309
289
593
551
215
232
196
206
507
474
473
312
674
484
384
367
288
557
433
561
486
455
720
285
247
333
253
375
404
355
481
344
512
644
388
232
304
318
400
485
501
187
295
488
473
269
290
433
220
306
328
671
263
409
282
369
310
318
341
339
351
370
567
558
424
351
317
332
297
247
402
296
212
272
187
465
463
483
253
339
356
426
519
765
446
563
275
441
287
380
473
441
417
263
294
452
254
252
437
775
518
269
389
489
292
415
397
528
314
269
355
518
425
589
262
635
187
502
392
633
417
440
454
322
406
403
371
344
285
319
349
259
307
273
189
302
485
319
344
373
461
397
270
428
300
535
316
374
315
421
363
487
488
334
365
336
224
270
286
361
255
277
309
273
132
240
563
281
249
299
362
282
282
248
311
182
333
224
377
523
320
351
238
364
289
50
223
283
326
318
281
337
276
318
409
392
208
497
327
326
453
253
220
276
517
434
339
573
382
262
319
316
253
251
241
176
538
335
323
260
526
291
363
357
435
294
431
214
315
462
378
367
276
297
458
309
219
410
316
327
453
401
299
334
205
441
521
517
196
197
302
159
486
581
535
293
380
366
571
467
285
501
289
398
304
323
361
218
346
306
64
458
291
290
368
282
378
368
430
339
378
252
324
487
256
469
479
261
523
295
298
216
213
209
271
375
252
259
222
406
18
33
309
294
341
322
212
588
338
213
285
271
215
370
255
410
270
273
385
358
368
449
322
411
172
222
312
398
235
252
353
497
369
431
359
454
370
336
367
267
522
388
509
261
281
188
244
278
333
359
467
285
325
261
293
454
259
236
200
401
276
253
332
329
249
300
167
375
305
381
166
199
286
359
339
295
315
343
237
231
312
160
379
218
241
234
430
256
257
200
169
310
272
359
299
112
370
263
122
187
193
168
347
236
257
221
279
218
278
362
265
335
227
216
193
207
106
208
221
454
229
231
195
310
364
355
143
209
116
351
244
371
354
179
444
232
334
238
300
279
176
236
226
369
116
237
177
387
285
225
167
181
288
221
135
208
168
273
298
300
345
238
205
265
255
264
177
242
218
100
360
72
124
215
156
144
290
398
216
280
230
319
380
328
251
261
102
247
273
234
292
160
276
286
186
232
226
188
293
169
235
233
286
141
137
293
167
165
337
147
153
219
122
252
79
144
150
91
127
199
96
141
189
253
81
319
222
142
137
166
240
90
182
77
141
116
143
91
67
128
174
112
93
92
146
77
122
422
232
