1047
1257
1228
1211
1147
1006
1382
1156
122
1180
1142
1089
1032
954
938
1017
990
1094
1054
1189
1014
945
884
921
809
781
922
1073
1172
1259
1191
1256
1391
1223
1360
1536
1562
1501
1597
1412
1456
1515
1326
1618
1443
1299
1217
1386
1192
1336
1595
1384
1423
1533
1342
1162
1343
1228
1225
1214
1375
1210
1332
1265
1271
1243
1539
1221
1304
1255
1407
1304
1364
1490
997
917
1358
1510
1061
1287
875
1139
1173
1039
1244
1183
1242
920
1237
1234
1456
1448
1383
1311
1290
1064
874
1175
1475
791
861
1138
1178
1312
1336
1136
1083
1035
1074
1086
826
1000
1010
888
943
926
839
816
1002
908
922
837
891
1258
754
1104
714
854
1141
830
1395
918
899
965
609
812
893
1004
669
737
1140
1054
717
973
788
832
562
917
1312
1122
1099
1210
1029
846
881
1374
1394
962
975
1254
1329
1142
1184
1012
1166
1307
1442
850
843
797
784
820
600
644
587
711
623
619
870
644
485
873
851
1126
1022
743
507
627
481
444
458
559
438
517
603
587
1056
1049
658
900
1232
838
1122
1127
968
695
889
1098
1031
1069
1228
1180
1056
1003
522
1260
830
1367
1244
1210
748
1332
1033
1031
1306
1317
1013
1176
1046
1190
825
1209
1012
997
983
1340
1310
1019
1433
1418
1280
1158
849
783
653
1192
910
886
651
482
589
401
434
693
710
848
826
1058
812
348
486
390
644
1290
656
861
311
941
889
1385
1577
676
834
726
1278
1001
980
919
925
1029
1083
1212
1164
1376
1309
1119
1030
901
881
691
1107
1213
758
905
1379
880
1111
728
1208
1222
1152
808
794
816
648
805
1289
766
703
793
596
576
601
666
1278
658
1105
1027
1242
811
1219
1448
1257
1268
1354
1237
1095
866
897
764
899
1151
1281
1002
566
998
1098
1089
1028
546
1118
949
1131
1293
1047
1046
715
1013
812
733
1020
906
1141
1353
986
961
949
937
886
1223
1068
1050
1151
1282
1210
760
1116
973
921
933
1270
1285
731
714
1130
1021
1139
1008
1055
1322
1027
1073
609
752
984
291
1189
1009
1372
1387
805
826
771
651
632
714
968
729
728
622
1158
294
1192
913
986
1123
1178
951
1266
802
1099
1178
870
1251
451
1149
1105
1213
845
589
1183
1043
1127
868
1013
554
896
762
1170
1057
1532
931
624
565
517
590
816
577
784
677
759
1075
1021
978
559
639
607
555
970
1181
638
622
1223
801
653
824
660
1225
1004
684
893
909
775
395
919
948
1117
378
488
1040
681
515
518
729
764
790
761
774
909
739
814
873
926
749
677
773
684
986
860
945
1147
1130
558
1022
975
772
826
1197
1192
1237
1194
1036
1312
1147
1159
867
790
1055
960
778
1280
1131
1332
392
240
465
1123
722
1054
852
797
-1
912
980
1385
1216
713
1168
1080
1061
1039
1134
886
1272
1210
953
860
422
964
885
753
1119
1011
1088
850
970
593
700
796
961
884
786
805
787
697
689
694
775
854
885
1102
1060
430
819
991
1076
847
845
761
666
644
828
1261
1151
873
594
484
941
856
980
935
893
912
904
621
968
1263
697
270
758
617
670
617
758
708
964
737
1031
988
916
591
597
470
455
627
495
590
460
550
847
810
744
853
1065
1001
768
1023
1016
717
731
710
773
756
815
1091
1013
859
830
822
875
659
600
808
1027
1001
769
1078
965
1272
681
949
761
1222
920
879
729
777
835
534
594
841
757
1064
1025
733
987
540
502
710
284
904
388
520
531
493
829
821
712
617
596
515
510
601
740
671
307
839
1018
1123
1062
1083
1096
1030
1138
1115
815
678
616
632
1058
1124
771
984
686
680
676
567
655
600
898
862
701
713
682
656
984
722
1215
624
597
707
740
855
702
782
1016
955
1067
907
597
666
643
791
807
900
703
980
1027
988
1093
363
508
594
669
918
598
586
474
352
728
659
813
746
933
896
804
1098
457
577
596
367
623
626
734
598
701
796
892
612
694
817
676
500
542
732
669
659
992
945
629
681
289
852
818
418
456
652
617
559
801
524
943
914
671
932
694
1247
747
608
899
700
707
637
709
773
825
890
572
767
581
789
551
584
590
673
960
635
589
840
740
358
756
859
667
648
554
929
495
597
415
986
927
610
678
774
944
717
625
750
765
636
1047
968
683
1038
1048
718
866
687
600
711
872
776
609
567
478
575
711
506
797
828
761
850
953
826
781
862
861
717
899
763
642
636
862
581
663
814
960
565
530
620
529
445
524
472
738
936
757
785
787
565
790
900
497
780
960
267
1066
263
665
523
949
601
968
835
703
705
545
613
917
630
500
687
574
649
760
893
534
708
560
659
726
628
909
562
585
864
686
742
664
418
872
529
770
1022
629
1062
829
542
704
852
805
406
659
663
895
680
543
628
601
716
433
553
990
620
729
761
1198
763
646
683
613
674
518
580
555
626
615
430
552
470
919
701
563
628
647
875
760
761
891
649
1106
662
620
657
502
722
589
744
741
636
833
639
1072
715
721
657
667
608
737
513
496
424
668
530
575
618
596
835
623
844
835
1067
804
748
687
829
890
959
773
760
381
543
536
675
783
634
612
723
475
701
872
630
477
684
611
798
611
748
546
735
643
511
787
635
804
884
304
686
634
601
606
466
681
675
603
605
481
786
704
507
721
638
521
619
912
475
490
751
765
902
781
599
772
610
769
510
626
545
964
495
653
619
471
638
267
401
679
538
740
946
469
744
651
511
517
465
536
568
706
505
608
797
798
574
754
642
553
853
564
424
368
617
528
537
561
361
542
515
918
507
343
225
581
657
511
493
474
644
438
500
497
615
596
591
511
720
567
408
628
497
627
559
476
828
518
532
629
660
579
338
460
504
455
447
602
524
705
568
483
318
554
582
546
539
557
163
197
143
440
410
685
562
571
603
316
713
770
488
730
654
560
525
640
622
644
606
563
446
588
741
852
559
450
513
430
482
500
729
291
670
571
436
331
696
647
688
405
714
573
359
459
351
638
557
477
504
681
479
482
313
480
714
549
643
627
817
772
695
811
736
649
377
500
418
370
589
403
607
441
320
393
483
560
409
494
511
456
394
529
391
666
820
466
559
562
742
542
503
529
478
556
631
425
408
567
697
661
436
549
309
513
812
410
398
443
440
419
448
516
622
572
561
468
691
280
291
188
696
531
421
580
338
485
629
576
337
465
492
498
564
567
485
539
478
384
399
431
390
429
413
594
595
403
920
463
696
491
567
398
457
454
384
448
383
365
492
685
514
417
416
674
605
340
554
366
485
523
525
449
508
422
647
357
373
344
403
757
693
806
516
391
355
667
328
588
421
395
731
727
727
524
494
749
370
399
401
406
360
443
417
367
395
343
776
454
611
541
503
501
479
895
343
475
553
631
539
477
535
449
530
400
615
517
840
564
655
436
487
376
421
456
389
402
440
428
435
312
317
335
376
720
356
363
429
427
474
462
349
707
340
317
466
456
307
403
375
446
370
403
411
448
611
521
652
655
344
451
490
562
289
432
401
558
674
435
534
303
560
472
490
750
487
536
453
688
209
489
387
761
355
390
419
609
391
395
305
428
420
418
409
315
333
416
639
346
271
548
538
507
611
499
377
403
387
299
298
669
425
302
337
372
347
511
541
647
703
846
450
714
423
431
321
710
418
513
431
434
530
439
398
263
501
406
475
272
601
396
455
311
478
403
346
338
330
511
301
656
531
400
635
236
583
377
373
420
427
288
367
182
673
668
417
508
642
286
654
518
658
702
396
448
555
322
319
558
426
326
357
450
401
410
407
361
499
399
331
704
783
428
379
467
419
659
460
374
428
338
666
302
511
236
741
419
406
408
408
463
311
566
441
653
300
397
337
385
387
417
455
258
332
581
290
433
366
343
431
410
320
599
624
378
476
269
352
348
438
406
496
309
343
274
292
250
505
478
388
436
522
300
358
597
310
241
314
361
303
263
272
347
332
293
245
510
474
248
374
310
391
354
136
317
434
330
379
350
448
471
332
317
592
288
561
454
321
413
257
409
490
347
344
339
367
569
488
223
424
367
306
276
340
555
336
238
260
332
403
289
333
399
658
398
248
371
268
615
375
368
420
600
423
418
335
334
345
387
330
343
377
326
331
515
496
297
303
322
287
555
521
404
384
452
328
441
396
475
568
280
428
392
279
453
275
518
348
128
599
332
429
393
257
649
351
370
253
362
355
509
386
329
491
305
273
324
369
258
248
378
224
422
591
287
264
303
348
55
69
639
625
403
358
326
603
314
301
359
244
231
630
310
270
245
407
339
306
359
500
371
278
270
276
300
523
261
426
591
455
357
438
242
339
422
234
414
258
510
329
418
385
464
245
208
367
426
363
479
181
362
564
419
451
298
367
336
509
412
303
364
332
320
547
190
450
564
436
278
256
334
294
312
243
440
291
274
249
233
156
332
235
437
306
533
312
312
277
269
229
307
228
382
136
494
327
219
292
222
199
302
303
243
346
243
188
516
406
270
391
200
234
209
375
240
148
257
613
252
201
218
230
457
246
173
192
210
358
248
243
417
215
258
370
298
208
318
366
139
399
353
423
115
249
218
436
391
234
229
220
281
244
129
179
212
288
311
310
443
323
235
248
252
161
190
272
246
225
367
79
133
229
186
135
268
404
297
270
280
380
363
292
225
214
219
213
236
209
253
178
378
233
287
201
243
186
271
177
295
293
302
132
98
320
185
183
370
161
254
263
126
231
87
133
170
100
127
226
154
149
173
198
90
316
179
165
153
198
211
110
164
85
124
122
148
73
80
131
183
140
98
98
155
93
120
886
273
