322
373
403
407
394
380
459
380
54
385
373
359
320
291
301
343
352
386
355
416
315
342
282
334
284
253
307
386
404
454
373
410
383
410
443
412
430
420
427
426
413
402
389
432
403
368
337
399
348
399
494
411
384
384
379
326
376
357
335
379
382
361
374
338
380
379
403
373
367
360
475
443
428
483
296
259
431
409
344
388
257
328
331
241
361
368
314
267
339
354
441
385
394
475
419
383
239
337
402
229
237
335
386
445
405
309
287
315
313
281
262
265
268
249
263
279
275
249
282
285
255
251
265
352
241
303
209
248
276
237
414
246
270
263
169
274
272
306
205
166
302
313
210
304
217
240
148
264
464
329
355
384
304
257
297
473
396
274
281
407
401
315
317
331
404
395
437
258
273
240
221
247
154
171
167
201
162
169
261
173
125
277
231
316
325
199
158
187
132
127
121
155
136
141
145
175
302
302
210
298
453
244
427
404
333
203
270
283
343
322
394
375
368
333
120
378
294
504
528
481
229
373
329
327
368
353
263
360
309
346
335
634
324
344
305
429
392
334
411
391
444
350
296
210
187
414
272
319
162
117
208
114
100
178
179
235
287
311
259
77
163
106
188
463
163
280
71
305
251
398
433
217
221
204
418
286
298
327
316
314
309
362
356
402
426
321
326
300
280
217
357
352
200
295
486
274
433
229
437
369
388
264
262
276
214
226
433
236
240
257
200
187
191
208
469
207
354
295
411
282
387
429
390
379
373
433
378
260
317
257
275
317
416
323
172
286
323
361
337
157
339
297
336
403
383
305
237
288
258
227
373
286
396
445
315
244
313
342
268
428
363
379
418
439
406
238
372
294
282
284
344
371
219
240
384
379
340
304
308
367
361
428
188
243
293
87
481
409
434
417
243
255
239
193
214
249
355
291
291
162
406
57
482
385
395
481
458
267
377
239
377
362
254
382
135
326
418
357
280
178
389
374
326
289
299
180
299
243
413
276
446
302
213
172
165
200
232
134
259
170
251
355
348
349
192
233
188
187
294
360
217
183
398
277
212
290
289
390
324
201
285
292
230
108
313
347
349
108
149
378
214
157
168
212
229
222
232
240
268
231
255
249
271
244
281
259
220
323
320
333
336
361
175
361
335
259
311
412
414
428
500
403
406
339
378
280
225
390
305
262
385
383
483
91
49
166
436
253
322
296
299
387
310
366
440
414
236
464
486
368
320
415
239
388
363
297
280
115
359
305
314
342
331
466
286
288
216
226
280
355
314
294
262
254
234
256
260
275
269
253
348
360
112
256
322
357
246
323
260
247
232
296
367
348
298
149
122
388
242
339
300
342
299
357
212
314
438
208
76
291
220
244
216
273
242
311
241
332
360
335
195
185
128
127
202
159
217
125
201
335
294
291
268
435
356
312
423
377
247
259
197
216
234
229
402
355
336
336
383
243
237
163
265
346
388
234
407
349
429
245
377
361
424
434
316
255
260
404
169
175
297
251
464
424
252
323
184
181
248
61
275
100
177
185
140
306
260
271
248
166
153
159
209
262
251
89
295
330
426
394
404
397
396
444
423
260
222
238
220
422
346
278
386
244
269
239
164
226
186
421
405
277
246
244
261
367
293
379
256
237
219
283
373
270
360
449
427
440
442
211
234
247
326
268
341
260
355
312
396
360
103
139
207
227
284
193
202
157
95
271
213
257
273
367
361
223
338
139
170
205
92
218
247
307
281
271
238
347
223
223
387
243
178
187
251
265
209
386
337
250
223
84
367
291
137
143
242
270
198
356
196
320
456
242
339
282
400
269
245
349
296
183
291
296
257
345
343
246
277
221
272
191
154
263
277
388
226
255
310
325
157
241
322
248
496
193
404
156
219
133
330
371
237
259
341
435
316
246
330
425
226
336
324
293
466
360
311
331
247
193
281
441
446
248
257
162
225
274
201
237
336
303
270
410
453
425
403
333
366
407
390
287
224
464
184
327
355
344
211
223
243
220
260
211
204
352
383
284
264
238
151
390
366
160
368
402
90
422
53
221
218
379
279
395
363
299
307
158
249
361
277
231
320
204
225
330
348
229
295
220
205
251
244
336
236
265
341
322
239
377
97
214
203
223
448
309
362
334
206
197
408
419
140
360
360
335
266
259
464
242
386
130
270
351
216
299
432
386
339
307
314
247
333
236
234
321
245
197
142
184
140
386
365
318
356
346
331
324
307
305
283
395
378
235
256
222
364
277
335
328
295
278
395
452
211
471
466
425
273
347
262
194
175
365
159
422
487
451
310
378
297
430
359
274
232
524
261
281
329
303
378
131
248
245
304
295
244
284
358
228
225
358
453
133
508
186
366
224
293
250
270
492
185
269
240
455
391
190
309
277
257
282
161
470
243
308
326
277
366
415
242
250
224
221
386
356
146
161
318
390
301
359
390
291
195
326
262
227
322
374
193
326
354
96
328
87
115
400
272
275
360
160
372
272
343
325
242
341
389
355
213
357
417
372
282
281
261
255
374
381
222
203
361
172
196
340
92
351
347
307
190
97
56
236
303
167
261
181
320
211
229
301
509
434
432
181
276
224
370
243
262
215
367
330
273
256
246
236
465
434
115
227
217
534
214
370
265
385
319
305
186
363
250
296
317
221
34
39
31
177
231
403
333
157
483
225
320
316
260
269
232
263
260
271
249
246
264
233
202
222
356
324
311
186
394
290
291
415
324
73
270
181
261
225
366
411
429
129
363
387
272
201
276
304
214
236
224
236
204
201
275
212
405
215
287
372
340
328
253
393
291
320
317
304
241
195
278
324
307
289
222
242
448
367
346
189
303
203
197
317
273
373
405
328
400
236
344
272
240
379
460
253
394
362
286
201
319
343
184
378
238
394
352
205
205
288
308
213
225
320
408
369
366
336
268
102
186
153
243
320
277
192
215
258
226
298
269
208
272
349
412
172
255
217
209
168
168
304
202
193
201
288
268
195
372
200
322
261
310
317
327
192
177
234
223
231
162
451
156
197
218
343
315
124
268
156
227
375
143
204
301
336
245
178
184
184
181
240
451
361
281
277
262
487
260
332
325
349
365
378
326
383
384
244
250
275
266
179
166
427
191
276
219
225
282
246
323
481
476
231
173
357
183
227
349
377
352
282
318
320
241
293
326
325
394
341
245
246
147
203
340
246
221
319
281
374
216
229
203
223
189
312
261
221
220
228
456
156
317
415
212
200
416
411
257
223
319
343
280
325
198
333
324
380
228
286
104
433
322
304
247
192
258
271
310
143
189
269
388
133
324
306
149
352
241
281
167
341
231
393
214
206
389
506
260
226
217
357
555
128
160
145
161
301
307
382
283
416
285
286
272
207
356
353
397
266
255
430
170
183
229
180
264
343
263
346
222
365
475
266
163
204
211
269
268
376
156
207
301
295
184
166
322
167
182
246
396
183
312
239
295
210
235
267
275
245
301
473
341
224
257
187
214
203
187
225
196
149
203
161
305
285
388
186
257
256
315
322
499
293
353
193
317
219
258
328
294
273
202
246
333
170
177
266
468
293
200
277
298
190
317
273
307
217
197
280
466
275
318
172
368
134
329
268
355
275
260
267
267
286
317
282
263
207
246
230
205
201
200
125
182
327
273
241
269
324
257
194
305
215
358
223
271
240
323
266
325
431
226
210
305
181
191
212
278
199
171
218
187
90
169
430
211
193
223
276
216
253
197
237
123
257
186
255
345
224
286
192
268
224
35
138
203
212
275
188
240
198
303
258
273
161
403
218
276
343
202
149
208
362
360
216
316
268
192
123
236
174
189
181
103
397
228
232
186
406
224
252
256
308
216
319
163
267
289
224
278
201
215
322
244
175
346
234
225
-1
733
270
265
157
318
426
450
152
175
217
106
323
342
297
190
282
235
434
359
199
385
233
304
226
230
286
157
212
266
32
327
212
192
288
218
271
279
288
296
354
182
245
491
187
328
286
208
388
232
231
148
151
195
201
259
199
183
162
295
11
21
224
227
176
199
191
358
149
163
202
213
204
275
221
208
206
203
254
235
272
329
249
290
132
179
269
295
186
182
282
341
259
284
293
291
288
198
272
205
369
318
339
242
204
114
219
197
258
252
330
141
228
170
220
345
209
165
165
295
206
208
308
243
214
223
138
285
225
256
139
147
200
253
205
227
188
266
182
175
156
127
237
174
193
180
302
190
190
164
144
210
211
254
237
52
283
199
93
156
173
133
238
164
246
140
226
186
186
240
222
240
125
156
134
150
84
157
185
316
176
149
156
306
264
272
92
189
71
258
173
326
270
140
242
184
214
169
252
182
142
190
201
269
94
211
143
268
231
194
121
148
217
176
115
133
135
202
218
217
256
157
139
212
200
171
173
188
186
59
287
36
72
171
132
97
208
309
191
251
203
219
258
211
175
172
60
200
220
192
219
140
232
223
144
182
211
160
225
134
201
200
242
142
105
212
141
141
273
136
111
179
105
166
71
134
147
113
121
197
50
132
182
171
82
234
201
133
120
136
185
88
121
76
129
101
134
82
76
121
149
76
98
99
107
73
122
307
172
