153
178
193
179
196
187
227
192
31
194
194
159
156
133
146
161
167
180
181
200
149
170
129
163
143
120
168
192
199
211
197
219
200
190
224
235
233
209
231
214
207
234
208
233
217
190
168
222
178
216
243
231
247
236
212
217
239
220
186
220
246
223
201
193
246
235
203
233
239
219
238
239
234
239
163
131
259
232
214
230
153
239
211
175
227
220
172
133
235
180
216
220
190
216
213
171
154
205
223
127
136
184
204
211
207
199
170
184
171
157
133
144
151
145
147
148
147
128
155
160
127
134
134
194
109
200
91
122
162
134
193
135
141
150
76
166
173
179
109
103
163
183
114
166
117
145
82
136
253
221
176
196
176
161
167
254
225
151
170
193
203
182
190
156
204
214
221
147
140
121
107
123
75
100
88
103
92
89
147
87
67
158
141
196
177
114
78
106
74
67
64
77
75
79
87
82
168
167
111
159
234
133
214
204
188
112
156
160
197
212
219
203
176
159
58
204
161
222
252
225
127
213
206
189
241
229
142
228
155
223
140
232
156
181
195
256
193
190
231
228
189
216
168
117
96
238
162
158
82
65
92
55
52
90
89
118
156
183
142
45
67
35
91
239
88
170
30
156
142
202
253
125
132
128
272
167
163
198
193
185
188
217
214
217
234
196
173
156
167
117
238
296
208
247
235
161
215
133
238
210
218
140
145
144
111
134
211
107
112
128
89
94
90
92
231
101
240
163
229
145
217
246
223
290
223
230
151
143
148
152
181
198
210
252
89
171
206
229
183
72
199
194
200
193
221
186
113
157
119
125
186
143
217
238
162
153
176
173
176
216
195
203
220
225
203
139
230
163
160
159
220
234
123
144
241
183
188
187
164
221
212
203
112
135
197
41
216
202
227
235
142
154
133
95
113
142
179
129
130
81
287
29
246
184
196
249
266
173
211
121
225
198
170
213
68
172
208
189
159
118
211
186
205
166
191
92
204
163
234
161
248
165
116
104
92
111
139
97
168
105
152
211
228
215
115
112
92
104
170
188
113
98
200
134
128
154
157
244
187
119
176
183
147
83
191
196
223
78
75
201
115
84
85
126
138
137
130
145
158
132
147
146
152
139
131
135
117
179
160
221
228
219
99
197
193
156
161
203
200
210
238
205
232
172
212
141
135
208
157
129
256
211
249
80
42
77
224
130
201
143
192
213
160
168
232
210
143
220
207
215
197
227
133
232
205
189
167
79
247
153
157
203
189
264
203
196
115
134
150
198
188
151
144
139
126
131
109
145
140
153
207
218
75
133
188
221
185
200
131
121
127
174
201
190
156
98
81
198
124
204
184
183
208
214
106
169
219
110
33
208
97
131
111
131
129
178
120
182
196
228
109
113
82
67
120
78
113
73
144
191
161
159
166
214
185
216
229
208
149
155
137
133
116
153
225
218
141
173
281
159
150
125
157
180
235
149
232
202
251
147
256
175
229
246
179
137
143
268
85
131
166
156
226
228
145
217
107
87
132
37
140
56
103
85
67
170
151
147
134
106
88
105
113
123
114
44
223
209
229
226
222
214
226
237
225
140
124
119
120
223
202
184
221
128
138
126
85
121
118
266
268
131
146
127
133
209
192
231
130
141
140
148
273
160
217
217
225
230
220
109
135
146
209
143
191
138
163
189
207
198
65
83
128
120
212
124
123
80
51
184
132
144
147
231
237
110
173
101
124
129
42
153
140
200
143
136
142
161
116
112
244
120
98
85
169
159
105
184
152
149
124
47
206
213
71
78
142
143
115
200
87
170
256
131
217
171
220
171
139
226
200
94
200
212
171
228
246
151
195
95
160
89
97
152
172
207
131
118
193
232
122
142
161
145
263
98
203
87
105
52
181
209
160
144
172
251
176
130
196
214
128
228
177
162
247
206
193
186
164
117
159
252
244
140
122
81
122
179
111
141
169
157
149
246
255
258
210
180
207
247
209
193
105
225
115
233
190
204
164
161
184
171
207
120
180
233
257
160
162
118
98
213
162
88
198
232
59
213
35
118
132
212
159
209
201
163
156
80
121
204
150
114
173
112
146
192
189
166
213
128
112
173
145
206
146
131
241
171
143
209
66
148
117
120
245
179
190
214
135
104
244
261
94
265
257
197
156
154
247
137
245
65
165
202
96
141
271
227
226
210
215
205
234
127
118
187
141
138
76
127
88
225
241
198
247
230
203
195
187
195
178
208
198
207
170
124
227
205
236
223
187
149
189
226
142
234
210
232
206
233
205
107
105
247
78
211
267
227
160
272
204
202
200
154
117
272
142
170
204
196
209
60
176
141
157
155
140
181
226
135
139
204
247
73
244
115
225
115
147
176
197
269
110
169
149
207
246
112
209
162
139
192
92
257
144
193
255
179
243
232
140
206
134
126
232
239
86
100
219
227
159
216
294
166
113
193
152
124
188
213
98
236
251
72
183
56
61
232
215
214
216
78
217
167
238
193
145
245
249
221
158
228
233
220
183
159
142
156
165
178
162
157
262
104
157
198
75
229
284
212
91
45
29
151
205
96
145
97
226
119
138
211
226
251
251
92
150
117
240
179
150
160
232
213
186
200
188
145
215
244
82
166
109
221
133
237
183
235
189
181
113
221
130
223
186
173
11
13
10
67
140
239
201
87
228
191
212
220
171
194
173
186
201
181
181
179
176
171
140
162
365
241
208
95
256
162
200
196
205
48
143
112
141
132
196
218
204
78
185
311
189
118
203
211
118
157
144
144
102
99
162
115
211
114
160
252
205
192
149
201
137
161
267
139
147
107
208
222
192
204
145
189
192
186
263
115
189
130
110
193
152
230
209
253
258
168
242
200
140
195
204
114
266
206
199
127
247
208
132
233
237
198
191
131
138
156
160
121
156
220
210
236
230
274
153
57
185
191
147
222
201
137
128
128
206
266
250
151
157
286
199
134
193
171
144
116
107
189
110
128
117
182
164
146
227
111
229
188
226
227
198
105
110
179
183
178
98
209
90
130
116
210
217
67
148
118
156
220
78
131
267
224
171
119
122
117
115
132
218
164
174
136
137
254
198
203
214
272
201
192
227
228
242
153
152
141
151
113
121
229
107
149
179
186
175
133
197
252
215
154
85
216
146
145
242
267
224
208
240
202
170
209
177
204
219
206
151
139
110
177
315
146
158
242
155
205
133
121
134
123
107
203
160
126
121
125
240
95
195
204
159
153
220
230
163
131
204
254
216
214
105
193
184
188
129
187
89
210
154
197
195
117
204
179
167
77
128
198
262
79
194
182
92
157
182
193
74
233
180
249
141
116
180
226
207
187
200
184
199
100
93
139
133
203
225
254
219
234
163
199
162
110
239
289
265
158
146
252
156
119
125
113
138
214
167
254
85
240
227
160
88
147
129
164
133
214
91
133
187
199
131
99
244
141
137
142
243
99
214
160
191
137
170
204
207
162
142
214
183
124
126
87
133
151
147
151
146
95
160
186
181
183
233
112
182
152
170
188
268
189
228
120
219
180
174
199
173
205
110
164
238
103
115
133
273
207
164
164
207
105
220
211
203
157
103
149
196
146
196
108
225
128
228
216
187
140
142
125
223
196
225
159
237
165
197
130
108
139
111
76
101
203
172
200
233
200
198
87
192
112
202
168
196
236
201
167
198
242
148
129
220
132
147
155
141
120
103
163
108
47
115
218
116
130
116
199
166
126
90
123
66
213
132
172
221
148
208
157
210
153
26
93
133
157
223
101
165
93
194
146
197
123
219
154
146
224
130
101
120
283
214
121
223
192
84
44
165
117
125
112
67
207
134
203
104
219
153
155
182
206
104
185
134
202
181
181
198
151
118
202
118
76
203
132
143
200
197
126
207
96
214
191
191
97
102
148
60
188
220
187
111
212
119
247
227
113
241
198
216
165
150
207
105
176
130
11
183
141
123
202
156
150
172
186
220
212
110
129
247
154
211
149
130
196
166
124
89
76
169
122
156
118
114
109
237
5
8
156
126
135
122
108
224
92
106
134
192
142
202
136
134
212
143
178
143
253
207
135
165
90
115
219
223
122
123
178
174
144
217
144
219
220
145
223
102
202
149
154
114
126
73
166
137
191
218
203
116
169
128
144
185
141
99
100
238
138
115
210
154
114
134
110
169
168
136
82
91
187
146
138
152
149
138
157
141
105
136
182
129
115
120
204
95
96
113
66
165
199
180
165
62
216
140
104
116
119
120
134
105
159
83
142
126
111
148
180
166
124
134
120
94
45
111
94
204
162
105
127
196
147
218
56
183
45
164
114
180
152
94
152
109
189
112
190
131
85
116
111
173
96
213
91
248
130
182
71
113
111
137
107
90
91
100
174
175
184
96
122
150
134
181
147
149
154
36
222
20
70
156
91
92
244
173
161
171
125
129
380
342
348
311
30
-1
454
420
439
100
177
436
84
386
171
129
400
111
123
122
155
159
124
201
101
99
164
113
78
128
101
98
61
303
117
89
80
153
37
125
182
263
95
163
119
120
90
85
149
76
80
77
141
78
124
88
79
129
145
47
80
80
73
57
106
152
116
