183
220
244
249
245
235
249
244
39
236
232
208
182
167
182
189
207
236
219
254
193
211
169
202
183
157
199
240
255
258
242
247
242
248
253
247
246
246
242
259
246
247
245
258
240
245
215
251
205
252
277
242
241
247
228
224
253
240
209
232
246
243
210
189
244
239
238
233
241
230
294
307
289
286
178
151
262
262
216
257
141
239
239
172
235
248
193
133
239
206
244
243
232
285
273
215
128
238
263
128
147
209
235
270
260
204
197
216
193
188
176
167
176
164
162
168
166
145
180
170
150
160
166
241
133
220
104
158
180
165
240
158
178
176
100
188
195
209
137
106
189
188
118
211
147
168
83
166
277
234
243
252
207
188
199
284
228
187
181
221
254
201
222
192
259
255
284
172
169
141
136
153
85
100
107
138
108
114
151
110
66
199
166
217
208
139
96
124
86
66
85
102
97
94
93
108
186
186
116
182
281
159
254
260
223
127
184
177
183
210
273
234
202
200
63
245
221
275
328
238
144
252
213
213
254
251
167
250
180
221
165
257
201
233
207
284
229
217
251
257
270
221
161
137
123
249
202
197
95
66
123
60
66
102
90
133
196
220
179
52
92
64
102
291
108
182
37
200
171
214
274
147
134
133
294
178
188
207
208
203
214
225
230
254
267
221
221
193
199
147
220
252
160
211
273
179
246
171
282
229
257
170
175
166
153
151
277
145
139
165
133
136
129
135
278
112
224
210
267
185
265
283
267
273
244
267
248
169
193
170
180
221
261
225
93
162
205
235
194
76
222
194
224
243
279
200
136
172
163
147
230
168
267
273
204
181
205
218
198
277
254
238
268
272
264
145
253
181
190
182
233
225
133
161
233
255
224
224
201
249
217
268
131
152
208
51
270
239
263
242
171
177
160
139
146
158
218
149
148
105
280
37
284
210
233
312
333
160
242
131
295
227
205
267
102
209
259
232
168
124
253
219
231
199
217
111
200
164
261
167
287
204
132
128
100
137
159
78
159
120
179
240
241
247
138
131
118
128
186
230
140
114
253
165
150
194
190
255
219
151
196
208
161
68
230
224
214
70
88
248
130
99
90
158
165
156
153
164
164
165
170
175
186
149
162
165
153
226
214
237
229
212
122
238
197
180
205
258
250
258
334
247
279
220
244
173
137
248
192
143
261
257
321
73
51
101
265
155
234
171
183
246
194
228
256
261
170
267
234
235
217
276
150
257
256
212
187
68
258
189
194
243
232
340
225
203
150
170
200
246
210
184
163
163
154
164
141
178
178
173
214
231
60
166
210
223
193
234
159
160
163
197
250
235
191
104
83
269
139
245
238
251
205
275
149
177
275
124
34
207
122
157
152
192
151
219
131
242
236
239
120
144
90
75
131
96
145
79
137
231
201
193
136
267
272
212
267
247
173
178
148
160
167
124
204
223
212
235
293
190
179
142
212
193
231
176
251
212
278
154
275
237
279
273
212
173
171
280
91
114
187
186
298
274
165
212
130
111
155
38
145
66
115
115
118
213
170
173
168
116
110
102
145
157
155
56
234
224
231
228
237
227
235
280
276
176
160
156
155
274
241
204
233
145
171
162
108
140
145
283
278
180
167
157
152
254
215
260
167
189
128
177
258
197
280
282
269
287
285
126
163
177
255
164
230
182
221
191
257
228
72
105
147
166
224
171
153
112
56
204
159
156
176
245
247
146
209
90
168
173
50
135
180
233
187
191
178
197
145
118
263
161
127
109
174
166
154
249
219
177
154
47
221
224
77
98
168
181
158
292
133
199
316
175
225
183
243
195
166
230
211
119
199
210
190
246
273
204
215
131
176
122
107
196
195
228
173
146
221
251
152
193
215
172
341
123
257
112
129
70
226
244
168
164
198
274
201
168
213
278
124
234
221
194
298
241
211
239
173
133
188
328
329
160
167
96
159
190
120
160
231
206
187
272
316
309
306
223
285
316
258
248
153
300
122
262
262
243
137
137
160
156
173
123
155
219
252
191
195
146
83
269
232
125
254
273
65
249
35
122
154
254
206
233
227
200
211
123
160
239
185
164
209
135
174
253
226
204
225
146
128
168
171
239
160
184
236
218
159
260
72
171
148
143
287
208
193
247
153
126
275
302
112
283
284
221
178
191
342
158
301
76
182
185
116
180
312
246
239
214
245
226
226
164
141
241
164
141
106
129
97
224
260
257
288
252
238
211
216
199
227
261
280
182
170
153
242
254
246
241
209
152
250
262
135
325
328
370
219
257
226
150
135
273
92
305
340
325
183
296
203
253
222
164
144
363
160
184
219
215
270
97
165
194
186
201
185
220
202
152
143
235
355
70
275
138
259
105
197
204
205
337
134
168
170
260
263
115
216
222
143
208
123
361
161
204
250
228
231
303
183
194
162
177
303
243
106
121
226
268
180
260
313
216
119
238
177
145
225
250
119
254
267
73
210
51
67
252
192
216
232
82
257
181
252
235
187
256
317
252
179
288
286
269
209
192
176
172
213
247
146
149
261
120
188
205
77
253
304
227
126
70
28
185
221
110
216
119
265
153
155
224
311
306
303
125
167
135
309
178
180
165
307
292
198
187
172
156
323
314
112
188
149
330
142
246
189
239
282
208
148
242
170
240
224
168
15
24
20
81
183
262
244
85
391
169
266
259
221
200
173
226
222
189
196
184
186
181
146
168
271
225
284
116
334
205
224
280
202
45
166
128
188
169
254
273
265
91
220
342
253
155
223
213
155
182
167
168
128
124
207
132
239
139
197
271
214
197
168
250
156
216
289
204
203
144
206
277
214
240
178
217
286
256
296
141
226
170
158
235
228
299
260
302
317
195
245
213
175
242
292
140
281
303
243
149
224
239
160
323
219
273
203
157
171
209
229
157
175
242
255
312
303
278
206
87
158
147
165
222
233
132
175
165
185
223
223
198
218
282
282
125
210
189
153
129
133
220
157
163
149
220
206
164
265
154
243
208
235
323
250
106
132
192
210
192
104
264
111
162
183
252
241
80
173
92
173
287
116
145
267
281
175
145
147
143
135
166
288
187
237
178
166
300
220
214
237
307
258
255
229
300
300
181
229
217
224
123
129
331
125
219
180
155
199
202
258
343
325
159
113
235
125
171
233
247
239
221
261
242
172
240
235
212
281
277
191
173
117
138
338
161
199
251
207
242
159
163
175
156
136
208
190
157
153
175
342
125
267
249
144
148
331
288
229
170
216
230
187
211
133
320
227
296
123
194
122
315
188
254
271
142
238
176
191
106
154
234
272
84
312
212
112
201
206
208
106
253
233
248
158
154
252
355
220
179
187
244
304
115
130
107
106
268
243
399
259
282
230
199
207
134
366
310
391
243
247
335
139
136
177
133
223
246
181
259
128
249
345
188
105
173
188
195
206
243
74
155
256
255
125
134
221
117
150
235
314
124
250
217
220
156
198
204
193
151
200
267
208
185
144
133
172
174
119
204
156
109
141
148
206
200
280
132
188
225
215
220
321
193
310
137
228
176
239
233
300
278
141
142
288
118
146
191
335
236
181
193
209
140
279
224
285
136
135
184
253
183
220
136
321
106
248
217
246
181
185
180
268
224
211
188
258
172
216
164
132
150
153
94
154
257
204
201
222
300
183
127
304
131
247
182
211
235
303
227
286
372
169
181
219
126
149
180
179
124
128
165
139
52
142
244
143
165
157
208
180
197
163
191
89
252
170
184
245
205
196
123
225
171
24
111
134
165
213
144
189
136
201
202
207
131
238
158
176
277
178
102
161
364
280
142
300
207
122
92
176
132
133
159
96
257
180
246
156
320
163
234
218
227
137
246
118
221
230
192
200
139
157
214
158
106
253
182
175
272
273
150
211
114
284
232
244
125
126
179
73
218
264
255
169
222
207
361
317
150
258
197
230
187
180
228
136
201
179
23
221
169
120
197
191
168
227
253
288
263
150
150
287
133
234
212
149
266
170
206
101
107
176
129
188
162
164
124
273
8
6
150
121
150
144
128
302
118
123
150
210
180
193
168
163
204
154
217
217
262
224
167
313
91
148
201
209
156
106
189
226
190
215
284
287
214
171
248
156
268
196
234
132
161
96
194
128
207
236
224
117
170
105
168
232
166
131
111
227
121
130
219
175
156
158
108
205
149
181
82
123
198
218
164
198
131
140
117
137
135
121
198
153
144
146
208
135
136
123
86
214
169
220
171
63
214
168
74
119
135
90
210
119
213
107
188
170
122
173
191
173
105
137
99
118
52
146
122
211
167
124
137
296
185
-1
84
179
56
213
144
344
205
124
190
127
194
141
188
153
133
147
130
197
74
234
106
196
143
198
94
129
127
169
123
116
118
127
149
152
209
123
114
166
160
216
164
162
159
41
237
43
88
154
111
71
185
209
169
202
141
165
240
190
177
170
52
218
219
213
225
134
187
236
104
202
194
115
223
112
150
149
189
148
133
192
129
129
180
137
80
150
87
123
65
137
128
97
102
155
43
139
178
161
97
188
183
114
99
110
172
102
109
82
145
100
106
92
68
140
138
57
86
86
66
78
104
175
122
