418
513
531
489
507
478
573
495
64
529
487
446
403
353
407
431
460
504
434
566
407
449
372
366
334
327
395
508
540
553
560
548
531
575
619
643
670
634
662
617
618
648
596
686
674
593
543
614
484
594
715
643
650
601
655
568
613
614
552
585
616
578
577
549
615
614
641
614
620
593
653
597
666
659
422
361
641
712
534
612
429
594
576
396
623
666
456
357
596
518
673
576
570
596
573
480
355
519
640
328
352
469
514
608
610
482
433
468
470
415
348
403
397
398
408
391
393
355
396
420
371
407
378
550
338
510
290
390
480
349
592
375
358
377
249
397
437
438
288
260
484
474
296
460
335
382
219
412
540
565
511
564
486
401
409
644
651
395
426
562
644
486
483
444
525
603
628
402
396
349
325
335
224
237
229
320
251
245
379
258
196
417
319
553
446
248
223
304
205
179
188
227
191
208
205
232
422
428
233
406
533
368
558
529
455
285
403
496
517
501
625
618
430
460
169
553
419
635
651
601
348
571
519
515
603
577
468
642
524
616
294
550
445
502
489
697
597
482
700
644
604
585
402
310
237
682
462
388
225
171
220
138
147
214
275
388
409
439
350
116
197
129
284
624
252
424
87
434
463
565
710
318
361
258
763
436
447
493
477
475
546
580
566
673
683
545
455
408
469
279
540
574
279
417
575
394
537
300
609
542
561
349
348
342
264
352
613
289
282
331
254
243
237
261
610
256
621
499
515
364
546
641
540
613
639
628
501
379
378
363
437
517
587
458
248
442
535
631
540
197
536
472
532
627
542
508
251
418
329
337
482
421
617
617
465
416
510
422
427
578
510
496
514
564
566
324
613
489
468
471
541
628
307
324
675
548
538
502
467
610
594
530
264
376
504
86
605
497
631
692
391
410
355
285
282
381
476
369
368
223
747
75
646
470
476
603
652
458
560
343
570
585
434
640
172
554
538
566
417
288
631
458
554
427
505
236
457
418
653
470
723
445
260
227
227
264
336
191
350
277
380
559
652
655
261
300
271
254
429
508
275
253
590
317
301
376
374
636
503
272
433
460
355
138
540
506
509
153
208
432
341
243
233
375
377
345
341
337
401
338
360
430
417
299
336
376
269
549
422
581
571
572
245
466
446
367
432
570
545
616
632
539
566
551
549
386
328
461
437
382
576
647
694
128
106
165
543
326
558
385
435
608
411
451
630
646
338
547
556
611
595
534
332
596
621
501
447
155
659
381
365
538
488
682
515
504
296
375
413
658
559
360
336
351
314
337
283
355
420
386
624
620
161
409
526
508
446
524
354
296
304
423
529
508
406
248
198
531
350
519
513
527
446
483
321
457
564
312
161
560
246
325
287
366
334
452
407
470
473
555
250
255
171
146
266
203
299
195
351
545
421
356
384
607
520
526
624
589
404
447
302
313
368
358
651
646
413
458
663
385
379
250
434
585
595
407
612
652
674
301
656
441
697
690
455
322
348
703
188
270
424
364
658
604
372
506
256
235
296
95
400
118
228
241
367
495
351
356
347
261
231
238
302
373
375
136
492
551
615
581
584
568
553
597
553
408
343
313
308
648
590
490
626
298
402
357
269
339
293
645
626
347
410
342
324
627
490
602
365
357
353
407
662
458
578
649
593
649
549
258
310
379
543
361
390
357
438
492
522
647
145
231
269
301
479
296
283
220
143
476
320
354
357
637
579
342
451
246
291
322
132
278
378
514
351
422
394
415
275
296
654
332
235
222
394
420
307
415
385
343
304
109
478
499
178
175
319
421
339
548
233
434
712
349
576
468
563
442
374
635
547
304
512
503
434
537
599
389
515
244
458
248
224
463
450
539
380
288
488
540
319
427
472
370
560
289
509
247
290
155
536
440
408
353
545
661
508
387
578
552
356
538
481
470
638
594
560
489
441
314
416
690
565
311
294
209
287
470
236
370
416
389
387
578
715
688
624
656
527
800
645
566
285
565
264
520
512
570
310
290
293
248
280
270
268
537
622
424
428
335
262
464
456
250
521
652
139
602
68
400
331
540
427
581
571
495
453
244
309
539
348
360
543
346
364
471
493
406
516
348
310
408
369
591
292
328
622
403
320
517
152
416
269
360
644
366
563
512
292
295
646
651
185
681
660
529
503
495
625
340
579
156
428
516
298
348
745
591
581
483
487
431
530
346
339
460
420
317
167
300
210
553
576
530
804
548
526
509
481
449
510
546
499
355
386
292
570
425
563
561
477
372
678
611
324
620
567
624
409
607
554
302
283
676
199
537
589
600
365
624
420
484
580
441
322
628
405
396
469
507
456
156
296
349
382
420
391
436
561
389
317
511
583
230
515
263
516
291
338
447
433
660
285
400
344
502
631
227
521
412
322
456
248
672
337
475
554
540
613
510
407
419
306
303
928
555
230
225
518
588
527
621
569
491
330
458
358
345
550
562
268
614
618
136
462
108
144
560
485
487
586
179
866
446
500
586
360
494
705
517
369
-1
513
600
443
403
376
386
388
504
245
266
605
253
310
520
174
513
564
517
269
122
65
395
503
243
417
227
646
356
376
569
539
587
587
234
387
330
425
386
390
327
801
599
513
340
371
304
503
544
234
391
290
444
342
589
448
634
436
474
315
462
308
507
504
381
30
43
43
156
359
533
436
290
570
233
595
540
561
463
327
440
444
480
472
463
445
415
329
431
537
493
477
195
683
552
484
446
512
139
333
256
385
327
637
475
510
177
714
651
452
316
428
616
314
430
382
415
292
290
364
256
482
300
390
564
491
483
362
531
371
476
468
469
441
277
471
387
569
422
357
447
420
435
442
362
451
255
275
451
392
509
499
616
725
338
505
426
415
409
440
340
573
483
548
295
498
500
280
615
249
474
505
330
359
391
349
325
360
452
521
643
625
461
380
153
217
164
339
519
361
293
323
293
337
395
315
394
384
475
524
285
418
377
326
245
244
382
289
299
301
489
384
309
530
274
449
418
463
420
656
251
223
345
322
345
178
453
208
260
326
500
492
138
382
209
391
532
231
322
482
511
391
231
247
238
238
374
554
367
433
361
273
522
334
489
561
475
476
488
529
537
516
362
352
397
399
220
228
436
322
346
321
269
381
388
437
508
447
366
239
542
258
353
566
588
503
454
484
416
415
395
490
443
507
552
381
359
220
278
432
330
377
458
353
380
296
271
262
253
325
478
387
316
328
301
445
220
404
477
209
199
460
431
422
326
415
462
375
409
299
475
409
415
343
412
216
397
355
452
381
297
354
474
529
217
304
388
531
219
449
449
264
380
379
448
151
495
412
571
354
298
419
517
383
289
266
396
392
297
246
176
181
548
620
386
292
511
401
425
459
246
479
469
461
345
332
533
261
242
430
334
335
495
431
608
306
631
395
369
199
298
387
402
322
560
184
335
477
450
365
261
434
232
297
338
526
241
510
304
447
300
369
332
334
378
266
562
466
307
289
187
306
292
244
371
373
219
247
147
436
439
438
281
445
331
465
394
560
429
500
253
465
220
327
345
340
339
304
324
578
207
248
288
555
471
281
365
470
328
556
424
429
312
276
486
384
282
494
347
454
160
575
395
366
286
324
334
329
478
386
432
358
330
418
268
262
328
261
166
271
416
323
356
356
391
390
221
314
266
435
303
371
325
360
307
390
394
338
309
335
189
231
213
333
262
258
321
283
136
292
449
293
247
283
415
292
237
219
260
156
406
256
445
441
244
369
215
379
281
41
197
253
310
352
270
423
252
331
270
416
202
624
351
279
478
263
299
282
414
358
269
424
413
205
201
372
252
242
238
175
426
405
380
303
428
338
390
406
360
342
342
172
369
279
395
342
276
286
508
270
205
357
274
321
357
325
249
401
218
364
395
410
228
224
398
143
552
517
406
251
377
262
511
392
322
445
288
385
317
275
451
225
370
306
74
493
281
253
359
321
447
333
370
364
347
302
316
348
217
449
292
262
340
301
273
200
212
218
245
509
280
250
249
465
14
6
395
264
292
314
273
434
253
192
290
304
227
438
229
265
271
305
490
266
408
492
260
302
143
269
312
439
244
248
516
328
280
440
269
377
357
242
462
256
373
251
314
300
295
156
262
293
406
407
444
201
296
261
392
372
253
197
217
404
275
260
349
263
267
229
164
296
313
304
188
197
310
283
249
248
290
222
218
170
215
113
325
273
310
248
446
203
204
186
125
272
253
290
310
105
387
261
126
187
182
142
216
272
242
182
255
250
303
240
329
315
153
189
173
221
79
165
159
498
222
248
181
244
295
288
113
261
110
333
229
262
272
226
294
200
273
206
253
272
159
284
275
341
95
245
174
432
297
239
123
186
187
263
112
262
165
205
279
280
363
176
201
268
189
227
183
197
216
90
371
40
96
213
162
116
294
341
213
263
233
281
341
275
222
202
89
228
247
234
263
149
312
246
190
220
278
156
258
165
238
234
257
170
148
296
143
142
321
153
154
207
108
180
75
147
161
112
129
216
84
138
212
194
103
275
197
138
143
153
211
106
136
79
148
122
168
86
80
156
188
72
98
99
110
75
131
380
187
