528
629
640
627
609
512
689
590
78
624
587
553
510
469
483
515
518
551
511
614
493
484
462
448
423
441
483
541
627
648
643
619
645
688
812
809
836
695
769
636
665
709
700
710
689
626
595
628
563
604
825
734
822
720
677
743
758
678
779
848
844
648
841
646
705
723
773
691
738
679
771
712
785
754
520
467
721
744
583
644
527
742
741
604
798
747
563
546
692
570
728
692
666
703
622
572
422
551
665
422
606
659
553
652
647
585
661
591
592
719
487
541
567
504
530
644
482
490
512
587
552
490
436
645
408
600
357
586
589
560
648
648
616
649
431
488
513
513
459
397
666
952
366
529
456
523
359
544
680
603
552
564
535
463
466
693
704
584
570
753
708
560
568
630
585
662
721
525
514
465
506
493
327
351
383
456
345
369
470
378
317
509
555
518
527
401
316
358
274
247
275
327
268
404
313
326
492
493
281
472
589
665
595
611
507
386
644
691
783
624
749
765
530
544
256
613
486
727
709
710
463
616
659
631
641
606
543
600
707
638
421
636
557
608
574
779
636
584
702
735
758
681
744
532
441
752
733
466
322
301
298
213
249
322
318
434
444
548
477
187
305
207
540
672
384
541
175
570
477
653
734
428
557
487
752
468
475
463
452
476
582
669
554
688
645
695
522
498
433
447
642
654
436
589
680
591
558
396
650
670
599
607
601
617
452
565
621
398
388
423
323
330
347
379
619
276
676
545
582
422
554
657
600
658
611
666
567
466
432
427
471
603
648
579
378
557
573
632
735
246
636
532
622
632
561
682
350
658
567
453
636
679
694
612
522
484
566
492
465
680
511
522
604
585
590
459
615
561
470
495
565
598
668
648
662
520
518
619
633
630
681
592
373
826
545
225
562
510
643
677
496
522
468
364
319
446
549
393
395
387
619
194
676
507
522
599
599
458
634
427
585
626
484
545
262
609
560
560
598
332
570
534
513
494
537
363
445
399
562
563
592
499
574
510
407
562
747
357
574
561
445
598
604
586
486
529
466
476
766
661
397
284
601
381
655
422
361
629
584
441
535
514
452
217
510
489
628
299
378
533
808
632
608
1029
1053
1125
998
746
934
745
691
511
640
370
415
453
360
533
441
530
528
720
332
437
466
396
468
578
580
630
588
504
587
612
564
470
835
519
552
847
620
522
585
269
93
220
564
678
563
458
442
574
483
435
621
556
427
597
612
534
552
538
526
552
567
475
484
229
616
576
479
478
398
572
440
475
403
464
479
629
704
566
597
588
521
591
448
573
496
755
651
579
342
512
502
617
411
504
558
601
617
543
593
528
906
287
221
521
801
430
396
427
464
469
426
585
555
418
192
415
317
575
567
741
674
515
483
464
412
458
504
614
468
353
586
377
520
296
310
537
472
774
474
482
541
388
485
483
405
404
336
395
435
393
531
519
432
442
511
458
355
342
449
664
594
452
567
560
585
607
467
441
546
454
468
573
652
430
264
294
486
391
502
473
867
688
511
447
806
157
489
187
534
356
339
498
744
443
336
395
361
422
482
435
397
188
443
482
600
563
557
559
544
516
482
500
919
466
615
449
497
462
498
490
499
454
352
371
707
486
482
347
1069
609
790
496
394
553
626
508
387
376
427
442
459
471
445
484
440
581
603
645
429
685
447
523
478
581
462
573
482
664
367
367
451
341
332
271
218
436
842
814
651
496
492
488
592
215
337
349
242
394
332
421
563
476
461
464
546
371
421
403
390
273
630
505
377
483
481
571
383
237
446
393
379
500
580
459
361
419
285
586
449
460
532
517
572
421
618
419
350
364
354
360
455
428
450
304
461
307
379
401
294
580
420
466
951
379
604
384
257
412
410
880
334
234
431
282
725
230
437
474
354
645
721
547
606
629
640
373
657
441
523
492
572
509
384
439
363
335
443
454
381
747
492
346
586
582
572
412
405
369
381
464
454
432
454
580
409
449
559
381
365
383
350
347
385
478
347
329
385
345
283
430
312
485
445
624
630
444
256
379
438
319
429
397
159
474
226
309
733
411
550
500
411
349
351
373
494
405
666
420
413
-1
397
371
527
462
389
805
647
423
327
436
408
443
441
332
401
399
216
400
427
692
482
291
608
367
630
468
460
432
323
396
396
437
334
285
366
741
358
369
464
505
277
342
463
556
418
327
346
307
343
659
701
313
503
318
510
319
336
477
412
355
339
347
439
431
419
491
360
508
364
389
394
378
395
335
389
383
310
416
420
536
301
358
385
344
314
386
278
632
520
361
318
276
329
307
408
355
428
397
585
348
573
331
526
415
549
395
331
261
299
320
469
409
390
336
436
620
655
419
326
281
347
444
322
304
373
294
413
370
555
410
308
400
432
260
354
321
667
364
387
363
433
491
353
258
370
375
273
352
610
461
398
506
268
591
406
334
443
453
357
435
281
333
390
369
356
456
305
395
378
244
375
184
289
408
245
324
486
294
396
363
258
386
354
361
305
461
288
346
449
519
327
361
307
266
428
322
269
249
343
302
257
336
205
352
288
491
325
193
105
305
356
277
388
438
305
465
591
288
339
358
359
367
384
455
255
353
531
321
309
313
424
317
346
602
387
340
204
271
377
253
246
331
293
419
316
468
438
302
638
285
391
301
95
104
88
278
388
346
295
316
360
161
394
426
253
377
374
326
258
338
328
353
322
302
240
309
418
464
284
355
300
331
271
300
380
122
575
573
347
301
415
330
362
251
418
332
184
531
260
338
314
249
239
385
395
392
223
389
450
537
308
356
489
475
506
383
398
304
212
403
267
457
285
176
302
235
177
223
268
306
217
331
273
253
245
346
257
318
355
255
312
398
376
300
540
293
257
652
359
274
242
275
439
308
263
319
189
253
431
539
275
316
299
575
254
286
286
340
305
251
389
175
195
116
327
274
255
373
285
333
365
326
201
256
263
271
317
308
275
254
246
392
527
241
413
484
527
308
317
213
413
461
365
251
309
231
257
425
379
250
205
193
234
330
540
225
264
313
294
169
287
205
380
289
279
503
276
243
345
367
425
412
428
394
331
376
303
237
305
316
212
302
267
225
287
319
452
310
306
388
375
265
311
445
410
242
217
364
201
199
377
233
329
315
277
240
300
450
200
498
345
356
332
240
304
290
286
252
349
347
435
315
329
380
284
206
226
607
269
225
240
231
477
341
385
389
571
435
244
586
366
549
261
399
234
357
229
195
245
255
172
405
214
257
210
217
485
211
298
262
339
328
206
254
291
293
180
451
226
313
417
280
260
181
298
240
269
324
297
277
254
375
194
251
231
397
454
572
305
323
204
278
186
250
226
273
320
235
184
227
312
216
162
298
277
270
320
396
213
217
216
195
211
356
263
312
315
404
302
290
285
324
357
476
229
412
434
219
295
420
220
316
284
431
304
255
204
307
265
219
244
180
309
362
282
188
273
240
166
215
187
316
274
379
341
190
268
171
347
201
189
240
231
165
250
102
353
368
231
256
346
272
335
417
340
331
253
291
289
201
184
277
214
187
445
270
235
439
229
327
279
217
177
432
348
198
221
234
222
359
566
298
251
222
345
470
279
142
366
232
210
361
411
435
188
311
221
535
177
205
256
348
300
222
452
300
124
259
171
223
196
198
241
318
193
308
339
187
251
157
235
336
277
220
298
303
171
165
183
176
374
294
566
224
322
196
412
302
334
266
338
242
171
215
229
352
327
175
241
318
255
139
220
183
229
209
114
183
222
184
220
419
247
303
188
228
318
171
303
236
226
212
259
212
311
190
211
381
210
311
277
100
256
195
255
247
221
281
191
150
342
205
204
197
195
219
320
212
153
221
131
308
225
205
252
317
339
245
183
348
390
204
181
371
211
220
212
264
248
273
269
225
484
305
269
218
232
259
167
237
212
298
290
165
249
202
351
256
392
279
239
75
366
249
349
258
140
416
217
217
156
199
227
630
207
190
260
155
230
192
217
262
369
293
149
237
337
293
308
437
189
28
35
361
266
205
196
211
269
167
222
187
135
133
330
292
200
146
209
176
142
192
251
306
160
363
167
190
276
202
212
311
239
185
220
133
203
218
162
225
224
250
171
211
392
259
145
120
463
274
217
252
116
201
272
223
235
174
298
291
270
194
440
268
167
297
280
110
208
290
262
227
169
178
275
150
112
205
144
205
124
114
88
195
276
272
350
284
260
263
228
215
112
178
133
224
62
264
272
139
280
188
137
145
416
138
144
183
162
311
199
182
265
145
128
157
264
161
151
224
312
128
147
117
127
221
135
99
113
128
199
308
125
228
320
157
288
152
183
185
205
91
246
240
216
58
123
121
250
317
130
108
220
122
153
109
89
183
142
176
175
256
160
130
159
146
98
139
156
133
115
198
48
63
125
166
104
163
221
199
155
216
208
196
138
112
131
141
112
120
115
126
97
208
119
180
100
110
110
146
122
211
208
150
68
58
167
116
114
221
65
217
198
87
120
101
70
105
52
148
132
79
86
99
119
44
153
108
82
145
208
125
118
151
41
65
94
78
40
40
63
118
53
78
78
74
65
70
468
290
