349
417
451
433
433
416
484
444
65
453
421
397
341
294
359
389
402
445
391
483
357
424
309
330
281
287
396
424
464
496
441
480
456
534
520
510
537
489
533
509
465
510
499
526
520
484
439
534
372
578
576
496
447
458
460
414
463
449
419
439
485
498
464
344
488
437
487
468
460
449
577
556
525
583
394
298
511
494
394
479
260
413
408
302
427
432
333
270
433
414
552
451
474
524
500
398
238
432
492
237
279
385
480
583
473
380
358
386
375
344
323
306
337
300
312
331
340
277
314
362
286
301
288
459
271
421
199
308
345
302
498
314
308
325
197
372
399
380
279
186
392
373
253
375
290
306
158
324
511
484
458
536
466
378
418
565
483
335
354
465
530
376
374
386
466
486
497
308
314
274
262
271
161
178
198
240
207
209
306
218
129
327
304
483
492
206
171
255
151
119
147
185
157
162
161
211
355
356
206
379
450
312
467
454
440
231
345
398
410
388
495
463
353
433
130
473
396
547
619
491
264
467
433
404
472
437
340
539
337
416
295
484
428
469
458
507
482
396
485
485
533
410
362
243
244
518
317
359
188
133
207
128
123
184
180
262
372
364
318
87
161
118
205
538
219
337
78
388
330
420
521
255
271
224
489
451
462
519
504
460
393
459
434
507
519
406
394
360
438
264
430
436
218
387
523
325
493
324
734
437
467
316
310
317
269
301
583
300
254
309
255
208
246
275
530
216
453
461
483
371
489
553
519
457
456
512
350
319
374
364
374
411
505
409
162
308
407
463
383
150
409
393
457
473
590
394
245
332
286
321
472
342
464
501
467
308
371
360
386
496
484
465
457
508
493
260
410
389
439
426
412
432
280
302
444
511
495
410
390
466
413
469
252
297
417
98
508
471
492
500
344
353
323
262
270
319
468
266
268
213
502
73
494
370
404
516
487
340
446
255
484
495
307
526
189
423
531
451
358
252
542
450
503
377
364
238
429
317
488
336
530
355
248
210
189
225
275
125
295
222
337
473
424
433
209
251
230
217
334
437
260
228
454
284
249
376
368
454
416
247
345
375
324
105
354
453
411
121
150
418
264
160
174
274
285
278
267
278
310
276
281
362
334
302
304
342
268
495
379
451
465
445
232
487
408
340
406
464
479
511
533
506
489
436
433
384
279
413
345
282
496
549
564
90
49
183
536
299
400
316
371
456
355
356
532
482
290
544
449
499
413
539
300
487
444
457
385
119
473
366
363
468
444
613
425
362
258
343
434
432
391
337
309
304
260
305
249
300
375
295
416
395
125
358
457
416
394
393
323
273
262
361
448
421
317
201
168
410
252
496
463
496
410
492
295
349
493
281
76
481
229
278
252
315
277
380
287
459
467
421
216
238
128
133
236
166
238
145
302
419
339
313
259
497
380
414
521
470
376
375
290
287
345
229
441
432
306
491
480
314
284
207
355
397
471
341
473
394
506
268
472
419
510
526
384
279
296
484
198
236
356
346
535
506
307
411
211
205
251
69
291
105
205
250
147
440
299
328
315
208
183
205
248
320
287
106
389
411
506
494
485
481
488
556
532
351
285
266
253
484
432
355
455
283
329
333
254
335
237
498
494
320
317
279
244
412
349
523
289
272
261
365
472
409
542
522
522
526
492
224
263
311
381
279
420
294
382
384
511
443
117
179
261
274
355
258
284
219
118
344
241
291
292
436
401
218
390
134
273
299
92
214
309
346
281
327
322
345
252
265
421
328
205
208
323
358
295
396
373
267
311
89
420
356
136
162
265
353
290
547
226
365
568
296
434
341
442
418
286
415
441
279
393
412
392
403
455
332
309
258
339
216
206
320
342
578
278
241
385
440
268
307
430
275
510
170
461
180
228
144
488
449
358
284
427
542
374
332
368
482
233
388
441
372
529
469
448
438
374
272
352
538
483
275
258
172
248
336
188
376
452
423
387
504
555
556
497
382
446
489
453
416
297
488
217
417
453
505
213
235
247
222
255
226
239
458
426
308
322
254
151
414
412
207
554
477
94
491
61
228
260
491
324
517
432
436
425
215
275
511
306
276
469
255
355
515
403
275
361
270
249
302
345
446
287
287
466
339
284
404
150
311
241
282
544
363
416
480
250
246
499
502
184
451
447
389
429
425
519
302
492
130
321
333
199
300
488
489
477
421
432
360
382
247
256
449
294
276
188
291
199
459
440
394
537
455
447
427
424
404
419
489
530
301
354
264
435
397
413
393
427
324
497
528
283
501
481
523
360
462
430
247
219
416
177
485
545
536
300
462
373
467
453
300
261
615
292
347
385
360
468
158
266
336
348
422
305
410
410
271
273
465
501
159
472
233
489
249
358
394
342
429
218
340
306
455
473
197
429
355
261
333
202
510
298
381
423
480
407
443
334
387
254
265
469
422
245
187
369
454
379
431
459
377
237
467
297
316
363
526
274
394
435
110
389
89
125
522
363
383
471
169
426
394
442
345
293
408
448
439
321
431
495
433
312
346
321
275
366
434
229
193
456
263
277
419
102
464
435
428
245
126
61
341
444
207
338
227
396
254
256
433
467
599
600
213
332
247
417
317
277
311
431
466
361
351
312
257
459
461
205
306
262
438
248
430
297
452
442
351
238
428
244
430
374
305
33
54
37
159
254
505
417
181
509
230
464
469
402
394
273
366
299
353
338
349
360
338
297
301
446
389
486
202
459
348
394
497
390
76
285
211
293
238
403
474
458
169
453
454
342
232
305
373
315
346
340
290
225
222
374
192
476
241
381
432
390
384
330
456
299
341
343
322
359
215
430
318
463
390
303
392
394
346
359
278
426
239
244
386
400
491
517
420
476
283
441
370
280
320
404
249
433
476
435
276
374
434
261
451
282
435
407
239
294
386
342
248
380
422
464
452
437
427
355
134
214
167
286
424
313
217
274
250
321
345
304
328
464
406
521
238
341
258
247
214
203
329
233
227
233
352
365
297
502
238
392
401
396
387
370
206
191
316
294
310
163
450
182
244
307
497
449
147
343
145
293
384
214
238
426
443
345
216
232
218
218
296
509
350
383
241
242
568
268
429
382
392
406
425
386
467
442
323
311
346
333
209
216
427
250
291
314
221
356
368
390
546
496
249
207
481
214
285
469
520
442
386
408
413
262
323
404
398
427
419
401
311
188
216
376
274
300
372
311
337
263
246
229
237
228
362
269
271
258
257
499
187
343
365
208
199
544
-1
387
270
376
441
364
399
207
450
379
493
257
327
180
395
300
476
405
228
327
309
368
229
285
291
484
181
454
425
220
332
318
395
131
453
363
465
237
245
417
564
337
321
286
347
412
172
193
176
170
368
428
425
329
380
410
373
411
239
415
378
435
363
357
512
248
217
275
226
274
405
305
433
239
440
416
309
192
249
242
338
355
475
150
231
380
419
201
187
407
180
267
275
458
211
427
339
303
293
297
321
306
264
271
439
392
371
252
155
280
278
182
321
318
211
231
150
345
348
537
278
328
261
391
333
572
394
428
233
400
233
352
322
348
439
224
243
388
198
238
257
450
353
270
308
395
238
354
343
354
227
232
327
389
263
368
206
396
161
408
278
319
261
263
276
293
392
383
319
305
321
271
211
213
227
234
171
269
490
311
297
308
396
291
206
376
269
419
295
312
257
396
288
392
415
243
265
335
193
224
280
295
232
239
289
280
113
223
461
230
216
240
359
283
235
198
252
155
346
188
306
398
270
305
209
283
246
47
192
243
248
315
230
302
249
359
295
359
199
435
269
293
368
213
172
264
399
381
191
482
328
234
108
329
255
219
196
158
461
304
279
209
405
292
320
334
328
233
389
190
350
259
306
320
228
291
401
243
197
372
251
263
411
352
237
327
195
381
416
432
180
202
287
132
407
440
396
235
350
288
463
463
286
471
282
329
263
249
320
194
315
264
60
359
263
235
366
271
295
320
412
335
386
264
261
414
210
358
265
227
335
215
251
184
182
221
212
433
237
218
205
309
9
20
299
219
189
322
221
425
186
193
230
288
239
345
232
240
228
250
306
306
313
371
234
311
132
204
296
317
227
186
367
334
295
330
300
411
346
256
328
227
521
277
331
236
284
160
240
235
300
343
388
193
265
182
348
391
238
199
197
342
262
223
355
298
258
215
157
317
255
312
130
184
249
256
249
313
239
230
187
181
153
134
295
208
255
197
358
210
209
174
146
219
230
270
253
121
346
235
87
170
163
121
294
192
291
167
254
206
231
252
252
316
152
223
155
190
86
134
184
427
229
242
199
307
271
288
133
217
106
355
215
262
371
162
280
190
264
186
292
217
122
239
218
401
101
218
123
327
260
208
129
146
197
215
131
149
154
210
232
233
334
175
179
246
189
215
172
216
202
91
297
37
103
184
137
111
253
346
204
334
234
317
307
251
198
212
96
230
234
217
247
192
314
240
172
183
233
145
249
180
223
222
327
129
108
277
162
163
292
146
125
192
125
184
73
138
173
87
112
194
79
150
179
165
86
268
195
138
123
150
206
96
121
75
131
111
144
109
69
136
164
68
106
106
117
77
138
335
192
