445
529
500
504
491
473
535
490
68
521
474
442
401
369
418
417
427
461
427
530
403
463
392
429
421
328
443
470
522
493
583
481
549
529
574
590
666
590
591
560
637
680
576
652
684
615
613
647
542
644
659
718
668
711
638
676
711
688
678
663
739
748
580
552
687
636
609
748
696
778
574
626
555
566
546
370
594
644
460
514
438
726
689
596
601
685
552
444
754
569
610
631
489
553
563
426
486
656
581
440
430
597
556
595
532
550
501
577
561
491
536
485
482
450
501
486
503
486
479
472
455
466
476
601
370
735
306
395
654
464
542
396
416
476
307
494
548
591
431
376
534
522
376
572
469
491
246
469
588
747
505
571
521
556
458
574
622
552
588
526
571
558
569
405
499
575
494
452
440
445
401
425
297
292
317
372
372
354
414
354
233
518
514
640
445
264
321
387
287
248
291
327
302
291
294
367
428
429
222
401
483
385
502
490
441
426
505
492
507
746
549
505
409
488
250
573
449
533
550
484
435
613
653
629
782
640
527
674
451
726
388
480
448
476
586
551
628
560
618
648
525
547
470
442
387
532
567
433
352
304
324
236
257
357
285
302
383
593
430
143
295
251
273
574
377
445
182
515
455
537
667
387
370
341
569
494
505
498
486
632
652
750
599
596
600
536
469
499
479
455
524
555
350
556
584
601
488
430
551
597
569
394
396
412
381
386
568
356
320
330
325
264
282
333
525
284
614
505
571
398
491
651
616
574
652
514
376
501
456
489
604
698
587
598
403
554
669
825
541
199
613
603
540
545
524
580
334
458
372
373
445
381
551
557
473
613
585
413
561
497
518
481
522
508
554
544
562
520
499
474
636
633
332
373
591
509
559
558
570
602
465
541
466
401
725
175
494
514
578
590
608
648
466
428
453
428
456
272
271
349
572
117
494
415
452
538
469
452
643
275
477
505
656
587
286
586
564
563
542
338
541
500
646
655
732
278
542
491
518
517
538
511
281
279
252
266
354
271
452
321
461
677
746
746
265
300
301
289
413
467
347
362
472
309
310
424
363
669
695
497
774
807
661
325
766
448
625
256
223
524
377
289
301
415
398
381
385
354
400
406
414
482
415
385
319
413
463
534
428
661
751
604
419
500
446
375
430
538
527
525
498
524
588
528
511
441
335
495
512
376
607
564
575
231
213
269
537
376
688
387
453
557
452
390
552
500
420
519
426
625
698
566
396
678
512
656
672
270
532
370
339
613
577
554
860
754
387
467
410
452
447
340
335
348
329
332
257
348
439
357
509
551
218
442
527
600
609
818
324
282
327
434
581
585
344
427
381
410
318
543
508
485
607
495
315
528
514
429
92
467
329
376
332
309
315
528
354
524
517
827
333
358
174
227
346
214
355
198
440
497
467
342
413
466
402
614
470
450
380
543
456
506
422
349
579
511
309
438
623
662
619
509
624
583
634
585
625
457
583
296
644
379
583
474
519
344
330
520
270
391
462
583
467
455
381
515
258
256
272
149
429
157
310
295
251
464
340
424
419
309
281
262
299
329
347
200
889
655
525
512
553
499
499
522
496
420
384
325
411
456
467
750
560
284
302
335
370
369
400
706
672
327
368
339
272
675
724
616
357
391
373
352
610
427
433
478
468
510
424
254
282
349
740
320
490
392
362
605
533
531
190
261
549
536
754
519
399
341
244
438
357
346
352
593
582
309
465
380
660
583
185
332
606
706
332
343
371
361
260
302
494
346
266
241
387
367
330
412
394
336
504
168
384
767
186
229
275
392
371
477
269
381
405
316
562
455
531
423
383
641
579
388
515
497
603
751
704
628
453
305
349
318
472
389
501
456
401
254
622
772
212
514
424
364
413
168
431
313
290
171
480
524
392
371
432
489
399
365
422
384
255
583
513
446
513
672
481
518
444
413
469
396
443
293
248
193
246
405
216
431
448
435
446
470
427
409
441
383
472
516
466
443
365
448
339
595
439
523
345
351
375
325
327
300
353
474
557
307
318
361
167
434
428
394
444
489
367
511
108
232
370
504
390
465
380
411
436
380
326
490
305
294
391
301
385
457
409
318
657
340
284
592
627
659
289
287
612
350
418
336
309
404
257
363
466
400
509
552
310
351
371
365
241
468
512
591
394
371
355
294
427
190
303
484
180
345
450
554
649
591
681
724
613
354
306
335
522
592
298
369
280
510
566
468
480
641
562
552
572
685
499
541
413
452
490
287
655
542
658
606
540
404
357
486
414
411
386
393
552
649
430
256
248
519
327
397
364
350
298
441
651
379
507
347
284
371
331
586
593
613
471
234
332
326
354
431
362
363
451
290
320
491
361
280
375
363
466
307
511
509
680
358
254
579
469
391
465
227
595
383
281
598
357
415
481
377
589
364
462
438
400
484
322
336
361
673
397
305
603
395
346
537
362
472
389
528
250
364
381
529
280
442
514
243
385
170
182
382
459
630
649
391
347
487
489
305
339
410
350
450
327
381
530
387
614
406
341
320
354
309
291
268
494
425
543
418
314
496
380
656
256
235
140
506
452
289
284
234
399
254
280
399
374
334
337
268
366
293
314
758
274
582
378
349
543
474
354
333
346
311
391
506
289
285
493
405
456
452
400
283
215
500
273
547
396
-1
100
132
99
208
277
436
414
241
344
246
493
483
330
707
615
598
615
425
393
422
412
410
409
379
491
654
324
214
295
267
423
317
522
174
282
237
264
187
312
390
410
331
368
379
279
303
264
367
302
362
335
335
264
263
223
205
390
276
325
543
473
473
433
387
340
355
272
325
313
259
422
270
388
395
274
349
360
325
303
301
447
428
405
480
253
415
491
341
360
369
557
423
328
254
292
250
484
284
345
502
480
460
473
301
196
351
426
242
291
242
245
273
369
537
343
336
334
424
547
327
287
162
459
474
347
365
276
229
440
471
258
423
314
368
341
409
495
458
652
336
401
412
318
339
303
320
415
525
499
205
505
442
571
290
261
211
291
443
508
491
311
387
275
412
266
460
443
345
298
258
466
273
287
272
457
400
658
277
271
255
296
343
344
307
490
215
196
369
207
482
327
361
394
381
494
354
314
604
254
264
247
274
271
314
244
227
456
262
534
329
441
329
318
457
225
526
329
256
400
451
462
495
471
459
395
285
442
398
365
402
387
276
404
296
288
277
307
290
283
283
229
176
186
193
292
352
332
262
231
239
322
203
252
300
295
238
330
305
257
341
246
430
392
348
234
345
330
340
318
548
528
299
228
388
249
299
427
341
406
426
587
238
413
326
390
484
477
277
534
509
98
390
323
431
229
249
248
354
367
372
274
236
233
285
295
250
302
345
413
266
200
317
375
405
453
268
255
295
308
210
204
402
417
206
173
210
223
349
327
431
208
493
317
483
300
568
214
540
240
336
141
274
458
345
322
156
417
342
554
256
297
225
418
309
378
390
338
295
232
326
159
346
355
257
236
126
395
465
256
399
355
312
251
142
343
371
282
332
503
186
362
272
364
561
279
332
433
253
269
340
365
243
209
236
284
284
424
204
278
278
479
298
510
335
249
452
418
377
293
232
265
192
474
185
342
242
487
353
296
219
207
233
237
553
386
432
289
432
275
190
193
405
269
210
191
368
216
568
435
334
322
198
248
443
358
404
407
209
234
213
249
251
298
190
260
186
247
176
259
606
232
489
291
137
262
335
203
152
213
308
362
150
151
224
188
248
184
278
259
178
311
265
401
369
66
452
452
341
315
216
418
266
265
192
529
364
316
433
203
287
170
225
297
223
228
168
236
549
268
91
405
425
249
228
234
338
351
294
195
229
360
197
341
223
265
314
224
360
173
631
253
336
246
436
216
244
218
204
219
221
206
190
336
210
204
283
275
279
271
238
190
312
379
343
436
328
278
280
304
338
352
282
376
466
178
355
229
457
189
66
350
228
311
384
291
318
257
302
191
265
253
258
255
277
307
253
167
201
260
179
195
247
212
267
358
191
155
208
245
22
41
465
260
290
268
237
328
122
235
468
212
216
530
215
162
186
396
308
248
329
335
195
237
175
179
283
438
156
295
442
313
232
300
210
211
364
176
303
160
340
179
269
222
437
347
264
214
376
273
297
179
401
282
254
280
327
235
153
469
361
171
277
247
186
247
289
272
440
289
161
263
337
180
340
227
361
182
219
231
245
141
300
185
318
253
407
187
188
181
147
206
260
209
247
120
375
212
195
189
118
194
240
161
227
261
142
134
322
303
243
357
204
307
258
242
108
92
131
407
274
155
284
150
244
168
196
148
139
350
162
163
272
175
225
194
239
128
228
343
107
282
285
326
135
191
265
316
234
245
317
173
174
183
104
174
172
191
239
239
295
248
262
169
144
142
138
247
280
97
260
203
249
260
147
154
202
248
184
164
199
253
266
229
180
170
132
173
174
152
174
146
350
173
227
168
145
196
211
153
181
179
210
112
84
230
191
190
220
107
163
187
143
198
82
107
132
81
75
183
122
171
131
164
95
180
107
152
105
134
118
99
109
64
123
98
125
58
85
133
157
138
80
78
168
68
76
377
207
