560
681
713
662
625
552
797
677
44
663
656
599
559
533
505
553
547
608
583
674
549
542
457
559
425
462
586
598
688
730
672
742
790
825
904
981
1054
858
951
804
901
939
962
974
952
818
722
894
648
873
1136
948
1014
959
873
884
901
860
819
867
989
905
877
886
932
874
957
890
876
848
1026
1006
1020
1042
666
454
1107
985
709
810
820
787
793
704
1067
966
692
505
827
633
918
900
752
841
741
672
659
742
822
588
525
833
709
817
743
821
767
766
768
740
471
642
663
630
651
665
668
401
611
701
727
658
498
827
442
807
397
657
527
541
765
633
602
615
430
647
711
743
253
500
651
688
679
691
584
609
518
705
879
874
699
768
718
683
560
905
894
686
688
853
1009
738
773
593
677
770
828
674
685
559
560
602
499
555
344
556
358
352
673
420
428
596
445
839
764
507
332
491
303
352
272
381
236
284
274
308
632
635
546
553
819
622
714
653
590
446
626
711
835
771
917
840
696
650
249
761
512
958
882
878
567
833
755
789
915
817
680
879
845
762
401
857
661
723
754
1145
813
725
932
981
892
905
629
379
295
1036
576
602
311
244
329
212
214
303
554
729
529
711
554
292
202
192
426
804
284
672
142
681
732
922
921
479
710
387
985
718
743
678
685
680
696
816
683
834
810
847
593
633
632
320
733
842
700
749
865
455
701
423
874
979
703
536
523
538
336
548
781
328
360
361
226
252
205
243
789
520
879
684
756
509
701
857
748
914
903
772
703
427
585
594
742
700
755
823
478
797
831
793
737
403
788
802
790
666
782
673
395
583
403
465
744
522
913
756
682
472
631
561
589
774
641
590
756
704
704
375
856
652
668
658
792
929
511
460
897
661
736
674
742
757
766
849
292
520
748
119
711
595
790
821
457
487
563
430
457
633
680
569
564
264
1038
135
799
685
731
821
731
836
745
658
740
861
453
721
172
717
744
708
478
510
770
620
701
459
576
224
727
772
698
617
831
673
387
335
401
410
532
544
562
393
551
839
707
692
372
449
455
370
591
659
452
329
638
422
432
458
366
867
611
358
492
510
440
336
719
585
789
352
265
660
413
397
318
486
505
528
500
486
555
453
506
654
608
375
546
565
298
786
453
697
822
698
336
684
752
567
483
683
662
741
756
643
784
667
672
575
477
569
678
579
840
696
805
387
172
218
699
489
727
448
565
789
534
676
839
659
555
735
698
822
806
764
617
752
690
755
656
387
812
549
462
667
633
766
569
519
305
508
593
842
669
518
480
484
372
538
458
502
594
511
689
668
296
563
649
690
626
508
491
489
417
568
717
626
541
510
441
572
544
657
613
612
743
670
476
697
679
619
319
702
260
502
435
483
450
646
484
632
599
586
295
291
332
224
314
375
349
392
399
734
597
542
752
563
753
644
603
539
495
611
492
317
554
812
823
756
580
576
692
399
315
395
568
730
728
555
754
654
837
402
742
474
714
627
634
456
478
754
263
633
552
573
597
595
471
721
395
389
444
169
691
193
242
347
593
685
479
526
516
367
303
368
413
455
370
210
615
696
746
700
720
714
700
649
630
518
412
422
349
570
627
477
668
450
468
414
391
475
303
621
633
508
525
431
422
652
398
748
465
456
602
460
664
535
603
573
552
564
517
349
382
477
501
434
625
461
692
701
593
750
220
326
332
365
535
257
480
228
186
658
372
458
478
640
564
480
630
404
355
325
111
538
410
411
469
421
502
552
387
483
652
407
362
218
535
539
378
585
549
368
459
152
528
436
211
322
373
476
417
630
270
487
601
391
641
424
728
579
381
669
525
226
483
509
613
508
640
376
665
234
-1
379
302
449
455
704
398
456
572
520
180
469
520
422
472
439
526
348
393
145
572
595
505
455
607
714
550
485
533
457
417
614
656
479
730
716
625
608
593
444
568
621
496
383
389
389
386
459
342
470
488
458
512
579
580
564
568
594
607
683
578
539
268
500
479
435
471
617
493
527
596
512
440
387
449
609
644
417
441
562
514
553
502
169
572
589
196
646
122
630
337
569
397
690
462
429
408
199
395
528
432
368
544
379
486
534
538
448
474
351
342
408
340
642
368
374
683
398
556
409
147
669
361
453
627
401
690
516
366
471
613
570
250
559
543
714
578
452
426
447
449
221
404
788
540
427
619
727
583
477
536
474
446
326
354
398
379
427
172
494
393
696
493
459
536
484
664
590
595
639
487
654
458
475
585
384
528
407
529
437
507
558
510
726
499
499
499
486
534
543
482
324
222
552
217
438
443
422
500
597
624
472
687
650
416
498
486
631
633
468
475
171
432
357
421
535
400
418
654
325
388
616
421
449
470
336
493
477
428
457
472
440
357
668
554
469
632
237
550
305
379
362
300
539
318
430
473
372
570
572
378
515
415
369
488
634
186
219
481
468
514
632
543
645
482
484
279
308
439
605
328
452
499
317
385
185
180
560
455
537
640
309
516
578
450
411
359
430
505
611
448
458
619
536
320
540
468
388
595
343
371
295
506
390
307
518
250
438
443
645
322
164
132
411
531
455
382
349
449
334
366
450
477
491
492
254
510
391
297
480
357
534
487
405
451
445
428
385
434
405
146
292
344
314
454
500
505
605
438
327
210
397
368
442
375
349
104
78
52
230
299
462
371
428
417
257
614
625
430
522
526
364
307
441
440
449
446
377
283
315
582
627
400
263
424
333
378
398
495
286
373
310
297
218
515
387
424
184
544
471
331
272
258
460
361
428
421
569
341
337
230
278
446
345
404
494
541
539
419
466
420
464
331
361
333
287
530
250
488
360
330
363
386
406
333
461
408
267
215
348
301
464
520
395
479
343
558
329
339
333
348
354
478
330
352
415
449
407
184
385
225
411
432
288
303
318
300
302
349
399
348
419
398
360
382
125
220
124
585
420
267
532
271
336
461
431
222
325
385
409
413
514
433
247
300
174
199
262
268
213
229
462
423
277
524
288
460
378
386
329
330
369
184
254
251
225
424
476
234
182
301
447
456
254
442
337
315
371
152
319
445
364
322
161
189
167
200
400
437
583
420
310
219
483
256
449
373
327
378
389
544
373
341
319
269
322
290
204
198
304
205
254
276
294
500
345
508
441
381
438
260
524
310
320
487
544
430
354
413
353
472
247
472
430
512
450
447
347
369
313
321
323
297
324
352
345
275
201
183
188
262
538
290
266
344
258
325
254
274
516
355
306
338
339
278
238
279
411
330
357
275
363
373
352
671
326
196
370
371
413
243
262
306
419
544
170
273
291
444
330
386
452
316
298
298
563
180
417
342
621
249
284
303
437
325
338
236
305
296
347
249
376
334
362
466
253
209
332
438
419
427
251
290
319
299
237
237
456
435
213
266
264
254
388
489
542
360
684
317
439
178
276
278
444
312
440
415
261
466
323
382
198
396
398
284
182
407
223
371
247
381
217
290
253
247
477
193
458
323
248
478
188
409
208
252
378
316
131
306
138
507
510
354
393
482
189
400
322
468
455
301
194
417
275
237
413
293
282
253
359
382
184
258
246
380
333
202
397
423
324
334
354
344
633
317
312
339
280
417
216
389
235
501
276
298
221
217
257
242
423
373
449
271
310
241
249
329
266
314
101
305
427
258
284
253
285
222
257
230
228
351
274
280
226
261
226
327
271
402
217
280
197
215
155
288
274
240
303
318
208
240
390
231
147
226
302
271
158
203
209
175
249
158
388
339
177
276
236
221
173
89
173
227
249
294
219
296
290
298
197
406
153
419
307
248
328
177
349
229
264
259
262
317
356
172
180
356
189
204
155
126
344
353
228
163
264
305
215
238
282
432
300
230
276
216
341
241
384
271
390
286
248
290
205
239
272
239
193
307
231
249
345
321
173
212
274
160
389
333
328
172
366
247
351
292
355
372
216
300
303
185
337
129
340
274
26
415
233
236
305
232
493
250
226
229
252
270
283
274
218
408
244
215
229
365
197
141
231
145
387
454
223
153
196
314
49
38
482
506
382
169
275
404
332
146
267
222
189
474
180
198
196
325
332
254
274
411
259
252
237
174
224
331
211
404
462
340
267
253
193
282
314
152
311
189
384
252
260
302
386
130
166
279
292
295
327
161
218
482
355
264
170
185
291
385
308
220
291
195
237
417
109
333
436
276
210
128
195
192
176
174
350
225
223
170
199
130
356
184
370
159
352
181
185
173
132
245
186
209
274
55
329
201
267
187
120
239
140
196
206
282
175
148
420
269
195
261
210
138
192
280
126
84
182
387
165
186
127
167
258
176
77
167
105
263
167
166
260
151
204
224
165
139
272
144
160
294
292
304
94
185
135
281
254
171
185
127
211
197
59
178
89
165
249
251
308
267
167
182
212
129
144
156
145
57
270
67
93
110
119
128
169
247
175
195
194
215
247
178
123
110
66
160
171
156
173
115
283
168
182
144
183
109
187
128
183
178
211
92
79
204
97
97
239
105
170
167
79
207
40
101
125
82
83
158
94
103
129
118
58
190
117
108
115
134
118
69
91
60
97
99
131
53
41
90
122
95
69
69
153
50
126
511
159
