244
272
319
299
310
284
346
280
37
285
296
279
232
227
234
255
282
307
274
306
262
242
217
246
194
173
224
296
291
349
304
349
346
340
379
428
358
332
359
331
343
358
340
362
318
315
311
286
285
304
413
363
370
360
337
320
357
301
337
386
397
313
359
285
352
326
396
334
362
351
393
336
356
379
257
229
404
356
292
362
236
341
376
254
361
341
288
279
344
277
358
313
342
339
301
255
220
299
318
226
288
300
269
323
317
283
307
284
280
296
267
259
298
244
264
284
230
243
273
277
221
208
198
343
195
274
175
232
317
285
328
294
321
335
180
233
236
234
232
175
297
379
143
243
208
234
128
240
365
304
245
276
263
218
237
404
364
241
226
402
361
292
295
311
279
307
351
224
242
235
233
222
174
159
210
190
190
204
233
195
107
240
277
250
255
170
161
177
154
124
137
159
149
192
147
183
255
254
148
231
309
247
334
308
246
172
251
313
363
324
396
361
277
243
121
286
244
427
385
351
213
308
311
307
344
303
281
300
291
304
232
337
289
318
294
389
297
276
353
399
383
302
311
266
225
353
415
205
156
131
140
105
114
141
164
215
201
267
265
84
147
106
235
355
200
244
71
328
215
309
359
214
251
251
411
250
265
267
266
249
282
291
277
337
346
360
256
276
240
244
375
331
194
287
362
329
326
198
355
352
298
290
288
296
256
266
310
199
177
224
165
127
154
183
372
173
327
282
315
240
292
315
310
336
336
375
312
267
210
195
220
269
341
272
183
218
267
332
366
145
308
232
281
311
320
381
199
354
340
241
402
308
341
367
289
257
227
237
222
401
268
262
316
352
298
206
329
283
241
243
305
297
252
293
331
259
265
278
322
327
322
278
190
329
266
88
361
269
342
348
264
265
230
195
178
211
302
187
188
215
358
71
342
278
267
341
352
226
293
182
332
298
259
286
111
287
294
260
313
142
292
278
277
283
320
168
237
186
336
263
376
277
264
257
208
273
310
146
290
223
256
344
338
350
272
355
280
330
487
460
237
158
327
209
297
200
204
333
340
214
283
283
207
105
288
250
328
126
221
285
304
209
220
355
404
383
395
313
471
500
406
231
458
216
229
241
213
298
224
272
288
378
172
250
233
183
217
306
299
372
363
281
350
345
290
255
341
277
262
285
350
316
381
96
65
111
332
444
263
222
234
334
245
256
357
320
225
317
331
292
290
276
194
307
315
272
236
114
358
423
405
274
237
350
288
291
264
259
274
345
349
497
484
498
469
422
284
435
279
416
357
322
137
302
245
384
205
326
336
404
444
420
279
280
564
115
101
290
395
267
255
282
231
260
246
268
326
236
65
250
178
393
349
517
402
300
226
241
235
344
303
340
255
226
384
278
458
134
172
371
248
540
229
329
313
243
300
311
208
234
156
222
220
201
350
327
239
291
331
261
239
180
289
331
337
267
334
313
326
490
360
371
352
356
301
496
640
338
141
150
330
210
336
326
405
356
229
226
369
68
252
83
307
195
133
288
497
283
231
226
201
231
252
308
262
103
286
237
374
358
361
369
368
345
344
316
364
357
454
338
272
298
298
386
371
295
187
212
350
340
350
196
404
366
396
309
316
263
533
511
210
315
314
228
300
329
310
320
318
322
502
506
325
412
261
464
240
247
267
303
163
203
219
231
295
195
175
205
127
253
298
445
538
329
309
229
308
143
166
192
108
201
272
308
570
370
244
248
333
153
331
253
272
149
314
286
246
294
273
526
234
102
272
296
161
329
482
369
266
286
144
420
373
430
367
401
329
203
428
280
256
177
242
249
247
321
309
254
262
178
205
277
157
331
355
292
364
189
368
285
157
271
293
414
309
116
331
156
278
111
251
276
207
460
408
380
339
335
396
317
388
282
249
303
355
269
257
269
215
185
218
328
304
386
414
218
391
360
294
215
226
214
194
270
380
351
368
365
356
346
421
296
195
299
170
297
253
268
204
218
237
214
226
210
205
325
322
489
468
263
129
248
308
150
304
333
94
321
80
169
302
256
509
271
368
243
248
221
437
260
490
446
273
348
192
258
353
403
295
297
306
230
254
272
376
374
297
205
210
298
109
211
339
290
355
237
318
241
372
226
308
314
243
302
306
255
229
225
328
454
267
186
563
259
153
209
387
321
292
254
268
214
279
345
289
227
281
181
198
156
187
338
319
276
278
267
277
254
256
245
255
257
277
267
202
353
286
233
293
296
241
204
343
361
168
310
316
290
217
271
224
397
342
316
158
266
309
291
225
313
236
332
349
211
236
349
285
216
318
246
238
230
223
275
454
235
277
210
316
297
292
264
316
139
304
292
252
207
224
219
238
313
259
189
171
271
276
203
249
203
371
278
222
397
325
375
258
241
289
277
230
226
427
412
291
334
147
257
298
302
238
322
316
235
159
244
346
230
274
283
232
362
313
103
299
132
178
381
197
225
299
131
311
231
263
385
369
299
305
318
202
274
313
397
259
270
266
253
255
264
250
195
287
165
213
247
110
297
281
256
247
111
49
198
242
137
382
241
261
491
429
215
300
317
317
282
262
243
244
218
597
175
295
272
267
225
242
420
323
326
125
217
340
242
173
310
237
327
248
412
377
275
486
229
294
204
39
34
26
148
500
286
251
144
340
209
241
268
186
259
224
278
226
225
211
212
214
197
176
220
321
293
219
260
289
305
215
277
262
71
334
260
513
426
299
273
279
127
284
307
215
361
231
247
203
188
173
210
312
313
178
400
350
286
183
325
329
325
343
309
195
293
224
293
232
256
189
209
236
210
145
188
266
233
215
161
227
173
215
272
232
246
247
264
304
367
293
285
326
237
275
281
287
292
212
163
304
244
170
267
207
237
293
319
282
367
376
404
180
233
253
271
255
257
278
84
195
133
190
225
221
136
316
411
228
260
221
218
196
264
302
132
210
215
190
252
270
262
447
370
328
165
280
186
265
444
277
217
254
287
253
431
332
197
179
175
114
270
222
181
240
250
250
96
193
156
241
292
115
304
244
255
231
318
342
332
311
220
317
218
223
224
442
312
187
237
264
229
251
257
371
314
308
240
331
287
404
299
307
283
157
515
168
174
215
184
220
308
282
180
235
272
158
546
264
288
285
209
272
242
202
294
304
328
315
275
218
384
127
180
246
373
272
234
177
214
367
362
342
320
272
233
207
338
441
375
271
294
232
274
179
189
229
251
165
317
241
239
203
208
310
212
247
250
162
280
112
265
239
223
197
265
194
230
255
147
188
186
311
140
225
228
142
241
208
238
198
252
206
359
347
329
330
318
182
211
171
186
255
146
256
132
126
219
224
204
186
285
222
214
205
465
276
208
238
236
243
334
151
314
378
418
537
286
206
290
193
309
230
295
212
187
358
246
187
297
171
265
222
227
163
290
263
113
165
209
288
206
222
172
237
207
184
226
186
215
383
336
306
184
158
167
162
197
179
180
156
129
199
132
243
246
231
162
192
410
260
441
323
211
302
291
231
180
188
216
201
172
472
205
238
273
154
455
304
206
163
474
291
128
235
210
232
169
239
266
246
275
241
298
274
108
235
214
218
432
426
413
237
242
224
378
195
162
208
341
364
185
303
216
107
219
175
207
204
209
257
294
190
200
290
160
201
181
288
478
356
265
207
418
199
148
171
212
523
181
351
188
198
91
266
234
570
403
435
186
140
370
335
441
179
176
324
257
283
174
210
159
226
192
51
128
179
186
244
395
206
210
175
396
251
152
264
206
196
213
340
107
300
217
263
342
207
237
173
83
198
160
216
339
111
245
173
143
278
224
153
210
226
193
156
196
145
196
145
228
186
158
213
243
408
177
203
-1
388
234
210
397
178
183
242
223
237
234
212
234
191
276
269
196
202
237
157
266
205
213
247
161
242
159
253
222
237
212
194
34
250
291
261
221
134
296
255
180
185
211
197
314
230
160
254
160
288
197
167
296
222
227
149
173
208
405
398
246
224
17
17
166
166
152
178
199
249
74
276
159
135
140
194
437
235
146
166
191
141
188
216
417
169
256
156
193
245
251
148
200
208
159
211
157
180
207
180
219
342
221
150
225
412
161
95
126
305
242
217
220
115
185
162
169
237
167
252
177
258
145
393
238
171
316
165
102
231
196
168
212
160
190
413
158
144
164
139
150
134
132
116
166
320
153
222
223
309
311
244
196
148
194
165
163
51
222
352
70
245
239
113
168
287
160
93
323
265
160
164
166
213
100
120
102
214
121
183
293
226
116
198
124
141
150
182
79
118
66
177
250
193
200
188
163
293
197
308
158
173
84
186
160
183
69
172
108
229
327
138
111
217
120
169
128
72
229
144
156
155
252
114
110
122
148
125
244
149
153
63
205
34
57
133
207
90
172
192
210
166
242
163
199
168
138
134
68
132
151
126
156
92
165
144
159
120
130
116
174
115
302
301
148
100
71
161
137
134
203
94
170
263
82
111
101
88
88
60
173
125
43
99
129
132
80
161
124
89
133
167
137
115
83
49
101
119
79
54
65
73
110
60
83
85
66
80
73
226
286
