537
625
688
676
683
621
723
651
81
660
628
576
508
461
532
568
558
612
565
649
548
535
467
504
444
395
521
609
689
683
632
722
742
713
812
828
860
728
833
729
735
807
735
845
765
707
652
711
593
743
896
766
808
813
718
742
795
750
725
755
857
785
714
671
826
765
781
823
858
814
887
798
868
871
552
473
931
815
681
833
583
786
784
634
885
871
593
482
809
627
778
754
697
764
725
573
525
701
707
487
495
635
643
741
706
621
583
605
612
599
499
535
541
510
551
538
516
456
525
541
511
511
450
687
393
694
369
486
625
520
711
489
503
555
335
505
541
559
372
406
589
598
393
559
448
516
301
520
800
791
596
673
569
506
532
800
730
555
579
733
775
605
639
583
643
691
774
504
495
458
448
457
319
341
331
402
346
340
473
360
256
513
513
626
559
375
303
401
264
233
261
315
250
296
311
351
518
516
327
518
729
484
680
651
568
399
504
599
683
778
867
782
535
560
247
695
535
819
812
754
443
755
656
694
809
710
596
717
589
762
477
713
600
625
616
898
679
589
794
841
778
739
572
449
359
853
577
502
313
272
311
192
220
313
336
421
503
593
483
189
266
196
371
814
346
504
145
623
472
682
849
417
508
424
972
563
569
571
549
638
624
716
670
788
768
721
573
540
522
391
910
1027
722
932
805
540
679
446
751
708
692
463
458
459
389
449
722
418
360
452
328
289
327
390
769
348
832
551
729
460
678
792
747
990
758
773
559
483
504
454
590
680
783
849
362
579
685
758
665
273
658
717
736
669
668
732
378
551
472
435
661
519
809
784
587
544
562
527
545
772
622
612
716
714
702
477
828
616
512
506
655
755
430
445
855
612
622
744
604
705
776
698
373
503
713
161
717
615
705
786
528
553
468
380
399
453
607
399
399
340
976
128
737
563
653
768
733
597
718
371
743
682
551
682
245
600
707
621
573
343
681
619
654
553
663
333
667
524
667
575
774
545
381
351
331
358
448
347
679
375
457
774
773
748
349
393
363
359
557
635
398
348
625
421
401
480
419
749
681
405
602
623
507
301
727
536
695
253
296
621
448
353
356
486
512
519
467
462
521
492
506
541
548
426
400
480
394
710
515
658
752
742
357
599
562
438
490
697
667
712
766
653
786
622
624
528
444
639
541
506
807
687
796
293
147
240
719
473
642
454
567
741
517
540
752
689
442
684
635
697
716
737
413
728
673
668
605
291
836
539
495
687
592
770
625
664
387
516
528
682
692
513
462
451
416
525
389
477
506
494
661
660
253
525
577
680
540
671
469
463
428
503
706
658
541
361
329
627
446
621
578
569
680
637
402
578
757
460
151
670
337
489
428
518
457
558
455
618
585
721
372
396
274
254
393
286
409
250
470
749
514
534
555
677
574
617
648
623
435
529
425
423
448
484
795
693
434
569
863
552
437
387
575
715
739
547
760
727
784
416
743
516
722
680
548
450
468
753
273
434
503
519
701
693
511
843
348
314
438
139
556
179
348
330
264
653
497
482
428
365
325
334
359
447
396
185
689
627
699
678
688
670
683
684
681
490
440
398
411
648
619
585
651
432
457
443
368
416
417
739
706
396
531
425
421
672
575
701
473
448
459
488
713
550
633
650
646
672
610
363
432
483
654
465
594
479
540
670
635
681
217
293
407
423
689
409
379
294
227
664
415
465
479
671
628
383
615
326
428
424
184
550
515
599
480
462
452
518
383
348
674
445
323
292
502
576
394
560
541
432
444
175
533
608
241
340
428
533
417
625
298
534
722
430
700
549
697
510
473
706
566
350
540
569
588
669
746
482
635
335
582
363
360
537
547
641
461
349
665
626
368
499
533
459
628
282
609
318
391
209
612
610
474
487
648
776
620
498
624
548
429
666
565
518
753
658
560
589
560
417
494
678
638
448
403
294
423
560
330
447
513
474
464
663
723
690
677
586
642
765
699
643
419
604
465
591
595
596
554
578
630
569
577
492
595
748
694
506
514
440
306
575
571
308
544
649
189
670
121
347
409
576
486
652
564
480
493
313
407
589
481
408
566
418
486
590
604
530
640
412
360
515
457
668
426
449
735
397
466
554
228
519
397
440
706
486
628
591
456
409
719
690
349
697
705
592
513
455
574
519
620
245
427
625
310
426
762
773
678
591
623
572
561
389
375
482
485
433
244
422
356
669
606
533
625
605
596
561
573
610
540
653
569
662
470
410
645
477
636
616
575
490
533
722
424
598
535
626
552
643
500
397
310
567
297
536
595
566
430
641
618
580
675
493
413
615
451
576
654
567
580
231
596
393
484
485
520
489
666
399
409
603
579
291
579
386
544
374
529
518
569
582
354
555
436
515
697
355
625
499
412
485
326
669
453
536
633
469
635
632
437
596
443
402
570
750
267
321
646
526
504
680
666
591
392
555
366
409
483
611
341
556
614
280
457
161
207
618
464
602
639
278
579
538
506
487
415
545
561
663
452
537
698
613
476
489
412
406
507
480
515
485
635
365
414
549
249
578
609
616
331
188
108
472
605
301
471
318
534
385
421
496
525
589
583
344
471
413
477
541
411
503
563
478
651
582
573
429
522
543
251
398
353
419
402
561
488
696
511
452
314
489
396
545
471
491
75
79
57
260
364
590
494
297
549
434
616
694
470
607
524
491
471
507
469
494
513
504
399
481
-1
733
481
289
510
433
453
482
566
176
420
348
387
307
528
558
538
245
563
692
375
362
405
542
365
443
450
502
374
371
336
318
558
350
450
611
553
551
472
534
428
461
451
456
405
318
564
340
511
451
337
412
469
496
418
357
462
349
323
486
377
573
590
537
555
441
633
513
396
437
432
382
573
453
439
437
823
528
340
504
370
507
526
364
403
432
410
331
416
543
504
558
559
525
508
191
419
265
447
497
372
478
314
359
691
803
512
413
428
548
492
419
533
424
428
303
325
393
349
358
335
446
481
379
634
350
557
428
521
483
408
313
319
427
375
355
299
527
313
318
384
535
496
236
403
374
416
477
292
368
587
496
504
312
324
308
328
406
566
475
517
325
333
606
388
522
440
444
492
502
592
581
557
498
366
381
376
319
322
437
302
356
395
424
529
409
543
514
464
439
289
616
478
424
532
618
523
467
543
452
465
371
562
492
596
525
429
418
363
490
482
414
390
408
367
436
357
284
287
275
312
532
339
331
367
346
473
322
378
529
452
444
470
446
318
340
375
492
393
411
317
446
434
416
439
497
270
446
410
545
350
328
381
494
549
286
411
325
503
300
497
517
374
379
424
611
162
500
369
635
321
334
400
563
392
500
408
377
352
377
309
426
412
469
556
387
296
508
456
440
478
364
440
503
473
338
306
596
476
270
311
310
328
434
461
671
339
758
422
511
289
403
327
514
344
497
261
290
540
472
364
244
500
388
410
298
568
290
444
292
422
366
360
386
316
423
279
550
452
329
350
175
439
337
419
458
362
247
475
260
567
590
442
340
485
296
481
446
588
523
446
336
507
463
358
485
376
355
297
408
417
306
311
325
492
470
330
475
612
318
370
458
450
481
342
351
388
306
484
264
492
356
601
376
417
341
344
357
363
519
470
508
355
391
336
291
302
311
345
210
228
495
301
415
380
427
435
305
351
331
544
365
374
326
394
335
431
398
339
332
372
368
429
305
366
372
328
414
352
185
306
467
277
223
298
363
310
253
221
327
222
347
257
418
434
267
406
388
384
320
82
279
343
344
372
287
362
311
344
297
589
255
518
437
303
427
232
324
378
391
377
300
393
473
278
130
439
299
291
253
220
487
366
329
242
381
352
325
390
320
332
380
357
343
270
505
316
406
324
499
322
266
349
321
344
356
318
284
403
256
368
410
407
257
271
320
204
503
497
428
314
452
297
474
401
341
469
293
373
393
252
410
229
457
329
69
529
344
354
428
322
466
344
379
299
376
316
383
378
431
447
317
320
314
385
267
221
282
226
344
463
261
252
269
389
39
36
473
345
338
315
277
532
265
253
346
290
227
517
281
274
263
380
389
304
397
423
299
305
283
250
320
469
222
359
523
426
325
410
267
359
438
295
426
247
472
259
347
323
365
203
246
322
365
397
406
249
364
402
375
352
255
296
279
506
362
270
355
287
287
385
189
375
424
345
222
247
332
285
285
271
406
286
405
339
246
248
409
239
322
252
446
291
293
319
191
272
312
297
294
130
421
316
317
231
169
321
277
235
278
236
249
229
335
355
289
389
343
227
359
290
140
143
214
513
250
215
218
235
318
271
150
223
145
373
230
262
352
198
294
262
363
210
354
307
159
296
282
408
190
265
192
581
332
260
199
213
207
264
134
185
177
240
329
331
388
251
246
227
233
220
198
255
236
120
351
83
131
217
190
247
384
359
246
285
250
293
586
497
383
377
123
365
396
337
425
166
351
396
239
323
226
177
452
175
261
260
267
152
130
282
176
174
323
123
194
253
126
225
90
211
145
106
128
196
122
162
194
344
87
282
164
153
158
181
198
105
140
83
169
115
158
84
75
136
178
102
109
109
172
86
122
493
263
