452
597
624
593
608
539
648
620
57
613
550
533
443
418
458
529
512
576
531
626
462
557
374
431
405
343
499
527
653
650
666
623
617
676
724
788
874
784
843
697
726
767
694
842
792
647
611
767
530
773
944
819
861
762
815
740
761
798
662
735
778
739
750
686
784
696
795
723
720
711
855
761
766
811
496
424
872
844
554
707
548
674
644
545
889
897
507
427
685
590
846
741
656
711
679
575
503
645
726
500
456
582
635
767
714
574
526
579
575
534
437
453
489
408
451
496
520
422
503
494
510
460
456
688
365
651
355
458
548
408
727
446
422
463
271
466
533
593
344
351
649
586
460
639
383
469
308
542
675
742
617
667
618
562
486
722
815
527
569
678
823
588
589
533
604
677
740
501
505
428
394
416
330
365
282
405
318
301
435
320
266
551
440
677
602
333
275
362
239
235
227
275
238
265
270
315
473
470
338
492
584
459
623
601
575
367
561
546
774
612
749
740
477
574
276
663
485
774
828
738
396
709
678
637
743
700
580
741
700
703
404
651
562
608
667
814
696
600
844
756
832
870
538
382
316
781
492
456
363
219
342
261
224
344
406
588
526
603
484
186
251
167
309
730
340
488
145
552
564
740
826
395
501
337
814
588
613
601
613
624
670
756
674
771
760
717
518
513
563
365
652
684
385
572
683
486
606
396
760
684
644
461
445
462
335
420
745
348
287
388
290
239
266
303
665
349
851
631
647
423
607
766
692
762
757
713
510
459
475
481
550
678
679
639
370
623
740
729
718
280
650
634
742
669
696
549
325
492
405
406
617
462
785
667
614
505
646
464
534
667
607
542
595
629
642
370
865
580
558
553
670
875
386
426
830
615
651
625
603
672
820
601
344
454
627
123
655
585
723
793
501
529
469
374
315
464
569
461
465
282
768
140
695
554
579
676
649
672
711
474
627
768
444
692
225
666
648
756
501
367
687
548
690
485
570
291
619
540
717
542
737
565
320
274
257
331
415
389
425
336
510
674
701
671
295
344
320
290
486
584
315
377
618
390
376
417
419
768
576
333
516
530
448
262
576
565
600
232
214
530
430
314
298
443
427
438
459
420
483
384
418
557
515
359
373
535
346
651
474
664
728
689
324
579
521
426
493
678
669
724
684
629
677
639
640
502
401
558
592
496
681
675
711
231
157
216
644
414
683
399
524
674
447
532
750
706
443
668
638
850
686
667
492
700
681
601
568
248
751
484
429
654
594
693
547
547
343
440
561
720
688
409
400
399
326
460
338
406
504
461
689
715
264
476
599
618
565
547
443
343
363
468
662
614
468
349
318
592
458
605
586
616
649
548
433
563
613
461
185
610
312
383
342
414
358
618
461
579
558
594
294
325
215
232
322
254
320
238
405
662
509
432
584
625
584
576
633
646
474
548
417
399
457
546
821
847
440
510
655
485
382
269
466
694
764
473
744
756
782
314
634
440
746
620
597
372
429
664
284
420
478
464
665
644
443
583
302
288
347
147
615
191
256
321
361
603
430
436
406
296
256
300
391
421
373
168
576
666
705
671
699
644
659
660
616
458
410
375
331
625
673
519
704
373
440
403
344
440
338
632
610
389
459
373
377
682
450
720
394
385
484
429
632
489
573
635
617
649
576
285
331
411
519
396
500
413
523
685
599
680
196
298
369
348
513
304
344
271
177
534
389
409
399
694
606
424
550
276
359
345
135
413
398
474
363
448
469
475
323
351
733
400
309
203
481
529
346
506
490
356
402
163
478
481
173
278
331
525
417
553
231
488
569
371
586
450
609
603
355
669
548
393
539
547
492
542
628
384
578
249
544
313
289
480
421
678
412
398
548
543
212
478
516
413
457
305
526
287
359
142
647
552
502
413
675
736
551
433
633
496
351
636
648
541
721
694
643
550
597
405
494
629
501
362
332
248
317
441
274
443
490
469
499
609
562
556
553
633
519
646
645
523
319
561
343
464
552
643
404
414
439
374
366
389
372
621
705
392
410
409
319
497
500
232
585
601
191
668
127
469
346
614
408
670
511
482
485
284
341
604
371
398
557
417
472
489
598
402
499
381
354
451
412
643
342
356
690
391
391
451
182
480
305
512
665
421
646
553
309
333
549
545
222
559
561
666
515
462
476
405
480
222
411
698
338
380
590
652
548
466
522
437
473
342
406
383
475
410
219
413
341
661
547
529
557
521
605
556
564
598
508
636
461
403
484
354
625
435
554
499
529
526
574
685
406
539
479
465
518
552
495
322
303
540
230
428
464
445
391
557
553
542
635
547
413
524
484
491
560
558
518
172
393
376
448
495
403
401
673
380
390
560
434
317
460
341
590
458
435
467
506
478
300
548
469
550
633
250
548
370
359
433
269
519
402
429
493
399
567
479
372
517
384
343
511
593
258
265
502
498
536
632
511
566
471
562
302
433
545
608
333
499
529
243
412
167
186
540
430
556
704
270
565
522
449
397
339
414
451
565
424
529
577
557
403
454
392
354
465
457
341
329
505
332
304
513
207
470
432
606
301
170
122
431
558
327
390
273
571
372
397
415
457
452
448
297
475
518
348
447
350
423
487
361
561
426
456
343
485
464
197
330
320
350
381
589
429
661
425
351
255
413
361
457
495
406
83
90
43
220
302
512
426
389
444
265
534
540
398
499
393
391
377
539
532
545
511
442
347
363
549
598
403
226
369
348
396
407
607
209
386
292
321
251
490
466
509
186
581
489
278
283
324
573
369
391
375
485
342
348
254
248
486
366
462
500
575
571
454
589
391
436
330
389
366
283
460
272
470
342
279
344
379
381
312
418
425
275
263
408
332
477
579
366
447
343
520
372
368
361
351
369
506
345
353
378
525
479
258
417
191
369
571
329
330
314
284
338
411
426
441
476
445
382
462
129
236
144
440
449
292
407
278
295
430
472
284
346
436
406
482
410
449
345
338
250
253
315
256
258
288
445
428
296
536
251
478
388
427
288
370
346
223
283
308
274
294
449
290
241
289
484
531
220
440
333
380
375
226
316
448
388
440
237
262
244
264
414
509
492
442
301
233
501
268
544
415
351
488
464
518
419
383
456
291
318
320
273
264
353
246
287
311
320
502
348
437
451
405
425
247
596
332
317
519
548
446
402
422
367
469
292
514
422
545
440
436
316
286
350
330
347
292
328
331
349
280
220
208
208
355
491
278
313
377
322
356
257
332
465
287
242
378
368
267
301
328
425
348
387
369
360
380
392
505
448
205
348
356
433
244
323
315
495
-1
240
367
274
464
290
388
489
288
348
368
518
150
498
321
575
279
309
329
508
351
321
260
307
322
352
246
286
268
346
484
276
245
373
378
432
479
301
282
335
313
250
243
488
351
223
259
297
229
436
435
559
336
748
291
412
265
306
262
508
288
475
238
313
419
391
350
232
401
335
380
261
457
285
410
255
373
305
291
295
294
487
197
539
409
289
389
186
412
268
332
326
361
206
295
166
512
510
369
353
508
211
451
341
498
491
311
299
461
289
283
370
326
264
278
334
344
260
260
225
386
353
235
375
477
316
314
365
317
517
345
354
347
253
498
244
403
222
579
337
296
263
262
287
257
462
435
433
272
318
302
232
296
318
285
174
265
441
381
345
293
302
334
247
245
311
426
322
386
252
267
241
308
287
402
239
360
172
228
195
296
326
315
371
320
142
255
408
241
211
231
354
291
187
191
244
186
314
175
494
358
220
301
250
282
272
54
231
287
270
271
265
386
279
288
234
457
212
512
342
258
338
184
346
311
283
291
210
300
414
199
128
349
260
260
184
145
373
325
249
229
285
339
224
304
333
386
336
205
323
236
429
285
347
282
530
295
229
312
255
283
310
260
227
293
241
258
397
386
210
207
267
182
494
414
317
205
367
292
347
317
377
401
249
306
302
239
360
176
351
278
39
479
217
324
346
279
477
266
308
253
322
287
347
278
231
473
275
225
271
332
199
243
262
177
363
481
259
190
239
363
32
33
509
334
330
284
258
377
220
185
311
219
199
525
211
185
245
332
320
258
298
437
212
243
235
222
249
370
203
358
509
341
260
346
226
256
342
200
334
221
394
252
289
292
348
179
190
280
349
301
380
157
285
349
347
357
220
231
234
380
388
249
318
243
265
285
154
334
393
352
148
206
225
200
256
206
401
234
239
194
201
138
304
189
309
208
458
195
198
165
134
198
227
211
315
89
374
201
192
213
140
179
252
239
231
241
192
149
350
269
233
300
171
182
217
247
134
105
164
560
206
189
175
181
284
191
103
188
109
320
215
174
303
189
249
200
254
156
248
223
123
319
296
336
110
208
174
353
245
177
175
148
218
194
97
203
119
201
276
276
312
226
178
236
215
144
134
199
185
84
297
68
108
165
138
149
229
290
203
220
209
288
263
218
164
151
118
167
186
149
183
143
326
186
205
162
186
140
202
170
204
201
236
104
102
245
140
140
277
121
152
189
139
198
67
110
172
105
87
184
91
123
162
170
75
234
164
127
154
137
160
80
146
73
127
112
142
50
64
114
169
110
97
98
167
70
127
406
183
