370
432
486
477
485
455
541
496
83
472
444
448
377
354
398
430
434
473
436
517
383
458
354
383
351
316
452
463
510
487
459
478
458
510
490
468
473
443
442
450
439
464
454
475
448
492
479
493
381
500
542
455
431
426
428
396
431
414
414
433
473
453
447
320
441
381
480
440
425
461
504
505
450
516
393
300
432
412
332
407
245
382
400
328
394
392
343
246
417
405
479
450
424
471
483
377
238
429
416
230
294
387
485
534
415
374
378
376
368
361
367
328
344
299
327
364
373
303
344
356
293
314
312
458
344
417
208
316
386
321
486
320
330
346
200
338
362
388
291
203
398
377
231
395
302
317
155
332
489
434
462
474
452
362
483
506
430
376
353
488
489
364
386
426
456
437
445
310
297
283
271
280
170
174
220
233
234
220
275
233
140
331
373
445
417
240
200
252
172
137
164
194
187
200
192
227
363
366
205
493
408
307
518
478
529
257
306
420
370
393
447
414
373
527
144
442
458
492
501
432
270
450
420
418
444
412
362
483
275
364
287
412
461
444
419
414
462
354
432
486
464
361
319
274
260
427
326
350
219
155
266
144
172
230
175
222
426
381
335
100
184
136
203
525
256
320
107
400
301
389
447
256
239
221
432
426
433
428
439
412
364
419
378
440
453
381
417
366
418
319
386
385
215
352
502
374
528
312
517
483
429
343
330
336
317
318
536
340
271
351
289
243
260
306
497
224
371
418
479
455
442
513
457
368
420
460
302
342
398
332
342
397
444
353
165
305
368
396
334
163
404
364
431
435
455
375
297
359
372
399
433
392
398
480
509
344
346
393
378
468
497
561
444
479
466
250
382
341
416
417
377
368
287
308
362
497
421
407
428
417
361
447
295
317
405
127
470
472
454
415
379
393
359
303
301
316
459
241
241
236
402
97
416
326
385
442
383
271
438
196
403
369
313
431
258
432
588
420
367
253
446
469
459
376
358
279
360
250
397
321
421
343
261
245
201
248
283
119
306
224
332
468
381
375
236
264
235
238
354
374
263
236
410
327
273
413
372
412
399
246
346
357
320
92
319
399
406
117
168
421
238
164
169
272
283
273
277
319
312
290
308
406
313
283
291
346
288
414
440
389
413
403
274
439
365
346
455
441
442
474
509
454
480
416
388
443
283
454
319
248
475
450
494
108
67
235
508
312
382
344
309
417
411
304
477
423
304
516
374
382
355
448
309
437
398
491
415
118
432
383
361
449
398
455
382
326
278
355
399
358
352
345
320
322
288
305
253
319
399
304
349
332
137
345
440
407
349
368
363
291
295
355
416
402
308
215
163
362
283
448
397
451
359
426
305
359
416
270
68
381
277
320
279
311
297
370
256
419
411
406
220
246
147
159
236
197
262
150
247
391
327
327
227
444
284
320
384
374
361
380
301
301
374
195
355
331
317
485
392
330
275
228
367
345
366
343
444
330
423
279
406
385
423
397
367
284
299
344
244
207
363
344
442
440
302
372
238
228
255
78
265
137
199
332
101
396
283
327
311
280
259
247
262
334
290
126
362
377
464
458
446
426
447
481
447
372
308
292
256
381
341
350
372
311
295
339
285
368
245
401
400
324
289
306
239
364
334
460
259
261
206
336
335
394
515
431
440
440
452
254
276
290
377
298
375
310
279
335
408
384
144
215
259
291
352
247
285
255
160
282
242
277
294
391
338
235
357
125
272
276
92
236
327
338
254
340
326
341
299
306
308
376
239
235
311
283
330
501
462
265
346
113
368
340
132
176
272
339
299
450
271
329
380
295
378
287
406
318
279
341
374
280
331
369
418
358
357
334
236
293
260
253
233
279
318
386
277
230
364
386
297
316
388
261
400
167
457
196
240
147
422
409
283
269
330
402
344
340
285
419
204
332
399
369
413
439
358
373
361
310
341
358
376
283
281
184
283
311
188
381
452
428
388
400
372
373
391
299
402
395
365
328
317
403
204
343
378
419
172
233
245
206
262
221
232
360
328
260
270
258
119
372
428
231
432
391
85
390
93
150
249
418
262
411
327
408
409
208
298
432
297
247
370
228
380
410
384
256
326
261
234
300
352
417
300
283
381
367
275
325
151
357
289
252
421
288
367
393
254
243
359
333
226
328
332
359
368
334
341
258
357
157
260
287
169
307
370
404
393
352
373
303
301
243
262
393
283
256
198
312
248
416
367
293
356
358
375
398
412
361
406
462
457
292
324
249
341
352
331
316
360
244
327
473
239
326
290
338
293
355
286
230
210
297
214
382
408
368
277
344
351
443
404
241
246
416
282
354
443
292
428
200
218
330
338
474
283
438
307
229
280
384
354
172
360
290
389
174
424
335
307
312
228
305
276
358
372
175
341
300
256
289
249
358
263
306
316
339
316
389
320
324
275
276
289
366
253
223
305
320
298
383
331
333
218
394
231
310
272
431
260
272
333
140
335
98
138
396
274
319
383
175
278
384
303
256
279
305
282
390
253
272
470
348
273
305
262
249
432
311
221
177
356
273
244
266
109
320
300
394
269
159
85
327
383
190
280
262
269
219
207
268
348
407
409
281
258
231
303
320
240
293
300
324
318
325
284
251
326
299
183
256
273
291
188
285
245
336
350
265
191
331
258
341
269
272
64
91
60
181
196
360
333
157
338
192
353
361
286
344
256
300
233
267
261
259
265
255
255
248
352
353
333
216
262
252
288
363
308
90
295
264
237
200
282
413
393
201
327
304
235
220
191
242
322
290
286
292
211
209
326
189
386
267
356
323
337
320
334
368
357
253
239
240
276
193
330
243
345
269
179
246
314
295
225
244
319
209
220
321
303
383
424
267
318
296
364
320
225
253
315
190
306
325
290
266
327
359
230
278
219
334
338
198
246
305
289
195
335
326
355
302
278
282
373
126
184
120
281
295
251
206
246
237
359
324
222
264
351
256
364
235
267
219
224
203
207
255
226
204
200
269
328
253
444
220
396
301
321
285
221
177
178
256
260
255
178
384
212
202
258
409
318
136
236
121
277
267
218
243
308
300
325
183
198
196
202
308
389
362
327
215
220
388
169
298
269
269
324
329
316
324
308
343
254
283
275
191
195
290
188
224
243
182
347
272
302
336
323
204
207
378
178
228
318
363
319
282
355
338
200
224
342
298
335
302
367
268
200
175
283
260
255
231
278
298
252
197
196
187
180
291
172
205
220
216
339
223
238
311
209
180
340
371
236
232
239
299
245
256
189
324
326
329
226
295
169
318
257
356
258
241
298
226
303
234
306
193
306
210
347
380
237
305
260
299
109
301
278
371
167
213
273
378
268
269
208
270
280
146
232
162
150
250
325
303
213
248
298
276
301
263
264
241
298
234
226
357
225
197
211
194
219
265
213
314
209
345
310
321
208
216
200
294
262
256
151
190
296
337
152
144
286
153
282
200
313
244
295
249
240
251
198
232
188
198
193
317
284
267
251
133
278
234
151
286
245
198
191
108
312
317
330
284
257
206
323
261
392
342
301
247
275
173
270
272
302
281
173
174
225
197
250
229
293
237
230
300
366
187
207
245
271
188
232
242
290
236
296
171
291
143
326
229
236
213
213
223
200
313
265
302
204
239
188
194
180
184
247
147
173
349
215
275
229
256
210
257
275
245
321
256
243
172
264
205
289
269
203
220
228
150
168
207
250
244
212
265
308
142
210
369
174
156
191
219
206
164
128
198
130
266
148
224
279
219
211
160
226
194
56
182
222
209
213
202
233
279
226
216
313
173
283
232
225
241
147
152
256
236
257
189
284
296
226
78
280
233
195
182
172
387
205
195
158
225
216
217
244
251
198
280
164
254
206
273
248
179
261
273
236
214
195
200
222
270
242
185
218
210
266
323
344
200
189
211
143
296
325
249
230
269
236
299
318
283
369
202
240
226
164
216
159
272
249
42
278
245
230
263
178
210
235
315
196
245
212
224
296
154
261
242
203
220
201
201
144
223
170
202
314
181
160
177
199
21
36
281
177
169
229
188
362
90
186
205
190
180
275
195
211
145
202
217
223
213
275
189
193
140
197
216
251
167
141
275
306
300
225
203
332
244
188
231
181
431
225
394
196
291
161
161
182
229
213
269
133
205
156
275
243
173
225
174
288
220
179
250
227
206
195
128
273
250
306
126
197
174
189
207
225
229
196
151
163
126
98
219
147
236
163
270
208
211
161
163
138
172
161
194
109
262
198
71
149
122
104
325
137
182
159
185
145
202
246
162
246
108
181
167
193
107
110
161
326
173
190
152
179
246
205
138
124
120
243
172
202
-1
121
194
193
200
134
212
206
83
188
168
270
82
159
110
241
239
153
133
131
194
180
113
103
131
155
162
162
299
168
130
174
164
147
136
193
162
85
194
35
89
143
133
97
165
275
170
218
204
306
214
160
130
145
112
152
161
130
166
174
253
155
198
126
150
118
169
151
179
178
239
85
66
182
120
119
237
94
125
157
101
145
63
83
120
57
75
142
110
101
116
131
53
185
128
108
111
165
129
79
106
64
91
91
101
89
42
99
124
96
85
86
100
67
73
343
179
