915
1029
968
924
877
756
1111
894
115
939
920
906
833
820
812
853
857
891
845
1002
798
843
740
761
677
725
780
855
966
1027
1048
951
1030
1120
1158
1330
1428
1264
1357
1204
1196
1234
1249
1287
1300
1090
1021
1194
1111
1212
1512
1460
1347
1286
1295
1235
1274
1136
1252
1298
1339
1169
1330
1143
1255
1206
1310
1245
1267
1167
1150
1043
1122
1285
948
740
1240
1286
923
987
936
1185
1155
900
1145
1120
1043
987
1132
928
1318
1114
1127
1145
979
922
776
962
1206
773
915
1103
957
1169
1059
1097
1090
991
1071
1076
787
951
1091
894
917
991
834
861
953
1055
938
821
778
1071
697
1030
597
913
938
876
1153
956
887
932
658
889
908
954
765
673
1155
1166
666
936
747
881
593
947
961
1032
864
990
947
828
758
1128
1411
937
966
1049
1100
1063
1046
840
908
1072
1048
885
867
838
811
811
622
613
626
757
598
581
846
645
515
862
755
1046
925
574
551
637
474
434
416
503
435
502
561
551
914
914
492
723
936
946
971
953
806
695
976
986
1128
1031
1011
954
869
838
480
1014
707
1193
1097
1125
772
1005
1085
1033
1135
1057
963
1086
1084
1111
659
1065
844
868
985
1106
1097
1069
1316
1267
1051
1031
984
770
662
1138
942
721
564
471
472
321
395
533
604
743
713
928
794
312
478
383
724
1007
616
921
276
967
839
1423
1233
691
812
619
1048
830
840
894
865
959
1029
1179
972
1288
1261
1061
771
920
827
675
993
884
552
801
1075
931
968
536
1038
1208
939
842
794
850
646
806
1135
605
620
601
494
518
474
533
1000
574
1106
900
897
654
858
1089
941
929
1186
996
855
843
713
788
822
982
937
781
607
1063
998
1121
1199
425
1156
765
888
1143
921
979
569
993
654
630
905
862
916
995
856
810
1000
797
820
992
789
904
861
927
921
746
901
970
788
807
1042
1099
781
724
1016
897
914
831
967
1118
996
865
600
810
889
288
981
828
1228
1283
748
779
775
601
593
800
831
628
631
582
1021
248
981
771
752
888
881
773
1072
740
827
1008
773
1017
371
989
916
1007
897
573
899
853
1052
866
989
487
808
691
1085
910
1071
916
634
528
524
568
809
476
749
708
780
1018
1113
1114
526
683
615
535
928
1020
622
473
1048
689
663
675
592
1225
993
667
852
855
740
299
905
876
1093
358
495
792
696
514
536
770
817
819
796
786
870
713
790
746
875
672
636
639
619
779
667
960
984
1300
527
826
817
612
687
906
909
1096
979
846
915
1052
1062
685
765
790
1040
837
1054
874
1024
321
166
363
918
767
998
762
796
1062
801
721
1281
1045
707
1001
1038
1038
1035
838
847
1043
1018
899
822
346
961
774
690
846
699
899
830
838
589
661
647
950
931
712
677
709
576
609
628
668
734
817
1111
1001
428
759
854
1124
764
861
678
612
608
795
927
830
805
531
430
736
719
764
751
725
730
655
526
1044
890
624
337
743
544
691
612
641
655
966
783
769
754
883
613
622
415
380
577
476
548
471
423
803
823
714
896
888
791
732
912
839
647
723
608
668
660
774
1109
1055
693
677
784
750
648
520
753
1158
1193
726
1209
823
1113
603
1005
676
1107
889
942
615
699
845
453
578
790
757
857
841
752
898
550
528
691
255
866
270
548
428
504
752
740
799
696
585
475
523
562
649
587
313
803
874
1197
1121
1133
1110
1055
1036
979
742
699
648
600
877
846
807
1033
618
587
687
511
576
639
947
902
596
712
697
664
1040
703
1020
634
588
652
611
963
584
708
825
817
859
732
565
576
620
759
707
672
666
842
1000
755
1077
427
558
610
656
735
498
586
426
300
640
672
762
719
973
958
729
946
398
525
544
365
556
602
712
629
684
681
734
536
553
820
554
486
487
830
766
531
806
772
597
681
306
724
691
424
401
556
584
504
646
455
799
757
551
921
709
991
699
626
818
692
652
645
659
719
766
824
554
653
525
690
560
490
604
648
874
678
509
925
727
313
691
686
696
557
396
784
532
642
374
832
734
604
717
903
856
702
625
790
681
690
901
936
774
911
973
730
666
596
554
815
734
585
590
501
456
547
727
519
648
685
622
692
759
680
670
703
868
587
792
888
585
500
718
487
615
613
873
464
458
534
429
384
501
413
815
839
635
671
800
490
632
712
486
693
800
263
955
219
505
586
798
613
856
783
618
591
537
641
785
615
470
643
608
553
553
731
504
720
624
629
738
618
806
505
549
791
616
700
550
347
697
474
780
946
533
-1
696
551
786
742
680
338
589
611
858
629
528
553
625
575
377
555
1022
480
545
666
998
711
592
611
587
620
563
634
492
724
562
436
493
449
905
704
550
592
650
903
808
792
857
630
889
546
517
729
443
751
557
719
704
621
678
739
963
586
613
664
544
564
690
472
472
415
659
537
486
526
541
661
551
766
701
1065
650
677
638
736
809
944
724
589
363
472
504
610
728
562
492
786
504
728
717
475
514
592
599
716
464
582
504
735
564
505
702
565
774
760
311
645
485
660
636
467
602
672
614
593
415
757
554
435
614
647
546
613
893
462
464
740
628
745
801
549
641
552
686
480
547
554
867
433
631
636
376
648
253
370
672
505
616
962
473
648
642
564
512
492
551
487
680
472
563
703
754
612
641
602
523
697
533
385
359
579
465
465
721
311
591
463
903
464
308
170
554
676
572
474
442
506
418
531
497
601
536
537
468
674
491
369
587
470
536
502
482
717
494
508
612
578
493
320
429
474
400
489
589
541
702
454
458
338
617
585
523
611
509
174
158
147
392
383
699
569
568
534
250
545
635
391
735
602
560
481
606
600
605
604
562
418
536
628
817
442
420
459
424
502
492
771
249
577
509
391
297
643
539
564
362
683
528
323
431
347
607
466
423
426
604
475
478
299
440
741
570
557
645
988
896
787
721
696
544
322
524
363
417
540
350
654
441
313
380
429
455
348
574
491
437
431
549
357
522
687
408
523
519
772
503
538
467
414
544
626
379
376
557
646
521
429
469
272
421
782
420
359
387
375
463
478
465
530
471
443
426
724
264
250
140
612
508
401
491
350
415
494
479
283
415
416
418
518
473
429
448
479
392
423
426
408
435
414
484
538
342
743
431
616
487
528
326
441
403
352
401
346
299
424
601
535
389
345
583
617
318
569
338
555
470
391
453
452
355
628
371
421
395
442
665
643
685
458
354
340
577
314
608
409
380
555
549
745
466
439
676
362
376
343
429
433
366
399
371
342
327
664
348
452
506
468
518
463
898
311
423
582
682
580
388
465
501
500
373
547
561
653
455
555
417
403
333
336
519
377
394
368
361
409
307
316
347
406
680
368
415
413
427
397
417
347
589
268
260
408
416
312
427
355
451
353
379
426
341
552
533
704
628
286
374
420
456
268
419
360
522
646
438
475
293
589
421
400
619
484
509
445
614
191
414
376
809
350
422
430
531
388
372
279
395
367
382
391
289
275
369
514
292
287
470
420
574
622
433
327
373
322
284
272
520
352
307
327
371
309
551
488
569
596
844
388
752
476
395
318
800
345
570
384
419
418
396
380
255
481
318
443
219
483
392
492
325
500
415
314
383
306
542
297
602
566
337
514
216
495
334
309
362
375
365
334
142
533
555
407
469
664
260
636
509
600
618
364
410
532
268
269
443
343
277
370
378
369
450
392
341
432
325
259
603
583
368
346
415
359
619
485
427
385
288
615
323
394
209
676
377
335
385
378
442
277
597
422
723
274
363
329
354
349
382
472
318
229
500
281
394
317
310
401
398
291
630
542
335
422
227
319
325
371
332
525
287
298
239
305
243
461
459
421
426
497
285
366
600
289
220
280
373
288
231
246
336
333
281
252
454
451
201
369
277
350
383
140
299
465
292
399
355
495
421
355
315
579
296
529
382
342
338
248
329
424
288
330
347
334
611
476
170
433
319
343
259
295
470
303
227
266
291
381
261
301
364
604
349
239
400
205
553
404
341
388
678
392
412
302
318
348
362
313
342
357
348
293
478
496
307
351
335
323
509
420
314
374
395
279
395
344
462
562
263
393
381
279
444
258
479
335
124
592
311
447
421
226
649
342
317
265
329
337
603
351
259
423
257
254
311
309
236
290
402
229
417
578
294
233
308
325
55
67
608
447
352
386
367
454
204
277
363
228
227
649
327
250
201
378
300
251
329
393
340
226
300
249
322
493
250
350
522
395
318
338
193
292
393
223
350
214
434
283
387
436
458
223
190
385
460
335
476
155
362
500
454
443
310
372
375
493
421
341
419
286
318
409
168
360
522
414
237
279
298
281
290
205
337
229
302
189
191
121
302
247
512
291
512
305
308
274
271
187
295
190
381
85
518
315
181
313
202
171
250
330
217
286
232
183
600
341
275
390
170
200
159
374
220
140
251
592
195
182
185
198
396
193
164
198
175
325
260
208
367
221
238
386
257
174
316
347
126
426
414
337
91
202
208
428
409
213
224
208
226
212
135
165
190
236
283
282
460
251
208
296
211
145
192
273
234
165
316
76
106
210
193
130
238
364
279
294
307
350
292
214
161
178
226
190
196
189
208
160
379
195
293
160
210
190
227
173
276
274
269
116
80
277
158
159
365
133
259
256
128
203
96
119
177
95
140
244
138
140
163
153
87
265
164
145
150
196
178
99
145
74
109
127
135
68
77
124
197
129
108
109
131
93
113
744
276
