545
628
614
618
585
509
649
589
91
591
556
565
509
497
498
520
532
568
518
617
506
497
461
462
417
451
463
519
607
634
631
590
627
635
698
774
748
713
720
682
682
744
647
729
705
632
591
626
595
611
781
717
746
741
695
637
682
606
683
710
728
600
802
618
625
637
764
636
699
652
669
608
635
681
503
450
649
688
523
593
426
616
690
523
620
591
612
564
634
580
730
699
665
666
616
541
415
545
685
414
531
619
569
643
657
583
587
557
569
668
470
539
576
526
502
564
427
504
547
531
496
417
439
605
400
551
348
532
617
505
682
601
551
613
368
436
475
511
440
376
679
726
327
508
405
479
294
558
597
559
511
561
514
441
457
659
757
552
517
642
640
617
591
583
581
618
684
469
502
465
493
483
317
323
409
407
377
396
484
383
239
460
457
531
489
372
316
354
290
240
275
320
279
386
344
331
523
525
321
464
570
538
587
580
503
366
576
658
596
557
580
654
535
521
263
616
458
679
606
627
455
605
566
536
630
582
508
549
567
579
399
575
523
517
511
668
635
570
738
724
665
561
530
502
442
603
621
441
313
278
293
217
243
337
339
401
436
539
452
204
308
237
527
628
423
464
204
552
429
674
740
427
460
410
623
464
470
444
431
454
564
641
570
733
741
614
500
509
444
434
582
577
360
479
676
554
557
350
577
640
579
537
526
520
448
514
649
396
406
424
338
317
336
352
616
306
547
553
600
426
563
681
560
601
681
625
594
511
409
405
425
564
597
469
320
489
558
579
634
286
596
437
540
674
524
593
325
642
504
410
545
592
556
627
487
495
518
463
466
652
512
530
537
590
561
428
522
513
446
458
601
610
552
561
527
497
523
505
571
708
553
544
381
576
469
204
619
498
658
717
466
484
437
360
320
410
508
393
391
433
570
201
606
491
448
575
613
396
640
435
502
524
456
610
260
602
537
569
531
330
537
529
553
484
536
324
427
346
682
550
690
486
527
474
388
496
777
275
440
623
427
544
548
545
463
498
408
461
777
629
351
289
654
440
688
421
359
618
562
360
543
510
443
170
438
483
578
219
380
528
624
456
455
711
912
933
865
737
894
627
632
423
590
378
367
403
375
466
459
490
513
700
310
441
436
365
468
576
593
666
651
524
605
691
618
445
898
500
563
630
638
510
665
205
110
218
560
618
564
476
412
659
494
484
658
650
365
597
584
483
506
524
480
604
696
491
445
199
521
518
439
488
436
575
464
480
391
402
419
524
527
475
566
555
441
436
405
459
472
931
675
594
377
470
471
625
409
486
512
473
512
503
599
557
822
277
217
532
882
461
447
444
374
402
364
515
590
336
153
384
329
483
503
592
572
519
444
484
440
467
546
634
412
328
566
386
449
277
246
439
453
669
410
600
545
370
582
597
420
387
340
411
399
357
535
535
461
451
422
442
371
316
417
584
564
430
593
526
594
568
472
458
649
470
493
552
646
401
267
260
469
385
548
483
733
570
456
404
598
167
451
181
572
329
249
414
782
426
357
380
355
391
418
456
423
196
414
520
638
577
597
580
561
601
574
495
717
431
586
563
560
431
547
423
438
433
330
349
699
468
476
359
720
586
624
487
419
549
493
438
366
421
423
361
415
515
474
514
475
519
616
581
425
824
406
498
467
506
490
536
412
486
373
387
446
329
319
288
210
366
673
1000
668
502
543
485
599
211
315
342
248
343
336
403
460
513
460
456
474
347
407
372
402
303
517
410
371
553
526
552
401
212
440
401
292
409
712
379
335
375
272
790
495
456
504
488
653
344
587
412
368
360
325
318
390
444
424
297
356
304
342
382
295
426
381
453
723
389
529
359
200
439
432
805
344
264
510
290
581
236
494
484
299
634
514
484
444
451
512
444
587
513
481
447
503
506
340
392
304
312
406
419
430
601
444
297
470
512
482
400
405
369
423
525
445
417
441
544
353
428
467
355
321
464
271
359
445
475
274
294
327
291
246
340
238
412
442
722
725
454
297
383
485
302
392
455
142
541
227
307
554
449
549
457
508
410
396
386
514
447
581
354
405
647
320
380
606
392
371
592
-1
443
338
402
352
416
419
355
398
422
228
459
354
783
550
341
629
432
459
496
416
382
244
337
327
475
336
262
368
556
397
443
436
483
295
406
399
559
391
327
341
304
362
575
580
320
446
326
498
276
288
483
375
319
309
330
427
417
400
455
341
526
334
356
382
309
374
332
386
381
317
368
386
581
345
372
345
330
281
365
260
422
430
349
350
293
337
350
432
317
400
438
576
351
633
392
618
402
562
363
367
240
255
349
457
415
375
312
398
412
986
443
350
259
359
462
374
259
370
277
381
387
478
360
289
422
416
225
337
306
563
380
343
340
478
428
314
244
379
382
250
328
580
444
331
466
263
545
433
380
448
432
321
366
252
378
573
343
325
459
305
381
363
251
433
187
344
365
263
321
508
244
374
326
251
351
342
357
266
407
254
310
435
470
337
392
322
298
451
337
237
222
322
260
270
312
190
302
272
463
327
217
127
309
327
281
313
346
288
402
552
248
352
329
331
332
356
493
232
353
465
295
294
284
400
287
306
615
382
342
220
255
388
250
205
313
270
383
301
388
296
307
602
282
369
284
115
113
92
228
340
399
332
334
367
171
303
358
218
393
344
292
275
314
299
325
307
289
224
325
360
443
295
328
287
290
275
291
376
133
747
706
303
236
369
362
388
220
350
298
178
548
240
319
300
230
219
366
332
332
213
422
441
484
323
350
532
503
553
426
394
312
195
352
216
348
273
225
316
229
166
212
262
334
207
258
280
230
265
320
219
335
367
255
296
339
387
290
597
311
282
572
340
243
211
266
394
350
255
292
189
269
458
560
235
276
272
450
236
261
349
308
286
249
388
148
177
112
325
270
247
296
267
323
293
301
194
234
248
266
309
263
243
276
227
371
394
279
392
478
565
279
309
213
440
458
403
242
305
212
266
369
387
240
223
210
237
332
586
225
225
397
305
152
277
183
309
307
260
390
240
227
353
418
488
465
516
459
374
425
254
267
299
343
205
296
249
221
436
423
415
287
275
417
291
250
265
510
489
248
203
303
215
188
381
221
285
306
279
235
295
451
150
502
312
343
301
224
272
264
269
273
324
324
440
281
331
315
252
195
235
496
242
211
222
253
383
292
319
312
378
352
218
430
313
463
277
391
212
360
200
169
251
249
159
384
234
246
203
203
602
205
342
268
347
362
184
245
298
283
179
358
213
293
354
260
265
160
302
255
244
371
298
356
243
322
182
238
222
407
371
455
293
335
209
234
183
242
244
248
297
185
153
226
313
199
160
295
268
288
306
368
227
213
195
175
189
357
204
297
255
396
278
290
256
319
397
444
249
413
481
215
234
420
218
288
345
327
259
240
179
257
271
191
249
170
314
306
242
183
254
264
163
210
184
287
225
354
344
225
285
188
291
215
178
215
210
178
221
101
337
339
230
255
361
222
377
448
349
375
254
285
287
169
181
272
233
180
422
235
229
497
230
302
271
201
183
456
354
203
212
231
217
303
387
258
231
213
391
338
269
113
375
249
263
427
518
577
176
303
220
473
174
200
220
436
243
240
444
372
153
267
181
226
187
198
255
298
183
332
312
187
258
147
228
349
270
221
295
234
171
144
167
167
413
281
451
233
318
180
328
332
318
251
274
203
158
223
198
360
293
165
214
282
277
150
228
169
228
226
164
185
237
166
223
388
240
293
162
229
327
171
309
236
204
200
220
194
278
198
221
324
212
317
269
148
205
194
234
228
208
303
156
140
289
184
192
161
194
278
318
212
126
234
154
311
238
175
263
318
323
237
183
306
314
205
197
378
203
225
194
274
272
248
218
198
368
324
261
212
235
247
167
236
199
285
343
161
251
209
308
239
340
289
217
67
340
207
376
245
127
375
203
196
149
190
200
750
215
152
262
177
202
192
193
219
286
281
139
224
301
300
288
312
184
35
38
326
287
204
195
203
294
155
221
177
141
124
304
262
198
131
212
171
140
180
225
348
145
277
173
185
275
183
210
262
249
220
242
126
207
221
172
215
183
244
165
283
356
228
141
111
380
267
208
265
97
219
264
216
262
167
313
257
281
203
355
235
194
255
271
108
239
272
243
191
178
189
300
161
121
187
142
172
114
124
77
159
225
251
364
306
246
247
181
201
104
189
122
238
57
283
243
98
314
261
107
160
399
128
141
180
153
286
197
162
233
102
121
116
261
169
206
222
314
110
132
119
128
247
128
103
107
129
171
254
139
234
278
164
253
166
154
181
196
65
226
219
191
52
132
118
261
310
122
92
203
159
140
100
82
212
165
167
167
273
147
122
177
129
104
154
173
143
118
200
37
59
130
161
79
157
246
203
168
210
200
194
141
115
109
146
112
137
118
127
95
198
122
160
113
129
116
146
103
213
215
166
72
59
176
120
118
209
75
220
173
93
124
127
74
115
59
150
139
77
83
103
128
54
177
110
92
116
192
135
117
183
45
69
86
85
48
51
76
111
64
71
71
69
77
54
465
298
