444
568
636
622
623
577
676
606
79
633
568
555
464
416
485
514
543
584
589
645
485
492
393
426
366
342
468
580
631
656
574
648
604
599
718
660
699
630
667
633
626
647
606
696
645
577
537
637
485
630
694
606
607
650
605
560
617
581
536
598
641
593
610
521
607
592
672
560
600
593
774
757
761
792
432
445
690
692
541
695
383
579
582
453
651
672
466
365
617
531
657
639
606
723
697
534
354
563
634
322
366
498
570
646
622
507
470
487
510
477
391
418
440
399
438
412
416
350
407
435
398
393
376
568
318
537
263
404
477
391
651
394
401
426
263
404
450
448
328
278
482
504
316
453
369
411
238
443
669
599
567
607
514
425
456
700
599
434
462
632
662
472
489
510
651
652
738
388
389
346
335
362
232
262
242
311
264
263
373
288
205
398
374
539
516
337
213
280
212
171
193
225
215
210
234
243
433
433
283
472
708
396
617
627
535
312
417
512
501
523
726
672
494
499
156
623
461
702
758
653
334
622
514
497
607
581
450
604
455
575
395
632
501
554
512
795
598
488
666
634
758
581
427
317
303
720
461
466
221
189
234
140
163
231
255
359
480
471
391
121
196
148
276
741
310
436
115
459
405
543
744
308
360
292
732
464
477
492
486
508
531
590
552
656
682
535
552
412
459
309
587
656
373
529
707
414
631
396
694
561
643
364
369
370
297
385
653
384
335
405
308
284
292
354
714
266
635
496
648
398
629
734
679
696
603
724
542
392
453
383
449
545
720
545
231
417
507
611
491
194
503
522
619
648
652
513
300
427
376
363
570
420
680
738
482
429
485
483
441
660
594
581
647
695
702
348
666
474
439
447
549
649
325
348
643
552
549
568
478
616
548
642
314
409
504
143
713
589
644
656
395
425
373
301
311
383
532
366
362
283
827
102
735
485
563
756
740
471
620
360
690
628
463
631
220
526
645
572
437
287
625
569
550
452
539
327
496
428
635
444
734
446
285
259
217
271
375
209
406
302
369
602
632
649
271
301
273
267
445
573
307
248
597
432
323
448
420
624
512
359
512
546
418
172
575
499
516
188
202
575
336
236
241
372
383
368
355
364
423
362
378
430
441
337
347
388
334
588
495
550
598
544
270
595
452
370
465
691
668
666
813
618
688
533
552
441
345
603
443
396
669
621
791
183
99
198
655
353
556
393
422
667
454
547
641
660
359
673
583
588
606
654
405
628
614
537
464
174
597
434
418
560
517
832
544
525
292
374
445
627
545
414
368
391
334
393
312
398
421
401
555
583
183
418
518
530
427
574
376
344
316
429
593
563
443
256
218
650
401
522
514
525
494
590
332
441
699
329
106
532
288
347
307
455
346
463
374
542
552
574
274
284
207
174
308
196
318
180
374
602
405
423
358
671
645
529
624
623
377
427
342
336
377
331
609
543
437
547
716
435
430
311
432
551
576
411
621
628
693
353
611
502
706
686
439
354
389
677
240
273
429
370
728
716
377
556
277
264
357
102
386
162
244
274
326
519
403
392
356
265
223
260
326
392
381
141
549
542
601
586
589
565
574
613
606
433
365
316
324
650
577
494
577
341
430
361
266
344
337
682
653
372
421
352
369
625
481
625
387
386
362
434
642
475
652
689
661
686
669
282
350
424
585
400
508
383
492
531
644
582
176
236
372
389
502
373
317
238
140
520
310
400
383
596
556
353
521
248
394
390
136
311
408
545
401
417
386
485
317
300
597
383
253
263
403
463
321
563
517
348
316
114
506
518
158
228
358
466
332
653
272
458
833
363
555
421
585
448
387
594
519
357
459
470
452
575
643
425
511
284
486
270
239
496
474
585
378
353
502
592
351
459
478
372
681
277
603
238
324
191
535
520
395
359
556
726
534
444
551
634
312
530
502
480
735
563
490
586
460
314
420
823
744
359
340
212
325
441
261
369
485
459
466
653
822
828
835
588
692
732
643
539
386
670
286
567
606
547
298
352
359
317
380
283
348
552
630
440
439
339
219
591
539
287
625
669
188
575
115
447
348
560
431
597
566
446
465
301
325
519
408
375
494
344
437
563
594
398
532
341
330
380
359
592
332
391
604
432
353
599
158
428
305
368
680
415
544
532
319
323
721
735
205
641
631
496
442
429
765
353
668
179
404
507
268
407
760
607
577
497
572
451
536
344
343
523
417
351
239
348
243
593
579
587
666
587
498
479
477
453
505
607
605
414
369
321
587
567
594
558
463
431
673
693
391
869
922
-1
509
603
529
331
290
611
230
629
744
732
412
627
430
628
572
427
367
745
390
423
519
488
560
203
352
355
428
435
396
527
497
346
345
607
726
193
662
299
538
308
433
483
414
662
275
440
364
587
664
229
513
469
356
437
282
849
360
534
565
562
540
619
396
412
351
331
726
572
230
243
535
598
487
595
586
487
310
492
352
333
559
561
287
544
597
175
457
116
157
622
454
516
544
231
636
434
516
544
396
485
761
566
380
624
643
623
447
427
364
361
474
560
304
304
569
271
400
510
181
546
604
495
288
155
80
379
484
255
434
270
620
332
355
503
687
691
685
276
389
364
511
429
393
361
680
588
514
388
397
334
725
680
264
392
306
597
354
546
491
614
541
501
339
491
332
565
519
393
61
75
54
216
354
569
474
261
748
285
632
642
517
468
363
467
431
461
447
447
446
405
350
402
626
508
513
250
665
484
528
564
489
100
388
307
390
318
623
672
604
192
558
629
455
332
412
539
328
390
372
424
274
276
403
271
529
282
484
601
467
441
385
560
434
539
447
515
400
315
487
429
460
407
367
438
622
513
445
314
486
316
342
492
426
647
548
588
653
360
498
416
411
441
581
340
604
599
485
315
513
557
330
728
287
575
492
346
376
460
428
346
384
510
581
806
791
521
424
182
261
175
355
512
391
335
357
327
419
484
378
385
459
565
591
321
481
390
326
269
277
400
310
306
305
518
405
346
587
318
486
410
500
603
538
259
271
400
334
361
227
554
253
335
363
524
472
203
405
192
381
611
252
305
521
618
403
249
271
253
255
340
649
499
498
413
327
649
391
470
558
508
512
548
544
616
598
367
473
473
478
253
245
556
297
418
322
287
412
434
511
667
634
397
229
562
250
371
537
567
500
501
503
445
434
413
573
451
605
638
389
367
263
292
462
356
367
454
397
522
321
312
303
313
309
516
392
310
337
379
603
264
465
551
273
285
637
523
423
356
386
459
384
417
286
597
455
519
331
435
262
592
446
553
436
284
380
392
465
247
327
382
535
224
561
467
295
444
419
460
193
538
414
557
338
324
486
674
407
343
297
458
461
288
252
239
236
546
507
520
322
570
477
395
396
286
591
503
605
401
401
777
280
256
348
276
432
472
447
584
365
594
554
392
230
350
330
418
415
576
206
308
558
488
342
254
469
243
305
398
690
272
502
339
439
324
405
350
328
372
321
609
489
340
365
246
362
329
220
425
338
221
293
180
533
539
544
289
388
378
434
449
670
436
557
281
463
294
397
463
476
443
309
318
532
244
278
341
641
532
293
411
523
323
480
478
596
332
285
386
459
329
515
269
602
197
518
410
496
333
353
373
355
502
413
443
357
336
374
302
250
340
290
185
330
517
332
386
380
558
351
254
409
295
557
325
414
309
455
376
499
568
304
353
372
270
284
265
342
276
319
303
284
139
293
551
309
250
316
440
322
265
297
339
187
391
235
390
446
285
370
243
397
298
69
221
284
309
367
332
399
270
338
320
435
210
528
338
308
492
277
280
303
557
395
271
480
406
257
272
384
266
222
251
190
516
378
354
263
549
346
362
411
377
322
428
207
384
371
384
349
289
297
453
281
203
440
290
323
425
365
296
380
233
431
448
463
250
251
348
159
493
532
558
332
416
351
644
517
296
481
288
404
383
304
431
239
402
323
70
476
297
309
373
340
393
353
412
377
434
295
326
420
256
464
385
279
427
370
375
204
222
198
268
468
261
267
236
459
17
33
393
269
350
328
254
544
327
222
290
300
252
427
248
296
251
287
435
357
416
451
290
424
178
259
297
432
248
261
433
428
343
414
381
409
352
291
440
293
491
336
395
281
297
192
280
297
382
436
424
233
309
286
322
363
294
240
260
453
287
265
381
281
282
335
184
347
315
342
187
191
296
316
283
263
314
300
276
219
332
162
381
274
272
255
442
246
246
220
168
335
253
327
293
118
376
257
159
195
177
189
263
247
275
202
258
236
285
347
303
332
211
203
184
248
104
168
189
492
240
235
185
323
340
370
139
245
141
423
237
321
338
220
356
212
341
213
311
306
206
238
228
405
109
289
178
422
283
268
194
197
236
258
138
193
192
244
277
276
354
202
208
239
238
225
183
225
226
122
386
99
161
205
164
162
286
357
226
276
227
322
356
292
215
240
100
232
240
221
260
170
316
262
190
208
235
157
264
157
236
233
270
161
144
265
165
163
323
155
145
216
120
246
74
137
152
120
162
203
113
149
197
205
108
294
215
123
144
160
262
121
139
78
161
117
145
89
83
152
164
87
91
91
158
77
137
436
230
