273
316
307
305
306
280
355
317
53
320
305
262
248
232
215
265
256
304
301
324
249
258
226
277
249
186
255
297
342
357
323
328
337
373
397
412
434
379
420
369
348
363
352
405
362
346
298
374
305
385
434
388
443
370
381
428
377
352
349
368
407
377
345
353
440
395
354
431
415
398
449
429
447
422
307
290
460
413
356
417
332
413
370
365
467
464
293
271
386
306
389
334
349
369
352
298
317
327
348
323
306
317
320
360
359
289
278
279
290
260
257
225
281
223
245
260
246
256
266
275
244
192
263
319
230
326
217
195
312
223
332
226
234
268
152
230
234
272
210
248
313
288
208
290
189
249
127
229
390
357
305
308
292
232
264
427
404
249
277
354
400
278
282
287
333
365
396
225
210
208
190
195
156
162
147
162
167
156
201
160
99
272
278
299
296
232
138
157
125
132
121
139
132
150
217
184
265
266
154
249
356
221
331
329
268
237
269
234
432
415
415
396
293
269
172
333
255
444
446
421
207
332
328
352
365
340
279
363
345
407
339
422
269
312
329
466
338
296
422
371
398
405
334
281
210
391
314
260
236
216
216
185
142
219
198
256
258
277
225
111
159
119
150
367
189
216
113
298
289
371
397
193
298
281
500
274
257
311
297
293
319
365
351
370
363
337
262
272
278
221
552
450
377
435
394
293
334
263
384
339
330
234
234
240
209
206
360
214
188
208
170
156
165
168
347
212
499
292
356
218
311
378
340
433
353
368
281
263
243
224
287
322
380
411
219
333
330
400
375
121
304
318
384
333
370
367
242
272
250
201
329
257
453
358
301
321
305
256
262
365
305
294
333
330
323
333
414
289
232
249
310
413
204
229
448
321
305
367
269
345
491
371
207
268
320
99
361
319
369
410
289
294
218
196
166
189
277
253
251
175
440
92
400
350
351
400
385
333
339
202
372
334
301
340
147
286
320
338
346
156
328
285
355
294
318
182
349
275
353
224
379
266
179
176
139
187
225
235
414
191
242
399
447
428
193
201
163
170
293
284
168
238
318
228
218
221
221
363
345
242
387
395
313
218
407
317
331
171
139
301
247
212
224
264
260
247
247
235
261
264
259
248
249
255
216
286
234
354
250
356
378
387
177
286
329
222
253
340
332
358
373
320
321
311
354
239
213
294
258
286
368
322
389
192
106
179
361
237
299
231
403
343
262
297
382
365
212
368
395
404
353
357
250
351
306
333
277
157
442
251
239
311
273
420
340
352
233
232
277
365
315
257
219
231
202
255
186
229
243
241
353
359
156
205
296
343
270
338
231
222
210
245
332
302
276
193
182
311
240
277
271
264
381
293
194
281
347
266
33
320
218
239
218
247
211
288
207
267
278
364
228
236
180
173
238
159
218
87
273
339
242
284
333
340
349
343
342
320
233
254
198
234
213
278
407
408
243
248
398
315
263
251
272
415
420
258
347
402
391
199
386
249
379
377
273
222
218
408
166
244
230
241
346
350
261
523
168
158
217
57
366
139
198
150
83
289
241
239
216
184
169
172
203
205
212
83
369
308
348
342
353
323
325
376
334
226
228
193
241
339
327
326
376
204
202
204
160
203
232
390
411
203
247
210
242
384
315
357
230
231
263
223
407
264
315
342
327
348
310
192
204
247
331
220
307
232
338
376
324
303
149
185
255
264
340
217
160
157
137
322
215
228
243
343
330
240
333
186
242
235
82
547
252
341
247
238
231
258
189
178
427
191
172
135
256
341
177
291
258
210
214
108
281
309
104
205
197
242
197
309
133
265
327
207
334
292
337
280
232
342
306
194
303
314
324
377
365
234
382
174
294
184
218
248
242
353
227
234
352
343
155
278
236
245
317
122
310
142
199
87
302
306
238
256
343
414
290
221
329
292
213
354
301
272
444
319
303
338
282
186
231
379
319
215
193
159
207
282
177
207
245
208
205
340
337
330
299
295
343
325
372
298
189
312
266
317
282
310
535
534
617
525
566
515
545
623
383
244
239
232
110
306
269
142
326
334
190
334
101
184
222
332
263
318
282
242
237
151
229
300
242
219
281
199
225
265
297
225
354
222
188
293
259
334
241
210
388
243
191
271
107
210
203
248
375
265
327
293
241
204
301
302
228
330
343
287
224
223
311
247
310
165
215
343
133
206
422
372
318
309
316
321
317
212
206
209
257
236
133
235
231
370
346
302
290
333
302
278
273
289
277
325
254
444
239
208
367
264
314
304
294
354
256
345
202
355
339
287
331
342
271
176
172
305
184
242
280
266
247
319
322
325
314
264
236
331
246
283
308
304
279
128
575
201
244
266
261
205
398
205
224
287
269
154
319
212
305
270
261
259
294
303
126
254
222
306
356
464
309
277
219
283
168
333
282
247
317
246
320
323
227
339
238
214
266
386
151
168
352
280
221
343
307
260
238
259
192
241
259
312
151
276
339
183
236
107
122
350
259
302
335
243
276
241
311
222
221
295
287
325
215
269
342
301
272
242
205
221
276
265
527
515
293
190
249
333
178
338
273
294
158
109
85
252
409
171
208
152
279
211
232
237
323
273
275
180
255
259
237
295
243
227
240
211
359
475
514
214
294
290
115
221
190
253
246
354
302
368
223
230
148
276
232
289
309
262
60
57
46
184
195
305
257
141
284
470
341
361
214
306
296
271
267
290
265
279
276
266
202
271
424
391
221
145
238
175
253
255
303
81
224
161
186
168
264
267
284
131
274
326
183
193
195
289
176
181
183
254
202
201
149
172
296
175
233
331
314
292
243
333
237
315
190
254
228
191
235
188
252
229
145
192
281
257
211
187
238
213
221
278
183
284
318
237
258
219
353
246
254
248
251
235
312
209
175
213
429
270
178
290
283
264
336
168
208
209
193
204
213
293
249
290
269
264
252
125
350
212
225
270
210
347
157
188
394
441
294
191
230
279
277
274
258
291
249
185
197
243
194
193
185
249
257
214
309
162
266
229
269
210
172
170
185
247
202
193
147
295
175
199
166
281
281
179
262
381
236
250
126
188
263
246
286
184
200
181
189
224
289
281
267
196
172
298
190
300
229
221
248
273
315
284
274
304
180
192
200
188
194
242
165
202
199
-1
261
179
263
277
252
259
101
307
446
201
293
319
310
231
268
255
257
188
332
242
321
269
223
229
242
546
227
235
195
219
204
240
178
164
160
170
190
323
231
186
185
186
268
138
218
307
423
441
224
221
148
195
215
275
232
237
178
211
258
277
221
287
153
246
235
247
150
173
197
281
320
135
235
141
289
183
229
231
138
224
231
350
95
262
200
343
162
180
216
302
219
372
329
202
240
224
163
465
407
207
256
189
177
292
210
245
249
186
199
221
215
122
127
320
235
145
137
158
149
250
265
350
139
449
233
263
180
254
149
276
156
257
134
162
285
251
201
141
299
262
252
162
278
181
261
167
268
232
169
245
207
263
166
350
282
169
179
107
230
184
498
245
179
150
532
266
332
332
227
174
287
162
286
219
324
267
191
203
249
468
160
256
209
167
172
322
187
197
161
175
238
245
174
232
304
176
190
252
227
274
189
192
250
175
264
137
259
381
319
228
220
166
171
185
172
260
269
272
198
193
199
183
166
223
190
145
110
242
177
264
222
188
260
152
162
194
302
202
209
195
189
161
201
200
193
160
210
304
320
174
200
203
181
259
175
73
153
259
149
149
163
157
161
141
129
182
146
171
132
246
267
165
245
346
220
225
57
148
234
193
216
160
238
139
219
170
340
161
251
223
179
237
131
194
219
191
224
171
169
263
156
30
260
198
193
144
70
244
167
156
126
196
211
114
215
169
240
215
327
184
141
301
215
240
159
326
187
133
192
174
189
225
213
160
206
157
168
224
250
160
151
163
146
230
261
198
180
229
142
269
211
169
244
178
241
215
150
232
125
258
206
4
329
166
243
218
152
251
168
193
148
220
136
204
238
376
258
169
155
196
232
143
145
175
159
265
200
163
129
150
220
28
27
342
168
214
178
175
241
112
163
185
140
138
278
173
126
167
210
199
148
195
241
173
153
248
131
195
275
133
215
258
235
183
236
148
164
244
162
207
135
221
169
183
190
176
138
139
166
221
180
270
126
202
216
191
198
218
179
136
304
187
153
221
163
148
239
126
211
247
181
131
140
188
144
166
141
220
153
404
301
133
229
237
116
123
140
233
178
182
194
134
151
167
167
145
43
210
165
230
141
105
325
161
140
148
141
123
107
171
209
191
221
197
149
235
152
99
91
133
232
143
121
147
143
210
155
67
119
95
179
135
155
182
105
165
150
232
110
228
192
109
157
174
236
188
173
160
340
179
149
163
134
128
133
94
99
117
119
194
194
227
126
160
147
160
100
124
137
140
35
213
73
99
145
111
247
218
182
126
146
136
167
250
220
179
146
62
186
171
155
193
81
184
186
129
155
112
140
214
103
140
139
133
106
75
163
119
118
195
93
91
141
110
158
70
110
105
79
75
128
55
97
131
149
63
171
104
89
95
99
124
64
94
58
104
82
82
55
66
86
112
59
63
65
112
51
96
246
151
