666
785
831
811
797
740
924
764
97
814
756
708
634
567
626
697
704
784
719
832
642
679
553
597
516
479
610
743
832
892
808
873
878
905
982
1057
1081
961
1112
925
920
961
924
1047
927
847
783
880
705
928
1194
973
1025
966
939
900
961
876
812
897
1027
905
906
841
980
905
987
918
939
876
1170
974
1037
1202
674
577
1161
1024
792
1006
662
861
894
699
1011
1019
691
598
895
764
1053
940
875
945
877
709
594
783
926
535
580
757
792
926
884
758
693
707
705
713
532
631
659
577
600
631
584
524
617
649
574
574
543
814
475
763
429
632
710
574
948
620
597
630
407
567
632
681
509
464
752
736
454
661
508
556
342
612
957
870
728
825
726
585
632
1035
973
631
674
911
976
708
745
690
799
906
981
575
570
501
498
541
353
398
401
457
387
393
560
416
309
592
594
777
777
459
313
408
310
243
268
336
267
324
367
350
650
652
364
582
870
586
837
777
664
453
635
742
901
828
1031
939
707
689
281
835
609
1092
1059
956
482
881
756
758
941
861
657
896
774
849
588
918
710
749
749
1122
822
685
1027
980
1085
910
679
506
438
1110
676
591
386
303
358
244
240
379
403
565
612
686
579
190
292
214
452
939
402
625
154
729
601
939
1046
451
577
480
1139
690
721
741
703
754
746
863
790
985
983
855
670
640
641
462
946
935
579
810
1003
625
859
531
989
886
791
560
562
576
444
539
922
521
450
534
402
369
405
474
949
426
993
697
892
528
796
974
879
1005
935
975
713
576
585
551
666
816
953
824
389
691
804
894
819
279
798
765
862
841
866
764
456
656
569
509
848
636
979
964
727
611
657
631
614
950
738
712
823
916
870
503
1008
662
601
615
841
966
514
515
1001
753
770
924
711
886
963
821
422
583
760
181
930
745
921
995
569
587
548
425
409
537
720
526
526
392
1125
159
895
705
735
920
905
718
855
484
856
1026
669
829
315
762
828
838
647
408
819
749
814
591
760
405
774
641
882
663
1025
647
417
376
358
406
551
416
689
429
547
867
871
867
397
479
411
385
665
818
436
397
818
503
483
554
515
916
736
473
704
710
590
252
799
704
808
297
342
738
504
370
393
558
597
600
587
542
630
544
560
617
678
538
478
578
435
788
609
754
822
884
352
745
688
523
555
871
841
947
949
795
924
762
798
618
540
746
648
599
916
799
1045
294
107
279
899
562
746
550
679
944
627
690
999
891
521
927
874
901
834
906
571
891
824
755
611
261
918
627
580
760
691
978
710
717
430
528
632
888
792
601
543
558
480
572
459
544
592
611
824
844
268
596
663
804
604
737
575
529
480
622
842
781
665
385
340
725
583
735
697
679
745
704
457
669
901
505
205
721
389
544
457
600
516
710
509
727
687
815
402
454
320
289
445
351
469
287
440
847
585
633
647
841
768
715
830
787
524
603
506
461
524
624
1044
921
568
669
888
616
564
443
590
870
879
569
929
875
940
490
880
677
967
847
683
521
565
957
322
451
605
551
862
816
578
874
381
366
527
152
692
205
400
384
457
782
594
516
486
405
356
355
448
521
500
193
723
729
918
897
861
847
868
913
908
596
523
468
485
790
788
659
834
513
550
534
389
477
475
878
837
478
616
500
509
842
637
832
521
530
517
556
836
600
731
848
805
829
769
426
485
558
705
566
687
538
692
784
795
888
254
370
471
529
703
470
434
329
222
745
470
568
562
819
745
498
759
327
463
499
215
535
532
656
577
563
515
611
459
433
1004
507
377
343
592
740
468
751
690
492
481
207
662
673
261
354
511
643
452
744
338
675
900
478
748
584
845
624
509
816
676
523
569
604
623
746
843
506
812
399
714
387
371
570
625
852
555
414
706
693
353
622
636
575
670
302
761
325
450
257
773
734
544
567
996
-1
792
608
810
679
492
778
738
654
965
798
678
746
578
442
564
843
713
527
461
349
470
608
385
542
618
593
581
793
814
804
827
847
790
974
1005
703
545
774
452
661
696
739
521
537
623
537
552
532
522
834
876
600
594
535
335
642
693
371
745
814
269
870
160
476
452
717
579
811
688
546
553
393
472
717
530
492
624
547
607
639
749
541
695
491
484
556
502
788
488
510
826
511
487
605
228
623
424
572
939
573
856
664
449
452
812
767
346
754
746
727
630
562
680
564
632
293
534
796
387
491
917
893
715
590
674
598
661
470
463
516
520
447
321
484
414
804
748
655
708
666
754
675
663
705
601
795
617
598
540
474
747
618
736
677
635
633
828
937
519
773
724
726
639
698
577
439
373
705
333
589
642
650
535
738
667
764
807
616
540
794
589
638
719
627
651
254
612
453
615
607
546
494
787
462
511
738
637
315
692
428
676
528
579
580
598
656
374
626
536
714
796
362
668
507
507
548
363
852
554
635
623
545
704
649
495
620
521
452
690
785
359
362
661
667
668
778
656
735
463
655
422
501
608
744
405
644
679
297
552
174
255
829
528
648
800
363
796
611
614
597
474
544
683
746
470
661
739
793
520
635
554
512
638
566
478
433
647
403
445
687
268
638
598
708
369
209
99
495
715
371
590
374
681
455
507
553
660
659
659
415
566
501
613
564
499
500
673
601
664
601
613
481
654
609
299
446
404
504
457
763
590
802
552
542
340
552
495
601
622
489
80
108
81
341
448
686
567
370
650
407
694
742
529
608
522
539
488
581
568
566
569
529
414
479
776
754
496
332
591
505
539
525
648
144
561
433
463
360
751
621
636
307
735
696
398
408
419
636
417
462
456
619
426
423
346
377
697
420
546
686
729
673
562
767
515
650
442
637
456
374
549
382
599
486
387
437
529
519
460
468
524
399
407
572
392
607
704
569
685
472
705
497
505
493
523
463
706
498
488
430
697
603
421
598
370
556
707
446
440
469
459
436
466
590
560
651
632
525
546
228
345
214
499
579
412
526
367
419
586
666
410
429
530
583
646
449
562
439
423
366
372
476
387
396
377
527
543
391
710
393
592
502
582
482
508
382
320
416
382
341
295
650
371
398
424
604
569
213
565
379
451
520
347
395
587
507
535
356
373
352
361
522
737
660
669
385
363
716
394
652
532
455
571
597
712
607
568
526
385
437
433
368
363
528
339
418
368
414
595
420
566
618
569
494
340
779
413
454
656
704
616
517
558
496
579
422
732
602
714
626
511
442
388
430
493
481
427
471
395
449
393
340
330
331
379
703
411
402
434
416
559
347
515
609
424
385
514
542
344
415
435
573
455
516
417
473
568
512
536
551
308
503
472
558
350
364
409
549
736
338
424
419
668
317
497
612
397
476
453
636
200
606
428
766
388
405
512
697
428
449
344
402
476
381
317
392
369
509
608
373
427
584
554
521
547
413
468
495
476
348
338
702
404
328
367
365
384
585
548
723
495
908
459
523
338
401
361
578
363
674
292
392
606
493
423
280
551
391
389
342
610
361
521
358
536
431
402
398
411
507
311
782
558
391
455
226
545
343
433
471
418
290
458
230
725
729
518
399
551
312
591
507
720
570
484
345
524
394
350
510
408
345
383
467
499
363
315
379
547
492
332
580
664
390
455
502
480
522
385
457
488
348
607
315
543
299
681
442
420
391
406
448
369
614
514
605
372
399
372
351
349
398
397
258
255
550
371
442
390
412
411
351
326
430
641
386
420
350
402
354
449
453
425
337
408
330
359
310
439
374
398
446
389
204
358
585
350
276
342
418
340
255
259
342
263
342
260
494
522
286
456
362
400
331
94
295
356
334
424
354
450
371
377
348
581
265
653
403
349
515
278
400
389
380
446
329
388
480
369
162
440
331
317
276
243
603
405
324
299
407
390
332
448
381
454
434
328
412
251
518
376
424
350
630
386
298
444
380
387
435
370
347
384
297
371
500
497
287
311
371
252
648
512
457
393
461
326
535
429
396
535
295
475
399
308
474
251
460
391
83
723
314
400
453
314
552
368
377
389
447
343
476
463
350
522
329
299
347
450
271
268
302
253
407
579
310
288
277
431
20
42
562
414
388
403
353
551
281
262
358
282
264
556
304
299
278
369
415
333
416
485
356
299
291
271
370
478
271
455
572
444
338
392
270
347
456
277
422
291
502
314
407
380
383
250
244
350
428
401
510
238
356
430
411
442
312
313
296
532
381
340
438
337
324
430
193
443
463
403
230
230
309
330
312
262
418
287
387
276
239
193
406
266
376
280
505
291
295
289
236
279
291
298
333
114
465
301
242
258
213
273
295
341
314
265
283
228
390
376
308
394
262
235
268
298
149
161
238
638
283
243
229
264
372
274
159
211
193
450
262
265
402
244
313
301
333
219
345
350
197
338
316
450
141
303
204
480
364
260
229
194
242
264
153
203
206
270
314
316
451
248
228
277
328
183
202
262
239
159
416
109
131
224
203
217
301
387
267
320
279
355
399
314
232
268
145
251
249
233
270
188
375
268
240
224
264
194
303
196
272
269
288
159
114
313
175
174
370
143
201
251
130
255
94
139
163
118
161
220
153
151
220
200
102
323
207
146
152
189
219
106
145
76
156
135
165
72
81
144
183
102
123
124
181
81
142
587
256
