349
408
439
419
408
388
480
421
47
408
410
408
350
325
354
382
395
412
383
451
365
375
347
362
296
293
342
424
419
444
436
449
457
501
484
508
493
487
516
490
495
533
487
523
509
479
435
483
417
469
563
536
502
469
499
434
533
471
499
549
549
503
521
410
501
468
548
500
490
500
484
432
460
513
389
261
442
460
371
418
315
463
480
344
448
426
382
310
470
413
515
434
457
452
450
353
317
419
485
297
346
442
411
480
450
445
448
436
443
406
369
391
438
393
390
416
392
347
378
436
345
364
304
534
305
420
209
381
389
394
466
357
408
413
284
397
398
394
285
256
439
410
247
411
312
358
197
377
441
441
358
437
458
367
395
548
499
368
397
479
469
452
480
385
397
436
434
368
379
315
316
325
227
231
261
288
264
252
364
277
178
373
371
439
390
230
220
290
209
176
197
234
211
209
200
239
405
406
227
342
411
365
464
431
402
260
360
442
419
444
451
412
372
372
142
423
372
501
463
461
309
443
503
489
487
440
436
483
401
445
262
421
438
456
460
445
474
454
505
529
421
383
370
294
279
464
394
334
202
171
211
123
145
217
195
253
329
428
428
125
200
140
279
482
280
373
102
508
340
468
495
308
300
278
466
389
389
427
425
377
422
464
420
543
534
514
378
440
434
335
403
394
219
338
474
447
453
244
469
510
421
391
370
382
301
390
472
264
248
288
223
191
209
221
487
221
409
445
424
339
423
482
416
402
503
455
341
427
327
329
323
405
428
360
229
364
409
453
405
177
488
317
361
446
414
445
250
440
340
324
498
404
398
468
435
351
390
370
373
492
380
423
403
467
414
278
391
366
405
420
454
408
310
334
415
411
416
370
491
484
386
389
278
315
395
129
480
396
529
482
360
365
381
326
298
369
444
262
265
252
444
94
423
346
352
416
444
328
433
235
377
389
353
439
160
442
466
414
402
269
408
384
450
382
405
205
337
249
492
332
484
408
268
240
230
262
322
152
333
253
373
496
470
461
262
317
299
279
430
479
328
200
472
291
301
317
302
545
466
251
354
380
310
127
389
395
516
171
195
380
260
186
188
304
304
303
298
338
375
342
408
399
399
278
328
337
309
384
326
420
425
491
238
356
357
265
356
424
424
474
421
414
460
473
453
359
295
393
403
284
492
423
499
125
80
158
460
338
441
299
336
443
379
321
529
480
377
437
393
415
405
394
318
470
445
418
387
150
486
451
444
384
351
455
397
364
315
384
367
419
425
375
374
373
329
339
324
355
410
336
470
414
144
420
400
511
348
464
395
322
322
458
400
385
335
201
169
330
272
440
410
417
323
337
292
452
450
325
106
379
231
350
280
346
352
431
291
358
347
431
257
249
164
164
266
211
310
186
184
438
401
350
319
459
341
348
473
425
316
386
261
314
382
265
464
422
316
375
427
326
310
236
440
417
490
383
507
359
488
309
544
466
523
552
454
325
354
479
202
226
493
333
459
424
341
405
257
234
278
94
309
124
214
253
171
380
331
387
375
311
267
253
273
400
319
146
393
395
551
580
558
573
574
501
460
438
308
337
295
485
369
444
464
360
376
395
265
329
267
514
497
290
304
341
293
452
421
454
317
328
252
419
477
299
398
434
451
452
425
275
306
335
434
308
341
389
332
365
378
465
154
212
282
298
390
255
311
257
194
296
283
329
366
513
442
266
379
161
256
265
118
238
387
421
329
426
371
354
296
254
427
338
260
201
397
318
335
374
338
328
341
115
394
381
173
191
288
385
324
359
221
389
420
361
505
396
471
330
324
413
425
248
412
449
356
417
427
375
296
233
308
275
219
346
469
398
299
214
449
438
184
333
450
296
357
184
430
223
241
151
400
357
287
343
383
451
384
327
367
423
278
417
418
446
442
460
365
321
329
296
357
388
385
293
336
240
336
412
232
316
364
317
316
403
422
384
420
377
358
452
454
384
220
435
233
440
354
434
230
239
261
226
237
216
249
408
410
315
342
321
191
343
386
215
363
456
116
464
83
204
283
407
351
407
471
399
398
246
347
424
346
318
394
256
268
339
404
338
423
296
273
346
368
386
339
349
439
321
305
349
138
310
316
275
477
315
460
401
296
299
397
379
195
416
394
387
344
326
385
321
356
163
352
397
203
283
423
467
446
398
381
348
433
289
273
332
354
248
170
227
203
472
487
374
381
433
456
439
424
376
403
418
367
288
338
294
388
374
421
409
366
265
406
509
256
376
384
354
295
421
315
229
231
404
215
364
365
362
301
383
356
423
536
308
242
423
327
340
447
391
356
177
242
429
372
381
286
289
419
285
291
346
345
203
392
282
391
208
302
324
354
359
254
299
274
376
379
198
381
257
291
377
239
405
337
364
367
313
449
356
277
309
307
317
352
467
220
217
415
445
319
470
376
284
221
379
322
302
323
471
271
411
456
128
470
101
164
461
328
344
479
182
373
385
381
359
346
366
332
388
276
363
437
388
361
323
315
305
326
337
255
200
431
230
285
385
152
421
366
426
297
139
75
321
363
216
359
246
321
250
274
309
371
433
432
268
376
223
293
301
295
246
360
340
357
284
294
310
338
341
195
324
325
293
232
370
317
453
295
328
213
425
285
376
353
295
62
55
53
147
276
453
381
184
399
210
325
344
269
399
278
387
323
306
299
319
290
274
244
274
388
377
318
225
332
332
350
348
426
97
279
208
306
263
350
347
356
164
401
388
271
249
239
342
304
278
281
261
268
266
260
238
433
283
296
410
479
428
363
423
318
307
263
310
274
228
303
282
396
331
242
285
313
279
287
266
334
252
267
410
285
348
365
353
380
396
487
380
281
282
290
235
415
325
288
263
338
347
257
310
260
294
411
210
304
382
341
250
295
355
349
324
308
348
388
115
199
148
304
364
339
197
277
266
262
311
239
300
264
341
372
193
283
301
260
232
238
357
285
242
225
251
418
251
395
241
391
362
404
291
305
218
240
305
263
232
179
334
196
236
256
490
381
147
289
172
304
336
169
267
308
280
356
224
231
230
230
326
376
322
282
221
264
394
217
352
348
309
344
374
424
358
339
343
282
327
327
242
246
295
191
300
272
227
311
228
256
355
321
267
228
444
210
284
425
497
463
319
389
384
258
312
307
399
370
319
351
345
196
212
306
296
347
309
226
267
304
276
265
255
221
303
278
247
295
236
312
248
284
340
199
179
292
334
214
307
288
339
273
277
205
260
314
335
284
356
160
273
264
295
227
273
276
328
312
204
289
236
418
199
270
345
217
307
300
336
161
306
304
529
237
256
347
361
274
287
219
265
277
174
238
162
154
262
345
250
256
309
260
376
352
271
296
292
294
292
281
364
190
224
287
245
269
373
290
394
213
429
304
424
186
267
292
377
214
341
193
263
252
281
210
167
383
151
255
208
349
231
373
248
331
291
247
305
235
276
244
362
371
240
260
199
229
274
198
235
229
227
213
133
290
309
313
279
325
263
348
344
408
343
339
299
345
200
214
265
247
219
232
233
306
223
247
272
342
280
218
356
352
206
292
293
273
255
247
349
286
273
380
214
302
130
399
273
262
266
265
256
275
393
307
412
272
243
261
199
235
243
294
170
160
347
221
288
266
249
288
267
231
262
378
241
293
221
308
264
364
276
302
240
239
164
193
225
345
237
217
278
295
145
237
358
236
179
232
256
209
218
192
231
140
236
218
300
322
208
283
216
282
253
50
181
261
215
303
222
324
286
256
286
336
185
357
245
271
284
205
173
305
237
263
244
264
361
200
100
322
240
247
230
163
337
222
192
196
230
266
242
256
256
270
287
164
296
181
324
329
185
338
367
309
234
230
252
273
256
224
228
265
272
281
300
309
229
229
330
157
338
331
237
263
312
189
313
285
333
401
226
300
256
192
351
175
301
246
51
338
307
255
319
185
318
311
252
211
263
251
270
268
200
323
189
257
237
210
206
165
217
216
210
350
249
194
220
246
19
35
285
216
201
267
251
328
102
259
221
192
166
339
259
277
172
226
235
197
272
302
240
191
165
231
264
344
229
168
306
274
221
263
167
254
303
187
308
231
319
200
296
276
236
156
163
236
350
294
355
117
248
202
311
328
222
229
217
371
267
211
315
225
281
212
135
264
290
249
213
230
240
229
220
176
204
190
197
170
146
128
209
217
249
201
349
217
217
216
154
158
247
179
272
82
380
273
95
209
158
115
223
186
182
130
239
212
246
222
242
351
111
170
115
255
112
134
225
347
175
191
165
157
250
209
132
158
101
235
213
186
299
154
198
247
222
182
244
255
99
265
273
254
83
175
148
275
381
180
126
181
164
230
130
100
170
153
213
212
-1
137
139
206
168
133
188
209
192
83
255
42
100
178
185
106
202
302
238
244
278
246
262
210
158
159
110
184
187
171
195
156
296
191
224
156
188
149
211
177
284
282
213
108
72
226
177
176
291
131
153
254
108
157
77
108
139
67
102
189
77
116
150
143
74
220
143
121
129
170
169
94
117
70
109
113
127
68
59
101
171
89
107
107
93
86
100
323
213
