329
372
385
385
387
360
423
374
55
381
353
316
306
303
295
304
316
350
343
382
302
320
286
306
299
238
304
343
376
379
384
374
407
376
403
440
481
420
427
412
451
489
381
478
470
413
384
407
382
410
490
510
492
557
461
479
544
483
466
473
600
542
416
417
522
469
451
576
547
567
413
417
432
429
354
278
469
481
322
379
371
526
532
505
482
495
396
313
576
404
435
458
374
390
392
336
356
445
425
296
357
455
388
413
378
448
421
421
468
405
386
357
361
334
390
373
384
353
406
383
348
347
300
434
246
498
208
330
474
354
391
311
365
387
219
352
377
417
312
316
392
394
277
409
321
373
169
382
438
478
325
348
348
372
312
454
465
413
416
376
388
391
421
308
361
392
392
324
333
300
285
305
224
199
222
248
275
248
303
251
158
404
426
388
295
231
220
251
183
154
193
202
213
201
277
297
336
338
159
277
382
317
386
372
320
341
374
325
392
586
391
405
325
321
156
398
300
395
404
371
292
433
482
455
573
459
378
451
365
550
326
385
325
331
400
431
432
451
452
495
384
405
312
360
316
386
425
286
281
258
244
173
222
279
169
217
279
467
337
118
243
216
201
402
304
358
160
406
298
416
453
270
289
288
445
301
318
330
338
390
426
494
404
448
466
420
359
396
295
354
377
396
321
451
456
454
379
282
384
470
374
324
317
333
299
315
400
289
237
267
244
212
237
266
391
192
451
329
429
271
345
457
450
405
513
375
293
393
321
338
402
469
435
455
279
441
482
620
404
128
456
371
414
384
362
420
260
326
269
254
338
261
416
412
319
570
393
316
380
384
325
356
406
381
396
471
441
313
306
311
483
464
276
295
421
330
343
389
452
433
381
365
347
302
473
166
374
357
428
454
451
462
328
303
323
314
312
192
191
297
449
110
378
282
326
404
358
335
458
191
355
338
624
397
195
378
395
372
366
217
346
365
422
501
597
212
344
337
399
338
415
414
251
223
176
227
304
256
361
262
329
515
619
609
226
261
241
228
318
349
285
253
346
246
244
295
256
514
540
429
747
786
548
311
696
314
501
268
172
411
257
218
222
321
329
298
292
303
310
331
317
333
361
284
217
318
372
343
310
447
510
453
309
317
299
229
280
379
351
394
413
366
436
354
396
306
260
383
420
280
476
394
443
238
192
204
393
309
469
288
269
431
349
302
435
381
306
374
333
448
478
403
340
519
404
453
439
206
382
294
277
394
391
386
616
563
292
330
290
345
341
266
277
258
255
275
204
292
311
272
389
466
155
351
323
487
380
674
252
246
261
364
407
421
283
289
266
331
238
398
340
333
381
333
233
419
388
315
19
343
278
301
251
266
259
430
211
331
338
706
261
287
172
197
322
180
300
132
305
425
386
308
338
347
323
454
384
394
243
364
284
390
252
296
466
406
243
314
535
591
617
511
460
433
457
396
458
366
475
234
584
308
478
405
420
273
268
518
231
264
345
395
396
375
323
385
216
204
241
74
352
149
256
188
195
307
282
347
342
247
211
218
242
255
292
119
689
422
399
412
416
401
401
358
377
321
308
266
328
374
347
599
379
225
223
240
213
237
362
681
645
241
291
256
241
606
595
397
313
347
252
296
555
273
326
364
345
366
357
205
235
301
670
245
403
339
306
469
362
415
136
189
507
550
614
473
282
278
191
363
263
286
292
531
491
240
331
329
544
494
129
329
522
658
341
260
268
268
222
210
394
270
239
187
304
310
247
383
345
293
354
123
294
671
132
199
235
316
281
346
204
301
353
251
498
405
407
285
336
514
479
295
434
454
425
716
615
573
349
216
276
258
368
336
480
329
336
195
525
634
174
481
321
311
362
115
331
203
219
137
343
396
273
303
311
401
303
289
358
311
207
499
341
357
381
455
345
358
307
277
388
349
381
237
202
155
222
376
177
275
312
275
279
364
367
360
380
288
417
391
381
317
269
365
237
583
367
367
288
347
384
349
349
295
338
356
477
251
252
294
109
314
326
322
313
443
465
382
111
171
311
337
371
321
365
326
338
367
263
336
264
285
299
219
246
305
340
257
593
260
215
468
451
481
237
246
509
259
299
277
194
287
216
262
363
311
395
388
241
279
322
309
214
420
413
447
259
236
321
244
333
165
288
381
132
272
407
402
555
511
558
570
592
328
201
241
416
378
238
261
236
445
552
430
357
571
411
398
417
493
361
379
309
343
326
250
585
549
554
571
396
314
304
396
265
375
362
350
395
520
357
214
207
476
297
284
319
313
246
405
487
352
390
288
258
343
265
386
528
473
341
206
322
268
262
286
266
227
364
261
248
362
304
176
339
305
319
279
361
417
501
308
201
398
357
307
361
229
476
301
243
552
256
385
409
365
531
272
423
369
290
310
277
288
311
575
290
247
551
372
247
471
328
349
311
328
236
263
355
360
190
413
487
243
345
122
161
369
382
501
446
365
288
345
391
274
341
402
376
406
213
298
423
349
562
307
267
261
294
280
311
259
479
285
628
402
333
451
353
482
202
203
123
378
305
218
260
190
354
238
262
341
315
308
310
213
331
248
303
556
263
379
296
290
448
346
327
274
317
260
320
473
231
258
361
356
469
399
278
270
197
494
237
462
375
568
100
112
74
167
279
369
330
130
309
254
359
334
264
487
497
515
573
341
317
327
328
316
314
319
403
520
248
171
298
250
392
264
456
70
246
187
240
202
280
312
337
261
296
347
272
291
246
320
203
255
247
268
206
207
194
189
316
221
234
514
402
399
343
313
245
332
281
273
231
278
288
262
264
340
219
280
308
264
300
184
360
524
432
482
211
351
333
318
320
319
497
421
325
230
252
193
484
257
240
352
350
375
527
285
195
268
353
217
302
247
242
232
289
462
298
314
297
426
434
284
257
137
382
426
399
298
269
190
335
399
241
368
248
342
286
276
402
532
543
332
321
419
280
334
295
241
381
440
354
182
449
397
556
287
218
171
321
531
420
404
253
342
244
457
204
345
315
354
276
218
382
238
197
265
357
336
501
273
259
242
246
268
299
292
352
186
195
336
229
397
312
361
320
349
450
327
312
486
250
239
234
243
236
312
212
236
365
254
366
235
305
302
282
401
162
386
281
224
343
376
383
465
460
395
368
323
334
379
286
366
262
284
356
270
271
281
309
318
202
232
200
169
185
196
262
278
329
239
218
229
291
185
236
247
262
251
294
249
188
352
210
353
302
293
208
282
248
307
261
443
480
270
200
287
198
272
359
305
306
292
386
217
378
194
267
296
339
246
476
360
104
319
294
387
215
255
220
315
319
275
224
216
222
243
271
265
245
293
277
226
182
288
276
331
292
233
246
275
268
189
183
336
289
194
182
163
246
340
323
373
136
386
289
406
231
-1
215
412
178
276
119
268
356
274
319
144
376
217
432
243
268
175
376
275
411
399
344
254
217
249
189
310
307
186
176
105
287
399
237
282
270
286
262
152
312
329
236
240
336
211
259
252
325
390
259
303
357
271
198
283
312
197
204
205
261
263
323
194
262
275
431
249
394
268
253
427
339
305
202
197
233
188
378
159
338
213
373
333
244
208
186
204
235
499
333
363
262
339
277
177
188
379
216
210
154
291
185
452
398
295
325
173
209
359
330
344
392
205
231
211
240
246
263
179
245
214
234
194
245
407
194
354
195
83
241
269
206
161
220
266
305
150
130
214
173
224
206
268
235
148
283
236
489
306
63
420
374
292
328
191
360
176
264
182
440
339
280
363
180
274
158
168
301
221
206
158
196
394
206
56
353
369
209
242
191
279
262
234
195
221
289
183
346
182
242
278
229
334
160
515
221
283
197
310
199
167
215
187
192
204
180
185
282
193
186
236
242
293
266
222
156
268
301
262
491
318
207
276
254
225
284
251
396
393
160
350
223
425
161
42
291
230
295
359
235
279
226
227
179
252
223
226
218
246
284
221
177
195
252
175
168
200
197
295
228
197
175
180
256
32
44
334
184
228
239
215
264
101
228
391
187
192
344
240
145
167
353
250
193
307
266
183
206
174
169
272
397
165
226
299
284
188
305
186
198
319
176
294
179
263
175
247
208
311
310
227
207
335
283
244
173
332
241
187
233
348
227
176
477
270
163
263
207
205
231
247
246
414
196
158
223
358
192
269
177
299
168
220
207
209
148
260
186
188
234
349
204
206
170
146
214
239
204
209
89
327
250
152
162
115
188
221
137
184
182
139
143
247
263
249
317
183
301
187
203
107
96
140
293
247
142
285
145
206
173
204
139
113
282
143
156
216
153
200
174
238
147
201
373
119
230
232
276
118
186
283
253
210
225
355
176
144
188
103
129
226
160
224
222
267
181
225
155
148
104
138
226
250
75
230
202
276
256
157
136
179
218
172
140
172
171
252
239
179
180
94
147
168
138
164
120
247
152
171
134
120
198
196
130
161
160
141
110
92
197
200
200
181
97
111
184
120
169
79
102
113
84
94
157
99
137
124
131
93
167
106
130
79
114
103
94
87
53
107
80
74
56
90
118
141
120
74
74
129
54
63
256
195
