709
660
614
613
579
485
713
593
95
619
536
523
540
563
427
478
433
495
510
570
479
465
488
606
570
458
468
504
610
596
589
600
753
708
785
841
875
682
799
668
722
777
746
773
704
658
636
662
677
694
899
784
897
854
720
876
783
643
802
776
975
746
744
929
901
749
785
834
807
801
933
807
883
864
669
598
995
722
706
770
893
783
770
859
1021
876
754
744
796
654
712
811
643
661
658
611
749
687
662
749
771
730
615
629
637
675
622
574
631
731
547
557
673
523
552
618
542
618
618
584
634
487
533
647
500
663
570
511
711
540
660
540
545
607
460
464
505
582
404
643
690
702
501
570
443
500
377
579
781
703
554
555
546
529
495
770
721
692
592
747
700
614
655
549
582
648
720
497
512
471
482
502
437
453
413
382
418
419
477
394
331
516
649
586
554
641
354
351
308
320
295
315
329
424
572
485
527
526
384
462
749
516
600
562
475
563
586
553
811
853
811
783
637
528
506
666
447
792
775
762
484
654
627
668
735
614
616
619
767
691
742
752
520
581
587
855
660
568
704
821
857
770
677
720
460
724
618
542
670
593
502
468
422
624
477
603
429
628
488
320
426
353
416
647
492
463
347
627
625
864
715
405
729
723
866
537
558
481
472
603
568
668
582
638
633
702
496
531
418
492
1040
1024
962
996
788
573
532
553
654
922
576
541
521
535
444
472
612
414
420
381
330
343
336
344
580
477
846
505
698
433
531
704
681
766
643
638
664
581
555
453
617
709
698
824
597
737
599
670
700
315
622
696
800
549
615
744
613
619
495
417
629
531
806
612
549
681
528
500
487
635
500
523
673
568
579
678
732
572
454
471
587
704
524
470
715
473
517
753
663
607
874
697
472
624
625
300
512
494
611
639
650
656
483
445
434
419
474
498
503
442
772
297
626
556
642
665
553
704
666
456
615
570
647
501
266
558
562
538
661
314
518
476
616
531
596
332
612
648
480
563
584
506
430
400
343
403
523
751
1123
445
471
665
607
598
393
397
381
363
570
520
366
554
549
464
452
352
325
653
663
551
674
692
563
502
714
481
658
482
337
672
532
603
555
555
571
602
550
511
541
520
505
483
491
560
435
532
461
592
389
536
666
653
414
499
692
438
401
596
554
554
580
468
641
561
544
472
494
550
592
632
698
477
589
571
292
368
585
485
582
485
668
623
528
563
631
510
431
713
646
652
697
610
635
640
518
627
524
398
684
496
402
561
457
598
546
535
455
468
466
564
550
468
453
441
425
516
471
454
449
489
517
536
389
450
455
598
465
551
436
457
420
427
632
563
532
542
493
489
500
439
423
414
643
538
374
666
561
645
92
465
486
502
447
504
419
523
413
489
420
552
483
444
487
427
504
400
445
238
527
549
451
547
692
456
651
482
392
396
347
397
403
484
383
620
640
526
515
400
550
543
396
611
526
819
583
523
575
605
584
404
503
348
491
396
489
422
411
506
412
537
432
487
454
428
490
1009
395
370
496
190
807
327
422
309
282
523
427
415
381
408
377
399
377
336
413
176
572
540
533
503
502
513
504
482
515
420
443
367
429
393
499
510
440
414
317
375
335
347
460
538
516
417
454
401
429
501
398
555
448
354
488
319
507
454
419
401
377
420
381
405
356
387
421
428
579
385
662
706
496
438
370
406
408
498
610
335
384
325
381
467
393
427
402
473
448
551
672
411
413
394
311
-1
354
444
440
351
369
521
366
427
482
336
343
266
461
472
311
545
520
313
454
312
379
470
317
436
346
380
353
425
262
411
390
334
522
394
588
399
338
469
344
343
333
358
607
494
493
317
599
344
538
407
574
355
344
507
430
391
596
455
204
567
353
426
346
246
390
304
450
211
419
584
338
436
510
535
443
439
430
318
444
520
489
373
569
510
395
538
422
352
409
401
406
380
334
371
371
403
379
405
391
338
354
433
380
380
408
420
521
470
455
380
338
381
623
361
378
411
871
1002
1074
939
856
1055
843
809
455
338
362
583
312
443
412
302
418
388
347
455
313
391
347
389
346
465
341
303
328
306
352
400
392
307
343
394
369
352
428
324
435
354
343
450
365
484
380
363
509
362
485
328
283
467
343
476
468
336
556
372
467
460
360
348
432
348
380
489
331
266
310
460
355
428
291
612
313
411
452
582
428
390
418
398
371
318
335
261
379
365
297
393
500
522
344
341
334
368
453
390
411
475
354
530
341
695
379
361
447
325
359
377
355
643
283
517
365
340
425
311
409
406
293
318
283
360
491
275
296
279
444
378
590
391
498
442
402
346
367
607
653
379
374
250
845
257
351
435
430
270
495
271
404
390
288
331
382
467
353
473
456
320
403
322
273
498
424
413
462
553
409
396
357
346
317
372
452
325
363
275
359
415
339
468
416
339
261
554
263
363
458
289
340
467
317
484
444
353
214
380
304
404
253
304
353
510
279
238
344
426
284
359
437
512
314
358
318
258
285
332
286
514
298
278
489
479
314
381
314
302
572
264
709
618
361
408
338
404
401
360
282
465
260
278
234
301
483
376
251
281
278
267
357
295
352
286
288
334
488
369
239
488
309
456
244
215
497
695
631
364
353
290
144
242
288
250
339
352
413
416
292
268
195
305
378
306
310
332
187
211
158
434
240
319
284
330
297
498
436
449
260
418
544
337
291
328
297
333
340
318
272
391
550
569
257
283
227
170
249
291
367
195
360
346
234
198
263
309
323
265
314
312
227
264
195
277
275
241
244
476
393
396
149
295
342
366
266
380
405
407
449
353
409
455
193
310
239
279
313
175
300
269
166
210
322
327
224
226
270
304
283
301
194
352
374
238
275
289
411
313
305
267
258
378
351
211
205
363
537
290
228
273
284
289
413
260
234
230
221
264
271
315
259
272
269
275
467
233
384
198
453
298
220
611
188
297
679
553
301
243
255
263
286
563
323
319
328
258
298
238
247
273
249
295
308
270
406
216
395
273
306
223
171
294
262
299
236
225
396
384
384
205
230
292
306
326
327
609
287
241
212
266
294
257
363
237
231
252
274
328
310
488
324
230
220
333
183
362
203
224
284
286
396
287
258
435
215
219
233
278
260
247
223
222
242
547
421
251
359
323
277
354
218
413
565
274
297
342
302
244
301
259
273
203
408
318
382
309
274
274
451
639
237
328
206
212
247
247
240
170
175
200
240
378
248
236
231
260
281
247
184
361
593
563
262
214
173
260
226
286
225
247
264
223
282
315
533
354
222
302
268
302
153
242
214
345
413
218
316
141
284
366
266
326
230
249
250
429
131
265
203
381
191
266
227
330
219
446
332
236
249
333
273
858
632
212
290
215
168
268
309
284
312
315
201
214
242
139
139
356
406
191
151
211
198
275
329
339
287
503
262
401
314
329
182
378
207
258
305
184
398
246
226
197
290
513
315
149
276
243
236
179
333
298
168
231
214
277
183
350
319
199
333
148
373
202
518
306
206
170
580
276
388
406
221
267
338
168
313
248
336
355
218
269
267
483
172
338
281
190
199
373
184
295
230
202
226
221
209
344
418
263
174
264
279
521
289
200
283
203
316
190
292
456
348
225
246
199
199
241
171
306
292
366
200
215
185
228
229
249
264
189
182
262
184
295
224
214
276
237
186
358
325
228
210
176
185
183
231
206
268
192
208
372
426
178
237
332
267
307
253
182
212
296
177
177
180
148
183
149
186
210
309
153
158
284
262
182
245
461
252
207
189
190
322
212
219
236
248
259
233
184
393
210
263
311
195
248
149
196
297
172
219
216
170
294
267
44
293
240
218
180
113
265
191
138
151
183
219
118
223
189
390
215
403
202
159
377
190
330
191
286
235
294
202
201
224
218
196
197
201
183
162
248
250
192
218
157
270
272
272
216
207
246
185
243
220
241
238
200
234
255
174
235
169
336
255
11
342
195
307
249
169
364
191
200
147
216
178
293
239
434
268
221
164
183
345
144
190
284
149
452
240
174
151
188
198
65
52
427
327
246
172
227
284
117
181
238
146
147
341
188
129
160
279
215
156
187
284
201
163
375
117
190
285
162
331
297
319
223
226
145
177
252
158
192
146
262
183
234
249
286
142
125
199
212
181
242
114
205
349
194
189
221
258
210
320
216
177
234
171
165
450
132
280
370
189
168
151
196
158
173
145
249
161
395
338
156
242
256
121
196
164
243
247
247
265
238
156
160
162
170
23
247
194
358
167
116
375
188
151
142
183
137
110
271
299
154
240
201
162
294
226
253
87
170
247
151
121
161
130
243
135
81
105
127
181
174
149
236
126
165
236
206
128
241
187
114
200
225
213
188
169
196
315
195
142
172
143
151
121
98
117
133
177
221
221
238
204
150
131
181
81
134
165
147
62
218
93
78
154
130
230
196
162
151
143
142
176
248
213
165
123
120
153
162
134
172
85
187
156
146
129
104
138
194
85
156
154
125
86
64
149
120
120
171
94
142
147
104
151
78
83
99
74
99
131
81
97
116
125
55
153
83
97
95
114
108
73
95
57
89
79
67
40
56
79
100
103
57
58
100
48
75
522
194
