284
343
341
364
372
340
378
371
59
369
317
288
251
234
281
286
286
334
303
384
258
344
280
297
285
220
342
337
411
363
374
344
345
365
378
374
421
367
377
373
363
379
377
405
385
379
385
434
302
441
432
365
359
369
355
364
354
381
335
334
372
395
358
301
360
323
350
376
351
371
422
495
386
415
326
245
355
382
327
364
202
329
306
258
316
333
282
236
347
325
381
390
321
410
438
333
218
402
378
205
225
290
416
449
357
290
261
300
282
272
266
254
269
248
259
258
272
228
265
247
211
251
280
340
231
371
169
240
306
228
373
212
230
240
160
263
309
334
210
177
306
289
171
333
244
258
119
255
414
411
375
419
347
315
360
377
358
297
284
358
383
313
328
275
385
384
388
249
226
219
215
228
129
133
154
193
181
178
223
185
113
288
255
417
359
182
157
198
134
110
130
166
150
146
154
181
273
269
139
337
402
226
360
368
363
212
273
281
281
331
402
317
276
361
122
376
321
377
471
352
219
374
335
316
365
358
256
436
261
326
255
367
317
339
339
388
387
301
363
357
425
307
258
206
200
369
254
322
178
129
217
115
114
174
153
184
336
307
247
81
156
101
150
422
195
257
72
288
266
325
407
215
197
200
391
336
346
347
358
370
349
410
352
389
391
312
328
266
337
228
337
363
205
334
413
265
356
293
432
350
404
238
236
239
202
205
431
239
197
252
219
200
193
227
422
181
374
347
403
310
387
495
456
377
361
378
282
272
328
280
346
398
391
337
157
252
361
386
292
111
317
349
373
352
427
294
229
244
229
245
323
250
382
387
339
267
314
294
329
361
426
400
402
371
426
227
341
301
314
315
327
359
183
213
338
421
402
386
328
328
326
423
222
240
362
80
370
379
374
377
288
299
254
230
230
238
350
191
193
177
400
60
392
333
348
455
391
251
385
165
386
343
259
414
182
333
480
405
275
197
411
359
406
293
310
185
360
243
357
271
388
280
195
153
138
171
213
119
256
188
259
363
336
327
158
187
172
175
258
295
183
221
330
209
191
333
289
347
333
213
292
292
299
101
297
366
318
96
120
365
210
154
173
230
230
225
214
218
243
211
247
285
258
233
222
258
217
357
337
351
432
335
201
434
347
289
364
435
407
389
477
433
416
315
334
320
202
364
275
222
384
420
429
89
58
183
407
220
377
271
301
370
317
251
385
365
213
442
343
414
329
492
212
390
329
382
340
104
388
264
260
458
417
517
354
295
217
250
320
324
327
236
214
218
218
193
192
232
294
234
314
329
110
248
353
315
337
303
238
205
198
275
375
369
260
184
153
356
195
397
374
406
372
448
241
273
361
210
38
391
213
202
181
228
197
296
215
416
391
367
173
188
113
117
195
133
200
112
347
329
265
266
202
360
271
351
386
372
286
308
284
249
272
162
352
310
239
398
401
267
239
164
288
307
350
281
405
341
408
200
350
297
375
375
294
209
220
375
137
195
262
299
429
403
217
306
150
147
199
66
233
115
155
225
95
334
224
223
236
189
167
149
197
236
228
94
356
383
341
325
346
330
338
406
399
254
223
195
203
369
338
309
347
219
221
222
204
252
204
402
387
237
234
222
192
322
274
459
203
190
176
253
341
381
468
395
383
419
388
171
201
216
327
206
352
232
269
323
499
347
117
156
201
223
318
213
221
176
117
279
208
216
218
346
321
197
325
104
235
238
99
200
248
301
217
239
241
254
195
227
313
274
157
157
251
225
229
322
296
217
269
77
308
299
118
129
206
231
229
450
206
256
404
222
344
259
321
326
206
328
365
205
309
330
360
345
354
278
224
217
226
183
212
253
260
366
226
182
294
392
279
259
303
201
437
147
336
171
207
113
363
377
280
201
310
377
294
231
301
361
194
348
363
275
400
435
359
388
323
230
284
401
445
198
198
126
196
284
153
303
382
372
343
422
423
432
349
299
324
428
322
348
311
399
204
314
417
407
187
203
208
184
216
169
194
322
325
230
246
203
122
386
302
193
398
370
90
340
65
155
211
405
226
395
308
344
368
172
210
388
232
206
337
217
345
440
312
213
309
217
196
266
278
410
219
240
368
282
226
331
147
262
203
237
389
287
317
392
179
180
394
408
145
341
356
354
336
317
456
196
491
122
219
252
137
256
356
361
398
379
399
329
324
205
219
411
252
270
158
238
166
334
332
299
505
376
342
345
357
326
353
428
460
271
272
179
378
354
312
322
347
241
311
387
257
378
345
412
307
347
344
177
162
335
160
461
474
465
218
393
331
357
308
228
223
469
217
314
350
316
457
133
213
254
254
326
271
428
303
253
215
403
430
118
373
199
439
162
361
333
308
362
176
326
282
345
439
158
346
336
211
286
167
409
239
276
366
407
293
416
309
346
198
199
390
353
222
173
299
349
280
357
382
341
209
388
220
240
313
379
187
307
346
111
275
72
104
350
347
350
354
149
339
315
327
285
201
332
351
332
263
370
447
335
254
274
238
215
296
378
190
171
383
204
227
281
92
315
347
361
195
119
59
283
366
163
248
154
309
188
199
347
362
480
481
183
222
208
329
294
223
294
382
378
305
304
235
195
358
356
163
274
200
337
197
306
210
307
372
269
164
321
215
369
260
302
34
53
29
143
219
368
339
130
380
183
435
423
409
338
235
294
268
282
272
326
327
314
296
282
379
359
390
152
345
263
309
341
341
78
220
153
221
187
312
413
407
142
310
352
288
198
243
299
242
304
268
262
181
179
346
165
327
188
317
363
289
282
264
349
239
253
266
230
272
157
397
255
351
291
210
314
346
317
286
221
324
214
198
306
301
513
461
339
392
229
342
316
208
250
319
202
336
339
422
249
342
408
201
352
211
370
316
190
237
275
268
161
340
357
414
410
402
364
316
121
185
133
236
345
259
208
210
201
328
352
250
277
397
317
326
244
323
252
228
188
178
251
185
184
202
390
282
270
412
161
333
323
311
314
292
132
169
285
330
322
141
381
167
188
244
392
377
117
268
129
247
296
237
183
385
421
304
176
178
174
171
232
384
263
344
168
192
432
194
356
300
315
348
367
285
390
361
269
239
259
248
171
169
321
227
208
338
193
314
377
386
386
368
197
166
357
207
212
361
377
331
333
348
314
177
247
351
294
311
347
290
239
155
199
304
207
229
296
305
288
215
158
173
167
196
266
227
191
182
190
348
158
233
284
190
173
451
412
323
226
270
358
308
329
169
458
267
336
193
276
183
342
220
460
340
202
300
256
308
229
259
245
320
166
457
379
213
252
289
316
85
359
309
306
187
177
269
442
279
284
233
341
293
140
164
147
178
342
356
383
215
306
355
281
326
190
307
319
398
269
248
410
241
174
204
163
217
270
227
325
179
326
340
258
175
227
208
277
264
315
93
178
373
412
144
139
326
156
256
226
372
191
334
265
246
248
247
254
220
199
177
331
300
302
185
98
300
262
165
357
280
191
170
133
287
295
403
234
280
179
322
242
438
362
319
199
359
195
352
293
363
368
165
169
292
171
226
198
324
321
284
224
341
229
288
305
327
178
194
237
279
184
312
167
391
146
360
257
265
203
195
211
204
307
308
234
274
260
225
174
151
183
182
136
197
440
248
322
297
358
285
168
378
206
318
298
290
216
260
210
276
320
193
193
257
168
212
204
217
233
181
282
202
82
169
361
173
151
164
325
281
167
120
191
120
343
149
231
307
214
247
187
280
208
30
190
232
263
203
180
240
210
263
184
304
186
331
276
223
305
146
153
217
296
270
152
349
289
183
54
268
229
181
173
155
400
302
282
182
324
245
253
261
280
186
347
172
260
230
276
252
184
209
309
186
157
277
180
190
288
271
171
300
150
280
328
342
149
141
247
117
298
364
352
195
279
307
359
443
239
358
274
255
255
190
245
178
262
201
53
270
218
195
287
246
205
237
-1
231
298
194
220
299
209
285
270
164
261
176
186
163
158
169
169
325
164
155
167
261
13
26
278
162
157
237
150
384
171
165
211
269
224
307
166
208
196
228
301
296
261
302
164
266
114
160
232
266
154
141
321
328
262
283
273
380
281
206
291
168
462
218
282
165
254
154
231
177
226
245
315
194
246
140
256
278
200
165
134
278
230
145
234
258
175
194
165
240
224
267
92
160
220
183
237
304
216
185
155
181
132
112
288
146
202
172
313
178
177
132
120
202
188
244
207
139
253
201
79
138
136
115
284
141
255
178
161
153
177
234
195
249
148
215
180
140
65
96
139
326
219
182
209
235
223
253
125
201
79
309
174
215
315
129
275
143
250
131
231
198
107
172
166
318
110
189
112
260
200
184
113
129
159
160
101
175
120
213
214
215
252
177
177
208
171
211
119
206
167
79
229
37
103
166
106
107
192
258
148
208
160
243
254
215
183
190
83
186
209
181
205
166
252
200
149
169
174
135
227
134
142
141
261
105
105
228
136
135
217
114
97
157
119
178
73
120
151
68
85
164
76
136
132
157
71
190
160
108
96
124
154
77
126
66
110
89
124
94
65
123
137
66
79
79
119
56
100
280
149
