410
467
494
482
488
449
515
478
60
487
435
417
365
334
369
386
417
477
410
503
370
423
325
368
333
309
375
443
505
533
504
485
477
507
548
502
595
517
547
525
525
515
492
558
529
477
439
522
407
538
615
514
497
513
494
445
499
474
445
479
529
479
502
423
504
466
535
496
473
476
648
608
556
607
377
323
560
514
419
480
299
459
434
316
471
485
396
332
468
424
556
496
480
603
542
493
289
466
534
295
283
408
511
559
505
391
379
413
405
363
338
322
355
322
336
354
369
311
340
355
335
314
330
464
288
432
253
323
369
316
542
335
333
352
221
347
387
392
280
215
390
419
277
408
278
329
192
357
552
454
434
488
414
362
366
573
472
368
398
502
491
397
404
410
541
525
523
347
334
293
279
298
199
228
214
262
231
223
324
236
158
355
300
445
425
225
200
258
168
155
166
209
175
200
176
211
343
344
235
378
521
326
513
515
424
272
366
403
431
434
509
474
428
403
159
514
377
585
676
561
292
511
443
417
477
443
363
501
408
449
361
576
406
430
405
544
528
421
537
479
620
440
406
258
248
506
361
386
235
151
241
144
136
218
234
311
380
402
325
102
189
132
222
581
226
358
83
377
340
488
552
274
281
236
539
384
418
436
402
423
434
530
489
575
605
421
433
363
382
271
462
449
241
421
554
349
535
284
586
473
539
331
322
324
282
310
571
293
276
306
266
220
233
270
543
230
535
403
529
332
483
592
545
515
500
540
433
332
403
327
375
481
552
447
203
370
472
527
442
184
443
405
507
510
557
404
273
351
304
289
445
374
547
554
408
326
409
407
385
531
478
480
519
523
562
317
459
392
389
365
437
485
279
307
480
470
446
426
398
489
449
523
268
337
431
103
544
510
547
524
305
340
329
265
256
321
418
315
315
215
526
72
536
415
478
605
570
369
542
309
486
497
328
527
156
428
526
501
369
248
488
496
476
398
419
242
446
337
516
359
552
385
253
232
201
251
318
169
337
239
321
439
474
473
234
268
236
219
358
433
240
238
474
332
293
374
361
505
428
260
369
386
328
150
434
469
424
135
186
481
304
213
238
303
307
296
293
315
336
295
315
340
340
295
307
318
277
413
397
433
431
475
248
459
429
325
392
531
544
549
590
511
549
444
456
364
313
500
388
352
526
495
613
114
79
188
593
308
481
362
395
503
377
435
534
529
300
629
551
518
447
541
306
552
469
420
381
148
464
357
336
469
454
632
409
389
265
301
383
471
439
334
302
307
258
291
282
306
351
324
461
440
149
333
425
441
365
423
309
278
258
338
509
467
379
190
173
499
306
471
436
458
398
478
267
388
514
262
102
438
261
283
250
333
287
385
319
462
468
472
248
266
141
149
258
187
265
163
282
410
367
343
301
523
461
426
549
542
319
349
265
294
301
284
487
435
360
435
557
338
301
219
346
446
509
320
560
474
554
277
477
412
547
536
388
275
307
499
207
235
360
357
601
551
325
437
248
223
289
94
338
107
236
233
188
405
337
326
292
228
207
203
253
320
301
120
435
434
518
513
501
491
507
569
558
353
307
284
269
519
483
405
524
285
330
308
232
279
258
562
533
330
351
297
307
470
384
502
300
289
289
332
518
364
513
548
533
553
525
250
283
320
451
320
406
325
421
463
552
477
124
207
274
290
382
255
278
193
132
359
275
348
303
485
439
279
430
190
279
274
121
277
311
400
291
345
313
400
253
279
484
306
210
208
351
347
264
451
421
291
307
111
414
393
171
179
281
330
281
494
223
393
568
285
436
362
472
370
306
459
407
255
380
415
361
443
476
321
375
263
381
236
225
360
337
510
318
279
407
444
244
301
412
327
593
221
489
206
295
145
457
501
322
294
463
569
382
309
424
505
269
414
408
378
574
488
412
429
330
248
373
544
622
291
270
192
248
370
243
339
432
396
374
544
607
580
560
421
460
551
502
393
307
591
243
436
499
474
240
260
278
248
291
249
256
470
471
344
343
295
206
491
446
227
466
488
126
510
71
282
304
494
331
507
455
398
397
212
279
467
339
271
417
277
312
443
443
291
425
290
279
338
300
475
282
299
485
398
300
459
152
330
246
309
565
362
468
479
256
236
540
515
178
477
477
459
361
361
577
306
523
166
314
402
226
373
547
507
474
426
431
358
408
287
312
386
361
259
189
266
181
475
472
442
493
431
433
419
416
425
381
513
466
338
328
253
517
403
435
426
371
382
533
565
288
546
655
634
401
451
392
260
242
453
191
491
587
584
354
507
414
519
494
355
304
664
323
389
428
410
493
174
296
318
350
367
314
388
452
299
290
547
561
188
547
258
492
293
380
364
400
531
240
379
332
536
566
217
407
390
322
376
215
579
300
395
436
394
436
544
336
348
271
275
471
443
201
217
391
465
385
437
505
413
263
470
312
277
422
489
247
437
462
129
386
120
143
533
354
397
476
211
477
341
429
391
288
402
504
440
299
447
573
462
332
335
310
306
423
461
247
234
478
234
271
450
127
477
478
455
244
129
63
329
411
204
309
230
408
234
294
400
558
573
567
231
342
299
418
325
306
282
486
439
384
347
347
266
623
593
167
305
248
508
270
491
350
487
480
363
251
468
295
412
416
318
38
47
33
194
268
538
465
238
617
258
442
456
381
384
316
360
347
395
388
389
396
334
316
300
464
448
451
190
480
354
365
465
448
109
348
239
306
256
433
559
557
159
448
483
352
246
355
392
280
321
310
276
243
240
325
239
497
263
390
452
437
424
333
484
323
401
372
394
321
250
396
321
388
365
268
343
513
444
390
228
379
255
249
414
369
545
510
439
508
270
445
347
312
379
468
311
470
479
415
298
398
452
231
500
255
450
437
278
276
342
352
262
318
408
476
531
516
432
400
129
210
170
306
435
330
245
251
264
319
407
305
277
388
451
514
237
376
285
284
231
227
339
248
254
261
374
332
265
492
246
416
370
452
416
405
213
214
305
292
286
219
557
211
248
272
441
431
164
367
204
317
449
212
257
433
437
350
245
267
253
262
298
533
410
392
273
269
605
311
454
418
436
487
491
385
500
470
336
365
357
339
238
238
464
223
320
297
252
380
376
476
911
-1
330
214
534
240
294
499
513
462
386
425
406
297
320
396
414
472
448
333
288
183
253
377
305
294
355
335
414
268
241
245
259
256
352
314
287
267
283
561
184
357
418
235
223
540
496
340
304
391
459
394
423
244
445
372
462
311
347
181
483
349
438
350
264
315
336
405
203
278
314
476
182
467
437
224
398
355
369
141
506
312
460
269
271
482
693
341
303
294
389
485
182
195
191
189
422
420
462
321
457
364
348
372
233
465
426
505
344
326
590
257
220
259
220
292
445
330
457
291
477
492
344
240
282
258
369
326
556
159
264
430
395
242
197
422
203
270
284
468
253
393
295
350
292
322
330
338
314
285
547
433
303
297
166
295
275
208
301
296
203
231
178
357
347
488
248
359
283
358
380
624
412
438
243
408
248
334
375
425
382
246
276
405
219
229
272
523
379
265
317
408
244
376
367
432
289
264
363
440
286
427
225
464
175
449
311
398
296
302
318
279
407
403
336
312
276
330
241
225
247
248
183
261
460
322
327
309
462
321
225
367
258
453
326
368
270
375
311
396
437
269
247
367
202
246
249
319
255
259
307
266
116
220
525
232
247
268
372
277
231
230
276
170
327
214
327
423
273
350
247
316
281
44
211
268
290
310
255
321
240
360
276
390
199
449
301
318
410
225
166
246
457
405
211
382
342
221
144
307
231
224
204
139
485
346
303
236
474
272
313
323
345
258
410
196
352
304
312
308
241
269
440
257
206
416
282
289
476
415
290
318
191
372
465
485
198
209
267
129
427
442
429
232
333
324
502
436
266
483
284
339
329
294
368
198
288
309
59
384
247
259
375
305
333
303
368
387
536
227
301
451
239
389
313
225
392
291
270
207
191
216
227
359
229
217
206
347
14
27
271
254
246
299
242
428
200
187
262
274
230
373
237
236
235
262
333
355
342
413
241
424
147
227
334
356
211
251
365
402
303
332
335
344
362
271
340
220
480
308
354
257
271
158
267
265
323
304
414
206
320
219
286
389
254
205
223
368
297
246
377
280
240
228
171
341
296
318
142
175
263
278
295
293
249
283
212
202
228
145
340
208
248
218
407
191
193
186
152
269
245
310
282
86
333
224
113
186
184
162
295
220
322
188
240
188
257
303
231
304
162
203
176
199
82
145
180
407
234
201
187
360
325
325
117
189
82
362
211
263
323
178
337
188
270
189
287
225
153
238
232
365
112
224
155
324
256
234
150
167
226
206
124
158
153
244
287
289
321
208
188
263
223
213
176
241
214
93
317
53
115
198
145
130
259
342
207
304
212
275
328
241
194
201
88
215
233
203
230
165
301
230
184
182
222
170
250
170
207
208
272
149
140
281
151
148
309
151
140
187
113
235
75
123
172
112
125
214
69
140
199
206
87
252
254
146
129
149
203
106
139
80
145
107
159
95
81
137
193
87
95
95
141
82
134
385
198
