447
533
585
567
557
533
616
551
70
574
547
525
436
402
473
472
507
526
478
604
445
469
378
447
367
379
458
549
597
626
569
615
650
697
753
758
787
657
721
641
672
719
693
758
728
644
592
697
515
681
839
740
765
696
687
660
783
722
700
760
819
765
692
622
740
757
769
757
732
751
796
743
817
733
524
381
851
769
552
703
500
709
718
534
849
911
490
405
736
525
736
642
653
675
623
484
430
596
662
415
440
608
558
681
655
608
546
601
573
528
476
479
486
460
481
524
513
422
445
526
492
465
406
662
373
659
299
470
541
461
627
473
455
490
287
504
532
535
358
312
524
622
382
539
402
467
290
484
679
719
557
627
584
517
495
727
697
467
552
694
726
543
547
523
590
633
701
503
490
416
403
415
282
327
313
384
308
306
457
315
229
509
456
634
552
294
255
359
248
218
241
300
225
264
231
293
445
443
296
480
581
459
610
583
529
342
492
610
670
711
824
725
487
567
182
644
479
698
731
734
397
690
717
701
753
681
567
735
600
701
373
654
575
623
660
797
660
582
752
745
668
711
542
387
332
819
586
459
265
201
253
160
166
243
311
409
417
537
474
138
227
168
327
711
306
489
106
576
515
624
747
386
428
341
900
548
562
603
592
576
616
692
612
743
748
732
496
499
533
395
665
674
404
577
683
532
603
368
711
678
623
443
444
456
354
438
670
353
300
353
299
222
276
299
694
274
785
570
604
423
578
685
639
772
687
701
496
432
447
452
526
569
681
724
348
549
647
744
664
232
663
672
632
640
657
650
276
520
432
415
634
510
723
698
566
502
577
478
510
694
560
556
611
616
621
425
699
548
564
575
613
693
397
430
884
589
611
656
608
652
674
587
333
463
632
119
646
559
675
711
516
550
473
370
359
474
625
353
353
284
835
95
683
496
541
675
677
484
614
398
690
637
546
654
195
626
626
594
527
364
702
515
626
554
616
270
646
612
648
535
725
516
357
325
281
348
433
320
490
328
477
796
820
844
330
384
340
333
493
580
364
285
581
340
376
432
378
797
649
353
572
597
462
257
780
522
696
252
239
522
391
278
288
447
467
441
443
435
488
431
455
572
518
378
397
522
345
634
443
685
683
675
292
501
488
410
466
598
581
644
647
570
647
592
601
478
400
525
531
541
699
687
741
229
154
200
604
431
616
395
466
659
462
477
685
655
433
597
589
673
743
613
411
643
617
640
590
250
876
521
476
571
531
729
673
622
358
508
513
749
719
457
426
426
367
524
363
450
517
449
652
665
205
518
608
637
532
726
479
413
427
512
569
564
461
286
262
552
427
623
542
571
627
562
405
597
605
406
199
786
280
447
397
485
437
538
451
525
531
713
308
332
230
191
359
246
390
264
419
841
487
470
485
599
559
680
626
577
450
605
365
398
493
470
735
714
390
517
971
517
475
368
595
690
719
543
677
679
728
352
776
539
685
750
563
414
422
867
238
411
537
461
643
617
468
707
344
327
376
135
477
137
289
309
439
608
447
439
423
340
288
294
424
482
416
176
663
586
692
710
696
678
683
632
586
486
433
417
420
636
566
647
645
387
472
441
344
436
376
785
770
369
553
400
371
724
654
686
478
479
443
514
833
565
655
637
606
602
568
295
360
511
697
406
518
478
474
597
583
717
181
285
411
425
589
378
369
288
177
752
379
429
416
675
654
354
517
327
436
432
158
348
549
680
478
489
499
442
362
349
731
417
316
244
524
657
391
454
403
422
397
120
525
588
200
278
352
586
466
620
260
479
675
390
681
538
601
562
471
748
686
311
671
642
566
651
785
548
689
273
559
330
281
712
607
646
458
326
644
654
343
476
594
455
602
272
574
293
346
184
546
505
530
426
672
754
638
546
707
515
342
557
589
573
716
633
602
576
614
417
462
686
590
420
384
262
393
523
301
416
442
404
424
591
659
664
648
639
621
771
750
729
331
558
351
641
519
596
397
395
448
408
383
332
428
696
709
430
466
393
250
514
523
289
572
627
237
609
105
398
414
567
513
638
522
519
500
312
380
543
434
475
604
396
450
558
550
567
708
407
337
478
492
639
372
419
705
392
391
507
191
418
359
409
678
420
589
521
393
348
649
654
287
-1
1160
534
524
505
561
452
561
176
458
598
296
380
780
680
667
587
620
564
620
415
354
501
499
384
246
453
300
628
778
715
730
686
609
590
575
566
598
571
542
491
492
407
697
539
739
668
597
449
609
684
362
639
595
641
574
731
635
374
312
706
223
519
562
560
368
729
533
523
661
443
377
568
433
455
554
621
493
230
372
419
450
494
393
451
654
417
360
580
528
274
538
336
530
347
414
584
524
587
382
483
404
506
639
282
637
420
376
552
344
731
425
673
676
525
653
532
423
538
401
416
690
660
272
287
627
537
499
724
693
516
401
518
340
427
582
617
339
649
711
192
482
158
160
705
489
588
677
230
640
616
621
603
531
573
670
682
506
681
625
619
519
413
395
363
435
529
385
356
755
316
449
610
219
636
786
599
341
168
84
489
576
266
499
310
626
392
408
650
516
610
608
312
513
373
485
501
426
446
673
626
630
489
479
369
521
512
277
490
355
447
505
643
609
753
477
475
331
548
347
669
614
468
56
56
38
178
436
553
452
295
603
316
644
642
517
585
448
563
535
488
488
494
497
453
369
434
697
611
502
230
624
562
619
504
560
151
396
295
424
328
560
473
480
201
614
743
414
359
524
601
360
466
424
397
351
344
384
273
530
351
377
712
541
527
409
521
366
465
563
506
478
411
572
370
517
546
471
515
447
417
513
406
576
343
374
568
438
541
546
594
671
436
620
480
451
372
439
358
660
546
522
385
605
513
391
536
325
473
471
424
570
445
423
385
398
616
468
578
555
593
444
172
308
199
418
576
458
346
443
308
473
520
380
475
416
636
523
353
595
453
403
333
340
448
387
354
332
462
508
411
567
319
487
506
593
491
480
306
307
441
398
391
271
495
278
336
385
546
487
213
419
305
463
487
236
376
650
547
492
304
303
293
283
342
529
408
542
333
303
540
507
524
613
558
476
461
660
577
563
477
428
450
439
288
285
450
329
413
369
330
438
387
465
512
477
493
257
573
325
370
630
680
575
556
575
567
582
457
550
479
554
585
449
444
292
362
494
392
506
514
365
407
340
291
278
293
394
488
466
365
372
347
466
298
442
479
308
295
487
451
392
408
346
527
443
458
322
474
410
468
418
488
269
414
381
477
382
349
438
485
559
266
389
465
594
272
471
466
326
356
441
591
185
560
464
637
384
386
412
518
465
448
355
358
355
346
320
285
268
486
536
389
344
477
442
472
478
289
478
510
473
378
354
523
380
281
350
289
384
547
499
809
297
775
397
484
263
420
419
469
351
568
231
378
505
526
472
244
487
300
360
337
516
279
623
402
552
341
450
383
368
497
295
579
450
307
353
207
345
389
296
429
370
227
338
195
487
498
428
352
505
341
453
413
562
459
496
327
475
325
316
389
369
372
345
372
535
265
320
328
503
456
364
432
498
349
464
535
448
461
358
424
376
313
490
282
497
215
580
434
360
325
331
338
433
575
456
562
415
428
454
262
289
412
329
214
265
454
330
444
429
436
408
298
366
302
515
350
418
355
415
324
435
404
351
327
368
251
299
273
366
326
291
380
359
166
389
455
335
235
343
421
385
244
247
310
186
468
296
441
396
235
412
280
456
328
61
260
340
336
433
287
438
310
381
285
524
261
487
376
316
463
274
302
358
389
371
288
413
484
242
170
460
311
285
294
211
433
424
388
286
409
382
401
444
306
327
392
240
416
264
457
355
386
360
506
311
254
366
302
331
360
315
274
475
284
410
425
403
299
335
453
175
466
453
412
351
499
279
510
401
400
467
316
458
424
279
559
268
462
318
92
513
365
331
424
379
451
366
341
349
373
425
350
346
298
436
305
351
329
404
318
222
263
255
296
526
268
278
263
499
26
30
452
311
354
316
357
447
244
258
348
371
275
513
294
298
287
354
402
296
477
446
289
318
220
326
347
474
237
349
469
364
312
403
266
372
412
252
497
298
420
271
313
309
363
201
319
333
468
524
440
209
341
359
379
369
325
270
283
489
343
281
441
266
312
284
208
348
383
329
237
238
365
307
260
258
351
260
337
249
263
176
387
291
321
294
456
276
278
282
171
315
306
300
329
116
417
289
205
215
172
223
219
249
278
194
246
272
319
282
375
384
257
238
241
281
110
155
210
504
274
260
231
238
315
283
151
283
120
410
237
246
328
231
273
226
365
217
370
324
164
354
320
411
138
310
213
478
331
296
198
227
211
344
127
197
206
199
323
325
416
195
227
254
219
209
218
235
256
116
418
97
171
234
231
191
329
365
250
281
262
302
401
333
260
254
137
265
281
252
304
169
391
286
267
240
233
176
319
218
263
258
262
187
176
267
198
195
333
144
182
243
123
207
88
165
167
143
145
220
83
179
221
231
128
282
176
153
176
191
192
130
144
88
197
140
159
87
95
173
197
85
132
134
146
91
142
435
231
