583
704
669
623
626
525
726
614
73
641
630
586
547
572
507
534
542
566
505
621
511
526
467
529
459
491
517
536
632
659
689
598
680
750
832
867
930
801
825
704
772
848
808
859
810
699
651
748
682
715
882
915
931
878
831
843
899
777
908
1029
988
816
934
771
828
823
817
861
894
862
767
688
789
779
620
465
734
805
621
629
633
836
840
667
785
754
724
717
816
643
779
770
714
733
658
589
556
656
742
549
690
857
620
674
708
787
851
765
808
914
694
713
802
691
691
868
632
654
701
765
726
598
524
723
465
711
429
662
741
744
715
815
812
857
521
637
655
679
530
526
792
1168
502
718
552
680
465
734
709
659
587
618
602
605
529
731
840
765
757
753
730
757
779
618
619
683
717
708
724
622
649
630
473
478
541
605
491
486
649
468
380
683
645
610
535
441
457
496
382
381
383
456
403
575
394
461
600
600
347
493
623
849
622
628
538
515
886
766
781
747
692
726
562
558
357
713
509
718
696
684
622
685
849
769
823
718
663
654
764
801
434
654
599
642
652
707
742
810
785
814
699
736
836
615
599
668
875
494
409
406
370
291
352
421
433
544
437
715
647
305
445
325
698
655
518
693
254
714
554
765
807
583
654
522
655
533
533
502
508
561
719
802
638
740
704
745
561
687
493
632
642
665
421
576
723
824
583
407
628
803
649
796
778
781
623
739
668
404
405
434
331
319
346
364
614
354
698
577
646
492
606
724
611
653
764
670
581
653
475
570
521
679
626
591
560
732
701
768
845
321
807
548
643
681
569
735
408
745
601
463
605
692
621
648
576
634
725
516
610
620
527
547
612
599
592
577
591
666
513
540
729
656
867
846
647
527
587
592
744
736
629
559
513
920
638
275
567
550
712
742
589
615
616
524
447
567
567
424
422
502
580
238
620
519
502
561
571
499
690
525
592
533
595
627
276
693
568
575
699
442
615
534
598
688
691
332
508
438
595
732
648
683
780
696
545
734
991
407
539
753
597
680
678
667
651
718
588
625
842
683
517
367
646
413
914
428
384
736
739
456
625
618
514
310
576
569
784
331
525
533
886
721
689
1195
1230
1275
1196
1064
1008
821
784
526
683
418
450
473
553
548
468
615
614
886
425
464
531
414
501
603
582
638
559
525
596
716
643
493
975
503
755
880
657
541
594
295
195
261
578
796
705
499
472
659
492
468
695
592
603
623
593
603
624
548
614
659
605
587
629
333
586
591
507
565
435
576
541
618
528
531
453
552
683
558
641
622
535
557
468
580
531
782
708
606
483
601
545
808
554
641
549
576
636
616
647
578
778
347
275
498
711
445
462
445
474
442
447
717
580
451
263
431
354
623
621
658
714
668
598
515
453
548
724
791
512
455
734
452
585
410
308
528
622
698
583
507
538
409
510
501
444
464
385
568
483
512
568
602
483
447
496
570
431
401
562
713
688
521
648
524
648
588
553
465
578
457
654
603
640
445
332
378
582
541
479
470
965
658
659
609
754
237
565
229
720
362
340
472
685
588
460
485
447
529
506
490
431
267
513
577
640
619
638
620
599
552
522
519
1163
573
769
477
536
581
571
512
448
498
422
384
933
572
571
395
905
699
718
590
528
647
635
537
464
405
502
416
440
444
438
477
416
584
574
678
528
644
460
614
533
644
468
579
621
746
460
443
492
394
423
365
293
414
-1
879
712
576
635
545
652
342
397
416
329
393
413
485
584
486
487
463
545
398
441
406
515
292
707
482
415
482
488
708
556
301
448
489
391
491
521
427
438
413
281
591
424
465
612
602
642
418
721
482
418
358
411
407
490
474
496
364
426
317
372
487
386
580
483
456
1149
383
692
461
201
464
424
941
332
266
450
405
701
211
473
497
365
770
619
470
548
570
586
372
696
517
585
518
555
543
425
429
378
383
575
423
371
686
485
388
523
665
540
449
396
361
422
461
384
394
404
530
390
441
497
367
322
402
347
416
364
517
331
303
358
325
266
379
304
449
491
550
576
542
342
376
451
351
423
427
196
524
356
344
980
462
651
515
448
377
390
448
589
458
585
389
416
842
355
370
496
454
441
1026
673
564
469
444
431
416
487
388
541
372
307
485
405
807
499
295
672
420
581
594
391
378
304
379
389
483
348
302
337
710
348
399
487
587
325
379
406
627
474
365
392
359
392
786
718
311
609
429
657
333
355
526
453
354
326
384
490
496
495
585
393
563
352
383
529
389
451
393
445
450
363
444
366
525
348
359
370
310
339
423
293
535
512
391
426
273
316
298
451
355
482
394
674
385
558
338
553
488
657
453
354
339
288
333
456
468
390
324
469
619
755
407
294
411
320
598
392
306
399
313
531
351
573
435
348
418
447
230
387
355
617
453
476
343
575
482
382
279
449
370
276
392
642
538
310
558
304
807
468
362
447
503
360
391
320
380
402
381
326
511
309
447
434
299
444
328
386
405
294
376
603
352
355
382
320
357
389
387
269
463
330
320
455
483
434
376
364
303
436
311
267
234
373
345
315
365
275
394
321
652
370
271
181
374
363
358
334
441
299
438
578
284
327
322
327
387
422
433
237
401
487
372
290
286
447
332
331
740
347
326
222
316
443
243
279
348
326
425
289
433
385
391
578
326
418
357
147
132
96
270
379
382
319
363
339
177
349
397
250
501
451
391
331
349
339
375
352
344
255
321
415
532
291
349
258
313
298
299
471
213
543
549
316
263
359
321
356
272
362
336
207
553
270
349
348
248
252
372
405
402
217
392
449
574
295
422
575
556
582
378
402
309
209
371
261
435
320
209
341
260
186
256
274
282
217
322
304
286
276
379
251
304
382
255
307
440
457
359
555
282
242
534
380
263
226
360
446
313
289
269
199
267
443
485
261
295
284
579
284
312
308
290
289
296
550
183
185
119
431
324
298
378
325
308
333
328
209
302
262
281
297
311
269
305
302
496
654
288
474
601
563
283
366
269
453
420
429
292
366
233
246
382
493
284
266
251
336
324
691
253
256
349
338
247
282
216
481
289
255
523
277
230
431
505
539
530
567
436
324
403
273
213
268
314
207
321
293
263
345
323
473
301
307
510
328
267
292
584
561
247
224
341
260
215
423
212
298
311
275
276
344
493
202
428
344
400
376
260
323
351
311
284
340
387
431
300
373
393
318
229
242
624
282
224
232
226
432
319
355
344
605
410
278
633
355
456
279
416
222
351
199
184
256
241
167
484
230
293
236
244
470
223
324
301
446
383
239
245
256
270
200
552
260
348
389
318
360
173
345
302
260
362
310
284
320
383
200
258
246
420
447
577
286
316
241
270
202
234
216
252
383
204
174
221
311
220
165
296
254
335
359
408
225
228
226
205
209
338
235
326
296
373
284
327
268
333
333
484
222
584
580
263
273
551
213
291
330
460
268
254
230
298
308
203
321
183
297
382
309
218
313
267
179
282
192
354
251
359
353
217
289
173
324
255
211
231
237
211
228
108
335
342
238
327
429
249
374
395
352
357
269
348
324
204
184
268
218
195
441
266
244
593
290
312
253
205
223
427
377
218
222
263
242
431
652
289
239
203
382
424
259
129
394
262
205
338
366
390
198
357
227
623
193
237
286
334
287
246
567
415
142
280
188
265
227
220
291
318
203
384
331
216
285
161
230
305
267
219
363
260
178
162
185
158
371
377
505
277
357
216
435
309
330
256
302
237
189
210
210
316
369
205
269
317
255
163
227
202
254
271
177
243
320
196
272
384
283
321
212
230
391
230
296
266
231
225
229
209
343
182
226
349
203
422
259
99
272
246
296
279
251
288
188
170
336
192
227
175
206
236
362
238
135
265
140
377
273
193
288
353
359
283
178
298
366
213
189
334
232
273
196
267
262
305
300
218
486
289
261
203
277
273
162
249
218
346
345
206
292
237
326
288
458
338
209
78
346
264
453
287
151
423
222
208
156
203
256
656
207
192
268
158
232
196
224
253
387
320
175
265
326
314
285
470
194
58
55
385
340
208
200
247
280
114
278
215
163
162
404
337
182
155
254
188
150
218
249
282
147
328
195
244
303
201
238
321
234
215
243
137
198
251
168
236
205
267
178
242
420
298
152
136
460
326
234
285
103
261
333
247
253
218
380
311
320
245
358
295
190
277
292
123
228
331
262
242
225
212
249
176
136
214
134
184
142
136
97
175
283
337
402
331
261
258
226
225
117
215
135
270
59
334
301
130
382
217
115
181
341
147
151
196
169
393
209
193
282
122
168
144
324
205
166
228
310
133
155
145
144
256
159
132
132
110
201
293
141
242
303
140
315
173
173
214
238
72
331
327
237
63
144
152
275
359
153
120
282
148
173
116
79
230
154
203
203
283
166
136
178
136
108
175
215
180
105
213
52
76
171
199
96
176
248
231
171
239
218
203
156
128
121
184
132
144
129
135
104
253
132
241
115
122
143
166
129
232
229
174
87
69
173
140
138
228
79
309
229
113
127
151
77
127
66
147
170
74
108
109
129
63
166
128
113
157
240
134
140
153
59
77
108
107
58
56
75
147
74
85
88
85
90
81
519
357
