794
920
912
853
846
758
998
926
100
939
824
854
721
692
795
860
831
859
802
969
758
862
701
789
646
679
895
811
982
974
980
872
941
1090
988
1070
1156
1140
1179
1129
1081
1075
1039
1157
1186
1147
1067
1305
853
1289
1220
1085
1040
995
1041
937
949
976
898
912
946
1053
1005
858
966
913
1079
1008
934
942
1113
1182
955
1194
963
671
1004
1021
821
910
589
874
820
666
873
858
815
642
849
922
1210
952
1026
1009
1013
866
601
966
1100
559
614
808
1091
1334
997
813
774
786
797
723
643
703
734
636
630
685
721
636
720
733
651
658
781
1004
706
924
515
647
782
601
1134
650
613
657
451
741
789
873
562
457
920
784
572
847
621
652
402
661
906
1001
1052
1182
1111
832
917
1062
1059
721
731
932
1112
835
838
757
906
982
995
668
669
606
575
583
403
435
411
570
452
430
628
468
336
706
596
1103
1071
453
376
535
331
321
339
390
324
358
405
452
790
790
443
885
892
647
911
889
912
533
715
924
776
748
901
848
729
1041
344
975
766
1106
1137
959
554
923
861
880
912
1001
778
1105
716
844
575
944
926
930
945
914
1028
798
1044
985
1023
796
685
538
495
911
644
766
471
329
512
336
284
448
482
630
787
727
620
226
339
275
460
990
469
656
202
777
777
963
1093
520
513
430
912
950
981
1008
1025
990
834
985
908
1067
1045
827
803
700
994
539
839
866
458
667
989
665
979
630
1161
841
896
607
588
609
478
589
1353
586
550
606
503
467
453
533
975
559
886
982
891
788
991
1104
953
845
971
914
757
613
790
751
831
874
900
705
406
738
862
877
830
376
822
824
874
990
1110
775
577
711
597
732
828
700
826
931
1003
687
757
818
870
876
1012
980
761
923
951
552
756
845
956
977
858
975
537
557
788
1151
1090
837
784
942
829
949
500
594
856
215
941
879
1059
1050
729
768
704
577
573
667
931
606
602
432
909
175
873
748
720
884
904
698
909
549
806
932
644
1106
416
1066
1067
1115
685
610
1119
869
1151
690
738
454
879
672
996
694
1040
703
442
390
357
417
560
307
519
490
737
969
825
833
388
471
452
375
718
823
483
559
884
614
465
744
628
930
805
524
684
700
679
234
651
979
799
232
305
726
526
380
394
562
532
540
533
542
609
509
582
780
627
648
632
692
513
899
721
876
978
897
431
1015
891
807
850
953
983
977
942
1002
938
919
916
800
568
742
707
601
911
1074
995
208
147
400
988
530
874
695
814
986
753
663
1101
948
591
928
892
961
874
983
616
946
928
965
800
267
888
693
622
998
845
971
821
684
476
623
788
752
695
618
581
580
500
508
490
540
810
591
850
797
296
664
1048
790
802
618
651
505
474
629
882
785
608
520
418
714
536
927
894
875
774
822
608
722
886
557
219
817
473
543
468
518
469
753
581
926
907
751
408
407
258
258
406
363
440
329
491
706
607
498
587
917
686
737
872
801
848
734
689
535
734
570
892
897
652
833
659
624
528
402
673
789
832
660
908
795
949
468
797
641
969
782
706
497
562
710
384
567
661
675
898
873
514
736
393
379
497
199
631
255
340
520
336
798
520
574
602
478
400
382
455
632
525
224
686
896
974
944
977
933
925
1049
987
696
489
471
416
840
804
625
860
521
562
636
552
736
419
756
722
704
525
527
490
770
581
1147
447
448
496
616
762
682
884
894
885
915
774
426
457
445
600
537
689
525
716
751
865
851
282
430
458
490
646
446
512
423
263
535
473
536
507
740
669
554
791
257
522
530
231
419
547
539
427
634
693
671
468
714
721
595
382
425
582
605
587
740
695
428
657
190
680
571
271
299
431
557
484
790
450
646
732
516
685
506
897
801
449
728
695
602
594
624
725
616
732
509
549
507
572
458
434
481
532
977
468
474
640
677
381
521
749
458
558
433
800
391
468
299
-1
771
610
529
664
773
591
498
590
686
424
787
940
596
916
965
750
793
629
586
628
747
605
484
429
345
444
516
362
813
899
826
850
823
668
628
670
664
598
724
667
652
492
751
462
534
674
1026
399
392
440
393
329
414
372
742
693
512
520
537
387
679
680
398
908
714
194
962
152
426
420
1025
433
993
620
766
735
396
479
1291
460
381
701
437
739
763
693
428
566
452
494
573
579
784
455
481
699
632
529
551
293
669
438
591
889
527
832
798
400
503
696
641
326
546
563
707
758
630
520
465
641
270
411
725
440
521
621
906
673
543
637
603
507
416
498
663
540
532
315
561
397
723
596
482
657
613
805
759
742
741
732
949
709
481
694
389
629
502
617
572
730
605
590
913
566
618
568
535
586
677
496
365
311
536
409
542
555
535
588
493
640
663
834
570
577
636
568
732
696
631
714
273
435
558
595
988
527
679
611
390
533
751
504
389
571
417
889
419
679
569
592
524
389
628
525
796
706
258
658
514
482
489
381
572
466
446
526
517
600
589
458
724
424
427
537
685
458
346
563
579
751
642
475
615
498
829
387
610
431
959
480
464
528
262
508
171
266
585
525
634
952
356
574
713
539
412
388
422
445
531
507
536
673
605
488
552
494
414
627
520
317
288
521
505
385
534
236
507
416
801
448
240
179
628
771
450
421
378
507
323
362
490
595
547
549
422
529
421
347
551
362
546
490
454
615
522
479
428
545
489
317
414
400
400
424
533
412
565
542
370
267
496
409
551
449
480
106
162
104
304
299
670
566
442
493
232
653
698
509
713
476
513
420
556
536
550
521
479
401
461
612
652
585
342
390
360
519
506
635
257
493
401
342
253
575
588
616
333
606
493
278
319
281
544
578
459
447
492
414
413
369
316
670
460
642
499
681
652
543
741
614
478
284
424
465
291
595
315
691
410
309
426
386
445
335
520
539
348
322
423
469
567
893
385
451
451
645
445
387
435
406
423
538
448
425
535
557
589
367
471
248
489
754
312
339
367
369
340
540
485
611
509
474
396
574
254
239
135
563
510
329
436
290
333
546
492
301
435
629
395
527
492
440
407
404
294
304
355
331
309
297
528
486
382
837
349
540
503
470
333
388
303
260
363
372
341
316
561
349
348
395
696
641
222
515
276
445
414
427
360
489
379
581
283
297
294
329
620
629
634
500
310
279
595
256
557
365
324
582
584
571
446
404
601
331
365
343
302
308
347
352
277
376
302
715
417
550
488
457
421
378
850
298
339
521
610
497
402
405
432
401
319
564
430
679
451
728
354
391
294
335
368
359
340
465
364
364
258
258
271
325
618
267
314
336
354
396
334
303
523
250
233
451
488
353
334
318
426
349
370
319
465
607
590
523
551
295
358
373
590
335
367
330
436
647
422
530
248
517
473
489
759
395
457
399
650
160
475
414
626
277
302
353
523
397
374
279
398
351
322
321
245
277
340
547
311
282
422
530
526
704
374
314
329
341
287
283
547
370
243
263
288
255
427
393
552
520
728
366
540
323
343
263
613
428
476
299
302
476
522
315
200
443
330
443
238
499
363
476
333
360
385
314
322
266
404
222
543
445
438
457
178
471
358
310
457
452
330
303
112
503
523
455
521
591
223
668
404
590
647
335
386
504
246
360
431
387
355
262
325
332
308
373
275
394
348
297
526
601
407
306
365
362
499
383
348
375
257
542
244
399
227
663
303
317
309
303
331
245
551
362
505
246
401
276
277
270
310
379
230
303
592
241
392
318
311
327
355
351
471
496
330
378
210
313
263
351
308
422
249
293
209
260
225
390
403
314
456
568
304
276
573
237
180
241
371
296
204
201
278
224
324
184
354
422
199
323
234
286
304
89
285
360
247
293
279
451
447
310
276
518
252
496
355
311
314
179
307
375
277
293
258
375
537
411
172
409
353
269
225
292
535
330
256
212
288
404
266
306
362
503
385
197
353
232
512
330
287
427
618
333
383
299
251
301
330
284
257
341
341
292
487
493
254
273
297
215
492
452
355
317
351
300
381
415
470
548
239
316
334
215
342
197
462
346
115
533
270
348
362
246
453
280
363
244
320
355
445
366
266
366
267
222
285
271
203
219
326
197
295
629
240
194
255
274
39
53
603
474
332
349
277
508
209
230
326
269
236
587
241
241
186
324
288
265
298
401
276
263
212
262
284
397
204
297
575
346
332
344
219
332
356
199
347
206
518
261
336
321
473
216
188
268
349
307
455
164
303
357
507
457
255
291
289
411
374
260
316
324
273
390
167
363
431
483
191
254
257
227
274
246
349
224
224
183
182
107
270
197
479
214
452
252
256
206
192
183
245
199
315
156
404
254
158
230
168
150
305
240
225
302
204
164
419
313
220
346
168
236
212
319
171
113
196
652
225
211
205
207
383
226
182
185
169
345
213
203
422
186
229
296
244
163
300
299
91
349
352
420
89
184
168
420
323
199
195
165
220
199
108
166
158
245
236
235
400
261
186
253
179
180
155
229
194
163
291
71
105
177
166
124
236
349
209
281
263
424
275
229
168
175
166
181
191
156
211
174
432
200
305
156
201
137
220
190
237
238
356
101
77
273
172
172
322
128
194
211
138
194
65
102
212
74
94
198
136
123
143
161
71
267
154
120
122
182
165
85
156
63
103
89
137
88
61
111
178
117
92
94
129
79
93
676
209
