366
374
367
386
363
304
411
360
49
377
347
325
328
313
293
322
318
317
313
357
295
294
286
344
323
261
324
350
385
385
381
386
445
483
490
529
488
424
464
423
440
460
461
474
463
470
459
477
419
473
559
510
498
446
453
436
478
411
557
514
522
500
502
398
448
462
516
494
478
493
462
424
439
439
446
366
445
424
357
424
333
453
463
365
435
399
417
395
436
385
472
425
413
403
385
336
365
441
393
385
406
435
372
455
420
399
415
408
404
443
470
369
410
342
350
432
391
445
347
413
352
350
358
473
340
432
322
326
462
413
386
383
407
434
325
368
357
387
321
293
408
493
262
366
322
348
200
328
429
416
366
400
415
355
340
474
455
396
379
491
477
399
408
345
350
402
407
333
341
340
342
326
280
237
306
282
328
325
324
288
192
313
466
404
361
272
271
276
254
241
240
253
249
315
296
318
350
352
200
321
390
364
382
373
356
294
341
474
399
456
460
435
350
409
251
416
337
464
446
430
347
412
484
477
445
401
421
438
429
418
336
408
392
472
428
379
435
387
445
519
410
364
385
403
330
391
445
300
308
277
283
230
235
298
266
275
260
344
431
169
254
193
284
425
328
334
171
578
369
443
413
305
368
375
402
400
407
395
386
405
379
409
377
437
448
449
341
411
368
406
446
420
252
362
459
492
376
306
407
469
365
443
446
413
414
393
434
251
230
248
229
185
221
224
412
283
389
451
401
346
363
421
422
357
424
407
325
424
312
314
356
414
424
337
323
381
349
399
428
194
427
337
386
375
400
458
329
483
473
364
517
467
368
401
479
385
350
308
368
417
372
347
390
382
368
347
346
401
400
415
375
376
395
370
374
367
385
391
468
422
355
361
306
407
409
180
356
330
417
396
437
462
374
362
315
311
405
245
245
293
346
168
350
320
334
380
337
307
429
223
376
331
330
382
186
433
415
354
475
253
379
320
444
437
410
228
315
281
350
359
394
346
369
372
285
381
356
221
419
289
371
464
398
411
406
425
355
422
493
405
319
295
338
255
327
264
227
444
478
264
373
372
326
181
358
335
452
222
320
358
338
246
281
366
395
385
410
387
450
516
484
416
457
341
317
411
333
420
277
351
409
452
309
321
336
269
293
372
368
413
368
339
410
409
344
368
365
321
363
313
427
374
410
150
129
212
357
515
391
274
326
378
333
308
458
373
355
398
347
375
401
346
304
391
351
425
405
190
423
481
424
368
307
351
381
372
459
398
365
337
409
441
475
481
486
475
402
418
466
382
378
331
220
426
372
433
338
394
594
570
504
428
388
369
380
249
207
317
301
356
329
340
324
296
370
413
352
387
94
320
264
621
642
509
510
352
311
329
301
364
367
403
268
295
377
328
467
177
270
387
319
479
304
336
302
288
296
285
310
382
282
322
405
260
333
318
275
332
310
367
290
242
444
396
374
388
402
304
385
382
328
354
375
329
337
441
472
296
245
263
444
345
320
313
417
389
410
388
376
153
380
177
326
301
114
326
375
392
332
644
588
566
630
551
393
181
337
338
470
434
449
468
467
380
350
477
414
560
404
321
302
399
353
434
376
474
346
350
343
343
336
251
340
499
377
355
352
418
431
340
284
446
305
342
341
312
297
327
286
392
387
453
310
337
330
445
334
394
321
372
274
302
241
270
361
231
281
352
297
228
320
371
471
344
329
307
384
188
260
246
150
284
344
326
372
608
376
293
565
272
276
323
423
164
407
257
342
314
294
400
384
211
265
313
235
293
322
397
376
301
187
335
278
403
413
340
371
288
397
309
296
256
292
304
367
314
310
303
267
231
231
527
313
326
375
328
364
191
436
291
169
288
347
340
227
140
326
244
305
123
326
322
275
435
341
302
366
460
285
243
331
320
381
429
341
379
280
321
297
329
284
260
273
357
479
373
506
354
278
333
286
272
258
307
269
263
311
284
324
308
343
301
217
281
286
268
268
326
258
250
290
256
205
284
252
321
287
309
313
332
151
263
294
212
328
299
115
359
170
162
329
325
330
334
273
304
317
245
486
326
425
326
287
293
277
266
325
348
317
326
281
316
364
344
380
350
299
230
285
250
178
275
473
274
353
255
402
295
406
295
251
251
275
263
258
301
290
234
209
378
247
234
320
330
164
242
267
408
322
266
266
260
258
327
299
233
311
263
231
207
264
324
296
245
223
256
345
336
339
357
314
355
264
271
306
359
288
225
269
290
293
307
256
387
208
212
250
222
233
286
192
382
338
241
274
232
221
219
260
240
320
285
402
228
235
261
262
343
396
272
256
333
242
331
348
370
277
236
304
259
297
281
213
219
238
375
257
246
317
240
300
227
364
282
205
275
281
188
264
258
314
249
439
261
337
256
267
227
236
260
229
317
430
499
197
352
228
340
289
236
270
318
215
269
244
291
217
344
202
360
337
225
270
211
284
175
260
308
185
250
362
230
221
314
231
225
440
237
183
292
255
212
370
306
279
252
244
214
305
224
221
176
271
277
209
244
142
246
205
369
426
197
151
272
287
228
279
344
196
277
261
192
236
248
248
494
332
205
156
261
291
255
191
212
337
271
249
374
216
194
159
224
405
172
178
224
220
271
205
263
279
259
391
235
218
247
110
104
66
195
232
276
229
199
239
150
237
275
170
327
287
284
222
223
208
242
237
237
210
265
282
364
222
250
157
218
202
240
259
124
256
263
276
226
189
240
250
186
243
193
147
268
135
200
267
188
181
205
402
407
184
262
334
483
188
271
327
302
356
262
241
261
127
204
225
255
222
124
238
182
99
167
208
200
126
174
196
200
205
241
209
233
289
182
197
335
298
302
243
185
187
243
229
212
169
251
341
237
193
177
128
210
300
182
267
264
255
282
243
235
202
182
188
173
367
141
163
89
276
182
186
210
329
247
292
257
158
211
187
179
247
211
198
204
233
257
318
204
348
264
212
163
288
205
309
258
255
216
239
174
136
258
269
209
182
167
184
254
277
176
243
269
229
152
192
173
275
196
154
349
180
224
294
260
260
260
265
260
230
245
217
145
232
255
114
232
205
155
238
229
306
233
217
341
326
259
256
278
273
174
208
278
191
175
283
178
230
205
191
186
250
313
170
273
240
266
248
180
226
251
177
176
278
222
262
194
294
356
219
173
134
317
254
151
168
152
323
253
225
236
207
214
146
232
299
263
177
332
144
225
170
174
176
182
121
229
160
204
162
166
214
165
214
213
219
272
138
178
172
195
157
268
158
221
262
224
284
92
221
262
186
249
210
179
192
260
152
186
168
311
186
242
217
224
159
215
136
149
163
152
492
140
148
161
209
138
121
180
193
211
241
377
158
146
151
179
189
235
177
206
244
281
227
200
178
223
187
290
179
368
241
200
282
292
161
201
168
183
220
199
126
214
219
142
243
123
202
204
207
139
192
200
136
195
122
183
229
231
253
179
184
128
225
183
171
177
127
153
168
78
217
227
165
254
249
213
264
260
252
265
183
317
220
158
140
210
169
136
215
138
134
254
202
276
180
159
155
331
301
155
135
173
173
214
287
213
161
181
234
188
188
114
246
149
155
195
198
233
139
225
189
357
117
165
154
200
235
148
365
180
76
204
121
201
164
155
202
399
150
255
246
150
168
105
181
194
217
156
185
314
129
125
151
152
269
256
292
219
344
172
289
211
190
165
224
129
135
162
173
213
211
135
177
185
181
115
163
164
164
192
95
171
242
165
159
242
193
294
142
215
302
168
177
204
199
141
145
94
364
126
133
269
141
248
190
44
217
202
203
233
135
209
120
106
154
128
156
136
175
127
221
157
134
155
94
271
154
159
281
222
302
314
110
227
257
151
136
176
135
293
163
184
199
357
352
191
208
204
220
131
202
173
121
167
170
280
220
124
173
160
151
169
158
228
156
39
216
254
249
198
107
253
166
158
92
156
218
258
158
157
171
125
195
130
111
250
199
-1
120
166
229
213
158
225
120
35
66
241
181
151
175
277
203
45
254
156
103
132
249
215
206
86
169
135
116
129
175
223
123
266
138
138
212
155
158
200
182
126
190
94
136
168
142
152
188
206
117
166
262
221
112
87
202
178
144
174
87
168
190
187
170
147
468
177
210
168
169
172
149
273
196
96
180
204
163
160
247
130
176
157
120
173
113
125
121
110
78
128
166
175
142
183
317
319
239
203
101
137
115
127
53
202
239
73
167
103
100
148
165
97
100
139
134
204
161
100
220
106
129
121
310
226
87
195
201
101
198
111
87
159
107
92
76
70
145
188
109
223
121
118
257
132
145
132
161
36
208
190
164
66
83
119
189
269
100
115
193
98
156
87
55
157
122
125
125
217
105
110
111
71
68
123
145
121
62
125
28
59
95
162
70
111
172
145
119
198
164
143
127
93
89
106
76
90
72
94
72
169
79
246
66
78
105
111
120
199
200
128
54
39
118
132
130
160
66
170
172
86
97
66
55
79
41
74
94
51
59
66
86
43
122
86
62
139
186
83
76
79
38
54
93
51
32
36
41
84
59
90
90
76
86
40
291
208
