-1
2441
1856
1765
1537
1207
2091
1842
198
1961
1714
1700
1949
2159
1635
1522
1429
1364
1256
1628
1564
1653
1860
2328
2360
1903
1591
1455
1682
1510
1797
1560
1854
1802
1769
1802
1901
1570
1654
1686
1753
1589
1633
1576
1466
1781
1730
1639
2254
1592
1711
1606
1443
1607
1405
1545
1426
1371
1658
1367
1467
1374
1418
1670
1245
1311
1428
1327
1329
1348
1623
1667
1507
1725
1852
1777
1320
1410
1516
1398
1094
1274
1124
1290
1141
1002
1917
1873
1137
2009
1482
1534
1507
1642
1685
1828
1325
1613
1439
1291
1484
1521
1911
1640
1400
1286
1267
1206
1265
1431
1375
1315
1639
1200
1197
1252
1126
1703
1279
1104
1301
1072
1889
1375
1998
1394
1650
1061
1455
1213
1696
1081
1096
1049
1140
994
1103
1136
1231
1277
1512
1297
1022
1055
1210
1148
919
1030
1537
1179
1397
1458
1267
993
1467
1439
1270
1296
1108
1485
1225
1288
1300
1457
1539
1587
1371
1057
982
1124
1145
1034
974
930
1004
890
995
1036
985
1079
921
1042
1284
1184
1309
1546
938
823
800
807
799
838
794
948
1395
1018
1492
1484
1346
1285
1638
988
1496
1509
1280
1414
1137
1200
1037
1180
1209
1065
1695
1292
1263
1454
1394
1369
1360
1325
950
1283
1132
1160
1133
1215
1182
1159
1200
1082
1619
1552
1331
1251
1009
1170
1417
1035
1279
1294
1367
1009
1049
1215
1136
1117
956
1571
1490
1177
1701
1014
960
1619
1181
1109
1344
1111
980
758
907
848
857
1323
1108
961
788
1075
1114
1483
1268
877
1095
1258
1003
1126
1119
943
888
1181
1151
1272
1221
1163
1074
972
1384
959
841
1085
1213
1233
1033
1044
1527
1098
1433
1258
1219
1246
1486
919
904
909
830
862
1340
1439
1765
1370
1373
1503
1211
1306
1268
1443
1017
922
1506
1263
1379
1324
1385
977
1115
1190
1266
1187
1501
886
1058
1371
1261
920
959
1158
1098
1068
1036
1279
1122
956
1114
1267
1140
1051
1618
1315
1291
1179
1087
1278
994
1246
1147
1194
1050
1510
1055
1112
1157
1258
1326
1247
1327
1217
809
1249
909
925
1068
1039
888
738
843
1134
1058
1108
1103
1130
905
1306
1053
1063
1024
787
1161
1291
1223
1082
971
1015
884
857
890
820
1061
923
928
916
889
645
1208
1146
1089
1101
1061
1009
1224
879
1032
1036
889
1089
1094
1036
1239
1133
1102
741
1064
1460
1198
962
1061
1244
873
796
897
1042
1054
874
808
783
622
637
910
735
1042
1004
816
941
851
837
621
680
659
569
1069
1049
730
1192
1241
1175
728
1239
958
1004
983
1026
927
859
944
645
854
1227
966
639
777
1295
1084
957
897
791
854
869
819
741
928
753
850
950
810
1217
1044
831
1030
934
1219
889
1003
993
983
1180
1336
1030
1088
1213
1243
1058
1136
1110
1147
1033
1050
963
915
1228
977
902
1071
828
1013
685
392
1238
1361
732
1043
1884
993
1047
1442
1003
1193
1009
696
1339
1272
1033
1062
1095
1094
1059
844
923
833
738
781
971
701
992
781
980
806
820
837
784
795
772
757
848
791
808
847
621
931
715
822
905
848
786
750
802
951
935
838
732
838
769
625
729
1165
1018
904
898
701
911
750
714
749
721
820
907
729
1173
1103
954
345
622
1694
713
660
660
696
907
921
1113
979
747
878
732
686
666
658
667
615
558
601
651
776
747
866
905
922
602
757
732
739
642
763
936
722
765
859
770
1184
842
564
821
566
784
782
986
815
756
887
726
923
745
693
640
816
622
775
637
697
640
1485
713
773
870
903
920
619
868
570
523
856
532
1032
1023
638
731
433
739
704
678
620
818
733
569
562
609
614
517
728
928
946
860
855
886
838
943
1023
779
629
519
593
674
831
754
819
749
544
742
667
623
545
653
646
979
555
683
741
745
621
1107
559
451
890
535
648
645
699
846
850
852
844
806
671
470
608
810
1043
546
1161
999
895
798
805
832
504
655
706
479
693
657
655
469
583
703
620
682
679
1060
1510
430
590
596
846
709
530
513
511
547
636
1116
634
1047
584
652
472
1023
734
564
710
1114
1053
458
776
636
950
603
783
471
575
447
475
709
996
724
665
542
659
504
1044
644
481
632
501
703
450
474
774
591
609
475
583
1264
560
598
946
427
516
854
568
722
771
575
354
616
633
535
533
719
909
686
674
840
794
1119
538
573
629
666
586
555
545
669
677
723
942
522
890
853
554
833
524
582
710
633
585
556
457
617
540
497
622
872
1061
975
942
850
594
596
661
643
567
594
575
483
739
724
651
452
634
795
538
467
526
484
325
511
388
627
602
541
575
883
615
848
864
685
729
579
286
834
589
467
469
839
423
910
553
525
520
457
512
733
512
309
520
528
595
671
701
378
554
489
545
705
552
712
548
499
576
929
797
512
727
822
542
748
833
486
915
647
496
799
570
517
457
447
447
694
570
452
476
541
620
859
356
813
918
930
491
1040
578
438
510
525
447
372
534
492
489
629
510
442
696
592
469
377
455
480
695
676
678
802
553
1224
594
471
616
422
541
384
517
481
481
813
470
901
691
529
604
444
480
516
356
404
367
442
893
486
493
461
967
370
745
760
825
548
632
537
605
963
873
557
687
460
486
438
558
841
621
529
529
344
748
703
469
625
603
605
636
541
1060
411
617
499
388
748
586
904
688
270
481
810
592
487
441
486
565
377
429
332
485
583
477
685
521
398
405
711
524
456
520
459
685
537
371
663
520
678
318
699
356
826
428
420
438
838
449
358
727
474
348
473
768
704
474
527
390
355
322
402
339
503
422
418
708
528
499
590
518
459
946
440
295
281
406
628
338
494
407
409
326
789
446
565
542
467
550
735
322
445
383
259
402
363
599
425
427
592
627
409
269
580
328
560
348
363
668
463
392
519
515
443
284
344
370
397
350
395
387
416
470
342
225
442
522
394
377
445
479
526
450
856
263
566
439
533
454
221
515
630
331
656
683
473
390
461
448
478
490
476
392
550
537
680
459
588
320
285
353
419
539
457
551
666
279
209
406
558
594
667
488
367
278
309
226
394
556
350
374
559
530
533
279
449
645
549
648
440
631
570
621
576
1041
542
215
361
334
293
429
251
490
337
243
293
423
499
252
396
371
388
321
399
332
507
725
303
356
426
598
431
367
472
424
539
433
330
304
575
598
459
325
393
189
450
627
312
254
296
318
280
377
386
482
395
370
308
704
398
195
118
710
374
292
649
200
412
555
449
257
333
412
287
420
628
333
368
446
271
326
299
276
312
300
423
424
326
940
348
464
378
381
293
294
339
266
317
286
278
631
641
643
307
342
506
504
416
427
282
426
383
756
301
339
301
544
283
302
273
341
678
562
849
366
361
292
523
182
477
262
269
490
486
513
370
373
710
256
314
269
343
319
274
383
261
326
273
677
384
524
424
410
376
438
787
294
355
390
443
407
271
345
364
298
270
493
368
658
334
547
304
673
300
238
330
278
292
423
356
320
209
228
249
283
577
266
259
269
344
374
443
245
582
246
228
363
349
229
311
285
317
266
310
283
339
645
494
610
501
293
386
412
495
252
278
259
398
452
461
505
164
382
674
406
703
502
516
329
465
146
302
290
565
225
281
308
436
278
288
228
415
349
295
323
310
296
272
419
280
205
431
411
416
527
516
274
256
289
226
222
497
403
216
200
262
223
352
352
417
685
576
393
632
442
329
207
708
374
397
493
262
413
349
234
207
367
347
396
182
367
378
342
244
329
310
225
295
224
305
222
515
458
358
660
204
581
293
314
362
256
291
268
113
419
429
322
412
561
184
637
391
527
521
289
330
393
210
265
531
378
269
235
300
239
355
377
275
355
246
250
537
626
359
238
290
346
660
419
285
354
260
476
205
351
184
507
257
353
294
285
341
184
429
290
438
203
285
220
292
277
254
362
215
263
413
185
345
288
264
304
352
271
596
477
254
314
147
261
233
289
277
353
214
213
203
252
188
345
481
334
412
546
611
241
631
213
159
189
268
213
169
213
272
407
187
162
270
383
191
295
247
275
300
339
269
453
244
273
269
353
504
273
241
489
266
375
348
282
271
162
265
355
249
260
246
288
495
873
130
320
305
257
195
346
499
257
178
182
261
292
205
227
296
603
310
198
272
241
490
289
258
316
505
269
521
219
244
278
322
271
252
265
235
243
465
491
207
261
241
297
372
407
305
285
284
275
325
332
368
452
204
279
314
209
290
185
409
298
246
433
242
351
332
172
477
263
284
177
277
256
422
345
277
290
278
170
289
256
157
232
366
179
328
429
186
154
221
207
161
194
532
582
275
285
263
477
152
215
313
172
180
546
215
182
132
289
238
223
244
340
282
207
240
183
235
359
191
334
455
447
313
316
177
239
315
200
265
146
412
310
380
333
417
218
152
250
301
223
452
135
280
455
373
343
247
307
284
357
309
213
262
318
201
587
149
339
451
468
166
228
223
217
249
214
298
241
212
176
205
98
223
162
419
188
352
271
273
236
318
135
239
151
271
66
346
210
186
206
140
142
324
214
165
317
161
135
523
479
189
303
146
181
181
312
443
105
204
413
178
164
181
188
506
183
150
129
315
252
198
209
370
156
216
412
210
137
269
274
77
297
311
308
88
131
187
371
280
183
178
151
278
144
106
144
136
271
240
238
349
368
177
223
155
128
123
220
192
273
227
101
91
199
127
86
201
329
178
193
216
354
251
197
142
140
239
153
160
144
177
144
307
155
253
135
149
186
179
138
195
197
259
94
62
225
133
133
301
119
229
181
117
163
81
85
154
74
105
190
185
99
117
138
72
230
124
124
86
141
150
71
132
66
89
74
94
73
69
102
159
211
83
84
107
60
81
1790
203
