703
850
816
800
763
614
901
770
144
831
750
810
646
624
777
793
758
725
762
761
734
710
586
548
561
482
647
751
750
785
867
776
852
816
879
968
1023
962
1003
931
984
946
906
931
926
866
857
921
787
898
1088
1009
1013
954
939
968
931
856
961
879
956
923
884
704
977
850
923
979
986
962
828
733
876
964
666
682
866
882
648
827
410
872
833
778
738
691
693
650
870
853
978
829
854
782
777
535
482
762
878
428
612
764
789
876
793
716
708
647
702
740
677
668
697
543
565
646
582
642
685
603
486
492
580
837
512
740
410
531
1002
606
932
542
543
621
350
528
570
598
998
455
853
762
263
597
511
555
144
546
741
758
628
730
685
566
634
785
921
637
612
764
738
714
699
709
692
812
795
425
446
493
449
459
223
178
379
343
442
402
412
441
184
593
802
745
676
400
292
307
327
158
268
301
315
333
540
413
745
736
85
580
617
500
731
709
666
514
626
770
689
809
807
788
500
624
340
789
609
773
761
664
401
815
737
754
828
844
719
727
531
755
656
628
648
618
713
784
797
603
887
891
802
696
601
719
742
775
645
400
483
461
359
332
333
499
181
241
627
666
537
75
377
365
341
720
663
501
261
733
412
772
823
362
390
476
706
597
587
600
587
768
701
814
694
764
721
678
631
582
534
757
789
789
376
575
804
767
769
561
757
709
724
509
512
531
496
521
852
758
477
677
641
468
602
737
733
278
732
617
762
535
660
784
786
632
789
673
470
679
464
504
547
772
768
559
231
496
635
666
685
86
776
539
816
760
603
744
416
724
611
530
684
647
687
739
629
873
669
575
583
702
625
740
589
716
674
687
608
675
541
551
717
735
447
463
639
633
625
740
723
791
683
499
668
619
658
348
676
623
812
804
751
737
501
474
469
483
565
278
280
623
610
194
558
416
410
552
571
483
766
162
626
874
853
674
587
672
648
705
773
293
594
695
799
738
795
687
505
262
639
725
722
540
380
374
241
338
491
152
509
490
530
673
717
686
316
357
348
312
619
685
419
365
690
520
375
584
510
740
761
776
867
838
824
88
434
614
694
204
287
564
533
290
428
476
505
505
481
435
548
511
549
544
630
562
356
514
758
572
607
643
710
820
398
587
380
403
552
660
685
730
589
595
665
666
695
489
467
575
538
429
705
561
672
124
0
368
691
468
606
552
487
707
592
344
880
637
446
686
563
658
635
612
628
688
596
571
581
72
540
603
467
581
461
568
591
639
568
505
471
609
488
478
510
496
467
425
351
467
514
517
634
563
191
558
572
681
514
567
517
420
416
530
692
602
498
295
220
483
419
513
470
459
507
440
378
598
692
432
0
415
544
485
414
422
422
580
554
539
491
573
453
515
228
264
514
210
433
147
502
454
469
451
337
606
360
373
523
478
447
460
505
633
468
240
612
606
355
476
425
770
617
550
533
664
640
525
657
474
584
404
540
429
614
463
507
433
447
410
399
177
573
445
516
479
437
589
306
279
392
96
429
197
380
367
0
471
449
404
376
433
353
373
355
405
410
196
512
586
699
676
685
666
658
641
658
550
408
358
419
472
516
561
584
446
420
514
373
404
413
491
474
296
370
412
358
542
491
702
378
335
309
386
442
449
411
544
505
552
501
374
363
375
464
445
552
404
446
687
511
646
308
414
536
617
575
579
338
495
252
452
358
448
417
500
546
463
640
27
563
567
334
343
383
423
290
421
442
419
397
309
457
422
279
468
506
480
450
563
531
322
446
240
466
489
262
275
350
456
340
408
394
477
447
342
508
380
674
450
343
448
404
-1
346
380
481
499
486
396
262
488
226
317
434
284
400
480
368
196
554
437
372
533
450
343
274
0
558
255
352
379
602
584
348
401
495
523
469
429
399
378
366
542
625
431
546
554
383
488
398
406
399
469
364
339
333
196
364
421
234
494
547
509
564
488
411
423
477
461
421
459
471
306
697
412
247
374
445
585
253
315
347
312
238
336
245
425
481
364
363
399
0
311
521
634
475
475
176
615
190
46
310
522
329
561
420
376
394
538
365
550
336
278
336
364
375
356
439
270
417
320
360
551
483
488
373
325
489
378
309
323
379
388
339
432
582
326
652
434
357
417
389
361
353
311
325
372
382
321
325
356
344
284
333
473
0
297
399
633
466
397
381
366
377
262
365
265
386
461
450
372
357
520
421
288
325
374
504
476
453
537
366
634
348
335
378
297
401
412
413
409
404
427
428
552
431
389
298
357
325
409
247
324
342
366
539
286
305
326
331
289
529
460
564
235
412
365
414
448
620
426
360
384
329
320
398
516
422
319
326
244
404
382
300
161
282
407
413
253
529
311
450
275
262
455
324
389
364
193
382
517
317
366
303
364
512
298
351
306
386
303
277
444
393
311
334
569
574
330
413
370
417
400
258
436
249
470
214
529
268
575
285
357
373
274
340
85
269
427
239
359
537
451
378
343
296
254
263
291
298
363
267
304
390
425
374
393
319
235
339
342
189
180
293
407
362
299
217
359
247
551
302
354
96
353
370
256
268
285
318
208
238
223
251
290
290
398
431
272
227
426
293
366
308
270
581
313
306
361
313
267
363
288
267
190
142
303
169
332
258
262
177
353
302
299
351
388
176
228
226
425
177
390
341
215
285
171
365
419
249
499
390
360
311
409
406
429
392
392
357
549
350
488
253
307
283
253
280
242
369
0
339
368
242
169
343
335
353
564
395
247
176
228
155
358
318
205
185
426
250
251
185
203
420
347
385
342
447
390
415
437
459
324
140
226
218
166
267
191
359
209
122
180
202
193
171
276
255
375
306
286
204
287
447
228
280
344
413
370
260
192
178
245
333
242
220
284
434
326
390
318
147
199
503
183
230
215
207
224
335
286
330
308
294
241
525
297
151
80
316
299
221
374
184
158
376
331
202
248
303
244
351
328
227
357
282
231
271
303
222
239
212
278
326
239
533
226
380
244
321
226
242
184
247
330
224
215
111
280
380
337
248
342
339
247
258
127
304
228
588
233
241
255
516
258
256
228
256
418
352
293
267
119
166
341
141
334
231
210
315
326
403
319
298
655
230
206
212
250
248
241
373
209
242
194
431
222
272
297
255
173
304
561
145
260
336
362
359
236
316
286
167
237
380
346
449
297
348
239
449
165
179
251
232
208
161
134
216
154
149
171
208
460
123
189
229
249
272
323
188
227
165
170
243
279
184
221
228
277
204
201
219
244
340
252
117
468
331
170
172
281
173
194
172
260
393
555
395
142
363
260
242
388
468
259
246
320
39
251
215
450
159
191
214
326
199
173
140
154
193
210
253
150
154
233
314
177
153
264
273
284
393
369
179
172
194
188
177
331
240
168
175
204
172
293
264
316
316
462
176
406
382
295
143
448
189
312
46
166
283
258
69
114
301
133
317
183
275
276
285
178
181
384
221
235
153
150
129
288
355
226
114
49
414
201
164
281
250
369
221
86
382
400
248
240
383
149
407
243
334
370
245
314
266
182
172
231
166
171
190
123
161
312
247
172
231
254
219
362
477
143
152
232
207
199
266
197
157
127
342
161
251
117
394
212
146
190
192
232
145
335
240
348
124
195
174
150
161
204
219
235
28
254
161
251
193
185
311
240
174
657
351
220
232
111
219
177
208
208
172
167
192
169
211
216
240
394
258
291
355
172
198
299
139
139
164
231
158
122
106
188
290
158
120
225
241
144
191
129
237
257
123
272
311
182
193
196
287
332
196
153
425
224
309
268
132
176
119
213
374
166
158
147
194
364
540
0
244
315
189
162
444
296
121
127
146
176
265
165
199
129
333
209
141
211
73
415
191
164
246
354
178
266
214
177
207
183
151
171
164
196
167
193
233
183
153
173
232
314
322
191
371
229
163
220
202
292
280
155
219
172
127
212
150
308
171
150
318
191
256
254
128
261
197
205
142
231
194
264
180
156
265
126
132
142
91
140
180
256
127
152
389
183
133
157
153
32
67
458
74
109
464
127
248
53
201
181
104
106
361
180
139
91
213
174
139
192
184
163
119
131
147
211
272
130
100
319
192
147
298
94
172
232
174
200
156
246
82
220
192
273
239
115
188
223
186
258
165
236
81
220
261
168
262
164
285
205
185
197
178
183
223
122
195
278
263
57
231
192
154
213
130
223
91
159
105
45
71
170
130
199
120
269
235
237
130
196
98
172
135
141
140
259
177
36
121
102
104
210
183
117
204
133
83
186
163
133
261
165
175
143
198
139
74
84
362
125
137
155
102
208
119
182
94
273
187
119
102
280
119
141
220
231
101
107
320
40
213
167
238
46
97
114
257
194
113
166
111
57
105
92
97
135
117
123
123
248
169
165
158
76
70
94
147
145
247
161
35
80
130
99
80
132
223
134
166
153
246
175
199
121
164
248
94
102
93
113
103
185
106
174
91
121
87
118
120
137
137
161
60
40
154
132
132
173
57
84
129
91
107
57
58
83
25
56
111
169
70
85
102
39
160
101
67
66
102
105
42
64
27
59
49
32
41
44
51
105
71
52
52
75
44
22
491
142
