846
668
508
484
429
317
567
498
92
495
482
471
569
595
477
394
399
369
332
431
452
429
527
637
624
520
393
407
447
455
508
460
607
577
661
723
735
599
631
584
641
616
633
595
561
604
597
561
975
481
643
736
626
652
590
681
647
556
895
681
655
551
674
757
506
593
536
548
614
609
509
469
560
551
621
672
506
521
640
516
416
592
535
557
435
364
790
1285
495
628
503
542
574
492
504
508
581
514
519
627
789
712
425
471
470
572
638
538
577
723
746
590
827
572
546
672
451
1172
662
506
572
386
631
520
640
505
1007
359
752
566
479
602
564
533
515
410
434
460
952
724
658
752
346
429
410
468
206
426
489
420
414
412
407
386
386
469
535
530
480
529
399
590
568
453
424
498
506
417
407
540
562
506
425
420
626
396
609
586
432
468
213
514
621
377
362
558
464
302
511
374
470
385
494
604
892
595
520
522
330
319
510
425
428
424
347
644
539
497
446
483
477
473
518
423
1020
517
351
485
435
477
426
458
513
501
470
468
467
401
567
423
720
498
451
399
381
413
484
473
504
506
428
361
525
761
869
387
505
390
780
835
491
651
661
724
424
331
300
457
460
343
689
689
478
394
773
339
576
442
410
611
451
373
513
784
358
350
323
296
275
389
461
486
423
450
400
392
380
431
265
829
521
467
343
358
461
671
364
341
351
453
431
488
472
488
470
463
406
518
526
458
470
429
517
472
401
353
369
321
467
340
397
418
431
357
418
413
442
649
376
375
353
443
426
316
425
460
397
420
481
359
512
300
422
421
328
494
521
683
569
339
378
595
416
390
334
681
440
414
399
385
327
375
417
362
371
747
264
525
284
326
437
341
453
400
311
316
339
414
452
439
453
345
619
504
382
479
333
322
453
422
481
487
369
373
316
287
312
206
205
697
319
378
400
303
294
316
329
260
419
243
375
339
495
357
342
392
336
312
641
264
328
323
361
481
494
440
284
244
324
614
371
389
503
481
309
360
492
321
512
490
358
366
359
340
323
349
287
280
481
414
280
462
422
322
413
307
230
405
444
537
449
431
456
333
318
370
429
273
513
374
542
418
491
430
479
483
463
418
526
402
524
319
409
501
385
361
715
276
321
313
327
479
416
278
364
277
299
333
361
345
308
268
348
431
422
260
508
319
437
402
386
270
317
289
340
397
343
368
348
490
349
367
410
275
440
304
295
406
375
351
371
300
365
355
298
339
333
334
315
350
232
279
218
302
302
357
562
333
248
267
358
299
339
340
368
232
364
294
301
452
367
303
357
329
294
440
299
329
315
311
294
293
398
301
421
286
196
288
313
208
236
201
226
234
252
492
366
338
169
210
564
312
320
302
331
377
533
268
245
295
610
493
340
444
437
276
308
222
229
224
334
349
309
269
326
193
248
232
247
213
226
499
283
207
303
243
311
215
194
438
278
322
282
402
299
284
334
281
310
299
247
202
268
223
352
263
301
213
364
181
340
314
242
249
361
385
323
271
438
269
357
375
437
200
64
211
352
271
221
445
383
300
284
228
253
297
238
277
359
330
313
320
313
303
303
268
337
244
316
228
250
335
270
254
186
284
286
219
362
266
250
222
296
366
356
283
271
345
262
161
314
174
245
269
214
244
225
232
213
419
257
228
242
366
290
241
369
368
259
287
467
439
215
301
267
225
223
361
439
164
329
349
288
258
285
437
540
174
217
244
-1
311
190
216
210
222
229
337
308
309
212
204
228
421
356
201
232
276
251
235
325
599
282
254
634
186
223
162
153
210
293
300
188
185
263
248
375
200
240
213
162
334
121
145
249
244
209
174
179
421
111
256
481
193
199
215
306
151
336
219
163
293
199
272
143
104
247
291
299
398
231
297
173
292
274
215
252
260
233
184
377
277
306
231
291
287
141
253
170
231
254
210
174
267
207
263
246
241
289
265
253
226
248
239
172
177
215
268
196
216
249
153
285
180
236
173
214
269
213
162
189
146
117
199
116
241
192
261
268
360
207
200
235
377
227
199
73
278
484
126
222
229
213
297
211
186
167
270
220
212
238
125
170
242
177
171
225
157
213
261
248
307
249
205
191
181
209
246
291
167
628
146
202
329
278
118
365
189
269
418
173
159
195
158
156
211
179
142
155
277
171
506
177
288
140
276
191
358
191
148
173
153
148
200
243
127
227
200
332
142
212
215
174
122
142
162
239
229
204
278
187
342
143
178
259
154
186
130
151
187
128
307
162
295
201
172
205
136
134
199
84
213
249
147
550
123
122
143
280
99
218
210
330
130
228
153
213
291
336
186
157
301
206
126
201
272
228
142
172
167
353
185
129
182
153
352
192
168
241
98
248
143
212
190
133
241
180
95
126
304
275
190
232
157
395
169
144
113
168
170
118
238
252
203
118
273
208
283
204
140
272
198
126
191
165
192
138
310
105
271
144
166
164
348
163
203
485
183
77
132
268
303
173
155
115
151
131
141
111
168
125
132
197
252
200
165
162
143
226
160
111
114
127
218
135
167
227
123
92
308
159
360
292
160
187
204
112
140
106
100
213
113
141
119
122
231
272
155
80
176
154
178
119
106
266
153
130
270
160
112
123
118
162
104
85
117
104
150
126
166
108
166
238
107
141
185
297
248
220
316
106
174
121
237
146
69
168
206
101
234
200
177
128
196
186
186
185
182
157
262
184
254
117
242
82
113
99
121
176
236
219
302
121
96
128
146
161
312
174
118
82
146
80
125
166
100
100
145
213
217
83
200
216
281
130
167
252
232
291
166
292
200
60
145
113
158
139
75
165
101
58
80
110
119
83
111
122
149
134
139
98
139
173
111
123
150
198
171
149
121
103
198
159
98
86
196
258
124
143
118
73
100
214
123
112
102
93
128
102
114
130
100
115
99
283
178
70
33
204
115
101
179
87
104
194
157
81
108
113
79
127
180
92
151
172
176
195
130
132
162
142
85
129
122
264
133
180
111
128
80
96
107
155
138
97
76
152
163
368
116
105
142
145
138
124
110
165
102
301
135
95
83
246
177
179
167
191
189
149
170
92
37
124
124
54
145
75
74
132
124
195
125
139
377
126
98
96
199
181
123
145
119
109
82
190
115
138
131
121
89
248
289
102
145
128
155
147
79
110
123
84
109
134
119
203
109
165
108
195
86
84
156
100
89
67
48
142
92
109
119
108
158
94
132
100
169
114
217
68
153
62
69
100
92
69
142
82
85
67
79
117
98
173
150
141
210
125
89
56
122
74
122
83
133
135
188
222
36
125
229
105
202
202
147
101
152
29
80
87
189
112
142
105
130
78
103
64
113
88
91
151
65
80
64
135
76
52
117
88
118
167
199
76
79
77
77
71
143
116
83
92
137
97
113
127
145
308
188
113
271
260
129
90
288
111
101
94
102
126
121
57
72
112
92
125
70
120
143
110
77
117
138
48
100
58
68
86
134
180
92
97
39
137
97
116
107
92
121
92
35
132
144
84
150
165
76
206
166
133
152
90
183
131
69
74
109
92
82
119
104
75
254
116
97
100
71
85
188
213
119
78
73
94
183
184
117
75
47
154
111
111
47
152
79
96
125
115
154
68
137
63
240
60
87
73
105
103
57
165
129
43
87
42
107
88
71
136
125
80
287
173
65
91
49
87
94
102
88
120
80
54
105
120
80
146
210
159
122
218
219
127
143
72
74
94
89
68
68
71
104
309
46
69
100
93
37
80
95
104
121
227
98
196
77
96
144
100
185
83
82
171
121
135
124
92
93
69
35
178
61
75
116
75
190
334
32
99
116
96
89
245
132
64
47
86
80
68
64
96
67
231
78
49
89
37
214
88
53
104
151
83
201
63
108
122
92
74
119
72
91
67
127
129
97
111
76
158
134
110
78
139
83
77
95
89
137
129
57
101
102
73
107
93
148
84
175
145
90
166
105
52
200
102
99
36
91
88
171
86
123
79
43
46
68
62
72
109
150
70
93
140
86
94
103
63
113
75
169
134
52
123
94
105
4
116
71
45
55
188
94
63
42
94
69
61
75
88
96
50
95
75
78
126
65
70
138
106
76
96
46
58
79
64
76
54
111
43
103
150
117
74
43
124
101
80
123
33
99
123
113
85
111
202
120
103
76
96
97
95
86
164
51
65
119
126
45
108
75
81
80
49
65
26
59
76
34
25
51
73
123
85
110
125
126
106
147
34
72
47
74
22
122
88
41
86
64
27
89
94
46
56
57
44
135
109
55
133
45
64
76
115
230
47
62
136
45
47
73
43
120
50
58
24
51
63
87
50
92
67
47
151
86
52
81
102
2
144
122
96
36
29
66
122
122
52
21
65
42
44
45
26
68
97
61
61
118
71
43
47
40
27
49
74
68
155
77
3
10
65
38
12
60
106
57
59
71
91
79
76
53
54
188
42
38
31
43
35
91
44
104
40
51
66
45
42
66
66
68
19
14
51
49
48
80
38
85
58
25
35
40
20
41
14
37
57
11
30
27
41
13
71
34
34
34
53
41
38
45
11
17
24
15
17
14
16
33
13
19
18
17
17
7
520
108
