277
316
334
323
339
314
371
327
54
348
315
301
250
219
274
287
302
329
300
360
269
313
217
237
209
193
275
318
357
363
345
352
336
347
386
376
430
361
412
385
356
375
365
414
379
333
308
367
288
400
459
376
367
363
359
348
366
356
331
364
412
360
359
290
405
374
386
392
370
355
435
409
416
442
258
240
438
402
307
372
208
366
338
258
376
381
265
233
362
315
393
374
357
409
380
308
201
341
387
190
225
298
353
390
370
282
274
284
310
268
248
214
252
226
234
275
238
242
248
260
223
199
224
324
193
323
169
215
277
228
382
228
243
272
129
247
265
289
240
142
300
300
150
296
182
244
92
242
385
366
312
347
295
256
277
411
374
264
288
336
349
276
290
283
367
389
388
237
221
200
197
213
115
125
150
178
156
153
219
149
74
282
245
331
285
151
141
183
121
91
121
143
139
152
143
172
258
254
135
259
343
241
351
347
297
186
278
274
331
342
405
414
261
274
135
376
267
377
429
366
197
379
328
309
358
327
251
367
282
351
269
374
270
303
296
408
371
308
397
371
398
345
313
232
206
394
282
234
187
135
171
115
108
166
144
180
261
279
251
60
157
97
147
409
185
239
64
292
224
337
418
186
185
207
423
267
290
311
319
333
361
394
379
399
432
312
295
280
275
235
358
354
191
345
388
278
349
224
402
347
372
242
248
248
204
219
393
228
187
236
215
149
192
216
395
136
434
289
370
223
346
413
389
367
356
387
268
252
244
255
282
362
404
364
144
247
346
388
339
94
332
329
440
370
378
305
185
263
229
196
322
271
426
384
274
278
315
259
271
359
337
319
330
385
383
260
367
287
269
260
335
371
199
240
367
328
323
318
296
354
382
321
236
244
310
84
389
354
376
410
279
282
215
196
186
224
282
192
192
197
415
53
376
290
295
395
384
250
376
186
364
364
290
381
136
302
363
347
296
164
352
341
365
310
313
196
330
234
399
271
397
283
204
171
138
195
227
144
263
187
245
355
390
382
187
204
174
182
268
321
183
202
349
195
212
271
263
370
329
219
343
347
286
124
331
351
344
100
122
309
218
136
172
232
245
234
232
228
259
234
232
246
280
245
208
265
235
293
283
351
349
358
184
320
265
226
280
387
399
370
380
358
385
304
356
222
213
330
276
250
380
347
448
96
66
140
385
228
359
230
290
362
270
253
417
385
227
394
350
400
343
406
228
404
321
318
271
92
338
257
259
338
326
441
345
332
226
229
251
350
339
239
229
229
214
221
188
233
254
239
348
349
97
252
302
331
271
356
230
210
228
263
361
337
283
132
113
323
219
330
310
330
317
301
187
276
383
188
40
311
194
217
187
253
213
305
236
321
319
357
194
207
107
118
222
126
210
107
229
331
255
275
204
378
290
337
395
387
231
258
200
251
217
186
372
369
207
295
452
301
264
194
266
343
396
239
425
336
415
213
369
294
408
386
307
220
241
395
156
168
272
264
417
399
237
327
179
151
221
63
221
81
183
163
126
291
245
230
215
158
150
150
206
238
237
83
340
327
388
377
388
379
378
389
384
251
229
199
217
377
343
323
406
218
244
227
155
194
224
458
449
192
258
221
216
336
329
376
232
229
189
257
426
264
305
393
384
397
375
189
208
247
362
232
311
243
280
382
378
340
95
144
236
246
322
222
183
178
108
295
203
231
244
357
353
202
289
136
258
226
91
216
244
338
233
247
236
249
192
174
394
223
178
152
279
295
198
313
278
231
218
77
315
328
111
138
225
259
203
335
159
278
390
217
337
267
349
296
234
358
319
231
298
303
278
363
392
255
264
192
252
173
186
261
277
362
246
187
336
375
167
273
296
244
393
110
354
143
188
116
320
358
253
232
345
447
282
249
347
364
197
334
315
313
416
355
308
338
262
199
268
391
374
221
209
126
197
254
173
231
299
262
258
398
391
382
400
327
393
404
396
283
240
411
170
364
384
363
207
210
232
211
249
196
218
368
389
252
251
201
100
292
294
179
349
387
106
364
69
188
223
359
277
371
335
302
289
188
194
332
260
210
297
199
219
290
303
229
350
220
190
264
264
362
217
220
369
246
206
309
131
219
182
234
397
263
329
342
215
177
340
354
154
373
393
312
263
276
404
226
353
105
246
287
117
229
476
375
354
330
346
313
332
222
212
265
264
209
163
213
136
378
389
364
379
363
336
316
310
303
319
379
321
259
225
193
400
366
343
381
315
329
398
393
218
406
455
434
347
374
302
204
185
374
160
326
392
432
216
396
329
352
337
246
214
444
244
271
324
333
346
150
263
232
255
261
244
248
330
218
213
352
378
121
357
211
365
230
271
279
319
356
175
277
238
338
358
173
332
293
220
306
179
466
267
332
349
298
333
332
227
274
213
215
372
365
169
175
322
380
285
333
411
300
201
353
240
239
346
357
176
337
372
87
309
92
110
435
288
320
341
162
346
252
359
310
240
347
405
363
201
347
381
402
283
262
233
225
265
356
194
209
363
177
257
343
109
397
414
312
182
110
44
251
322
119
228
175
335
198
211
277
356
382
377
169
266
227
398
288
262
228
366
310
349
283
275
220
423
376
159
245
190
394
206
397
274
382
287
271
199
393
212
358
335
265
33
34
26
133
210
420
348
142
375
244
334
329
287
303
237
301
291
342
310
325
316
301
254
243
376
350
273
155
371
272
316
296
330
57
241
179
255
209
341
381
360
140
333
419
269
212
306
295
198
241
226
224
160
157
250
166
362
205
273
385
318
306
241
349
203
328
330
293
229
200
282
310
287
306
220
267
370
283
346
166
304
222
221
353
240
335
378
358
411
223
355
272
236
242
306
204
384
354
313
215
317
341
214
340
258
273
323
203
228
238
231
205
249
362
353
377
366
381
308
109
190
169
205
353
281
197
188
176
255
323
293
236
265
365
355
188
300
249
218
209
196
310
207
212
212
242
247
224
354
173
332
273
346
322
300
154
181
259
251
240
137
322
169
221
180
333
349
128
265
162
241
291
171
190
362
379
305
203
217
192
187
205
351
234
308
174
197
392
302
330
346
396
331
351
324
399
373
300
253
234
254
182
190
529
170
272
258
220
286
230
290
495
536
243
157
387
207
216
360
393
381
312
361
344
239
294
321
347
338
374
236
204
153
222
362
228
225
326
214
269
199
170
200
199
196
294
251
224
190
209
538
157
379
280
214
180
379
386
252
248
286
407
313
328
182
330
261
333
207
300
162
324
215
297
274
195
270
249
322
184
224
275
401
115
307
288
180
253
274
295
113
402
248
357
216
224
313
453
292
236
259
240
352
151
155
162
164
313
313
376
328
313
267
281
283
198
362
417
393
231
229
427
218
171
186
179
236
381
264
381
183
383
372
260
200
252
191
279
195
458
101
220
338
311
177
127
347
165
217
335
349
184
312
260
282
263
256
276
286
225
215
379
329
222
170
137
221
223
191
238
231
180
205
175
312
319
381
185
285
215
277
273
416
313
330
201
338
219
262
252
289
281
202
205
337
184
170
189
359
308
242
231
329
186
336
305
349
184
186
292
297
195
319
172
349
145
379
294
244
223
229
224
257
337
334
269
288
245
280
178
156
190
200
156
153
335
287
297
286
399
278
164
275
220
345
287
299
266
333
251
279
396
212
183
324
188
215
247
243
204
189
247
182
73
176
338
196
215
223
278
238
222
145
218
128
305
177
263
297
208
290
212
286
250
38
181
233
188
290
191
269
169
285
215
343
198
365
211
225
374
193
144
221
347
331
166
279
274
177
84
250
209
182
166
131
364
246
279
195
380
237
244
315
258
197
373
163
302
221
268
281
202
219
348
188
128
375
211
220
354
337
233
274
157
282
291
306
149
185
213
106
340
349
302
208
300
245
391
374
187
366
264
303
261
221
298
188
255
197
49
317
187
218
305
283
235
271
298
393
-1
178
215
367
206
333
227
167
291
216
221
166
156
203
182
262
187
210
156
315
13
16
230
151
177
239
205
328
105
176
226
244
224
288
225
157
221
226
255
224
314
298
187
247
125
178
311
293
158
197
287
251
216
271
275
267
328
207
282
186
342
228
246
188
198
134
257
203
270
276
301
145
274
142
232
315
238
189
174
307
226
191
350
237
184
160
166
241
217
231
101
175
229
221
267
206
207
178
185
192
166
146
259
175
164
187
314
158
160
139
128
243
207
296
232
94
272
182
92
152
172
136
255
173
308
150
193
167
162
208
227
257
136
202
153
138
72
128
134
290
211
154
196
276
216
263
95
193
78
300
183
221
245
151
227
153
282
172
240
209
152
198
185
341
114
246
139
271
197
232
126
138
153
180
127
140
147
157
196
198
263
156
151
235
171
178
168
206
192
71
289
38
110
182
135
121
234
275
199
245
178
205
298
258
210
214
86
212
220
202
241
150
219
229
135
188
208
164
244
162
171
171
234
154
134
250
149
147
227
131
106
174
125
150
84
123
148
114
116
202
47
159
205
171
93
230
186
128
114
125
186
101
127
83
148
120
127
86
84
140
172
56
101
102
110
77
118
242
179
