155
187
204
203
200
199
221
195
11
194
184
154
153
143
117
147
149
192
183
192
133
162
132
159
128
117
123
184
195
229
186
214
208
187
234
243
244
223
230
199
218
226
225
256
222
172
149
199
155
199
273
227
268
260
212
195
257
214
174
234
256
223
207
216
245
241
246
221
233
209
252
242
281
274
151
137
249
263
166
221
218
208
226
197
276
271
163
129
220
172
226
230
194
217
209
203
185
185
222
144
160
185
171
197
216
191
173
190
194
171
127
140
139
128
162
151
160
110
171
160
175
158
122
203
99
214
100
165
129
135
207
155
162
163
118
158
173
177
84
142
170
178
153
163
118
145
96
181
242
224
159
179
151
148
142
250
229
167
160
223
243
167
173
172
198
210
273
166
156
113
111
140
95
125
81
124
84
86
144
110
80
162
138
188
160
163
81
112
66
77
67
78
75
87
103
94
148
149
113
134
264
159
200
208
166
133
170
167
222
201
252
241
216
129
66
218
136
242
262
219
126
221
208
176
240
240
147
225
251
211
157
240
164
191
183
295
209
182
238
229
255
252
172
125
86
274
167
189
104
74
117
72
80
94
87
163
148
194
156
63
72
62
105
239
71
174
40
174
189
251
273
118
182
159
320
149
144
171
177
158
187
211
202
235
242
229
173
153
139
95
191
203
208
221
254
140
194
124
231
237
195
141
146
153
102
150
201
104
115
118
81
113
80
89
236
97
216
162
216
126
201
256
211
276
255
250
223
107
178
158
158
197
255
228
97
224
219
216
204
70
208
189
201
197
208
172
127
155
126
128
205
134
274
240
163
132
185
169
149
247
181
170
239
234
211
140
288
137
160
154
235
244
133
158
261
157
174
227
192
227
227
248
86
127
182
40
229
184
228
231
133
121
144
109
111
167
178
147
147
88
283
51
251
197
237
263
258
211
213
162
234
230
152
203
52
162
202
186
141
110
213
183
184
140
175
81
168
193
223
144
271
192
132
99
109
126
165
161
181
116
144
228
210
212
121
128
133
112
168
202
123
108
199
157
153
137
134
258
168
125
165
174
128
85
238
170
216
110
93
215
96
117
102
141
158
161
163
163
177
148
150
170
182
110
144
162
94
190
140
212
215
203
102
177
208
124
138
210
206
218
267
187
234
190
211
161
141
218
202
155
268
225
281
124
19
83
208
159
191
142
154
252
153
243
222
230
155
238
226
249
195
226
169
245
220
185
177
87
218
161
158
185
209
255
171
179
117
145
163
249
187
165
145
148
116
156
147
152
167
166
213
231
80
160
159
201
171
201
139
141
142
187
219
219
176
138
114
187
166
215
181
199
188
211
131
191
235
164
47
172
98
135
126
175
138
195
105
186
175
191
109
108
128
111
126
127
115
76
82
221
186
176
198
214
266
219
230
213
123
170
119
106
126
181
275
211
190
174
260
139
151
141
157
194
218
148
237
227
268
158
253
179
262
247
199
155
162
288
71
148
167
150
237
219
163
223
120
109
164
35
194
76
107
103
136
222
180
153
157
86
82
86
133
127
150
43
203
203
220
214
209
216
220
216
214
144
153
126
135
224
230
155
208
133
146
132
89
120
131
249
250
159
159
143
165
244
158
202
169
176
157
159
245
149
185
221
224
222
214
120
142
160
201
149
186
168
223
224
207
241
61
84
125
149
186
116
127
81
72
223
136
168
169
256
220
146
194
93
104
124
40
181
149
189
188
140
148
210
122
128
260
135
111
83
149
164
119
230
225
151
112
53
164
201
68
100
152
171
146
197
88
183
255
147
211
162
216
159
151
236
193
76
178
191
172
223
237
155
290
94
212
119
108
166
175
217
153
162
195
211
67
187
194
174
251
94
201
91
125
62
179
192
149
153
249
328
217
151
185
201
114
217
163
174
255
222
187
187
168
110
157
252
240
150
137
120
137
178
142
128
151
150
110
231
250
251
223
213
227
258
266
189
114
219
166
219
209
188
178
190
190
167
238
152
186
212
254
174
176
162
101
224
186
70
189
270
100
210
59
141
152
182
169
185
205
154
157
95
138
183
178
147
178
146
152
191
203
151
205
149
129
141
133
235
148
153
241
160
148
198
50
116
117
143
229
177
211
212
139
119
253
254
85
219
223
250
150
137
237
150
205
101
189
257
94
181
271
214
218
198
206
176
216
144
134
147
121
131
84
130
82
273
220
247
196
204
204
169
173
200
164
196
175
202
150
149
217
258
208
196
160
190
243
236
128
255
240
238
180
213
195
120
100
237
85
204
239
215
201
315
219
231
221
242
155
248
154
191
210
195
202
65
164
143
149
127
128
134
255
144
134
194
255
86
231
110
202
159
133
181
169
244
113
207
204
220
259
136
198
125
158
160
86
272
144
210
218
168
237
252
152
127
157
132
268
221
84
109
209
249
162
260
303
219
171
180
154
114
220
194
99
218
219
106
189
47
90
243
178
206
206
127
223
164
198
164
149
201
244
294
138
189
249
251
146
179
131
152
221
181
183
173
243
99
146
223
105
198
233
199
114
58
28
135
174
127
177
101
230
165
173
225
251
265
269
94
205
171
304
179
160
153
202
205
141
164
163
153
249
229
55
133
138
222
163
251
243
266
199
172
110
196
153
198
195
144
26
29
19
109
185
203
176
99
248
181
221
196
161
174
170
161
161
178
177
159
162
143
111
124
233
208
172
108
256
178
189
203
208
22
165
112
148
136
280
210
213
72
226
278
257
147
173
200
124
131
123
161
123
120
119
158
170
116
140
230
205
205
146
228
153
227
249
207
151
150
175
193
151
208
152
171
228
196
219
143
173
138
135
198
136
232
184
196
251
143
217
164
154
192
223
146
247
185
176
156
167
215
105
223
185
209
199
135
135
183
180
133
138
213
174
255
226
234
134
83
154
134
157
197
181
134
131
178
153
186
161
127
137
251
207
160
199
144
153
122
121
175
122
126
135
188
182
131
187
111
281
180
204
191
159
149
126
153
142
124
118
222
101
131
129
184
181
101
248
132
132
200
41
134
213
179
133
101
116
108
113
142
190
224
230
135
158
227
180
231
195
203
212
213
211
215
199
133
143
150
150
115
111
248
83
158
128
160
158
142
201
230
223
158
93
182
156
130
211
215
201
207
270
168
155
166
182
204
221
246
134
138
105
159
291
166
133
222
135
193
131
120
106
120
125
214
173
146
140
134
238
91
243
235
177
161
214
189
149
121
166
199
177
232
133
179
128
195
154
144
88
254
189
174
115
145
227
186
215
72
116
197
239
78
175
151
88
191
183
201
82
234
150
239
139
135
198
258
190
158
157
184
220
107
96
165
144
210
172
201
198
203
174
171
156
106
213
229
223
125
126
243
142
128
121
115
148
214
243
244
126
247
214
147
81
148
125
145
133
204
95
137
191
155
139
121
191
157
115
117
242
99
158
147
241
134
156
147
187
184
138
221
177
90
147
85
157
115
145
157
143
72
149
144
222
226
190
124
154
139
134
172
230
182
206
105
211
186
134
189
199
146
110
191
195
110
103
158
213
193
128
165
177
150
179
199
182
198
134
137
210
173
217
109
208
120
248
186
196
152
162
156
182
169
208
185
224
154
151
167
166
157
126
78
116
191
188
162
172
162
134
106
145
99
201
175
195
189
159
156
201
211
161
132
180
161
128
127
159
117
108
122
101
42
123
197
130
119
127
165
148
149
131
148
93
157
115
235
172
203
161
169
176
115
17
81
119
161
182
120
140
115
176
136
161
88
195
142
142
233
130
95
117
189
185
118
173
156
89
54
171
94
118
109
30
171
137
139
107
165
165
153
142
208
168
176
139
164
148
158
159
172
120
167
157
105
186
148
141
200
171
140
165
81
170
196
192
99
112
142
71
187
185
177
131
209
173
227
173
139
181
171
199
186
136
205
108
163
131
7
276
132
112
184
146
208
149
171
186
171
127
142
203
148
269
136
126
177
306
120
92
71
109
234
153
137
125
104
221
8
14
160
136
149
100
152
250
109
100
148
161
149
196
133
116
182
151
146
141
206
268
161
172
114
102
162
190
175
136
167
204
133
147
151
193
164
112
194
127
208
162
248
145
144
76
114
136
172
180
166
89
130
145
100
167
133
91
110
198
132
126
189
118
143
165
88
181
183
112
100
65
139
151
128
123
134
133
166
167
94
180
190
108
104
123
206
102
104
118
112
156
120
136
168
4
185
147
109
116
101
119
136
111
163
96
134
100
139
178
128
130
86
96
67
92
59
96
127
192
133
97
101
139
148
160
51
110
26
176
115
173
164
84
147
96
130
107
214
117
197
101
133
150
85
190
111
157
132
133
85
100
118
119
94
71
98
102
158
160
168
100
98
121
-1
94
111
120
104
25
218
35
51
114
78
100
133
146
139
132
118
101
170
126
119
110
23
134
150
131
144
131
147
153
71
130
111
130
157
92
138
136
93
77
65
147
78
78
137
104
69
121
66
119
49
85
86
73
91
117
18
101
121
117
55
121
93
88
83
81
112
62
79
55
93
87
73
31
46
92
97
57
68
67
63
46
114
168
117
