377
459
485
462
479
413
558
475
61
452
486
454
396
360
408
431
449
455
412
514
411
384
333
344
292
308
381
445
490
531
499
562
516
542
644
691
663
617
658
550
565
615
593
643
620
506
497
540
457
510
707
655
713
638
621
559
674
582
652
755
766
605
708
560
631
656
695
617
676
611
650
569
643
659
399
326
706
641
453
556
427
620
687
441
677
718
449
423
633
446
629
551
575
559
463
412
348
460
567
320
436
555
448
549
526
547
553
537
543
557
391
439
491
442
456
518
418
387
414
502
415
372
315
557
282
508
255
461
502
454
550
523
493
569
273
443
450
481
351
271
494
681
300
477
325
423
259
478
555
574
394
469
470
425
392
625
641
432
482
624
589
516
500
475
459
495
591
447
481
394
401
396
289
306
324
374
313
308
446
321
210
473
405
501
453
258
255
334
254
222
217
264
227
295
205
294
401
403
257
384
478
513
499
475
419
279
507
522
619
551
655
610
408
419
164
513
355
630
583
594
385
519
589
540
625
525
491
561
570
576
317
534
472
493
560
675
538
542
655
671
589
558
578
407
353
631
611
334
207
179
208
120
165
202
270
382
324
492
442
143
245
160
388
552
291
477
110
550
385
567
625
361
431
325
723
408
440
447
441
441
494
559
452
638
667
660
389
482
432
382
599
548
320
459
595
539
488
273
581
700
484
500
480
486
382
469
529
299
245
325
249
200
233
258
569
250
626
463
483
332
461
559
507
603
609
571
410
438
340
399
424
428
533
530
332
447
521
613
644
210
584
475
513
571
489
589
258
526
415
325
549
489
571
558
460
463
472
370
396
615
430
460
497
539
469
350
618
446
428
437
551
612
446
487
694
458
489
481
543
545
572
473
328
524
482
119
547
429
579
665
435
447
430
333
305
410
452
278
281
314
695
94
570
398
403
495
522
378
515
357
479
497
484
521
165
502
499
479
512
298
522
451
479
486
546
241
486
406
586
504
611
512
395
341
304
377
498
294
480
372
415
640
666
687
329
403
359
340
560
583
359
227
537
309
442
350
315
654
578
320
502
542
389
194
578
411
648
223
272
427
421
294
303
539
592
571
574
559
599
508
503
411
560
309
336
387
342
488
372
518
520
685
250
403
378
295
366
479
463
583
572
463
517
552
528
388
480
401
531
584
559
531
617
195
127
154
474
511
503
335
381
603
377
349
616
563
414
516
524
505
578
458
421
552
557
497
427
207
654
479
469
460
391
552
543
542
370
415
402
569
664
450
462
478
387
514
340
479
442
506
618
631
221
479
437
675
420
644
431
414
425
532
471
434
548
203
185
436
515
457
436
459
428
411
332
515
488
339
176
524
232
471
399
486
444
514
397
393
383
591
363
408
261
204
426
262
428
249
291
729
473
569
431
522
478
504
530
518
352
442
281
347
381
405
650
625
332
408
757
416
412
299
478
618
651
451
633
589
645
417
683
513
627
616
532
441
485
670
203
285
502
366
535
498
594
596
327
331
452
114
415
112
364
262
358
476
546
438
380
309
268
316
383
430
357
169
506
447
642
613
615
614
592
550
515
442
531
427
472
562
476
538
509
390
428
389
294
345
493
756
755
288
711
452
470
627
503
535
549
524
369
439
640
409
462
490
498
497
456
368
394
597
612
464
387
542
378
462
446
579
227
300
411
403
515
324
331
254
156
538
482
538
498
672
620
313
470
290
331
351
169
325
448
591
613
492
382
367
367
269
577
357
334
216
510
548
320
442
421
524
392
141
412
523
216
348
427
560
376
446
207
546
558
420
667
628
541
441
548
564
543
298
484
498
418
613
597
456
496
239
430
343
222
687
563
489
571
314
629
577
232
497
479
626
423
212
467
263
397
158
446
391
434
501
689
635
562
530
811
458
438
506
475
577
563
533
469
420
404
313
445
502
449
476
396
248
399
621
329
313
364
327
319
464
547
525
582
612
478
633
715
507
269
481
283
592
421
476
286
314
355
309
377
305
346
564
629
503
523
394
227
359
424
247
439
576
197
518
123
329
488
418
661
464
574
417
411
356
422
426
496
510
491
491
314
384
530
563
581
486
428
417
406
483
354
396
596
299
377
444
156
392
351
456
527
319
614
393
441
378
549
542
247
673
632
467
386
346
510
562
405
215
564
538
255
259
651
532
572
480
490
403
563
545
407
336
519
320
298
322
293
732
657
558
518
555
524
482
465
437
430
452
401
400
408
394
574
516
572
590
429
352
621
628
263
509
497
534
408
561
457
420
360
603
248
364
439
455
336
672
422
477
613
373
398
504
504
370
580
462
378
218
277
353
439
370
367
337
583
498
433
456
448
270
428
415
402
305
311
447
407
434
390
370
322
412
482
257
500
282
486
531
311
623
485
-1
505
402
562
399
348
351
508
453
520
593
219
350
587
491
403
709
622
363
286
392
458
301
602
490
284
711
597
173
562
169
188
583
400
424
560
201
546
435
458
675
503
572
524
731
370
475
495
667
461
387
377
363
419
447
356
299
588
271
399
521
184
579
618
489
306
161
78
343
418
222
475
321
503
503
561
447
442
518
518
291
453
425
452
391
527
320
511
483
465
371
417
454
527
503
214
396
385
358
365
561
510
686
357
580
397
519
419
488
642
377
58
51
44
175
567
476
392
232
527
258
384
437
352
460
358
483
403
390
364
394
374
330
278
321
536
473
334
251
524
491
456
405
500
125
450
351
411
333
533
389
404
160
528
634
351
491
558
512
286
355
316
376
310
310
289
302
525
372
304
605
653
588
541
463
321
405
459
524
329
463
421
351
425
402
330
409
345
339
431
315
455
312
363
567
301
383
418
472
574
417
547
465
582
341
361
403
602
400
384
321
486
379
312
410
323
349
445
544
492
420
411
528
325
484
402
435
406
518
448
135
248
166
329
498
431
237
431
318
366
406
321
375
308
563
415
229
419
363
313
421
402
447
444
479
481
303
467
314
440
391
515
400
528
381
447
358
404
359
346
328
219
365
323
319
292
401
402
189
310
256
424
410
175
427
483
403
413
387
402
370
369
326
441
390
385
313
353
449
478
395
538
485
383
400
642
503
465
401
451
391
434
375
374
417
255
479
305
247
329
259
311
447
395
374
268
488
257
508
498
550
541
429
510
463
488
495
419
608
430
464
349
439
215
285
434
532
426
418
262
321
397
331
363
357
442
390
408
524
441
426
429
300
430
417
281
253
362
381
293
540
338
435
336
359
422
331
334
351
374
466
207
359
360
331
292
404
380
409
429
221
278
362
538
210
331
335
260
330
395
435
213
455
369
581
567
532
419
477
360
356
297
271
336
278
314
206
198
371
415
323
282
395
313
422
364
330
405
420
364
308
307
455
258
408
424
372
435
530
400
580
278
626
340
479
287
365
410
397
247
457
259
497
345
366
362
302
415
208
312
313
436
291
453
332
507
315
364
375
323
484
337
460
512
236
283
218
260
335
218
275
276
220
288
159
382
402
352
312
365
384
369
514
492
357
465
331
415
253
265
283
282
263
471
326
464
344
269
363
421
355
315
460
403
254
414
441
353
338
370
416
321
317
413
388
407
166
439
417
270
402
420
442
389
470
382
663
332
316
452
319
303
381
368
275
191
376
298
342
366
346
427
297
281
291
422
303
391
298
401
428
431
358
362
350
314
244
233
271
441
288
412
293
275
148
402
380
470
303
412
309
285
301
255
364
226
334
365
446
369
226
358
256
437
304
60
210
273
268
444
386
359
273
266
310
415
219
457
306
294
368
365
201
369
310
354
329
322
400
199
155
360
242
312
329
179
352
296
262
388
346
280
324
364
304
248
336
176
399
216
367
357
279
298
391
343
208
300
375
396
308
257
344
378
253
341
336
322
317
293
355
232
417
402
290
345
413
219
410
302
344
439
252
463
308
370
458
371
392
261
70
414
337
444
378
255
456
352
276
271
332
341
433
302
214
438
231
398
275
365
327
268
256
217
340
389
347
363
358
410
29
29
332
255
262
274
327
353
157
301
265
254
205
376
383
267
260
263
310
216
357
362
333
224
278
267
360
427
276
246
319
289
228
343
182
305
345
252
382
310
339
240
311
400
272
161
222
470
430
427
351
150
297
296
276
340
291
293
337
465
281
355
463
210
335
218
166
291
309
235
254
203
314
353
238
164
277
211
275
200
234
159
286
364
281
385
404
260
261
268
185
215
291
229
331
93
413
346
130
281
208
148
226
350
210
144
263
272
291
215
295
362
170
195
166
278
119
179
235
398
212
198
174
168
238
204
121
205
95
284
293
183
306
331
189
251
313
235
304
297
138
299
277
303
94
281
177
376
408
225
175
257
173
301
138
113
274
182
246
248
364
143
162
225
210
167
251
227
236
89
370
72
130
213
235
137
257
337
271
236
263
222
317
260
208
212
110
193
205
181
214
122
292
192
204
169
167
176
258
166
274
275
210
156
130
231
170
167
249
102
213
264
117
167
104
106
129
125
172
203
71
143
161
195
109
219
154
115
184
207
173
153
140
58
136
138
131
56
81
124
169
74
104
103
114
94
104
336
348
