677
810
808
785
801
707
860
810
88
805
718
698
639
593
636
648
636
686
667
765
622
711
567
645
573
533
650
682
814
758
829
771
884
839
885
950
1098
935
977
925
975
1036
906
1030
981
889
860
1010
742
1035
1149
956
857
968
887
886
933
873
825
817
961
884
916
788
848
769
1012
920
859
868
955
981
856
958
766
506
860
904
641
693
584
762
761
712
796
763
788
517
811
858
1012
1003
777
856
878
730
565
993
921
536
571
794
940
905
825
759
734
712
740
735
613
692
702
627
648
669
701
552
674
655
688
701
626
896
489
912
413
624
697
588
879
556
621
623
464
603
748
795
462
519
837
690
595
774
625
648
450
680
938
913
793
874
790
741
649
903
921
767
748
813
880
773
811
638
791
865
818
646
624
570
546
609
413
479
391
526
451
456
610
440
394
674
601
886
711
470
394
480
323
317
322
410
321
348
415
445
715
717
457
601
787
580
772
747
664
563
680
734
693
812
749
721
665
738
325
941
613
850
898
765
544
946
768
767
910
821
715
896
662
779
491
812
711
733
750
750
967
737
867
868
915
717
571
472
443
751
581
688
491
336
475
287
294
475
466
560
627
779
591
257
351
272
425
839
454
646
225
695
629
856
944
491
533
444
759
780
779
730
707
849
820
962
916
958
923
745
742
662
646
488
629
706
494
740
965
577
756
536
887
844
843
595
564
586
455
525
928
489
453
504
430
386
364
421
843
459
783
726
909
599
756
1077
934
765
889
785
630
577
743
643
744
1093
868
847
426
690
913
847
683
336
755
810
777
755
792
636
463
632
494
540
745
558
753
837
739
620
712
655
675
743
755
663
819
806
862
507
704
645
713
680
789
744
501
487
705
743
757
735
731
855
654
842
489
493
887
219
745
715
867
779
598
613
584
490
546
581
707
500
494
377
729
170
739
647
784
801
679
778
1012
563
710
749
567
892
367
784
854
885
580
455
802
767
905
614
673
338
685
563
756
597
793
657
433
381
370
400
488
386
519
428
574
712
684
665
415
440
434
395
628
739
469
492
719
498
407
612
509
783
669
481
640
635
626
304
690
718
749
280
291
839
441
343
340
455
473
497
480
494
551
476
525
676
591
498
497
560
487
710
650
723
882
730
514
795
748
585
621
803
791
798
728
843
933
735
766
683
508
754
672
470
973
739
825
276
160
350
863
512
855
579
594
776
639
637
889
726
535
824
685
884
759
895
672
992
763
737
706
302
631
629
520
845
858
747
654
586
417
505
622
598
533
501
530
505
455
452
474
512
620
541
640
600
273
559
772
689
688
574
529
458
459
593
978
978
525
544
475
614
469
732
654
679
798
748
464
687
794
507
186
546
461
487
440
481
493
715
474
797
767
665
375
414
266
292
392
342
411
305
490
564
569
469
597
645
554
577
607
586
531
572
614
551
562
545
698
631
559
616
610
573
438
423
610
665
694
545
826
551
754
431
620
519
704
542
640
489
490
533
386
492
615
703
646
663
452
588
381
355
445
193
602
266
322
429
320
613
513
549
498
432
390
375
405
475
446
213
725
828
815
769
805
790
778
731
725
620
455
430
419
567
667
604
731
454
473
472
402
504
361
595
568
492
438
489
432
630
501
864
421
398
466
512
557
520
549
653
617
678
582
385
418
410
553
473
853
435
627
794
718
710
249
376
405
465
635
394
480
366
278
514
423
463
481
581
580
525
703
296
493
463
190
421
447
459
369
457
513
573
420
469
498
488
384
328
517
437
458
621
602
393
544
186
587
523
247
298
389
427
417
639
339
548
516
437
550
416
831
526
402
642
511
431
460
471
695
526
583
417
508
384
500
406
507
379
458
698
430
395
602
545
230
521
559
401
520
392
575
349
386
221
715
884
458
441
505
595
488
420
457
469
382
620
758
475
694
791
562
660
566
486
579
509
579
414
392
335
385
428
329
654
632
617
725
666
510
476
516
485
551
583
506
455
464
580
418
467
593
670
389
399
449
448
308
355
343
465
543
403
403
551
401
605
595
380
627
550
215
744
153
406
362
724
345
736
457
485
512
342
435
691
419
316
459
377
507
614
581
371
507
388
381
522
469
806
411
399
621
477
592
402
310
652
372
455
695
600
664
757
357
455
477
462
288
438
445
783
532
445
407
394
525
255
334
624
404
537
480
793
587
518
566
580
461
340
382
419
403
541
271
442
379
534
473
399
462
528
629
636
642
853
514
782
497
498
541
344
579
429
534
472
536
595
441
710
629
449
416
412
561
519
398
318
269
429
375
485
446
430
484
418
789
504
688
516
408
469
464
816
676
563
680
245
343
416
467
612
416
425
486
297
433
705
412
373
495
411
615
438
669
448
592
400
324
877
734
550
622
204
596
430
396
414
319
418
428
329
518
350
458
605
439
556
418
375
388
608
381
325
482
426
491
516
411
709
545
712
276
418
404
681
348
377
424
328
410
194
247
469
440
663
721
392
401
551
405
313
329
357
359
480
371
381
689
480
402
521
446
365
550
372
284
249
463
574
349
416
271
407
356
707
359
255
180
425
480
402
326
340
404
265
302
380
437
408
411
369
452
302
289
680
303
667
407
345
533
482
370
425
397
343
265
305
331
322
365
392
380
444
495
299
225
409
395
420
316
534
135
180
119
260
256
550
508
354
391
213
571
563
382
605
651
389
372
471
428
463
471
427
445
397
529
687
395
307
299
274
353
376
491
198
385
338
260
186
384
463
483
374
453
379
282
258
205
391
434
421
421
483
355
357
244
293
476
401
472
462
535
513
461
511
482
389
263
297
314
242
467
274
457
354
247
288
410
425
259
384
371
335
269
344
290
555
652
326
356
372
541
359
268
334
359
330
440
295
332
488
453
587
321
331
176
417
528
246
254
303
295
261
362
424
401
401
375
342
519
245
243
140
683
397
281
482
220
320
480
478
233
345
388
336
419
538
513
303
429
247
257
298
261
262
246
461
398
331
685
284
494
397
450
301
292
277
225
287
316
288
484
568
312
264
318
572
472
279
420
247
383
302
330
296
436
382
485
248
250
225
268
487
444
509
489
250
242
500
187
575
294
298
506
480
478
357
333
544
244
300
272
255
260
306
233
238
337
261
-1
464
665
384
380
417
315
726
308
272
403
465
403
418
434
377
328
236
470
381
480
411
500
287
423
279
270
319
244
281
338
355
288
211
208
222
243
446
236
250
274
295
345
299
218
412
249
208
377
356
227
237
256
410
381
354
248
383
411
388
483
427
329
368
313
480
241
287
355
344
502
377
458
215
365
363
466
649
456
321
398
499
136
391
272
523
208
257
299
442
305
317
238
310
274
265
276
293
328
380
486
265
209
334
490
397
484
339
250
293
316
227
224
442
539
187
206
240
232
325
381
415
330
544
360
484
296
366
203
599
309
355
267
258
550
346
276
161
390
432
427
182
361
261
343
236
339
300
333
242
234
319
205
424
326
282
452
178
539
274
237
411
340
262
231
135
423
427
339
390
534
193
450
338
426
709
290
296
423
220
259
520
432
242
212
259
269
266
346
254
329
287
270
418
612
380
253
403
394
513
335
262
337
236
512
197
379
261
553
261
393
250
237
265
201
450
396
426
253
317
231
229
228
246
326
179
290
473
233
389
281
321
253
290
240
432
421
368
357
193
268
214
288
278
335
208
281
173
211
170
304
513
261
390
383
227
239
430
199
163
220
294
312
179
179
244
208
236
159
308
300
189
281
234
263
256
85
335
336
304
268
229
360
345
277
229
461
269
383
410
235
300
159
302
288
242
237
224
267
427
319
117
355
293
211
184
258
435
360
252
159
232
326
195
275
277
425
334
226
286
209
468
259
418
314
457
286
294
252
215
259
282
238
208
271
251
231
377
372
206
246
239
179
398
377
405
279
310
334
312
317
356
405
244
279
367
167
305
176
346
239
59
388
236
271
328
275
390
267
314
216
286
245
330
301
234
338
318
185
252
278
173
182
283
185
288
443
203
163
204
247
38
61
512
523
415
253
216
429
283
201
424
206
214
563
209
187
174
443
335
315
263
372
230
294
198
182
248
343
165
427
565
399
271
273
273
245
330
159
299
170
447
226
323
264
502
245
222
220
314
263
341
181
315
381
314
327
221
262
206
412
429
197
282
266
216
396
189
381
583
356
167
222
220
187
333
253
419
301
179
187
229
127
328
177
406
190
418
229
230
176
168
225
209
240
250
95
343
202
221
205
133
190
264
174
249
506
175
132
371
366
188
256
215
225
256
262
145
102
183
427
215
163
208
187
322
199
159
155
165
355
177
203
347
138
289
258
202
139
231
233
101
264
305
351
116
165
169
266
262
197
234
148
263
169
103
209
130
235
241
239
311
426
228
179
158
130
142
230
181
109
248
93
131
182
145
144
183
276
174
195
234
249
250
184
171
146
127
175
182
163
192
162
310
184
203
157
176
145
221
150
200
198
230
96
85
259
135
134
260
132
177
180
109
244
72
124
148
77
72
188
152
126
131
144
79
212
131
153
122
144
131
83
107
78
112
99
142
75
69
123
151
178
88
90
200
65
92
614
165
