144
186
215
211
196
201
225
215
15
206
198
176
156
139
153
172
188
191
164
212
163
176
147
154
131
124
181
197
218
223
200
210
221
241
249
264
259
232
249
218
225
250
230
248
255
219
200
231
178
240
262
249
279
252
239
231
275
241
260
301
309
268
247
219
272
268
257
259
260
272
265
263
248
236
176
118
249
250
181
227
203
250
264
192
276
302
164
144
256
187
239
218
224
217
209
173
161
211
222
154
169
219
194
241
210
226
223
238
232
203
183
183
175
176
182
200
204
146
178
212
166
177
131
256
131
232
117
164
193
182
210
192
194
211
127
202
199
213
113
115
178
250
142
209
156
174
89
187
252
255
203
218
212
194
180
252
229
171
208
261
249
200
201
184
201
200
220
191
203
163
159
165
111
122
131
146
130
131
169
132
77
205
201
221
188
106
113
153
111
93
101
118
106
116
78
117
151
154
122
181
230
198
225
218
218
111
183
226
269
250
268
245
176
223
71
225
180
250
245
268
170
231
285
321
266
242
221
260
226
243
119
237
222
253
266
261
227
226
265
255
222
235
221
133
118
272
243
162
94
79
96
64
76
97
98
131
149
216
257
48
91
62
139
250
106
199
42
304
189
199
250
159
175
134
276
198
212
222
218
214
198
228
193
249
265
287
182
231
195
170
217
237
140
193
240
237
223
126
254
265
214
210
202
199
159
207
242
106
123
130
102
81
96
100
239
114
240
213
222
179
196
258
224
265
242
249
177
159
148
155
204
207
229
230
127
201
221
267
241
82
250
194
207
211
234
251
113
213
193
174
304
219
244
231
232
183
192
162
182
252
212
207
222
215
197
129
267
172
221
231
228
237
185
194
275
224
216
204
272
236
223
221
129
226
242
39
224
197
242
239
197
208
204
163
151
186
248
128
129
115
248
36
252
181
222
224
237
169
221
126
239
200
203
213
78
233
239
183
213
148
240
188
208
218
225
84
215
202
234
196
237
209
167
160
143
175
175
102
194
125
188
311
310
323
177
189
173
174
226
243
181
101
202
128
168
175
148
258
251
130
226
230
162
87
266
178
282
134
112
199
147
124
100
194
222
208
188
200
215
234
210
271
225
119
165
203
138
238
171
236
239
245
125
179
195
151
178
206
194
214
240
212
230
224
215
205
175
202
183
178
264
252
255
89
56
75
212
214
218
130
171
244
160
191
237
222
215
212
197
221
257
226
143
225
216
263
227
98
328
248
243
227
212
255
257
220
204
290
213
249
278
224
198
209
181
259
182
235
254
179
222
237
94
253
214
260
209
285
283
228
210
247
217
199
200
129
109
193
180
245
226
224
202
220
203
213
221
206
78
247
93
262
232
241
237
192
165
184
180
271
127
145
110
97
166
136
206
103
154
316
204
236
188
206
203
234
225
203
180
271
129
148
240
159
252
239
162
199
330
177
184
134
275
257
256
238
242
241
262
179
323
269
249
279
217
207
203
336
77
163
262
168
217
201
230
245
190
158
186
49
185
56
132
159
148
234
199
207
185
196
172
170
276
317
221
73
239
210
270
274
268
292
294
233
220
249
207
232
204
235
205
271
220
217
242
245
184
233
187
319
319
141
214
202
175
272
265
235
266
247
139
316
290
253
277
217
207
223
220
162
175
286
273
163
201
251
166
207
208
237
89
130
170
166
227
137
162
151
120
215
173
192
216
260
258
117
183
123
150
164
44
121
253
278
268
287
247
157
226
132
290
199
181
85
226
217
215
194
179
237
161
52
181
233
92
128
176
322
254
258
108
204
251
215
302
239
227
192
234
271
271
105
286
284
247
257
305
253
252
108
197
200
107
305
316
212
214
129
279
275
144
195
256
227
248
106
200
112
153
53
199
181
213
193
262
264
296
288
255
203
155
219
208
302
251
221
221
203
228
223
193
246
261
193
249
164
243
264
139
156
170
160
142
206
256
246
230
233
263
281
303
301
111
212
151
290
191
220
147
142
155
144
167
136
178
245
274
182
193
157
91
194
202
108
222
245
94
216
46
136
215
208
271
208
217
211
213
132
228
210
231
245
215
153
195
205
196
283
276
193
140
180
221
249
226
216
275
159
167
214
68
150
226
144
235
174
212
198
216
136
248
252
150
344
342
211
205
210
233
225
228
88
233
196
114
166
293
224
285
279
264
225
271
244
170
213
212
143
111
158
120
251
347
319
283
294
228
224
220
219
267
209
222
195
191
282
274
231
283
280
236
149
264
249
118
236
228
258
199
303
297
187
154
291
85
238
247
244
158
363
202
202
261
178
149
244
163
175
227
218
194
105
147
248
190
194
160
218
261
224
147
216
221
110
220
170
199
126
157
263
195
219
209
181
173
181
241
111
270
153
173
223
227
300
182
301
288
247
262
237
196
184
203
236
246
255
102
137
248
244
174
311
289
187
156
190
178
186
254
232
176
300
340
67
256
74
81
315
195
212
246
97
233
285
270
281
346
297
274
299
205
263
267
265
229
162
167
162
171
200
156
113
365
161
176
230
94
305
327
225
220
76
33
208
210
114
302
184
242
221
192
269
216
299
302
181
214
147
240
203
223
189
276
306
201
211
185
185
192
222
110
234
223
213
205
290
272
282
210
276
207
252
180
291
271
183
25
25
15
71
241
227
199
98
254
136
241
221
197
223
159
243
225
168
174
172
176
173
152
170
264
223
205
125
263
289
257
231
214
53
166
126
251
208
194
197
182
83
215
326
224
202
258
230
156
197
175
133
151
150
201
155
235
187
134
330
218
202
174
213
132
179
291
214
248
231
233
201
216
243
179
257
207
191
274
172
256
151
160
277
233
227
205
289
299
226
242
250
216
165
190
149
302
269
257
154
219
225
163
206
177
200
181
185
338
299
279
222
188
284
196
235
215
329
191
67
141
115
183
267
249
114
363
168
178
203
167
230
175
304
203
151
211
170
152
187
196
229
219
186
184
169
264
201
198
170
238
250
282
262
213
163
159
209
200
193
108
185
105
135
201
218
198
90
145
101
224
221
74
234
284
250
177
148
150
145
141
145
213
147
229
141
160
234
230
199
299
316
185
199
283
268
250
174
278
331
254
139
141
235
152
260
187
133
169
149
184
227
206
197
132
192
135
181
284
301
278
275
307
317
234
275
196
273
194
260
190
299
95
125
258
215
351
255
158
202
204
190
196
179
177
168
259
222
223
167
219
153
245
202
130
123
235
215
198
216
191
264
230
248
169
202
161
195
159
200
103
201
171
202
201
204
244
203
194
99
146
262
313
125
196
173
116
150
214
242
135
254
266
274
204
206
223
229
216
200
169
167
190
122
203
105
98
219
204
210
181
211
198
205
183
150
267
268
254
247
248
209
127
184
259
167
227
280
180
265
106
253
194
220
90
188
304
171
158
227
107
179
219
239
189
159
225
109
154
172
224
132
312
221
280
137
218
214
195
193
220
224
207
128
145
122
137
190
115
180
158
95
123
90
174
159
226
168
165
256
174
222
228
189
298
169
220
147
169
166
156
200
189
153
271
127
153
223
230
194
171
204
190
125
252
248
225
156
182
245
194
234
196
163
228
89
207
228
171
173
176
169
260
240
236
267
232
208
267
145
173
192
188
93
106
201
177
199
221
206
196
230
188
111
197
182
216
199
219
200
268
206
157
251
194
101
105
164
189
136
143
158
195
61
250
178
201
161
239
197
209
166
155
147
77
236
230
198
167
129
216
130
240
137
22
102
122
178
245
150
195
180
206
193
192
118
204
177
193
220
176
90
218
206
193
186
202
190
79
68
233
142
157
213
71
176
181
205
178
207
174
241
205
163
118
171
104
217
158
177
180
167
229
192
208
138
187
169
191
176
159
149
256
232
234
177
172
216
250
362
97
188
193
183
164
249
117
256
190
200
219
179
254
194
156
253
152
203
140
21
199
270
133
234
203
196
202
160
189
180
237
163
175
123
200
142
251
168
203
231
110
156
151
151
185
189
170
176
236
8
14
163
124
130
142
300
189
108
149
151
219
173
184
206
259
183
168
191
138
266
204
181
164
121
188
222
220
173
123
182
164
152
192
128
198
189
148
238
224
198
127
163
162
177
88
177
179
231
282
185
101
162
115
161
173
186
172
150
231
142
142
276
126
233
105
113
161
161
130
151
153
197
172
135
135
141
132
133
123
129
90
174
208
141
173
204
160
161
178
76
164
181
185
166
43
201
203
67
115
109
86
117
122
142
74
178
206
131
123
210
182
96
126
106
173
63
99
156
204
150
274
116
129
121
169
85
145
44
180
141
151
180
145
137
133
160
174
176
126
77
144
146
160
87
155
100
182
201
169
88
160
105
-1
78
64
134
91
161
162
230
94
120
115
119
123
170
132
134
32
203
29
76
114
180
82
156
163
149
160
174
134
182
153
127
125
46
137
145
120
149
94
196
133
175
119
106
107
163
162
186
185
120
111
104
137
125
125
135
89
90
171
83
90
61
88
95
71
100
109
31
102
131
110
81
114
102
90
149
131
95
103
71
49
99
148
90
55
55
93
97
47
151
152
68
105
88
152
139
