436
528
602
603
602
564
634
571
64
560
519
501
445
397
442
489
498
568
526
603
443
500
387
423
376
347
419
540
614
644
563
582
557
609
663
629
678
604
654
596
590
608
573
659
603
552
489
576
472
600
735
581
593
603
580
526
567
529
524
568
619
552
570
486
615
556
635
550
574
558
794
675
658
732
413
385
657
631
512
611
364
527
531
410
578
574
465
351
556
501
672
608
570
684
620
539
347
534
594
330
345
476
571
645
594
470
437
475
469
438
390
369
408
357
393
418
380
348
422
409
375
358
375
521
302
475
266
382
445
359
623
376
396
409
232
371
419
455
312
257
481
474
299
452
334
381
196
425
675
544
501
550
455
398
426
669
595
420
436
601
610
466
472
488
607
598
656
385
375
329
333
344
218
244
246
298
262
255
372
258
168
428
360
479
456
277
219
277
192
160
170
222
200
220
215
248
418
421
287
441
610
369
606
599
506
297
408
456
525
520
651
566
501
474
177
585
434
718
813
671
328
588
516
457
588
528
417
561
470
530
432
645
466
477
444
678
592
474
619
589
771
551
429
315
281
650
407
438
249
183
275
166
159
260
246
391
442
461
371
113
221
151
251
675
274
413
94
446
372
566
650
297
354
295
665
440
443
464
458
461
486
555
538
628
646
494
520
432
426
322
554
563
321
494
675
421
614
357
690
540
591
383
372
372
309
348
661
364
307
382
299
258
271
316
662
271
598
458
613
382
570
670
642
611
572
687
530
373
458
374
406
522
654
517
230
415
512
552
509
218
507
463
575
608
609
465
313
418
380
332
543
430
683
646
468
396
446
472
403
629
547
540
600
631
603
341
588
458
409
406
502
592
314
358
567
512
501
513
434
555
555
593
299
377
466
112
657
573
636
618
379
402
362
292
281
354
489
404
401
260
666
83
642
501
555
718
677
436
572
352
608
602
395
579
197
467
614
571
415
273
560
570
512
438
475
291
464
365
604
435
656
464
281
243
230
269
362
225
410
275
368
540
547
551
245
313
287
271
417
529
294
289
556
392
320
431
409
572
473
315
435
460
382
167
477
490
505
162
187
589
319
226
243
346
368
365
342
370
417
358
371
378
420
327
350
381
330
526
479
475
526
550
272
544
473
354
464
638
628
655
737
582
642
525
549
406
348
592
449
378
625
583
752
140
84
217
664
373
492
400
406
609
455
540
627
635
340
690
620
586
498
656
371
615
573
467
421
161
548
417
416
530
512
748
467
462
302
349
441
590
496
402
355
368
319
373
325
376
388
385
527
539
163
384
479
512
412
491
376
330
329
420
583
544
439
222
193
596
367
528
488
530
466
562
319
431
617
324
103
454
310
344
297
413
350
468
342
513
519
531
273
305
166
191
305
217
319
187
323
500
424
421
373
610
570
457
608
596
347
385
303
350
348
331
575
557
449
494
589
417
372
263
386
507
564
358
612
553
639
355
556
501
637
648
477
344
380
593
225
272
414
366
686
648
380
495
254
252
348
88
415
140
250
286
205
460
422
370
333
251
226
236
304
365
336
119
495
503
621
584
591
585
577
625
629
399
353
326
309
617
545
448
560
330
401
361
259
323
307
617
579
371
409
340
352
543
435
595
361
347
326
412
558
401
576
674
632
669
644
288
352
383
514
386
488
389
479
507
605
552
164
237
330
359
461
316
297
238
148
468
316
387
376
564
509
320
507
206
320
325
130
330
369
465
366
417
347
464
311
297
559
368
249
244
384
411
319
566
514
349
343
118
493
465
171
219
377
409
303
593
248
470
676
354
522
404
571
399
347
513
464
326
432
454
420
512
538
359
431
279
437
269
254
405
401
591
354
348
497
497
264
391
461
372
696
279
596
217
343
163
523
537
348
366
554
697
470
388
504
612
323
506
473
461
702
560
473
533
402
296
403
666
692
365
353
232
322
413
280
346
487
442
424
609
696
679
633
506
551
640
589
449
377
664
267
482
604
523
294
338
354
302
370
283
305
522
564
420
419
352
229
539
545
246
539
608
148
614
95
351
312
535
401
597
516
457
464
251
336
533
406
354
482
323
362
509
546
332
475
345
335
386
356
549
339
363
566
436
335
545
170
409
301
352
680
435
531
533
306
290
616
616
214
518
512
502
404
387
687
352
607
194
392
473
282
410
660
580
527
457
494
407
476
324
352
455
375
303
217
317
224
590
518
472
588
508
478
459
444
465
435
600
570
406
366
297
542
474
487
494
419
422
579
666
298
675
659
674
428
524
432
317
279
523
236
586
709
677
421
556
457
624
545
402
348
776
393
426
516
462
555
206
365
364
435
421
397
440
534
340
350
584
646
191
633
314
554
355
438
409
432
630
277
414
382
597
602
266
467
435
385
402
240
704
368
477
512
473
501
610
412
407
334
333
568
527
243
238
476
560
447
553
579
476
320
503
370
332
506
542
271
504
536
157
478
124
160
618
399
455
551
244
553
416
469
441
336
462
566
542
320
517
653
555
392
432
378
372
483
560
315
287
520
276
343
484
154
540
498
516
281
148
86
359
465
211
393
277
496
325
341
421
634
650
647
275
380
371
459
375
386
328
549
468
449
384
373
337
674
645
182
334
299
547
296
542
407
569
530
437
290
478
368
452
451
354
53
65
40
231
312
564
490
241
714
326
538
534
436
425
371
386
382
439
425
430
449
398
354
353
563
511
482
236
529
409
422
509
493
108
423
308
372
296
553
614
645
188
531
545
378
306
376
453
310
374
370
366
270
271
370
284
587
306
429
503
485
466
398
586
403
485
404
424
344
279
434
376
466
368
277
349
555
501
395
283
414
303
294
450
403
630
571
501
577
329
506
399
359
447
548
356
535
539
425
317
471
542
275
584
288
522
510
310
311
428
423
300
360
451
548
607
598
476
435
139
258
185
346
465
360
285
304
338
409
467
368
312
451
480
661
263
420
335
314
258
257
369
291
283
293
406
399
295
563
322
500
392
472
449
439
268
250
341
330
313
240
607
237
301
329
500
491
192
433
222
334
501
240
306
468
512
409
275
282
253
261
359
637
487
437
334
344
700
341
499
465
434
536
566
473
589
557
401
379
415
413
266
261
534
244
379
328
302
442
421
538
747
693
341
250
562
286
367
503
551
509
431
465
420
353
370
540
460
562
539
373
346
222
300
432
352
320
404
393
486
324
294
295
297
280
430
340
318
322
354
571
250
387
509
288
270
599
564
356
320
431
468
409
445
278
510
439
528
314
442
208
544
412
514
359
289
356
406
508
239
314
302
533
200
553
478
274
466
379
426
172
530
352
551
309
291
559
-1
351
344
293
462
527
216
237
235
233
459
483
471
322
546
432
377
409
296
496
423
516
383
372
690
308
269
311
278
346
474
406
531
341
565
514
406
253
315
297
429
370
535
191
301
490
445
256
239
460
252
305
317
586
308
422
301
410
347
332
348
331
376
328
676
503
346
349
214
359
292
257
360
325
212
300
191
460
460
528
280
388
307
414
464
718
435
481
288
454
294
388
435
459
396
288
315
439
262
248
330
619
433
285
396
503
288
416
415
481
336
278
401
544
341
482
256
551
210
519
380
433
382
379
376
316
443
452
402
326
306
340
289
279
285
289
203
301
539
369
360
357
443
364
276
390
306
544
315
394
287
443
378
478
501
311
310
377
271
298
296
395
289
309
331
293
117
262
565
285
287
301
374
299
269
256
330
206
332
237
400
499
303
395
280
350
291
54
241
286
307
338
310
340
278
378
327
446
217
548
339
336
483
266
231
318
496
469
272
450
392
264
161
353
255
258
232
173
552
364
311
249
523
304
298
376
393
311
456
221
351
341
376
340
298
297
473
322
207
436
318
341
506
468
311
347
220
406
530
534
206
221
297
162
521
550
470
288
419
375
582
473
293
527
291
379
320
314
384
207
329
322
59
477
291
311
401
290
388
356
442
343
453
254
350
477
285
503
356
260
400
301
294
230
224
223
296
416
276
263
242
389
18
31
342
308
276
332
236
516
225
243
291
264
234
394
263
273
247
305
367
381
356
459
296
413
181
242
318
395
246
266
405
456
364
387
382
390
413
324
384
258
543
349
435
309
304
183
242
298
351
352
456
223
331
261
316
454
264
258
269
411
311
296
388
303
298
295
173
392
339
372
171
222
274
329
295
299
310
297
256
258
226
170
373
232
262
234
446
259
258
218
190
265
260
297
314
99
393
271
133
204
199
198
344
252
301
224
288
207
281
346
254
337
198
220
193
209
112
172
220
484
235
240
222
360
360
355
131
207
113
392
267
313
378
197
337
235
319
221
325
275
164
267
267
393
126
249
174
379
304
239
171
185
270
229
142
201
182
270
285
285
361
242
213
257
258
220
200
253
230
113
370
56
117
213
162
150
292
399
242
313
245
316
361
288
233
233
105
226
251
228
256
179
305
255
197
205
255
194
290
177
252
250
294
144
118
319
174
172
358
142
156
207
125
242
93
142
168
108
134
219
94
150
193
232
81
299
282
144
150
174
238
104
170
84
155
122
151
104
77
135
184
95
107
108
175
81
145
432
242
