402
438
455
471
449
416
500
441
54
466
430
401
354
342
337
381
387
428
383
484
359
384
326
375
322
279
375
431
452
487
485
456
488
505
548
617
618
542
593
511
529
578
522
590
586
507
479
525
458
538
651
607
631
609
579
583
605
545
613
642
712
603
599
528
657
589
595
653
669
624
592
502
559
586
420
312
617
612
471
510
464
652
664
487
595
625
448
396
682
444
569
526
491
497
477
396
402
491
533
345
445
532
449
527
502
513
490
512
523
496
428
457
454
438
450
474
419
405
421
460
402
406
351
527
325
505
251
420
498
440
494
425
433
471
288
420
446
464
328
300
478
536
293
469
367
425
248
432
535
529
388
448
423
436
373
554
617
478
469
532
533
465
487
416
428
482
505
425
412
411
398
391
281
270
291
337
302
298
402
318
208
442
423
473
401
247
266
353
250
212
236
291
233
253
239
296
394
392
241
343
476
422
468
472
390
322
444
455
546
616
558
549
393
409
174
492
375
543
550
540
396
510
554
549
623
504
464
556
475
619
310
531
421
431
503
632
543
510
612
631
517
539
481
395
327
579
562
332
255
209
228
154
201
237
258
336
315
459
416
138
244
186
311
534
283
442
130
478
347
562
578
379
426
333
609
406
417
442
439
439
504
551
495
590
609
530
399
465
403
365
529
542
337
499
561
488
463
283
507
632
478
414
418
413
347
403
522
296
258
310
243
212
227
253
520
240
567
452
482
341
416
546
501
555
581
515
391
423
341
356
417
486
508
474
329
488
492
620
551
190
546
422
480
512
478
592
266
442
345
322
465
414
528
515
428
457
454
364
392
520
401
457
492
498
466
418
541
439
397
401
491
580
348
391
593
441
469
462
496
530
482
464
344
445
522
129
480
447
553
606
438
456
409
343
323
389
429
265
269
299
589
103
522
398
409
507
495
391
519
300
468
486
460
492
179
467
491
459
481
272
476
422
457
498
543
234
444
344
525
447
568
443
322
293
268
306
403
276
450
328
401
634
645
669
293
357
310
300
451
476
318
270
459
305
346
323
316
623
576
354
522
540
413
225
624
407
586
217
233
430
366
287
291
458
462
447
425
425
440
423
421
415
424
321
276
378
342
469
349
521
523
614
310
384
364
314
370
454
479
543
536
449
511
506
489
378
389
412
495
428
568
490
565
218
139
177
464
400
520
356
391
536
395
370
556
529
377
507
464
522
523
441
379
548
514
524
462
218
571
379
385
450
407
539
529
533
363
409
363
506
538
351
354
355
331
382
289
353
393
403
529
544
215
407
418
592
423
621
342
335
349
446
469
441
418
274
228
430
376
460
426
443
420
424
298
477
481
358
128
491
249
398
333
402
361
475
378
392
396
627
321
330
219
219
341
227
360
230
337
554
456
444
421
497
412
457
511
502
321
416
288
383
366
363
603
563
311
375
644
444
411
321
471
580
637
486
612
471
663
335
602
420
583
576
509
353
359
644
218
280
430
426
513
498
461
524
300
279
373
114
451
124
294
244
246
431
409
416
405
318
276
275
319
354
318
167
555
473
561
565
549
549
539
512
478
394
426
336
372
497
479
538
534
313
338
348
282
327
384
707
744
284
446
350
366
591
534
502
423
385
367
394
652
406
478
461
471
509
441
291
330
451
607
357
414
416
389
491
429
549
200
268
391
400
554
347
345
255
180
449
387
404
401
633
595
293
454
260
377
354
141
332
462
608
444
371
368
367
298
270
528
302
293
210
426
404
303
437
401
394
394
125
398
549
184
258
316
430
349
449
213
443
517
325
700
588
512
370
427
537
558
291
533
535
509
621
616
475
391
233
430
305
274
468
502
467
449
278
597
602
254
457
413
453
464
179
441
269
350
145
422
409
367
403
522
544
462
423
547
430
350
555
473
480
506
523
514
395
407
318
461
487
461
366
319
226
329
552
290
326
380
343
325
476
541
546
488
471
461
567
557
453
273
472
294
612
407
452
329
329
359
322
372
308
333
501
582
377
392
370
195
387
414
268
420
551
182
494
116
262
409
445
495
445
515
423
417
305
362
413
392
360
450
361
315
394
454
398
598
383
357
445
438
487
321
325
637
327
371
431
173
376
289
350
536
341
551
425
346
357
509
497
228
573
568
485
370
370
523
384
462
206
419
504
227
294
574
553
660
586
548
472
622
422
339
369
500
362
237
271
271
636
625
531
528
577
490
468
455
451
433
435
397
375
397
332
588
481
563
621
433
347
523
572
310
482
453
485
393
572
467
320
287
638
255
405
486
488
315
679
464
451
558
375
319
503
386
412
604
508
407
197
325
347
378
373
376
347
556
426
353
405
475
273
426
340
407
296
338
484
488
450
307
367
332
407
545
260
475
345
358
567
294
552
410
572
648
428
591
450
363
358
402
376
515
644
252
320
634
511
375
707
613
367
301
419
371
326
525
464
276
659
688
194
490
159
175
524
449
440
512
266
505
446
500
517
438
-1
487
586
358
494
531
515
469
391
348
368
389
438
325
287
700
295
427
496
225
589
577
497
264
177
88
374
403
236
365
276
485
395
422
522
458
540
536
280
387
337
434
445
391
385
503
484
487
383
370
366
468
471
228
466
302
394
392
529
508
603
364
431
297
562
325
518
530
410
70
75
53
183
409
493
404
225
509
289
419
465
366
511
415
517
443
418
400
440
423
412
359
422
545
561
376
227
529
431
435
411
515
130
361
289
367
291
447
397
418
190
484
567
443
397
450
532
291
375
331
376
291
290
314
265
454
320
289
636
544
516
476
453
316
378
464
402
341
360
450
370
417
430
323
457
375
364
481
282
407
355
359
568
314
419
429
495
573
423
574
567
465
332
369
329
640
409
424
356
490
426
365
403
287
363
422
359
364
339
344
378
361
549
416
424
413
619
470
162
258
186
362
569
488
291
419
289
367
448
377
454
323
530
405
256
380
434
368
343
348
443
349
382
395
332
481
373
417
280
531
453
532
420
454
267
325
478
433
438
225
393
280
336
285
450
470
223
347
260
417
396
196
379
471
415
478
327
338
315
325
331
416
359
373
289
313
449
386
432
547
581
404
402
551
513
471
431
388
345
345
313
297
415
325
373
436
295
357
284
359
484
402
355
224
472
292
371
584
619
593
474
614
512
393
494
402
560
430
447
344
415
265
314
415
426
469
474
266
327
315
265
273
275
369
390
470
398
346
334
432
231
383
399
317
268
411
408
345
446
390
531
432
443
318
373
341
378
351
447
245
368
337
380
353
335
395
485
414
252
335
366
554
219
350
359
289
314
425
440
161
462
443
585
401
391
407
462
397
356
333
308
343
327
296
237
218
415
401
379
292
408
337
425
367
276
427
454
427
287
286
472
284
327
346
293
336
519
381
508
240
552
363
475
255
402
328
451
253
453
209
360
376
379
317
263
498
233
355
330
463
279
532
377
500
369
413
511
357
421
296
430
475
275
270
168
297
378
243
309
313
275
277
192
365
377
409
295
376
330
354
395
487
422
456
315
479
293
295
321
311
323
339
305
467
296
330
296
430
398
386
377
394
247
414
467
391
331
323
399
332
276
447
297
420
189
446
494
313
316
319
335
358
473
402
523
393
406
485
260
266
356
329
235
175
378
349
419
475
386
522
242
326
301
442
362
427
323
371
346
398
374
340
305
338
238
262
297
358
323
320
384
274
137
340
388
313
258
312
423
351
266
214
286
215
385
349
434
387
242
418
294
530
360
57
245
363
369
472
303
398
248
380
270
505
272
441
395
321
408
298
218
358
367
351
260
350
464
211
128
485
285
334
327
185
369
329
327
344
366
339
346
370
345
266
356
199
400
237
424
348
284
269
446
305
212
344
299
325
341
305
277
469
243
366
369
358
266
266
383
196
414
437
346
367
541
230
430
340
332
424
416
488
374
309
447
329
403
233
56
410
399
354
486
332
419
374
332
301
347
309
365
344
268
437
254
316
291
298
285
269
237
293
328
368
306
290
322
427
32
34
374
247
265
344
289
363
181
265
309
320
230
402
331
240
289
356
343
251
486
421
275
282
222
263
400
502
239
249
360
327
241
478
222
362
457
281
466
250
365
254
310
329
299
202
290
374
447
467
379
195
361
300
301
368
364
265
253
520
291
280
452
254
312
236
208
293
358
255
230
234
407
292
283
244
286
234
266
222
213
171
342
324
293
323
426
254
256
233
166
279
421
285
336
110
450
364
159
255
194
173
238
261
252
171
253
253
302
275
420
417
188
256
200
255
113
175
210
379
266
224
242
220
267
256
146
295
102
298
257
226
305
265
272
236
364
209
348
331
137
308
283
336
136
253
213
385
328
297
203
296
180
297
144
149
221
204
375
374
366
190
239
255
201
190
239
289
267
76
387
70
149
256
205
137
296
311
277
242
261
235
371
314
254
247
118
245
270
226
281
158
325
247
228
206
210
221
291
198
256
256
232
160
145
293
225
225
292
135
195
273
162
182
105
144
162
121
154
257
76
176
202
224
114
247
169
164
187
194
188
139
139
76
147
148
143
85
99
133
217
92
127
125
132
93
126
332
298
