370
426
508
487
488
461
552
472
58
495
454
432
340
318
388
414
411
484
433
506
376
402
323
334
312
250
327
473
484
542
464
523
500
506
623
586
599
524
566
514
504
542
514
604
522
469
446
487
422
502
664
545
534
531
530
481
561
480
491
552
595
516
543
400
540
514
585
539
564
531
617
532
622
622
391
333
619
560
478
633
306
526
530
400
594
593
384
338
551
446
571
495
514
559
517
370
335
460
525
310
357
412
442
517
515
411
402
403
403
390
381
366
384
351
370
389
343
334
347
362
289
320
294
502
295
397
244
340
465
379
517
327
345
380
223
351
351
382
326
225
437
445
203
384
301
350
155
343
554
469
440
450
385
320
374
591
517
356
363
563
573
426
428
446
466
499
614
310
320
302
297
301
190
189
249
254
260
256
311
267
132
357
388
437
397
242
205
261
193
153
190
221
206
226
215
244
366
369
195
366
496
332
530
486
422
275
374
422
475
504
718
632
387
399
154
501
386
610
591
566
307
517
471
455
518
477
394
502
405
496
359
537
429
467
444
651
519
425
591
620
574
491
398
324
287
642
407
308
224
176
228
145
165
216
203
248
355
396
336
118
209
141
227
612
260
360
95
425
306
458
594
272
329
319
644
373
395
404
413
392
439
499
472
586
604
469
408
387
376
334
567
577
286
477
591
441
512
336
586
496
491
346
340
338
328
318
548
338
257
352
282
216
269
294
604
215
529
409
510
306
470
561
567
570
519
639
377
399
323
322
331
429
554
467
222
323
431
497
474
178
461
406
489
526
488
491
256
403
401
281
527
416
600
577
417
404
396
366
358
618
446
446
509
576
517
343
516
371
369
376
435
506
281
314
563
445
435
519
428
513
507
479
300
378
431
105
595
450
533
583
409
420
332
290
280
326
461
275
277
262
638
97
582
397
432
574
573
342
495
258
569
485
436
489
190
442
519
456
447
220
471
448
478
436
508
282
396
289
556
377
608
384
267
249
211
255
312
204
438
274
328
534
537
545
253
289
248
266
387
495
284
240
499
281
265
339
353
536
506
305
459
492
370
164
456
414
488
174
204
437
320
218
239
351
352
348
331
326
375
337
339
367
400
321
302
358
323
502
394
434
466
523
252
415
327
279
365
506
518
569
580
466
523
467
483
343
309
463
376
326
568
491
608
149
99
182
531
337
427
312
345
524
379
367
562
561
314
503
486
461
436
499
299
498
489
423
363
180
593
390
379
425
391
634
462
477
301
339
376
565
511
349
332
342
304
348
290
346
369
351
498
476
166
357
411
502
343
525
346
322
309
404
460
459
385
191
154
468
326
456
408
448
402
469
275
391
559
302
71
453
269
320
286
396
313
415
294
391
399
521
271
304
168
192
302
187
314
154
359
501
355
401
313
556
438
410
555
516
296
355
252
329
327
251
514
504
309
415
630
401
387
266
422
470
512
371
569
465
575
303
539
438
576
594
424
312
340
582
217
207
388
324
564
527
344
499
233
224
314
103
352
134
255
219
188
434
368
318
298
270
247
225
301
352
338
132
459
440
571
578
573
571
558
531
508
390
333
294
329
531
474
482
497
305
356
330
237
310
324
582
570
261
394
322
323
503
480
492
329
326
288
407
544
490
552
555
536
533
521
269
305
354
521
342
437
350
360
436
496
520
169
210
335
353
470
330
263
242
153
454
301
343
351
535
490
299
445
222
325
337
125
287
409
491
338
396
340
379
292
228
502
317
236
226
375
395
305
459
405
320
325
117
441
463
183
212
315
407
272
484
224
422
654
327
523
409
509
389
327
472
432
319
421
436
386
525
504
386
378
257
373
235
223
411
428
489
346
276
495
505
351
386
449
323
544
159
515
223
292
167
446
419
315
329
501
607
501
407
493
491
272
454
436
444
586
466
427
459
380
264
330
611
564
331
327
183
312
429
250
312
379
348
352
528
701
695
634
473
576
615
591
471
359
513
236
501
464
444
309
305
347
322
364
291
320
492
519
370
374
292
158
443
437
259
437
573
131
520
100
247
305
439
375
486
490
423
425
278
300
432
369
318
430
310
308
451
524
375
479
316
287
396
380
480
305
356
518
310
287
497
157
341
297
305
569
382
466
444
301
271
612
637
220
577
541
417
362
336
638
334
550
191
349
408
179
284
714
556
522
463
467
405
468
317
301
408
376
285
228
267
273
545
530
489
564
461
432
414
404
383
403
478
453
369
314
276
469
472
461
467
387
328
573
609
293
620
535
616
390
489
445
330
274
511
210
491
598
587
331
594
371
514
523
301
278
638
355
331
494
381
415
190
341
323
373
360
454
400
464
314
303
433
615
165
492
321
421
301
363
372
374
563
255
322
293
440
528
249
430
446
329
427
257
773
376
503
494
491
498
496
358
370
331
297
564
554
241
256
506
499
376
543
606
391
259
396
331
364
483
496
260
512
546
168
464
126
168
639
337
371
465
195
552
380
436
514
321
513
616
537
322
537
578
607
434
379
340
324
380
486
304
286
541
257
360
431
173
493
563
419
261
159
86
323
405
193
396
249
492
303
314
422
474
648
645
266
349
301
474
381
361
293
558
503
479
366
379
299
499
573
224
359
277
444
243
473
355
580
440
420
303
466
327
463
456
354
51
56
40
189
339
482
418
195
661
296
483
511
409
405
343
425
404
376
365
375
383
378
361
411
581
468
441
196
584
467
414
442
409
90
339
268
367
291
508
464
443
195
533
596
377
285
393
489
277
319
317
335
262
262
369
248
519
280
338
508
466
430
399
500
295
446
453
388
380
276
413
352
407
342
270
372
426
384
409
277
373
313
295
442
358
503
453
542
590
340
478
475
345
373
434
289
529
495
426
244
512
439
341
564
303
406
455
297
366
438
382
284
297
442
453
585
556
486
422
152
269
183
288
444
385
256
320
288
386
474
396
317
378
517
512
253
380
358
301
294
269
411
304
294
303
384
375
285
474
286
441
345
460
559
441
224
283
394
300
322
158
426
247
313
346
440
401
169
314
211
340
486
239
289
463
523
409
269
289
257
269
309
501
348
377
293
295
533
339
384
504
463
424
436
465
-1
884
415
414
394
419
266
272
509
339
371
361
284
357
358
417
554
500
290
223
453
250
360
500
541
488
414
523
413
346
384
510
430
489
528
329
347
231
295
439
327
356
413
291
364
324
290
270
268
259
383
340
280
282
294
488
255
417
456
277
279
513
467
326
333
370
448
367
364
260
484
337
378
242
415
226
426
363
448
414
263
325
388
419
244
309
346
501
180
428
362
280
344
349
397
143
465
345
545
295
280
451
589
323
304
287
352
390
222
250
208
193
427
407
432
280
509
369
351
347
293
532
435
510
400
369
545
263
250
319
253
345
422
352
493
253
558
405
417
235
327
337
379
300
507
144
278
443
465
280
223
437
192
298
361
578
255
441
290
367
338
363
394
314
330
307
506
492
302
243
172
315
317
247
373
249
226
279
189
455
460
449
243
334
329
420
398
610
365
542
273
397
285
324
377
352
365
277
270
463
256
257
311
510
527
286
341
465
203
445
405
506
262
263
388
366
301
407
241
551
174
462
354
361
321
334
327
377
407
398
409
363
284
353
245
234
284
271
194
180
402
324
343
375
416
439
245
375
304
559
290
343
317
435
331
462
445
282
328
344
282
283
352
326
278
284
306
280
109
273
431
268
237
295
331
282
266
191
268
186
364
243
400
466
323
343
276
390
328
50
233
274
341
344
284
344
250
304
296
436
234
486
364
301
445
257
221
326
432
397
276
425
379
240
104
348
260
250
255
209
425
330
315
262
479
298
358
411
318
241
370
225
337
257
366
328
272
276
423
281
205
360
314
355
383
337
251
333
211
484
380
382
236
218
313
155
437
482
433
323
407
279
531
396
268
445
300
386
270
283
400
230
347
270
67
435
312
310
370
313
351
346
390
331
399
247
306
384
246
459
281
289
307
260
322
213
233
256
232
374
259
267
226
414
19
31
331
209
225
364
233
440
227
257
265
260
204
314
266
273
251
284
391
330
366
379
255
347
178
245
320
423
219
210
357
351
238
425
276
403
369
356
386
261
408
252
335
264
268
191
255
282
356
393
447
272
296
220
287
346
261
255
220
403
259
246
371
248
253
233
174
325
303
274
151
218
299
296
268
271
284
252
253
229
206
159
396
227
222
221
381
271
272
225
184
314
298
328
261
121
367
273
122
197
174
175
279
230
270
185
253
232
205
265
286
375
218
201
201
209
113
154
197
383
216
234
200
267
278
300
155
207
119
325
249
250
324
187
302
212
378
220
277
330
139
243
211
361
126
254
184
442
307
235
173
207
172
268
154
167
190
199
264
265
358
191
235
227
215
238
188
251
223
101
321
62
127
207
160
141
305
370
230
267
216
271
369
336
276
281
98
228
260
219
269
157
276
251
198
215
224
178
295
157
234
232
239
151
140
263
178
176
313
134
155
224
127
210
97
146
128
101
124
203
84
121
189
232
89
287
201
131
140
155
228
97
127
78
141
116
121
87
77
121
156
92
96
95
146
75
124
313
248
