1108
1259
1163
1086
1045
833
1277
1129
110
1155
1105
1021
1000
988
942
941
883
937
900
1067
927
978
862
1019
898
869
942
947
1079
1047
1144
1106
1305
1281
1401
1492
1735
1339
1453
1321
1461
1549
1411
1475
1496
1376
1300
1456
1345
1395
1547
1791
1586
1697
1431
1602
1679
1580
1733
1614
1707
1628
1449
1508
1428
1413
1392
1571
1505
1586
1346
1329
1329
1366
1226
840
1375
1340
1008
1013
1191
1379
1313
1328
1294
1200
1457
1201
1358
1242
1335
1379
1258
1193
1166
1059
1029
1289
1308
975
1096
2108
1158
1197
1204
1896
1911
1913
2016
1928
1531
1685
1634
1612
1664
1694
1717
1183
1610
1672
1934
1502
1018
1393
803
1516
722
1542
1301
1448
1210
1570
1531
1557
1105
1489
1659
1804
909
1149
1479
1493
1423
1710
1414
1677
1189
1766
1214
1390
1052
1096
1143
1562
953
1147
1388
1867
-1
1196
1236
1571
1621
1001
1057
1241
1153
1662
1530
1461
1418
1454
1136
1235
991
1304
1032
1034
1403
1107
1001
1559
1129
1240
980
843
939
1184
839
819
790
1028
793
859
769
992
1216
1216
765
852
1110
1474
1054
1035
927
1331
1605
1239
1169
1267
1066
1060
963
991
553
1298
868
1122
1108
1085
1383
1235
1410
1333
1420
1284
1208
1184
1155
1338
718
1084
1029
1063
1232
1095
1317
1692
1235
1271
1138
1169
1121
932
1066
1083
1031
930
775
769
644
517
740
755
821
968
847
1665
1370
672
814
681
1046
1090
1013
1598
602
1228
1011
1288
1243
1236
1008
691
1019
998
1016
866
855
1129
1338
1470
1217
1198
1122
1194
939
1440
871
1063
953
1063
822
1050
1172
1162
963
735
1041
1356
1079
1301
1282
1322
947
1318
1121
705
716
716
600
588
542
619
1037
733
1144
976
1099
848
1022
1200
1062
1021
1346
1017
910
1239
907
1359
1136
1358
1029
1027
977
1420
1340
1374
1134
590
1522
1025
1071
1059
929
1132
702
1172
773
778
949
931
1007
1015
988
1224
1322
872
1297
962
940
891
1005
987
1063
1088
944
1138
924
943
1328
1068
1180
1068
1003
897
989
1021
1277
1148
926
930
1204
975
1273
547
866
938
1140
1107
1081
1096
1348
1115
1138
1346
964
618
615
931
959
465
953
782
885
898
849
1032
1227
874
924
1019
1058
1029
470
1099
985
1013
1002
993
982
959
1093
1131
1176
570
899
809
883
1199
972
1435
893
807
822
867
1198
730
768
1077
1165
1096
1026
964
865
907
953
789
1021
970
1005
629
1018
703
931
774
643
1211
1115
907
1055
1025
1037
712
973
921
1258
518
677
922
851
734
639
873
879
947
912
1081
905
818
967
989
879
702
765
776
1136
878
772
1116
1160
1178
988
864
951
774
771
969
939
950
867
883
988
1031
982
758
890
871
1395
913
1063
826
883
575
409
457
964
894
1276
867
763
975
862
775
1158
916
1096
1006
894
1016
1109
925
1172
1084
907
1082
1174
719
888
860
627
913
789
849
912
916
762
887
750
816
795
730
770
757
671
733
710
737
836
802
927
829
676
939
997
1169
1118
864
735
735
694
831
1052
936
757
867
719
741
697
784
751
729
894
782
632
1278
914
851
648
717
653
743
737
659
733
1372
882
853
786
907
670
665
537
503
681
585
658
833
502
755
1300
700
1005
739
735
707
718
692
687
798
885
1291
754
894
922
824
739
710
748
922
656
760
928
1075
1001
899
996
744
977
630
850
613
839
654
1235
660
711
654
589
810
938
1297
736
753
768
922
815
741
698
455
890
446
514
540
651
757
651
1043
958
750
665
698
624
630
543
544
926
1053
957
915
1000
910
873
830
820
803
799
642
634
657
782
927
878
670
574
702
699
649
601
821
793
642
664
738
625
894
744
1078
631
543
781
588
733
637
681
723
689
721
634
599
558
599
741
659
843
667
891
1047
781
941
514
744
645
723
804
621
990
589
511
615
757
711
673
818
890
843
1030
524
800
731
480
592
671
663
537
589
697
746
598
676
615
568
758
479
791
630
603
764
709
562
1096
423
753
736
450
496
486
560
593
658
479
655
595
549
844
591
995
720
608
769
667
612
590
657
842
690
792
549
633
553
688
657
811
532
630
739
673
544
895
708
280
657
660
620
499
499
695
836
598
365
731
856
615
680
691
674
664
611
631
530
617
852
972
641
791
986
676
687
679
692
1301
577
574
530
505
548
557
650
493
752
704
660
796
718
547
538
594
675
559
643
637
542
470
650
610
539
588
829
477
428
478
479
335
444
399
604
676
513
544
867
803
614
672
754
638
626
332
825
320
557
581
744
514
820
545
579
582
570
597
703
523
417
562
570
585
614
652
481
653
605
517
836
710
760
511
473
762
573
1198
479
588
915
498
744
769
465
966
701
540
1078
542
516
413
552
544
847
602
488
449
617
538
421
453
929
657
620
556
987
707
605
619
654
553
484
544
483
641
803
490
569
578
715
625
492
527
591
851
872
818
1114
615
931
530
515
1085
475
694
547
670
631
568
682
503
844
622
496
475
462
557
648
439
436
364
528
871
464
460
452
645
496
856
608
979
550
534
481
656
899
1019
743
599
507
383
468
517
747
501
484
613
436
692
676
427
896
519
761
618
398
691
504
879
482
533
891
642
611
652
220
626
535
512
583
513
458
648
482
562
353
630
540
428
633
617
544
431
853
501
530
643
495
663
684
465
696
564
655
348
567
450
831
456
524
580
613
519
343
420
515
488
627
944
717
487
671
456
386
439
469
399
597
507
426
685
555
581
616
556
445
674
438
339
300
542
673
482
512
476
519
407
1115
489
560
444
576
532
776
407
490
426
352
421
419
465
449
449
495
604
405
309
696
366
712
423
380
685
485
470
630
456
396
384
411
474
332
484
467
487
546
455
384
266
540
487
484
439
588
303
347
273
375
321
577
495
535
428
229
559
639
386
835
770
532
497
564
550
608
568
548
400
476
579
839
421
439
337
344
445
428
711
520
494
500
296
233
446
468
481
481
515
420
267
368
270
501
536
435
443
599
468
466
275
349
573
565
526
573
756
720
690
541
664
411
292
380
337
361
526
280
534
362
283
335
391
427
287
533
419
455
403
462
305
511
659
337
405
486
728
505
425
373
334
440
523
336
344
727
556
486
463
366
213
421
591
338
328
364
337
374
436
474
458
406
393
388
864
418
213
121
1071
483
353
632
311
319
528
450
238
457
402
370
435
688
426
452
534
331
404
368
358
366
341
469
537
411
763
368
601
481
534
293
333
347
307
420
366
333
934
542
613
365
344
585
501
469
424
271
550
352
425
439
407
316
692
326
313
316
354
626
489
587
435
284
265
506
248
515
356
335
495
478
630
363
354
856
294
342
303
350
341
317
299
268
396
277
748
372
516
435
398
496
449
751
294
338
469
567
502
378
453
469
439
315
507
477
567
421
602
374
647
275
294
429
339
318
345
350
349
241
262
247
360
592
312
352
342
341
353
406
257
481
248
232
376
354
270
364
279
435
330
342
309
346
491
391
758
551
393
366
358
431
251
387
374
442
569
555
615
247
449
546
393
593
640
370
462
612
167
396
361
624
289
357
316
436
332
347
256
310
276
387
387
305
281
329
476
265
230
367
422
500
548
401
279
322
308
247
230
467
440
264
252
306
257
407
422
506
466
664
351
870
469
416
261
1002
307
405
428
332
440
334
347
204
453
380
543
199
382
342
429
308
421
388
284
318
253
448
215
459
409
297
503
190
554
335
243
363
373
371
282
127
470
479
344
517
672
214
523
384
458
580
322
405
480
235
249
417
335
260
283
316
299
406
455
261
336
296
293
488
557
376
283
396
336
770
518
312
332
257
584
256
373
213
585
342
326
276
271
307
223
588
369
599
238
384
285
249
293
345
486
238
268
436
238
414
326
319
329
364
255
612
441
341
398
215
275
243
331
270
573
233
277
184
214
196
357
597
338
452
503
361
312
470
230
184
237
328
288
184
187
271
310
252
188
374
352
194
319
228
316
343
188
381
492
259
315
283
449
436
290
241
524
337
415
391
280
293
185
345
376
242
265
265
269
650
444
125
411
389
287
227
410
434
299
211
211
247
361
224
286
300
565
337
181
384
207
638
311
327
358
501
311
385
253
226
280
281
251
221
310
325
244
374
386
284
316
284
255
403
375
321
389
389
276
319
330
462
479
254
353
368
189
344
229
444
281
93
437
282
404
385
222
487
272
284
210
288
322
436
288
234
373
267
231
249
293
203
221
379
206
370
523
235
205
286
273
89
144
652
556
330
263
289
420
229
263
384
214
212
712
252
221
184
396
267
238
317
364
255
226
252
216
294
434
205
359
518
381
272
299
200
263
395
181
318
196
418
236
327
329
562
302
196
319
401
313
349
136
361
535
374
338
287
344
318
450
387
242
317
283
268
499
188
321
570
360
224
282
277
197
268
205
325
235
232
174
188
117
260
224
720
228
477
232
234
206
202
172
272
187
337
107
452
266
232
285
148
168
246
237
206
356
184
176
755
348
244
342
170
228
204
463
266
110
184
461
208
184
208
180
355
181
203
155
190
299
208
187
353
179
227
345
223
151
278
332
107
447
480
324
84
168
211
325
325
195
253
191
249
208
105
156
166
221
265
263
397
325
195
221
160
123
166
311
220
161
276
122
153
206
166
129
208
303
227
219
252
294
273
208
156
139
335
170
184
173
198
144
369
189
304
153
179
171
212
176
220
221
245
98
75
238
185
184
303
110
297
210
118
212
81
102
148
75
90
229
153
129
124
151
78
224
133
148
127
187
131
91
115
78
105
100
158
67
71
112
180
244
102
103
148
80
93
863
222
