258
324
348
338
343
326
378
351
36
343
329
319
290
277
264
273
283
309
303
333
265
298
226
247
224
207
253
310
344
335
329
348
380
345
427
424
483
367
418
355
372
400
410
459
404
333
318
365
270
418
490
414
463
490
395
451
472
424
383
454
516
476
373
379
489
454
400
481
455
454
440
458
464
460
287
237
556
470
330
384
394
442
440
438
600
575
292
190
480
330
412
438
332
375
386
284
315
384
370
294
283
358
344
359
357
332
298
314
333
325
267
286
279
262
275
293
295
208
282
293
280
301
212
356
173
439
120
290
290
235
341
236
277
264
187
242
301
340
189
244
314
327
267
330
234
266
189
284
447
496
341
357
303
316
258
426
398
312
327
372
432
291
321
284
320
377
390
274
285
225
219
254
184
227
157
226
172
171
270
174
171
291
322
389
294
233
149
201
129
127
126
148
129
161
185
181
266
270
204
238
398
254
332
320
283
251
281
289
442
500
452
426
288
273
100
366
270
401
420
388
239
445
393
392
491
428
338
420
348
448
254
386
297
346
383
462
346
328
428
421
416
442
325
232
167
470
312
278
182
173
165
108
115
155
173
255
270
351
289
108
138
89
174
380
161
296
96
330
305
369
459
208
314
222
504
304
309
323
308
395
367
432
388
406
391
442
306
289
266
196
373
452
400
537
433
282
340
288
422
420
359
274
259
267
199
243
364
211
176
221
152
155
154
168
376
183
585
274
400
222
320
444
417
501
405
385
263
214
296
260
378
416
425
581
231
369
446
467
362
136
379
511
404
303
377
354
187
252
212
217
359
224
474
395
304
304
348
263
279
393
343
274
401
345
349
254
525
241
273
264
378
484
231
245
563
299
333
428
340
388
418
414
181
273
435
97
356
337
354
377
291
302
254
211
240
256
304
223
223
144
529
84
391
300
381
424
369
409
398
232
400
401
345
356
135
317
362
346
283
200
354
312
378
276
372
132
434
368
344
231
389
303
211
185
172
204
226
299
341
156
259
432
429
430
208
225
211
203
278
333
208
184
303
216
196
253
236
433
370
238
359
397
316
241
489
268
387
242
146
382
219
180
181
236
255
257
249
235
258
262
245
340
324
218
192
302
184
376
271
400
468
364
195
328
298
259
233
358
321
350
359
332
430
294
334
264
200
321
301
263
473
347
414
265
78
118
354
263
396
209
316
368
268
314
380
336
250
352
296
446
397
405
314
433
354
362
338
210
432
261
250
369
398
415
363
363
202
268
297
338
348
254
225
236
211
363
197
255
247
243
309
357
138
269
307
357
340
379
243
251
254
295
397
400
266
279
274
330
245
365
327
348
579
374
215
323
371
280
84
375
177
261
237
274
243
304
185
328
324
388
196
194
167
151
230
167
240
128
320
445
270
283
375
311
338
423
302
293
221
342
268
223
237
326
454
416
234
289
519
295
276
291
309
372
423
317
408
354
411
212
414
251
365
339
307
254
221
454
177
327
274
291
333
308
277
362
193
184
213
83
331
114
160
176
200
360
232
260
218
191
182
190
229
235
228
71
442
384
369
350
348
359
356
338
316
241
237
230
251
305
333
350
355
216
224
208
155
228
216
400
398
221
281
215
215
404
328
350
280
279
308
275
437
276
283
313
307
322
296
184
202
290
333
220
425
258
313
425
335
397
115
167
258
287
399
242
233
154
136
445
193
208
238
362
365
190
312
231
280
265
53
330
289
327
264
218
257
247
193
174
386
214
197
128
289
311
205
291
284
243
200
79
267
351
71
216
198
331
251
370
152
246
310
203
369
265
365
350
257
423
350
164
316
340
388
371
440
266
413
139
384
208
192
280
296
363
243
240
378
389
108
323
285
250
307
156
279
137
183
78
287
368
329
245
333
424
330
272
346
240
190
351
313
279
418
351
382
371
377
237
262
306
329
215
213
162
225
279
166
233
259
244
252
327
302
318
314
305
409
404
361
302
216
302
275
336
309
296
346
387
428
422
342
272
365
339
411
219
238
240
168
312
268
153
310
345
184
330
87
242
222
324
267
346
262
224
249
164
216
289
238
239
271
205
269
311
301
268
355
213
175
312
279
461
203
209
454
210
266
240
78
275
212
208
351
356
341
352
243
195
299
293
198
386
389
406
266
251
260
246
305
140
233
393
177
219
378
369
382
390
411
412
346
202
167
220
236
291
120
302
227
374
351
358
325
344
340
321
330
406
294
310
288
402
262
250
378
334
382
323
353
325
293
365
316
305
266
289
466
357
339
184
161
352
136
289
274
271
231
399
495
282
322
288
186
294
253
356
362
368
298
116
289
216
224
234
245
202
372
208
177
361
276
175
289
201
286
260
274
311
348
279
177
468
458
271
351
181
425
213
195
260
162
321
255
279
420
248
332
357
278
349
230
221
302
410
165
162
331
279
197
376
350
468
323
297
157
200
308
319
157
315
343
195
220
102
103
336
327
424
357
243
285
351
330
242
254
284
291
450
276
276
398
308
273
300
245
244
257
227
292
281
374
290
258
314
189
303
334
369
178
100
77
233
328
168
238
196
350
214
226
297
295
282
278
160
307
221
258
461
234
405
298
234
355
349
293
229
259
241
138
236
186
221
284
344
342
446
280
234
156
247
213
331
242
336
55
56
43
128
205
284
271
120
281
227
384
364
250
335
449
258
269
295
278
292
293
264
247
223
406
433
230
151
245
218
291
239
300
64
189
163
203
158
269
271
274
151
285
314
233
179
173
289
200
275
258
280
171
168
134
167
255
174
219
361
298
296
231
273
222
249
259
204
219
187
331
194
255
305
237
238
287
249
249
234
275
240
173
260
170
319
315
276
298
223
330
228
202
218
240
191
349
225
241
257
306
342
197
233
160
262
259
173
235
211
196
203
230
334
241
267
269
284
239
133
286
159
338
306
212
373
190
184
361
397
204
241
221
337
265
379
428
225
291
181
169
208
186
184
180
267
277
247
296
156
326
295
306
249
184
183
157
212
221
212
252
303
159
190
182
289
265
207
238
235
233
209
113
206
409
310
277
150
158
158
167
215
277
282
368
171
157
301
174
352
256
266
270
272
357
272
247
274
162
198
191
153
151
258
141
181
240
240
418
272
391
261
241
311
111
295
286
188
292
346
282
370
358
249
305
208
348
265
280
302
223
222
298
270
247
222
211
240
216
258
164
142
132
139
170
289
205
172
198
171
239
149
203
276
288
259
236
228
166
167
170
343
304
312
180
252
211
232
257
259
208
264
213
274
172
184
276
269
347
156
234
208
286
159
276
279
260
186
279
365
100
356
213
327
168
178
190
298
240
267
197
198
187
249
167
340
328
325
288
178
165
249
292
252
262
170
195
240
242
148
150
302
498
132
142
151
173
265
325
406
113
454
256
240
133
283
185
272
181
239
143
179
422
223
235
126
302
410
261
162
248
124
276
185
273
184
336
181
198
272
135
288
227
164
207
114
305
197
213
279
212
138
252
163
315
304
215
192
315
159
202
201
270
335
209
165
280
244
181
297
280
157
148
215
227
152
198
170
231
238
198
222
333
240
209
361
331
358
201
181
225
181
281
118
281
275
351
225
256
150
150
168
196
262
354
304
259
260
196
158
179
232
186
104
164
277
202
266
241
256
215
166
154
174
272
307
242
218
163
156
215
193
196
154
244
173
175
125
175
299
166
245
147
74
168
220
152
120
162
209
243
127
144
161
106
197
137
265
202
148
213
212
213
169
42
219
209
262
223
146
221
157
215
157
324
166
271
316
153
247
115
197
179
168
179
139
161
239
133
71
283
171
139
146
91
243
283
234
104
161
244
136
247
151
182
244
249
183
146
299
170
-1
160
282
179
123
189
158
170
201
172
140
210
135
172
209
203
158
167
188
107
278
265
292
209
285
215
233
196
200
227
205
240
268
119
268
106
271
157
14
307
177
181
225
273
237
175
184
152
202
200
171
210
221
310
225
175
167
314
136
111
159
154
251
249
145
118
134
246
19
28
325
224
335
150
192
253
194
142
349
187
188
336
137
139
181
396
307
224
236
292
161
245
167
128
195
261
141
348
339
256
171
195
215
152
260
125
248
150
258
151
190
171
329
178
216
160
243
241
205
177
196
261
182
191
164
153
112
341
260
131
223
160
167
239
153
279
429
169
143
116
193
127
235
180
333
219
188
194
180
178
341
138
181
136
275
156
156
164
96
231
165
230
159
58
234
160
263
129
87
301
151
119
194
301
132
120
173
238
160
182
275
173
245
131
83
71
138
274
211
121
158
122
164
139
83
142
103
271
109
155
179
109
231
144
213
115
208
168
135
134
168
262
146
190
140
211
151
173
238
120
173
167
71
200
98
133
190
192
185
294
246
111
172
95
115
142
141
36
242
79
97
129
103
194
160
164
129
133
145
142
214
169
145
124
36
151
156
138
153
101
212
153
116
137
134
117
191
111
145
144
148
92
74
163
99
98
160
84
90
143
78
196
47
111
90
78
56
112
79
118
111
118
69
151
87
119
104
94
84
56
72
69
124
83
101
47
61
108
102
120
71
73
187
57
94
221
122
