308
358
398
397
394
382
402
378
66
383
359
348
274
260
304
316
334
369
326
404
293
350
248
312
278
228
397
346
421
413
395
408
374
410
441
424
484
414
452
393
410
420
423
457
449
437
405
466
326
507
487
419
424
413
411
406
418
423
365
406
450
476
376
351
417
423
407
431
412
398
473
564
470
467
354
283
466
478
354
424
241
418
369
307
466
451
303
243
414
358
435
414
391
449
442
374
243
407
423
242
253
338
464
467
402
333
295
348
315
285
299
252
273
234
266
269
299
268
272
282
272
259
300
376
271
447
212
254
345
244
394
243
233
260
164
317
355
357
253
162
327
340
213
353
240
279
115
273
451
503
445
513
439
372
417
454
401
279
324
389
483
319
340
327
422
422
449
282
273
244
240
232
128
156
172
226
193
197
262
178
91
316
278
516
468
177
165
232
148
124
156
181
160
161
156
218
270
263
160
388
407
247
398
380
396
216
312
329
373
392
474
443
303
398
149
393
340
424
473
382
240
433
389
365
433
414
278
537
300
400
294
417
363
405
436
475
426
352
414
442
441
402
330
241
224
461
301
350
224
139
247
136
127
202
179
215
321
324
279
57
156
115
161
449
212
278
90
331
341
369
462
216
229
234
460
440
452
485
462
511
393
453
409
429
443
376
328
302
410
245
402
401
231
381
460
303
406
386
511
373
435
264
258
255
230
232
458
250
206
259
235
177
221
248
425
205
455
400
440
341
403
492
485
433
399
432
296
300
381
319
445
427
484
427
156
324
400
437
358
129
368
505
478
368
530
355
267
295
255
284
368
281
449
455
401
318
347
315
388
421
458
400
392
399
434
293
403
336
396
399
388
427
225
264
432
481
532
419
354
396
370
459
248
285
417
92
422
427
397
429
325
346
287
247
258
282
376
219
216
193
455
63
408
349
374
466
411
309
412
194
433
394
325
499
201
383
451
415
353
237
492
380
496
349
350
215
504
379
393
314
465
298
198
170
160
173
220
172
298
185
297
450
406
414
165
212
178
176
286
353
210
315
360
211
203
354
281
391
372
246
341
351
357
157
391
424
357
110
133
386
267
159
211
233
254
237
233
238
266
233
234
347
275
345
249
360
255
419
336
443
472
364
235
451
374
362
361
420
421
386
437
473
457
337
359
350
226
380
305
285
444
512
482
101
66
207
458
242
415
283
345
423
320
286
435
394
257
429
371
469
437
492
251
458
362
457
371
118
424
306
288
489
485
494
436
349
233
299
371
384
368
287
254
252
217
267
198
259
334
243
362
391
116
316
404
356
428
376
271
205
220
291
396
376
267
230
198
350
234
472
471
471
472
532
290
307
436
254
73
484
225
237
210
249
230
326
255
450
455
382
201
204
103
122
216
132
209
127
333
377
285
257
249
384
327
505
381
386
363
371
305
268
320
233
413
402
245
402
476
307
268
196
322
336
423
320
428
365
474
216
427
309
420
435
323
226
232
426
191
261
308
351
444
428
260
389
174
168
213
73
263
89
177
234
100
414
228
261
266
196
172
159
226
259
264
115
386
392
398
381
392
375
359
439
409
291
239
220
209
384
357
371
392
225
260
263
244
319
214
432
424
269
276
231
220
392
330
487
225
231
222
303
463
367
454
419
412
422
404
172
200
246
350
246
387
240
293
417
487
402
115
169
227
272
373
238
249
209
131
334
237
242
222
391
351
207
324
153
322
268
96
213
297
343
236
256
281
281
199
249
392
288
182
187
289
300
264
314
279
214
290
88
338
365
108
133
208
275
272
514
217
268
401
232
384
281
379
459
236
405
427
238
358
372
424
391
421
306
301
215
304
182
239
287
295
459
233
205
360
429
217
280
345
242
410
144
359
168
215
117
420
397
420
230
359
450
339
291
329
367
178
373
393
298
485
431
462
562
380
250
288
411
396
227
206
140
192
289
151
334
407
367
351
423
412
401
402
335
422
409
362
352
278
417
225
349
402
448
244
253
275
264
273
212
274
416
413
245
259
230
117
369
340
209
490
397
99
386
60
197
223
423
265
456
345
357
356
179
216
420
241
223
386
216
369
473
337
251
344
223
191
306
332
470
233
239
424
294
255
308
172
253
197
246
417
300
337
418
208
176
389
388
189
411
417
376
388
383
376
219
401
129
237
330
139
273
479
424
414
394
452
421
323
205
221
403
256
298
172
315
170
394
400
347
458
446
422
405
404
391
410
416
453
314
321
218
409
352
377
345
432
386
355
403
293
407
376
405
450
425
368
216
179
365
161
403
398
383
238
396
394
363
373
259
239
422
265
375
343
375
453
150
283
286
298
389
279
387
344
206
223
410
369
145
378
210
434
273
403
440
328
357
182
356
321
365
407
177
461
319
213
294
188
438
255
303
406
436
364
405
374
410
210
225
359
406
238
179
346
350
312
399
391
374
288
463
220
291
309
419
235
328
375
98
312
92
104
409
361
409
429
206
364
383
428
260
229
336
370
371
341
341
412
370
289
263
246
222
316
347
225
218
391
254
264
337
124
348
365
416
207
130
66
335
421
168
273
173
335
194
221
356
369
390
387
199
306
244
301
342
231
370
351
340
431
368
284
209
352
370
191
290
208
300
295
362
286
417
410
268
200
321
196
414
298
326
39
54
36
171
196
403
343
161
373
246
492
451
398
386
280
329
304
364
349
338
353
308
276
267
408
404
427
159
324
254
366
353
367
88
257
181
263
205
355
391
369
157
337
368
236
181
237
308
281
341
345
242
183
176
258
152
344
195
307
374
323
303
244
342
232
331
261
269
337
187
439
236
405
344
261
367
318
306
252
249
388
226
208
310
301
412
490
307
372
254
361
315
233
247
304
217
379
332
417
299
362
388
242
343
222
387
320
197
260
251
233
182
375
421
391
391
374
327
336
152
230
153
276
391
244
223
201
180
334
384
299
339
420
331
354
274
335
269
289
208
200
267
194
197
195
302
304
325
421
164
335
379
346
302
247
154
165
294
304
290
165
369
165
218
234
398
392
142
272
177
255
273
193
189
426
418
367
190
194
184
188
234
358
282
426
161
174
398
212
408
278
298
330
329
336
361
345
315
226
258
238
185
183
335
208
205
332
236
351
361
397
401
365
262
166
413
258
216
386
391
347
349
335
315
246
253
356
275
364
353
357
227
227
241
261
224
248
271
307
271
184
166
165
154
206
333
215
194
200
202
340
164
244
292
213
207
414
401
286
199
236
398
336
329
171
445
325
396
232
301
210
314
229
455
319
201
279
282
336
241
318
217
347
215
434
427
201
259
278
460
79
357
332
359
190
183
243
393
327
329
274
259
256
164
179
179
220
334
370
285
232
309
396
349
408
198
275
298
331
229
209
433
296
157
165
158
187
309
291
409
169
423
320
274
193
276
178
299
300
355
99
180
431
419
219
114
341
225
309
218
332
196
380
298
266
254
276
266
220
261
175
356
327
313
187
92
270
280
202
329
353
197
218
136
340
337
403
292
345
168
334
256
406
430
271
227
379
242
302
300
346
343
164
212
281
181
255
189
329
284
305
242
384
313
266
299
346
258
222
232
267
185
323
144
339
209
394
250
275
197
197
199
228
327
311
276
240
351
223
166
166
211
195
142
200
464
197
363
269
326
271
161
288
234
377
327
255
184
256
197
257
286
206
178
258
184
241
203
222
275
200
312
238
91
171
328
166
157
170
306
301
148
124
175
130
293
136
272
251
172
234
238
241
233
39
220
268
232
218
170
254
213
263
201
378
219
354
272
217
333
147
158
238
263
231
146
308
303
207
72
330
274
184
158
144
340
274
261
153
264
301
213
312
216
193
344
182
232
188
314
231
262
243
349
176
167
250
183
199
269
237
173
320
162
245
276
299
147
150
210
110
304
361
376
231
294
298
342
352
279
364
244
250
270
180
275
147
311
166
46
320
210
222
265
247
240
220
318
219
341
251
214
311
242
299
243
175
233
201
161
168
164
178
182
377
160
155
153
229
15
17
301
191
227
243
172
317
133
179
232
248
234
360
159
163
175
264
260
293
242
325
186
265
118
173
224
302
153
192
364
281
246
279
238
254
292
200
277
162
450
180
240
173
290
173
206
173
242
250
299
170
223
177
305
264
218
184
157
318
265
154
260
232
186
195
168
243
282
258
108
171
194
173
232
242
268
189
187
210
171
144
323
150
233
160
302
171
171
153
117
215
197
212
206
124
292
163
98
142
124
157
245
168
238
179
171
143
189
229
185
273
168
247
204
155
73
83
127
379
229
165
227
203
227
197
131
157
102
372
152
183
270
130
221
170
243
155
252
206
113
217
196
-1
116
171
131
307
187
189
153
131
155
160
103
172
120
178
198
199
254
190
188
179
150
182
135
186
169
75
255
61
109
163
110
132
217
255
161
205
175
295
255
261
178
193
91
173
196
173
204
141
324
189
175
163
163
147
218
148
165
164
285
108
86
221
145
145
217
93
105
155
123
168
65
115
134
62
66
158
84
133
124
131
61
206
142
114
97
124
135
75
120
58
106
77
114
75
54
112
138
60
80
80
161
58
92
280
160
