1157
1389
1439
1355
1301
1101
1443
1459
151
1441
1246
1205
1164
1074
1090
1141
1116
1169
1131
1392
1082
1252
1077
1238
1083
966
1377
1206
1457
1328
1409
1339
1281
1483
1431
1381
1467
1347
1356
1366
1365
1303
1329
1389
1366
1461
1387
1737
1107
1614
1421
1222
1244
1262
1172
1179
1136
1209
1193
1062
1165
1239
1191
1054
1090
1114
1267
1120
1079
1168
1436
1747
1372
1535
1249
970
1182
1254
1062
1188
759
1046
980
894
1109
1002
1049
799
1004
1275
1337
1311
1230
1536
1714
1317
772
1273
1288
702
773
1069
1563
1638
1282
964
956
968
949
974
877
855
887
799
870
866
959
810
852
874
839
849
1107
1212
1042
1265
752
799
1022
797
1435
778
763
834
578
868
997
1037
669
593
1109
988
720
1005
832
843
521
818
1303
1279
1841
1664
1315
989
1397
1340
1115
946
940
1297
1350
978
997
1175
1438
1450
1348
811
768
759
716
713
509
552
531
658
545
567
761
590
470
844
825
1344
1357
739
479
660
423
431
423
515
433
485
538
531
1033
1028
737
1380
1316
742
1311
1367
1410
732
837
1184
923
914
1165
1090
1074
1495
494
1321
1192
1288
1366
1226
677
1244
1007
1034
1063
1185
963
1311
867
1008
910
1178
1297
1285
1096
1164
1379
879
1171
1143
1304
985
822
723
633
1085
783
1308
654
450
876
470
389
673
624
765
1191
887
817
318
442
369
542
1444
623
777
277
983
1023
1069
1232
643
697
624
1068
1209
1208
1067
1056
1231
1093
1179
1165
1125
1082
943
1305
833
1043
714
982
1128
664
872
1327
820
1218
1046
1406
976
1379
681
708
712
575
706
1455
865
843
882
792
749
729
811
1322
773
1066
1095
1298
1235
1417
1394
1466
1006
1045
1262
1043
774
1264
867
1069
1200
1257
894
540
894
1059
977
889
552
954
1140
1190
1223
1344
886
872
921
845
1037
1013
993
1057
1336
1273
856
971
1185
1044
1124
-1
1401
1136
1261
1360
697
882
1072
1113
1163
943
994
660
629
900
1625
1222
1136
1012
1089
938
1456
659
765
1107
287
1191
1310
1197
1043
902
875
853
744
697
754
1293
793
784
563
977
250
1146
1081
1155
1196
1101
897
1193
691
1109
1149
792
1246
721
1150
1557
1254
854
666
1285
1199
1232
796
850
743
1039
799
936
880
1046
790
540
504
436
517
691
452
673
605
788
1028
873
841
533
578
542
514
884
945
596
779
1101
877
547
1140
868
950
863
702
796
756
855
339
706
1231
835
308
411
1115
697
520
544
666
686
683
633
644
762
619
707
989
767
827
889
901
679
1065
1096
980
1172
890
627
1455
1248
1222
1296
1333
1353
1124
1180
1379
1222
1073
994
1169
699
1139
795
683
1030
1071
1061
299
202
707
1313
647
1036
1022
939
1068
1158
969
1084
1001
680
1273
1061
1051
1011
1303
751
1056
950
1044
987
364
904
932
719
1210
1017
1072
845
731
601
777
1008
852
779
779
722
734
650
676
738
675
934
736
846
781
376
799
1206
824
991
675
875
704
606
699
1156
1049
755
666
564
1037
685
891
927
931
1020
1145
824
890
1184
724
251
803
760
660
605
665
631
783
748
1363
1235
739
508
520
346
360
506
465
529
384
700
755
697
646
668
1016
806
760
794
800
955
813
903
674
881
625
847
786
951
1139
643
752
529
518
731
834
804
787
872
871
964
635
728
717
859
686
726
613
690
658
619
659
768
812
1046
1035
589
835
480
468
673
257
728
407
413
811
408
941
647
620
596
595
535
501
563
682
618
315
775
1099
881
832
856
832
854
1023
981
866
587
532
503
744
855
687
853
698
641
733
699
787
482
689
674
950
550
660
632
708
586
1313
520
475
659
656
657
869
965
1042
993
1022
1010
560
624
510
609
752
1008
555
934
902
1094
873
370
546
455
519
666
462
618
523
352
564
527
624
594
707
675
786
1028
292
616
587
327
500
513
523
471
623
730
935
654
998
640
801
480
606
680
611
823
938
919
474
683
295
890
567
401
367
552
575
603
970
733
692
730
592
671
500
940
871
490
690
642
625
548
572
850
600
696
476
592
784
641
532
639
526
509
955
523
691
698
674
484
583
759
496
621
639
908
472
606
427
1012
1080
685
538
699
738
670
580
576
765
507
733
990
599
1007
1002
748
1011
758
697
715
755
734
577
522
461
541
509
475
981
1146
1076
1042
1056
680
669
707
694
648
724
633
651
757
827
604
486
849
1004
464
470
493
470
354
433
393
692
660
567
563
643
460
963
894
554
980
646
212
834
207
502
450
1065
426
1106
527
707
686
408
541
931
542
401
757
511
908
967
835
475
547
507
512
635
589
850
532
551
673
959
614
652
443
764
544
666
831
515
789
833
478
590
686
630
452
560
559
739
750
614
560
538
743
393
415
719
651
841
604
1005
670
543
635
618
486
421
555
728
526
649
386
727
532
664
537
483
632
590
727
766
739
811
696
1291
833
546
696
468
639
490
565
556
667
720
532
952
697
637
588
594
673
651
522
428
358
493
508
716
698
568
782
477
727
793
837
579
600
640
614
897
720
633
954
374
438
559
651
1015
566
864
591
380
613
883
557
470
656
464
820
428
1045
564
654
584
456
838
634
902
741
265
629
775
541
466
467
571
484
430
513
486
521
745
515
866
495
470
523
650
516
411
518
517
794
613
462
798
562
827
356
699
428
933
552
422
494
349
446
214
345
599
482
641
842
479
541
679
496
398
405
401
460
567
555
510
764
603
466
577
515
410
812
542
348
300
493
613
370
492
284
468
430
879
530
326
252
630
758
525
423
444
468
333
395
483
639
575
577
546
565
456
349
591
396
668
479
469
650
547
471
485
570
541
324
372
435
440
406
482
404
528
675
390
287
436
458
529
412
518
168
198
158
502
308
582
467
485
535
255
798
851
558
725
576
490
431
595
562
583
591
538
427
495
622
700
651
464
378
364
483
574
608
314
583
557
375
274
518
764
725
430
583
478
278
313
286
487
709
468
493
558
465
462
424
376
689
528
800
488
589
562
521
618
816
465
294
405
490
303
622
297
626
398
321
417
475
575
298
534
514
348
326
419
468
688
1008
386
447
468
590
401
374
515
459
506
482
460
471
554
637
587
351
493
242
595
627
309
349
403
393
325
515
488
700
538
532
372
619
314
249
140
632
488
307
594
287
419
656
517
310
433
640
386
540
679
462
382
396
275
333
322
329
304
295
633
470
387
1122
387
518
461
448
353
359
341
260
373
365
335
469
697
443
302
455
670
615
270
450
270
458
438
633
355
487
415
561
289
291
275
322
654
640
728
557
348
299
614
251
541
353
333
560
586
533
446
417
648
337
406
376
303
287
350
349
308
399
305
755
538
705
512
478
426
470
791
338
381
483
549
455
408
415
421
383
295
559
388
745
458
727
361
513
316
323
363
324
306
615
470
387
285
272
273
326
661
264
288
367
380
435
443
310
670
288
254
509
484
370
320
309
427
346
375
296
557
681
592
568
495
326
465
457
703
364
351
358
405
607
526
573
232
445
601
603
854
488
503
393
644
163
445
378
559
254
313
338
547
362
399
300
492
356
336
347
292
307
378
546
370
250
418
592
462
648
485
328
352
387
305
322
594
512
243
267
307
274
375
399
545
659
692
430
550
381
325
264
654
512
475
348
285
539
547
290
200
443
389
480
236
501
407
428
348
358
345
278
305
252
373
248
542
435
475
617
235
642
319
298
552
426
292
329
134
558
544
468
518
658
242
684
434
591
665
350
356
490
269
416
574
469
401
264
327
318
325
381
313
440
332
293
573
669
422
298
336
391
550
462
335
419
307
498
263
442
275
658
304
374
322
308
336
245
497
358
499
247
389
268
303
289
275
388
209
376
612
245
423
292
348
302
424
410
479
526
338
342
214
315
265
355
335
382
285
271
217
263
216
376
473
333
424
640
407
300
614
247
199
251
369
300
212
235
282
284
327
181
353
389
219
310
241
290
297
127
298
408
267
273
296
397
612
294
276
516
269
457
377
319
351
191
326
363
291
307
288
434
535
595
187
400
362
250
213
345
557
321
254
212
326
406
276
306
370
543
417
218
340
318
537
312
343
434
526
356
485
292
268
292
363
294
247
335
289
313
538
526
253
280
283
257
464
480
428
311
354
357
405
451
494
554
261
310
353
247
346
199
448
355
165
514
278
324
359
258
440
290
426
242
337
343
421
365
279
361
336
229
328
308
225
224
372
194
272
650
236
223
241
264
54
73
657
514
339
300
278
597
253
230
334
281
253
661
240
268
187
330
288
317
290
398
302
294
214
252
269
374
211
303
616
456
482
327
252
374
340
226
327
216
606
318
390
307
518
235
191
277
327
295
444
173
298
395
458
376
243
312
285
406
356
248
305
382
270
488
172
389
446
588
202
237
240
236
279
284
380
314
222
215
186
116
306
201
475
219
438
274
277
216
233
188
219
198
280
145
364
248
188
215
159
158
353
222
251
344
201
170
490
378
213
339
192
227
248
347
232
128
241
599
217
224
202
234
500
254
162
168
223
392
240
227
497
180
264
346
247
170
292
267
98
335
331
458
106
176
163
397
300
209
191
175
296
212
117
185
157
300
251
250
380
368
186
240
181
220
147
242
206
238
280
79
109
173
162
138
240
372
214
267
244
494
299
240
174
198
239
195
216
174
214
185
418
210
282
180
196
148
234
181
245
248
385
113
87
277
146
145
336
132
194
192
132
215
79
108
185
80
88
195
185
130
152
165
61
290
162
127
149
186
176
91
173
75
116
116
142
84
67
125
177
132
89
91
155
82
103
1061
207
