838
1002
940
894
863
698
985
932
106
948
897
821
768
698
754
763
745
773
738
885
731
860
712
877
748
667
1058
837
958
865
1006
930
1036
1074
1105
1204
1380
1122
1176
1119
1243
1255
1182
1191
1354
1372
1342
1423
1029
1401
1230
1466
1378
1352
1207
1373
1437
1384
1372
1302
1352
1661
1121
1259
1192
1241
1103
1348
1250
1360
1125
1300
1084
1100
1193
727
1155
1173
863
919
922
1145
1054
1065
1114
1083
1070
843
1161
1009
1115
1052
1026
992
999
848
926
1159
1035
843
809
1274
1133
1118
986
1138
1079
1197
1127
1041
964
991
1000
914
970
952
1195
892
998
954
1020
1005
928
1191
772
1711
607
920
1087
862
973
855
839
870
672
1111
1407
1295
722
785
1052
1067
1007
1180
949
986
652
960
993
1641
1125
1333
1359
1464
1077
970
1131
1055
1118
969
1152
1086
1109
790
927
1027
962
1031
971
883
851
886
642
767
586
857
669
625
908
653
570
1049
882
1658
1239
596
609
829
542
539
540
616
516
529
570
663
938
939
557
946
890
831
891
892
864
870
979
1040
973
1052
890
898
778
1111
441
1066
866
900
988
885
789
1026
1246
1185
1269
1245
1027
1365
932
1153
634
913
999
1093
1403
962
1104
1037
1107
1060
886
1047
849
729
685
937
815
951
602
537
600
461
452
579
639
696
772
1058
933
367
512
440
597
943
664
927
353
1081
1161
1020
1088
726
768
552
955
1253
1251
1094
1072
1492
1203
1325
1040
976
894
1004
804
921
1049
746
831
909
601
814
952
913
835
876
1081
1008
965
746
734
766
557
777
1057
601
580
605
551
490
468
550
910
661
1039
1108
910
969
892
1049
985
945
1123
885
688
808
1030
1108
1521
1157
880
911
695
1149
1256
1177
935
411
1179
1338
970
882
1119
928
649
844
620
835
775
747
853
870
1057
959
1145
778
1321
829
991
836
813
821
884
848
862
1182
1091
1102
1108
962
674
634
937
1004
1295
950
1058
990
811
969
761
713
1364
306
786
853
952
949
1027
1065
1129
930
977
1005
895
504
506
563
874
267
816
732
796
833
754
903
942
629
832
915
829
1061
536
1136
952
947
866
887
1160
817
1312
881
965
466
1164
1036
761
954
849
942
534
462
481
493
684
534
623
653
994
1099
931
866
466
525
562
447
789
780
666
740
805
529
526
789
580
1072
938
709
861
857
1051
506
847
924
1010
379
390
746
670
536
491
640
643
663
636
628
652
596
663
1047
686
734
703
811
759
907
710
1291
1253
921
680
950
912
902
761
862
876
826
763
966
864
916
856
893
621
743
951
691
925
954
787
352
307
500
893
632
1099
705
857
847
762
653
931
754
818
830
755
1069
1109
934
802
937
781
1215
1280
505
869
701
541
1096
923
808
1064
848
684
935
854
726
734
618
626
624
520
641
537
625
879
607
842
783
443
907
1076
908
-1
704
672
552
542
699
875
783
578
1046
909
633
533
906
990
895
1097
943
715
1029
797
793
374
968
507
621
589
504
528
955
777
990
885
838
482
480
351
352
477
416
500
487
660
688
845
507
876
652
628
971
619
593
924
933
1194
805
840
756
866
823
604
824
664
797
541
609
826
889
865
922
797
707
818
476
811
523
742
597
887
532
552
667
435
1001
790
1122
664
654
541
802
469
449
477
307
757
313
356
609
470
870
490
701
757
581
481
505
505
591
539
364
849
1075
777
752
785
749
738
755
723
720
553
555
483
598
707
759
784
568
546
668
806
721
430
707
701
675
508
518
432
835
651
1158
476
479
682
558
693
715
740
642
618
655
602
406
418
475
631
493
716
576
711
950
817
874
342
495
512
547
690
497
863
615
432
558
554
529
517
751
765
600
806
440
784
656
299
465
597
583
399
532
686
611
459
767
626
607
477
394
675
549
605
621
576
435
868
273
640
643
297
340
386
498
682
801
523
530
529
485
685
498
852
983
465
833
811
514
613
624
1024
630
773
570
618
484
626
564
739
473
549
774
494
454
701
744
320
544
642
473
478
414
618
552
467
269
802
795
836
527
571
604
578
479
534
471
399
759
1016
557
737
956
821
897
736
767
834
551
497
395
389
383
420
504
339
942
824
807
867
684
483
472
504
586
530
587
510
643
488
570
641
530
582
945
468
398
436
413
320
394
392
638
664
413
439
661
534
622
604
563
801
577
255
711
195
435
427
795
413
854
485
587
559
390
493
737
408
376
610
411
767
737
541
434
645
475
409
669
704
845
456
414
734
536
726
413
579
684
410
606
672
402
764
698
398
618
498
471
409
532
550
720
750
622
383
445
490
290
361
838
474
532
478
851
706
621
697
801
504
363
444
559
525
973
345
745
489
654
572
469
657
686
909
955
945
1044
674
873
653
491
949
437
682
498
696
574
783
625
423
689
692
459
426
427
675
725
530
345
271
533
507
470
425
398
508
482
810
534
790
517
442
450
529
967
792
727
666
340
384
464
465
834
451
610
562
352
494
649
383
660
474
445
674
391
729
748
765
415
409
847
648
564
579
233
732
521
404
499
411
424
501
420
564
458
586
527
511
840
405
479
442
746
595
381
570
457
571
640
446
651
686
777
272
549
395
851
499
441
526
382
425
225
262
444
576
705
994
557
453
753
555
344
380
423
373
533
674
446
624
498
505
492
449
354
555
384
331
258
551
730
411
495
356
460
423
1105
478
381
308
730
719
640
371
377
406
286
327
508
469
411
414
417
570
375
303
736
286
912
407
409
641
504
432
454
410
370
411
430
407
322
568
469
469
540
513
292
224
471
352
602
392
609
194
244
172
313
260
507
433
480
391
238
628
700
514
980
621
553
470
556
566
559
561
515
415
431
540
741
553
387
328
304
529
444
674
440
361
385
288
223
431
461
486
420
475
433
268
272
270
495
631
503
543
475
393
394
305
276
506
420
489
528
614
611
507
474
534
386
284
345
456
266
687
269
626
451
342
480
376
379
305
586
604
383
311
447
403
490
670
347
399
473
691
432
356
336
328
383
499
358
508
806
525
495
368
351
230
472
505
277
335
315
291
269
597
546
426
410
389
405
642
410
212
149
735
534
318
516
267
298
498
418
255
531
515
365
398
751
418
420
534
254
317
333
284
269
270
446
520
555
735
268
540
587
517
292
296
285
238
408
441
416
525
496
409
318
379
613
543
352
431
272
474
326
404
330
478
354
687
240
253
241
285
508
447
473
503
252
221
462
218
549
329
332
441
419
565
343
326
752
265
338
288
280
281
291
290
221
479
270
688
412
554
381
365
471
426
663
335
284
483
561
434
412
415
462
412
294
475
389
518
392
717
323
618
293
303
322
344
319
421
327
284
213
205
197
318
571
281
272
309
279
333
318
272
419
257
211
392
394
353
280
254
457
358
383
248
458
503
468
620
486
441
334
323
547
334
332
406
415
565
723
663
246
441
723
476
725
538
338
446
801
138
408
479
544
236
296
274
412
422
396
300
313
281
301
293
278
305
326
497
279
237
341
486
556
748
355
273
307
298
239
237
429
505
207
206
239
215
388
386
517
383
680
329
589
363
380
223
711
410
394
290
276
438
421
353
158
441
428
585
199
354
294
496
438
392
334
301
299
243
434
182
408
392
397
415
140
481
413
251
429
525
331
260
137
419
433
402
683
748
190
579
324
429
664
280
358
500
244
320
404
378
366
218
311
284
313
568
233
316
274
414
429
559
510
258
372
322
713
416
277
321
229
499
202
342
259
620
311
292
235
232
265
221
538
345
501
257
553
265
209
257
295
371
183
281
549
220
469
339
294
290
287
295
529
394
381
366
215
248
205
290
267
427
220
248
171
219
173
289
627
255
522
468
361
262
436
191
143
196
367
375
154
175
238
226
310
157
335
302
174
309
247
290
343
122
373
499
271
276
212
420
481
310
214
522
333
383
368
279
292
151
286
345
227
240
223
345
630
355
130
481
431
241
188
353
395
324
262
178
234
448
232
289
292
471
344
198
339
216
625
293
340
349
496
258
437
239
205
223
246
221
180
386
306
233
350
365
237
283
294
212
366
361
341
315
348
302
322
349
567
429
278
330
387
204
339
175
522
261
119
414
266
308
382
264
410
240
337
211
271
387
344
288
248
355
256
215
252
284
169
196
338
184
322
599
191
156
228
269
59
80
703
469
320
259
294
406
192
204
344
291
273
785
206
198
196
370
237
272
311
381
240
248
185
220
275
399
195
315
554
340
306
300
218
275
365
162
344
158
484
229
292
259
626
267
225
247
354
290
344
147
314
436
471
319
281
278
239
442
397
185
291
268
244
412
211
305
507
381
179
247
257
181
250
222
352
210
219
195
178
126
297
174
626
190
442
207
208
195
163
176
232
172
318
135
409
213
215
194
128
177
233
207
234
346
164
145
534
289
240
341
175
301
231
372
174
103
155
497
268
191
264
186
319
193
176
188
200
361
167
177
349
177
199
284
206
144
285
283
100
395
373
428
123
184
196
319
256
218
231
139
204
209
92
187
127
217
278
279
348
296
219
218
171
178
129
242
213
144
280
89
140
202
145
133
214
281
184
234
234
377
273
222
168
165
221
185
195
173
186
186
498
195
296
159
170
167
230
192
196
194
307
106
91
277
184
182
262
120
196
185
152
177
76
112
181
82
76
191
138
148
140
138
91
219
123
138
133
164
136
79
121
81
111
90
154
86
78
132
190
163
92
95
147
75
107
698
188
