266
303
297
297
299
285
334
305
21
304
290
254
252
221
201
234
243
301
254
315
223
249
207
270
228
202
240
283
324
340
307
304
308
345
366
391
396
370
400
338
359
378
337
386
395
334
285
358
303
358
420
397
471
384
394
393
398
385
396
447
434
378
384
417
483
420
363
426
459
419
371
335
356
368
278
198
403
406
323
334
424
464
466
320
402
458
308
289
440
296
375
334
325
349
316
305
346
319
357
309
305
338
287
344
339
341
311
341
341
326
258
276
275
280
302
298
261
261
271
328
314
275
243
334
223
326
217
270
277
267
329
300
288
320
234
292
273
291
153
234
295
362
236
282
228
270
193
296
357
354
260
301
271
273
249
374
381
275
312
349
340
313
296
273
304
318
344
315
287
280
263
270
220
220
207
251
214
192
274
186
153
313
229
311
246
199
196
236
171
169
165
192
163
174
170
200
234
234
177
229
341
284
331
320
252
217
309
280
387
433
336
326
336
266
133
321
234
365
373
394
278
321
382
391
393
354
314
355
402
452
217
369
263
288
324
391
337
345
405
368
318
386
354
250
159
380
388
286
182
165
185
120
141
179
211
272
196
305
249
94
159
125
218
353
150
305
94
314
295
382
412
276
337
244
401
261
276
291
295
271
330
358
323
370
365
354
249
291
273
187
330
325
200
270
351
311
312
161
330
374
318
271
269
267
204
282
338
139
186
164
120
131
111
107
355
192
379
289
312
214
294
357
306
350
375
363
326
229
251
249
283
300
316
299
257
428
356
473
416
151
367
269
273
344
304
384
200
278
217
193
281
275
345
327
272
290
320
277
270
348
264
275
328
303
291
292
408
300
262
269
324
395
246
254
405
274
296
260
300
344
307
318
173
277
338
84
335
305
379
408
254
280
252
211
181
260
294
255
255
135
385
77
397
313
320
335
359
284
321
245
320
306
296
324
84
305
303
300
320
209
314
293
318
306
400
130
291
336
375
284
372
309
210
184
193
211
258
209
279
214
256
473
616
670
197
227
205
198
283
306
204
190
306
205
248
204
203
412
395
221
400
402
232
176
620
287
404
189
178
284
253
244
207
333
324
308
297
279
298
271
263
258
256
189
243
234
199
320
225
369
335
430
194
239
322
215
253
301
293
339
361
282
307
327
341
239
250
299
330
319
352
318
371
152
122
141
318
251
327
233
284
356
251
327
357
358
270
330
359
350
451
298
204
347
344
347
304
164
398
241
240
295
274
379
408
389
195
273
216
363
365
252
226
229
192
217
231
237
263
262
402
415
168
270
290
385
281
479
232
229
216
281
312
277
292
208
188
282
249
298
277
266
266
267
197
350
316
274
125
308
160
268
243
261
235
299
278
256
265
477
208
204
183
164
208
194
237
174
188
359
308
273
350
340
392
373
358
333
216
319
167
220
238
307
446
389
292
239
463
290
322
253
336
440
428
300
372
409
406
223
500
280
404
434
341
230
242
563
147
241
276
263
347
335
330
357
204
189
271
98
349
95
223
157
306
264
262
271
274
181
163
169
218
257
210
117
440
306
351
350
360
357
344
348
321
231
284
223
294
388
313
410
367
211
219
230
200
202
287
583
572
255
296
228
268
507
417
331
320
320
281
235
502
233
300
317
331
338
312
188
214
300
517
244
248
279
326
307
281
392
122
181
302
252
340
224
224
130
135
284
278
268
255
424
451
233
301
257
246
268
94
248
319
458
358
260
249
298
196
228
514
186
171
113
279
308
180
283
256
282
246
102
297
416
127
132
212
285
256
287
124
284
380
227
457
398
332
251
320
434
365
123
384
370
308
493
506
382
429
149
290
220
208
396
374
325
343
232
392
459
106
310
264
349
319
175
305
192
232
76
267
267
248
278
376
411
300
294
416
322
238
414
298
333
381
354
313
258
240
218
294
378
320
250
215
187
212
374
237
196
246
226
191
323
350
365
344
350
296
404
444
352
138
320
217
560
258
328
252
214
239
205
238
212
218
393
464
252
270
255
172
297
302
127
262
374
223
329
84
245
318
307
417
289
347
283
261
181
233
298
263
255
321
244
202
261
301
286
523
286
218
333
275
328
218
225
436
278
266
311
111
207
170
258
363
236
368
288
226
227
333
346
123
466
483
343
238
240
368
251
310
165
285
415
190
258
417
349
448
396
435
378
513
328
251
256
370
209
141
150
128
404
554
526
393
512
332
306
291
292
306
309
251
261
287
245
470
331
510
520
313
283
383
351
164
412
464
392
294
513
405
194
167
563
161
277
329
355
287
476
314
297
371
321
204
351
258
294
343
375
271
115
212
225
238
245
213
233
445
333
232
277
318
224
348
185
288
220
203
375
336
331
193
238
217
340
383
203
381
219
268
433
222
422
290
408
462
253
461
296
243
239
252
266
375
440
128
185
461
367
278
498
362
244
230
271
279
188
387
318
174
529
572
126
331
127
132
342
330
307
362
192
358
274
450
391
352
470
425
362
234
387
315
350
424
238
232
258
299
313
235
235
487
185
303
431
208
562
447
335
174
108
55
293
270
202
291
170
397
280
324
417
387
364
369
161
290
229
342
327
271
255
390
376
288
249
270
242
359
337
132
373
203
332
446
479
523
429
237
328
207
444
234
458
557
332
45
42
39
138
374
335
272
207
378
216
285
297
248
327
293
385
423
254
243
257
262
261
221
239
339
379
247
142
423
329
401
288
400
114
261
173
246
210
319
290
307
99
313
483
343
317
406
391
182
239
199
194
220
214
233
228
317
205
184
596
372
355
270
325
240
345
334
386
230
308
285
294
255
390
319
387
320
264
484
215
407
236
298
525
231
306
289
382
423
260
387
362
388
276
314
257
606
325
307
253
311
281
221
294
230
285
300
271
270
246
246
294
240
463
282
304
294
596
260
151
175
149
232
468
381
167
361
233
202
269
235
344
199
444
290
163
358
313
317
268
265
409
294
293
308
220
323
298
286
199
331
343
461
287
361
209
228
287
345
351
184
294
177
264
178
297
296
178
274
210
317
294
77
254
342
309
284
218
244
233
213
224
313
284
311
246
230
321
350
335
433
495
292
296
451
340
346
258
298
248
276
206
208
340
189
291
282
231
236
196
255
341
314
350
140
307
212
232
421
413
489
387
426
453
476
430
267
423
292
380
231
305
149
232
342
287
377
426
227
269
224
196
198
214
326
278
-1
313
204
231
338
134
347
322
183
186
334
269
258
390
288
372
325
372
244
261
242
333
269
339
174
301
270
252
214
257
379
417
278
112
213
375
466
183
246
246
145
268
391
352
151
343
401
375
326
307
301
340
347
240
226
268
277
215
189
152
165
284
258
270
241
315
233
312
254
167
336
365
320
212
216
333
178
221
259
178
285
473
280
393
182
399
328
318
168
329
266
314
188
351
171
304
265
259
348
232
376
182
227
277
306
177
511
321
577
203
333
343
314
347
226
374
335
172
232
175
176
326
213
205
231
116
214
137
230
220
272
209
278
243
258
288
339
270
314
190
326
202
206
236
247
235
249
282
418
193
217
208
330
257
314
248
257
224
386
417
291
281
244
300
296
232
316
217
329
128
306
464
238
237
240
240
294
398
326
401
344
364
498
238
230
408
215
151
179
256
272
335
359
294
332
166
232
165
285
252
335
270
252
251
278
297
291
201
285
156
160
166
261
213
186
282
176
85
301
290
250
199
247
315
336
191
204
214
142
278
306
337
269
152
361
229
433
289
38
159
228
281
403
202
349
164
287
199
316
185
328
314
224
317
221
128
203
284
288
204
240
341
117
137
332
187
234
260
51
250
272
295
275
304
229
254
289
271
225
242
139
366
209
293
273
205
190
334
247
155
298
207
235
261
230
231
398
171
249
287
290
246
289
323
125
285
282
250
223
355
162
374
269
220
309
269
465
387
246
464
267
316
203
8
291
258
241
350
290
350
242
227
245
251
235
256
266
215
279
208
187
251
302
215
171
146
232
267
238
206
198
228
383
12
17
234
206
195
162
306
255
120
177
265
307
225
294
252
160
241
287
255
177
433
331
230
209
149
209
334
378
191
215
244
259
204
322
198
228
317
157
352
204
264
235
216
258
206
126
292
253
378
384
277
112
303
230
189
275
339
156
157
366
221
202
371
185
209
175
184
194
237
201
218
147
319
232
184
148
193
180
237
171
226
125
212
262
230
296
325
142
142
172
118
226
279
230
299
28
315
245
99
185
163
124
154
197
175
103
178
193
271
221
378
276
107
174
121
171
90
133
182
276
235
168
165
178
242
190
78
224
49
248
175
168
172
228
186
148
207
155
261
195
117
225
264
215
105
258
249
281
239
254
142
194
151
259
112
89
172
143
336
338
278
132
179
184
173
118
191
179
242
29
333
93
160
240
182
95
213
221
194
187
172
168
253
174
161
129
53
160
172
166
200
103
241
180
166
141
145
203
202
144
190
190
156
147
134
222
173
173
225
123
152
218
109
129
77
102
141
165
138
195
31
183
165
154
123
185
128
133
141
130
149
140
120
68
123
130
114
51
82
138
147
78
106
106
79
78
117
262
191
