295
312
307
307
319
303
341
312
44
318
283
269
276
243
244
258
273
298
262
336
246
276
238
267
246
224
253
288
322
337
324
312
342
353
369
389
399
380
412
365
366
404
340
416
398
334
317
376
318
385
424
398
440
405
410
372
398
392
368
401
435
386
344
382
452
395
374
409
408
412
405
358
358
398
288
236
425
411
355
365
313
404
403
318
390
425
327
278
416
324
388
373
341
333
352
316
289
347
366
276
278
334
313
357
339
323
308
328
326
296
271
269
281
275
287
281
277
265
282
301
286
280
255
351
223
365
199
253
324
265
346
263
266
303
189
285
297
287
196
198
302
329
209
297
242
261
163
264
384
403
276
321
294
276
253
373
391
284
319
356
343
313
316
275
305
333
362
287
267
265
246
264
169
187
192
215
185
183
270
195
141
295
255
321
264
165
186
220
156
137
141
183
147
167
172
192
270
271
170
235
359
268
332
330
281
236
286
269
364
395
377
327
294
266
111
360
254
378
396
385
262
356
358
356
422
362
316
357
321
418
241
376
276
301
343
412
363
344
411
391
358
380
324
247
191
398
331
272
186
150
164
116
131
166
186
245
219
327
261
90
162
120
202
369
178
303
81
327
265
383
415
249
259
211
413
272
295
300
298
291
339
393
365
379
389
333
286
307
278
214
369
343
244
340
387
299
342
191
378
380
352
258
275
262
212
256
369
172
200
198
147
158
141
144
365
166
399
291
357
237
310
388
350
388
385
365
311
255
261
256
325
352
356
362
212
327
373
441
376
136
363
316
306
365
320
365
172
285
217
207
299
272
382
367
291
276
309
284
309
352
310
315
368
343
352
284
389
325
278
276
348
412
235
248
410
307
309
317
309
376
329
327
196
260
362
83
352
313
390
402
278
291
260
198
188
258
282
225
223
168
407
72
382
300
310
376
359
284
360
221
322
352
281
350
108
329
333
351
331
214
333
307
345
298
380
152
321
287
348
306
403
288
214
198
191
201
251
160
304
214
263
395
434
450
195
225
209
203
278
322
225
184
316
225
218
240
231
381
358
228
346
350
255
142
448
316
384
156
176
335
250
190
194
268
270
271
262
254
269
251
254
266
262
208
216
236
201
317
254
369
388
407
217
301
309
245
279
354
337
347
368
322
356
330
349
239
251
326
316
291
385
338
395
130
75
123
347
237
358
271
318
374
289
301
373
352
259
374
357
393
437
346
214
404
326
348
306
155
371
252
253
337
317
386
380
368
214
254
235
352
320
246
226
231
215
222
208
234
264
248
369
397
156
273
311
357
309
400
226
211
211
290
345
327
275
197
168
297
224
314
296
286
315
285
179
324
357
244
83
327
189
266
213
242
228
324
275
294
300
420
223
196
147
139
209
172
226
156
211
356
300
275
306
345
324
393
373
348
233
311
191
227
226
282
433
410
250
249
486
298
270
246
321
466
421
289
402
379
421
225
409
284
407
386
328
222
256
465
165
237
291
280
369
363
270
344
213
177
236
83
309
81
213
173
172
294
266
284
279
185
163
170
199
232
236
109
410
364
376
366
379
361
357
379
357
258
249
219
242
360
344
380
374
196
227
246
194
216
240
505
480
219
273
226
252
430
355
375
277
266
247
268
461
249
299
355
344
367
322
186
213
261
416
231
271
263
290
355
321
364
119
171
242
240
366
221
231
159
133
315
227
252
260
405
393
201
326
196
233
236
80
245
299
390
296
252
247
283
197
205
460
198
186
163
266
293
187
295
265
252
244
94
295
379
122
148
231
263
225
308
162
284
379
215
388
330
365
250
266
399
382
191
327
356
310
438
457
299
339
185
276
222
203
314
315
343
267
195
346
393
140
268
299
286
380
158
318
181
236
101
323
308
243
262
341
456
298
261
359
326
223
400
293
291
396
366
314
305
270
234
302
349
337
230
206
160
199
324
197
232
260
258
231
360
379
365
323
323
330
420
377
335
182
359
209
434
294
331
233
238
247
223
248
224
227
390
433
264
275
257
159
319
292
151
300
400
164
352
74
206
258
337
306
324
353
294
294
176
229
333
244
222
294
220
207
276
312
249
412
245
228
301
284
370
211
230
431
273
256
311
110
232
181
236
363
268
369
334
210
233
349
347
140
412
423
350
256
260
340
241
357
141
251
350
165
265
418
369
410
374
408
343
403
246
227
254
304
232
146
193
147
388
444
392
391
423
332
323
316
355
321
329
285
294
289
218
457
323
418
443
343
285
365
370
213
391
367
370
303
426
333
194
167
454
173
310
372
348
247
428
339
312
339
283
233
396
255
315
360
385
314
137
245
239
244
281
230
244
436
262
244
339
351
181
367
202
330
209
235
333
353
346
180
288
255
344
380
186
376
243
240
366
183
408
291
358
441
274
405
348
246
279
249
227
370
416
148
183
373
367
279
434
420
291
231
310
254
212
357
347
174
422
451
132
303
109
114
358
334
356
379
187
379
294
412
331
275
418
372
372
232
369
353
329
333
261
244
258
296
299
216
216
454
193
293
414
127
493
428
343
186
111
51
288
325
179
244
186
356
224
245
392
359
376
376
173
277
236
332
317
231
255
376
340
353
299
292
244
338
361
141
317
205
328
288
469
389
431
273
284
192
390
228
407
379
311
49
52
34
129
247
376
330
166
353
236
319
329
270
326
305
339
351
291
284
290
308
281
243
264
406
429
257
157
368
311
350
295
374
99
260
183
228
188
323
306
337
131
316
428
298
241
339
349
202
257
223
223
206
202
224
190
323
202
217
475
344
341
275
343
259
312
345
322
254
228
311
271
274
342
246
306
305
285
390
185
324
229
238
402
241
313
337
375
419
258
397
347
294
254
293
229
475
313
292
258
350
306
202
294
234
294
299
232
250
258
256
217
287
408
322
323
317
448
314
114
206
168
252
417
317
214
259
206
266
319
277
282
235
401
284
198
305
273
297
216
213
355
220
236
243
238
301
277
346
185
368
330
390
299
305
172
186
276
310
302
180
346
182
232
197
332
342
157
272
182
279
290
129
235
388
321
293
217
229
211
203
223
329
269
284
189
225
370
304
375
341
397
313
314
380
343
327
281
238
246
232
203
202
323
212
246
288
245
281
210
265
392
350
295
152
345
214
232
441
448
468
347
387
366
325
333
306
416
296
343
245
259
167
238
308
259
298
382
214
263
200
179
194
188
232
273
361
267
205
209
347
149
301
295
201
183
314
305
245
297
314
467
399
406
203
262
254
284
258
355
175
275
237
285
235
214
294
313
301
154
248
263
466
185
271
281
188
248
330
353
127
432
309
379
257
250
311
395
307
277
250
258
299
166
165
180
176
311
320
276
244
318
244
325
283
182
327
352
339
213
211
392
199
230
228
169
221
422
277
413
185
392
294
304
179
283
217
319
180
361
159
228
275
280
247
174
414
181
235
227
315
178
387
267
370
256
264
350
407
288
212
370
330
188
200
110
215
270
214
218
221
169
208
160
270
256
330
205
300
203
257
284
377
314
319
199
354
229
231
252
229
227
206
256
340
190
217
200
336
268
260
235
310
211
299
376
297
274
194
282
288
203
333
181
322
146
339
355
260
230
228
219
251
373
371
314
305
301
349
205
187
285
209
163
159
298
307
335
332
304
325
177
228
200
295
273
330
260
256
232
268
284
250
210
316
182
225
206
237
219
199
306
195
91
217
327
221
164
189
286
270
186
156
212
125
265
228
268
301
187
-1
222
366
240
44
171
245
258
321
189
324
167
336
188
349
189
364
277
220
319
189
142
193
274
301
167
235
305
145
91
288
190
235
212
91
304
272
242
217
269
251
237
277
256
210
276
156
325
187
302
283
213
204
352
204
162
303
210
201
286
258
212
361
170
271
324
306
181
201
260
125
338
326
272
198
341
166
348
266
228
334
257
373
330
210
378
193
280
207
25
312
227
237
412
247
295
268
247
266
290
207
234
311
226
316
193
210
231
246
179
171
163
225
218
251
186
169
187
321
11
21
252
204
174
235
229
283
115
177
247
252
194
334
239
172
228
250
255
193
363
326
213
204
145
188
330
342
183
232
275
252
212
330
173
251
375
167
321
167
292
186
259
215
219
142
221
217
316
331
286
113
281
215
220
278
257
168
181
337
256
180
346
197
206
179
174
234
257
198
146
163
295
229
228
193
208
160
220
170
177
129
235
204
214
215
346
152
153
185
132
201
264
226
256
51
307
224
122
172
164
133
173
156
211
116
182
182
226
201
292
286
121
203
135
180
72
127
151
305
227
183
179
203
215
196
95
207
61
250
160
194
211
165
192
161
241
150
287
193
123
206
225
234
114
232
175
288
222
261
126
166
156
216
106
106
158
170
295
295
283
128
178
206
161
142
182
227
203
49
316
48
112
222
145
103
246
222
195
215
183
184
293
222
197
171
73
208
207
186
225
115
261
214
146
190
175
198
242
141
168
165
173
150
131
236
156
154
221
134
144
189
125
130
87
117
152
117
119
195
40
145
175
186
100
183
141
129
133
138
158
113
119
74
146
110
133
73
90
132
173
68
114
115
96
75
115
276
181
