284
350
372
377
367
351
412
369
41
350
371
345
282
253
272
303
305
365
358
402
297
306
240
272
227
204
279
344
374
388
374
394
426
409
488
479
514
432
491
414
425
463
421
492
490
391
376
423
313
436
516
495
515
515
458
448
526
488
465
513
588
504
450
421
531
507
494
495
514
533
466
442
474
467
310
244
494
489
342
408
383
512
538
383
529
535
330
255
533
354
467
437
414
403
398
295
319
378
417
280
307
408
357
412
426
403
394
414
409
378
326
344
319
309
332
349
361
265
347
360
339
342
240
427
229
442
177
345
359
310
427
343
337
341
200
349
371
373
232
236
350
402
258
377
275
320
191
363
442
504
340
364
345
369
294
441
481
347
389
424
469
379
384
348
360
395
440
353
343
304
281
310
198
220
222
276
227
208
326
240
146
368
330
399
327
205
197
264
194
154
178
224
178
181
190
216
303
302
186
289
381
322
388
388
337
235
332
361
453
485
469
448
311
326
120
408
304
432
428
434
298
441
457
436
539
441
398
467
401
493
221
393
331
352
435
481
412
406
501
518
418
449
367
270
214
499
406
278
183
151
175
106
143
176
192
266
279
390
359
102
179
121
212
447
203
357
93
399
309
415
509
276
333
247
517
340
353
380
367
361
398
449
400
470
485
508
334
370
342
257
392
415
281
378
452
345
390
223
440
491
390
328
326
316
257
330
404
219
185
233
187
157
176
187
448
173
468
358
404
269
352
504
410
477
464
455
301
294
283
315
377
391
404
439
222
387
444
513
432
144
450
389
387
412
386
432
185
320
267
234
388
304
451
421
338
344
373
272
329
465
354
353
382
409
400
307
483
324
319
322
438
500
255
310
530
342
381
387
425
460
392
369
245
299
438
90
416
344
427
479
326
339
324
257
257
338
354
224
225
204
484
79
414
309
361
413
388
330
440
257
410
398
373
415
137
384
404
382
338
242
410
356
394
368
423
175
375
311
445
364
456
379
236
201
212
242
285
219
303
221
332
513
507
492
233
253
255
233
331
413
263
186
365
233
275
273
270
542
439
244
383
408
323
172
481
326
484
173
165
353
233
200
180
324
302
312
306
301
323
303
318
332
345
216
238
311
260
397
274
454
468
471
229
329
292
234
289
375
376
420
419
348
413
379
383
287
257
357
374
304
482
428
475
170
90
130
394
314
422
259
285
452
304
342
452
419
318
393
352
435
397
396
317
448
420
448
426
169
483
308
305
383
361
433
421
435
246
346
301
443
426
305
279
270
244
320
231
309
334
290
426
426
150
347
369
470
348
467
291
264
268
368
407
382
310
223
199
368
291
419
373
384
393
348
235
382
402
277
107
393
175
309
274
315
283
387
275
338
342
457
212
223
172
164
246
187
242
204
232
508
371
314
360
389
342
430
429
421
246
394
258
296
292
313
494
465
262
323
524
371
331
243
416
432
508
373
489
382
523
258
521
354
480
504
414
294
297
550
172
253
352
340
438
432
352
420
242
221
258
89
346
98
196
199
208
386
310
337
319
223
179
203
270
293
254
128
469
405
462
453
463
449
450
406
401
326
311
279
274
429
393
403
443
268
290
275
221
259
262
539
561
239
324
272
272
489
441
434
327
354
289
343
539
315
371
414
404
403
381
215
261
348
481
276
350
357
312
413
375
500
132
191
301
305
460
278
278
200
145
406
273
289
317
510
471
226
346
217
282
287
83
246
382
481
335
302
316
280
237
203
450
265
214
149
325
340
256
332
323
315
284
104
334
448
113
189
262
379
305
368
164
330
425
278
551
415
422
339
335
481
445
229
484
499
385
483
531
373
374
164
366
241
190
360
410
407
295
212
440
439
162
346
372
314
363
161
366
214
226
94
351
340
311
321
384
461
379
311
397
355
232
463
383
378
421
435
419
322
371
283
354
420
378
271
253
183
264
392
220
260
299
276
265
392
410
407
385
382
395
469
454
378
219
388
246
487
378
401
260
271
295
266
292
217
277
394
530
289
301
280
172
316
351
187
357
469
146
407
75
240
279
367
364
364
423
356
368
203
274
346
314
310
425
259
281
359
374
326
473
281
247
344
344
448
258
268
549
254
291
343
123
305
232
254
419
294
395
372
266
243
413
430
188
499
487
398
312
307
384
286
359
150
336
407
185
244
477
445
528
477
462
373
487
288
245
304
334
321
162
263
222
498
547
480
427
489
423
393
380
392
367
382
332
315
336
280
484
434
481
490
393
288
421
442
240
408
388
416
364
486
436
242
207
539
176
353
388
397
257
561
405
360
472
350
232
418
302
335
452
391
355
134
242
288
307
290
262
290
470
321
259
377
380
200
337
249
344
229
266
449
397
350
242
355
327
306
428
195
425
253
266
427
219
439
303
413
563
313
520
352
298
300
303
274
424
522
189
209
498
444
297
563
485
357
264
360
270
243
411
399
204
511
545
168
397
115
111
439
402
412
438
202
371
395
409
377
374
541
410
494
276
377
437
375
372
321
289
278
325
364
278
236
617
248
337
410
174
508
499
431
216
136
59
302
340
195
322
231
437
327
284
415
357
427
420
194
347
251
355
335
290
316
416
355
412
295
307
289
372
361
168
380
255
313
285
456
463
537
332
331
233
445
268
503
412
328
48
51
46
139
332
416
356
178
395
251
365
387
302
407
336
372
368
342
336
348
344
326
266
309
452
477
284
177
413
343
414
320
440
83
276
195
257
238
385
327
349
165
420
444
342
288
320
456
245
347
294
301
226
222
251
204
357
234
272
508
417
405
341
371
272
304
377
323
254
252
354
342
315
386
292
360
310
286
392
278
373
280
257
446
238
344
344
422
462
336
472
461
330
250
320
230
574
341
337
282
375
398
293
320
270
308
336
260
287
291
298
271
311
491
363
340
335
515
351
120
216
180
313
461
405
228
326
233
308
341
299
359
276
422
379
257
343
341
292
251
238
352
255
279
272
288
411
319
358
217
465
396
469
333
347
240
243
352
351
326
194
311
190
283
233
401
380
191
299
195
299
314
151
307
408
346
338
219
220
209
212
261
348
301
355
214
231
405
306
369
455
490
376
376
508
407
376
351
280
292
293
225
230
353
228
288
350
229
310
238
286
390
333
313
181
381
224
275
506
536
482
450
518
424
359
387
335
447
351
420
297
334
211
250
368
310
354
427
229
277
254
209
225
224
287
357
355
288
274
238
376
171
341
324
232
234
322
350
268
320
290
471
383
375
237
318
280
294
281
357
210
316
263
304
246
281
356
414
367
191
289
327
474
172
294
320
235
252
366
408
144
396
365
491
302
274
296
419
355
289
270
266
275
235
210
183
194
351
379
289
252
300
287
363
322
208
337
356
334
241
228
394
250
258
281
208
268
449
380
486
180
472
306
357
173
318
269
352
218
346
169
299
313
291
276
194
390
206
298
248
373
196
429
319
413
279
398
379
321
344
224
364
340
209
235
135
253
293
206
263
300
189
234
171
318
334
325
259
323
245
272
308
408
348
359
250
448
243
253
294
259
246
255
285
377
213
260
238
337
315
321
314
337
219
334
450
327
320
255
310
283
250
371
200
338
167
437
375
258
250
255
256
300
379
371
399
310
384
379
206
224
311
245
162
158
353
333
323
373
348
376
211
240
233
375
337
365
286
322
274
347
329
304
230
322
174
187
220
284
272
221
292
222
97
273
312
256
205
224
351
313
210
172
248
142
320
243
424
296
201
341
232
412
270
42
237
244
312
355
207
318
206
330
232
450
211
369
318
253
336
222
210
292
300
293
201
307
341
155
95
406
232
263
251
138
313
267
280
249
281
314
258
310
280
216
312
166
351
198
362
295
285
235
357
264
156
295
237
254
282
260
216
369
222
304
288
284
203
205
303
132
358
371
294
288
-1
226
365
290
278
346
306
389
308
211
405
230
333
198
23
325
284
263
400
269
337
290
279
276
300
279
239
292
206
408
211
266
244
277
213
175
173
243
299
326
251
205
242
378
17
20
316
202
231
268
255
328
162
217
286
268
220
363
247
196
284
323
281
214
396
364
224
238
176
224
304
417
219
218
330
259
215
363
199
302
369
212
413
225
347
212
259
243
303
172
243
263
379
438
290
143
305
245
244
303
247
193
202
404
275
210
383
201
266
208
184
253
309
224
201
194
336
231
252
197
261
204
220
191
176
160
264
250
249
245
385
175
175
194
126
234
331
234
300
109
392
295
145
203
162
154
210
196
216
169
208
197
260
218
307
344
153
224
162
193
90
139
186
371
260
192
219
192
225
222
132
280
97
283
206
219
269
222
217
182
277
173
302
282
139
231
232
294
121
253
169
291
269
278
158
227
156
249
131
152
179
174
303
303
312
172
219
209
209
144
208
241
237
56
330
52
125
207
178
137
246
283
237
211
228
210
312
237
214
197
73
212
242
204
228
159
303
215
180
201
199
195
242
173
228
225
205
135
108
249
180
179
255
141
143
240
140
162
82
145
147
111
117
198
75
174
184
185
96
218
158
157
174
166
167
119
122
81
144
149
138
75
80
137
187
80
117
118
137
94
130
259
243
