491
620
694
662
655
599
749
640
86
690
642
578
476
437
528
542
571
629
586
711
544
541
423
460
387
377
494
660
695
751
675
752
705
749
859
869
884
759
832
730
729
780
770
852
756
671
619
729
569
756
971
767
809
746
762
725
770
729
680
761
835
727
767
655
790
778
855
749
774
759
908
826
971
912
551
465
900
874
643
832
498
751
739
558
928
924
532
454
760
597
817
732
721
797
722
610
432
626
747
393
492
594
634
754
732
583
562
578
579
545
450
491
509
477
482
536
477
420
520
534
482
430
411
697
360
615
342
480
579
462
750
480
463
523
294
450
509
556
430
338
608
596
342
550
371
472
242
487
805
717
612
680
596
466
535
827
781
502
556
793
817
568
571
627
695
743
890
473
459
407
394
399
267
302
296
370
295
294
461
295
190
524
454
638
602
371
235
330
222
184
196
258
243
271
288
314
502
503
304
507
713
466
720
704
559
349
539
600
712
656
1009
961
586
565
278
740
507
887
880
806
391
741
659
623
741
693
560
752
671
721
525
777
581
641
604
1011
742
579
852
899
841
755
562
443
390
943
579
459
335
252
305
211
204
329
306
433
490
585
482
147
277
200
331
864
344
489
127
587
505
713
864
367
492
430
1019
547
564
602
569
600
663
696
680
849
869
705
551
522
546
425
772
794
488
674
813
505
699
424
806
688
690
478
463
465
353
434
783
468
348
447
360
282
347
409
804
303
798
584
705
420
694
795
729
832
760
879
655
480
501
445
505
632
839
683
303
544
621
753
671
206
693
611
779
748
734
687
357
570
480
402
700
573
927
851
585
539
593
523
478
827
604
614
696
760
716
477
815
564
546
552
660
771
398
465
899
628
634
694
596
751
825
730
388
474
607
153
814
648
781
861
513
513
434
344
333
447
634
400
398
341
963
112
836
604
656
820
852
530
704
427
782
724
606
752
248
627
705
663
556
318
713
588
646
540
643
379
586
502
799
529
896
550
365
297
288
346
434
353
579
358
489
731
775
775
332
399
335
341
561
673
359
355
700
440
388
474
438
813
613
407
624
637
542
267
675
589
683
226
244
622
418
316
348
502
480
464
485
449
539
458
463
529
567
464
447
546
416
664
499
653
677
718
286
579
550
426
501
718
721
790
859
650
746
657
657
506
415
606
572
512
794
758
924
237
133
254
718
448
643
427
513
761
500
616
830
795
417
718
734
745
689
701
491
743
724
610
532
216
849
547
511
611
592
874
634
609
390
461
547
875
766
499
467
462
386
493
408
464
512
485
760
723
195
515
582
682
478
653
496
432
452
522
687
647
555
286
237
701
490
653
611
611
609
623
430
559
748
407
130
662
346
449
397
552
444
595
458
578
565
687
329
375
249
248
413
252
409
229
447
769
506
526
506
748
717
628
732
708
434
507
380
448
462
435
760
729
498
577
893
562
525
357
518
709
748
496
764
791
823
406
762
641
844
840
593
441
468
833
262
340
529
432
816
759
481
746
340
308
441
107
536
163
326
333
393
657
491
434
413
334
290
310
442
499
484
143
636
607
796
752
761
774
747
742
734
511
449
406
410
762
695
588
718
427
527
444
333
438
414
798
793
391
551
435
456
724
563
742
477
468
425
529
792
650
720
743
704
758
702
347
420
514
655
469
574
471
560
671
702
733
210
293
431
454
584
429
325
321
212
682
406
466
470
725
682
438
616
280
442
434
191
452
472
623
508
539
480
546
394
342
749
466
339
295
510
650
413
599
541
425
395
154
557
600
224
294
414
592
413
715
288
554
880
434
672
546
706
545
473
733
612
399
553
562
512
653
735
479
684
344
619
357
315
598
546
681
490
405
643
639
424
559
599
472
729
274
692
262
396
212
621
604
487
457
801
917
731
567
728
665
384
645
619
628
847
677
606
663
531
366
494
846
738
444
434
277
395
552
328
438
508
448
459
691
905
868
829
769
799
936
853
684
419
685
351
603
680
650
481
475
538
474
504
461
487
767
753
541
537
427
245
588
638
319
694
777
227
717
134
502
423
611
536
690
671
546
532
335
401
589
514
465
607
463
482
585
675
540
638
435
399
488
489
714
415
502
735
458
402
654
229
464
366
475
800
492
666
575
406
372
826
819
320
780
787
609
529
502
802
480
670
230
530
625
320
434
-1
749
619
544
571
522
595
409
411
520
485
407
267
435
302
716
678
627
754
609
625
570
572
556
597
649
614
536
445
391
683
568
625
635
508
556
830
814
415
831
785
760
554
663
555
427
383
675
287
571
711
710
471
733
548
730
751
526
486
785
494
490
616
590
551
249
532
442
524
493
517
506
664
435
419
666
710
234
706
378
584
485
460
492
533
778
365
488
433
641
729
368
615
543
426
537
348
943
499
651
625
623
664
686
481
514
417
399
798
698
296
283
633
670
584
718
735
587
455
545
392
462
591
640
363
676
701
217
562
150
204
883
505
570
646
289
790
523
551
650
439
574
830
698
445
745
697
884
490
522
454
441
512
684
443
433
669
318
439
576
244
604
639
614
351
177
97
443
599
251
580
316
659
440
450
561
678
702
707
339
520
440
521
498
557
407
729
624
628
521
533
407
663
745
282
430
359
540
388
639
551
802
584
547
398
527
436
557
580
450
78
71
54
302
407
645
537
335
723
373
723
727
584
553
437
510
485
591
559
548
548
519
367
509
762
622
587
276
722
628
526
604
568
130
465
351
529
435
767
610
648
230
723
749
468
373
463
605
370
492
429
471
356
356
408
361
636
379
467
673
589
556
459
665
439
685
529
573
577
370
549
420
558
479
359
423
581
584
464
393
487
360
391
538
491
636
595
638
743
424
623
465
455
523
574
452
656
603
528
366
670
570
404
755
366
590
599
404
507
518
530
400
376
540
551
751
732
552
478
203
335
210
399
559
390
405
374
390
518
589
423
413
487
586
638
365
519
468
387
346
363
439
378
361
364
527
467
357
627
371
522
454
529
588
576
327
323
438
360
344
257
561
296
377
452
566
519
225
482
336
419
630
288
360
596
578
525
327
332
308
315
423
656
493
575
451
401
610
458
548
618
530
540
539
650
714
664
508
487
512
502
288
305
625
354
476
353
422
480
432
545
649
547
436
283
672
373
443
597
658
572
489
576
489
512
423
671
538
669
657
451
415
319
454
503
427
444
479
410
513
393
362
370
338
385
561
417
384
398
430
564
308
505
638
375
363
556
488
395
405
414
518
430
414
367
531
455
510
391
503
291
529
466
535
442
366
387
496
590
283
388
394
592
219
524
504
327
499
418
551
211
531
429
674
396
369
531
660
410
411
356
455
471
340
299
337
293
564
599
459
352
678
520
464
469
348
599
526
571
424
420
704
365
293
450
342
452
545
524
720
383
774
490
490
315
407
451
484
417
660
229
375
668
586
395
305
520
315
362
403
692
338
539
314
499
400
395
393
364
490
371
693
558
375
359
255
423
328
362
473
390
279
437
234
651
642
524
352
480
411
511
498
656
511
623
360
498
378
375
510
407
397
372
425
586
332
296
402
671
565
339
493
572
386
538
483
558
431
350
482
486
408
568
343
628
251
643
432
484
403
408
430
421
540
446
542
402
369
415
344
337
355
335
246
266
497
330
419
393
474
490
329
391
381
607
377
407
364
450
392
497
477
372
417
364
314
369
363
425
350
341
373
363
149
330
529
343
326
418
423
344
306
251
356
262
402
287
499
511
287
418
332
444
337
74
276
371
336
433
344
422
330
387
372
525
268
588
377
349
609
321
319
391
523
447
376
461
463
310
189
423
343
289
282
223
502
421
371
293
513
385
401
498
385
394
419
284
400
319
467
394
378
354
527
359
252
407
387
397
432
365
315
407
271
439
480
474
274
282
353
219
544
517
535
374
477
320
632
429
367
499
312
451
376
341
510
261
444
374
93
610
350
358
414
332
504
386
356
382
476
345
394
426
361
530
345
321
413
419
346
246
267
254
364
534
334
357
261
482
36
35
447
324
386
380
344
510
326
265
330
287
247
464
304
341
292
366
460
336
417
485
348
374
252
273
361
467
269
355
503
441
332
432
298
373
409
344
434
350
447
294
395
347
325
217
273
337
414
442
488
269
324
328
385
403
308
303
301
490
342
311
425
296
313
354
194
378
398
338
217
234
320
346
307
241
370
286
341
295
289
208
475
281
290
276
476
317
318
274
220
359
293
379
316
119
429
303
206
237
203
236
284
298
303
216
308
286
301
321
318
374
258
237
251
278
155
199
241
519
250
253
229
277
355
312
146
242
143
400
275
298
370
234
344
261
380
272
342
340
243
322
303
479
145
297
218
516
345
262
203
212
233
293
146
216
220
235
324
323
423
224
218
256
271
253
220
222
234
139
407
76
141
230
209
188
320
398
257
298
266
321
421
372
293
300
148
271
303
253
318
171
330
291
236
238
251
192
332
194
275
272
274
193
144
301
189
188
350
144
164
244
121
248
98
154
157
112
150
217
110
162
213
230
94
323
217
149
159
183
228
118
149
78
159
134
144
79
77
136
188
90
117
115
166
86
146
472
258
