338
403
430
431
437
394
465
418
67
425
396
387
342
329
346
355
362
389
407
425
369
358
292
338
306
251
319
402
415
436
424
432
476
409
447
527
513
468
500
477
479
537
443
554
535
455
449
462
430
461
536
597
571
636
527
535
633
546
534
567
664
581
462
436
595
517
538
617
641
676
455
442
504
486
370
307
499
516
375
450
378
610
621
558
536
538
457
328
641
438
485
490
451
434
442
340
347
464
461
320
388
531
414
442
436
531
481
488
535
473
422
410
444
390
442
430
403
372
457
440
400
355
311
492
260
515
191
374
561
414
441
371
415
460
244
388
427
471
396
328
441
444
289
455
369
419
175
445
487
518
353
385
368
410
346
474
523
466
482
438
426
477
488
366
392
413
467
358
375
349
328
369
227
226
223
275
292
273
353
305
148
441
482
430
317
268
230
254
201
163
205
230
234
211
289
298
388
386
167
289
427
376
436
416
351
365
407
377
421
637
433
471
354
340
141
435
340
438
444
414
339
464
531
491
699
538
419
476
369
612
345
393
366
371
457
493
489
510
530
561
446
434
370
389
387
447
501
286
260
277
221
173
233
274
167
223
328
521
390
122
257
244
244
478
339
405
189
452
297
460
530
299
296
267
490
334
356
353
355
415
461
531
431
486
506
456
376
462
337
429
429
462
362
461
469
504
419
305
431
554
408
360
351
358
312
368
454
343
243
302
281
230
254
309
458
183
451
383
457
287
381
496
469
465
562
432
326
434
318
357
391
477
475
427
266
437
487
642
460
132
549
377
424
462
383
485
246
395
296
298
392
302
468
472
355
622
439
344
391
453
370
383
445
459
432
496
486
339
321
352
560
541
317
342
493
358
385
428
505
494
422
385
394
336
514
195
439
383
486
506
521
504
401
356
346
379
359
200
201
346
482
107
413
277
339
436
398
310
491
199
410
400
777
423
239
457
429
438
395
236
398
382
449
563
648
259
344
316
452
392
514
479
269
242
195
247
351
260
373
296
348
582
658
657
247
259
263
256
357
435
325
238
405
291
303
326
278
649
634
534
813
852
577
286
650
323
588
286
165
438
275
199
218
359
378
351
351
338
357
367
346
364
419
294
234
329
431
378
338
494
537
545
310
326
298
255
304
428
398
443
453
382
480
408
423
318
295
410
491
312
511
433
518
276
160
220
428
329
524
310
277
537
387
331
482
465
339
418
371
445
505
439
438
540
457
489
477
195
420
338
316
408
382
455
623
679
327
377
316
409
377
311
321
309
271
310
235
330
334
329
442
532
155
383
348
591
411
741
290
289
303
407
445
434
321
277
234
353
290
431
376
363
380
347
247
465
466
299
7
343
289
332
275
314
298
492
247
368
355
747
273
315
198
190
365
165
337
155
312
452
461
353
353
441
351
455
435
429
247
418
332
458
296
304
513
449
258
322
523
641
703
652
518
500
525
445
499
412
586
256
646
346
526
483
485
317
321
513
249
248
419
411
430
412
377
457
243
213
262
86
331
152
283
192
191
331
339
382
368
261
224
233
267
292
313
122
659
473
477
464
481
475
474
434
413
353
358
290
387
455
424
626
412
250
262
281
231
252
397
721
697
233
337
280
275
634
661
442
372
401
252
357
569
315
342
430
391
449
397
228
271
386
692
293
364
416
321
482
395
514
147
216
663
747
752
655
308
300
196
457
315
329
352
595
576
237
387
338
676
607
135
338
632
763
393
316
300
312
259
194
437
295
246
213
350
351
269
431
392
349
381
129
328
852
119
260
289
363
310
327
211
362
409
290
625
489
471
293
405
566
509
362
485
492
425
792
647
623
356
250
307
282
330
332
552
365
383
230
564
623
194
571
399
409
363
94
387
210
245
179
385
391
276
334
370
445
321
328
421
340
231
599
380
418
419
513
377
355
323
314
432
390
395
261
247
166
259
444
196
297
319
290
307
379
388
387
425
336
397
443
398
339
321
396
235
613
380
391
302
360
382
327
353
302
319
418
545
313
297
326
99
326
378
399
315
520
407
437
120
169
345
376
429
356
436
367
403
470
290
370
296
307
318
257
241
309
373
305
599
309
270
535
531
464
266
272
562
261
318
324
202
346
238
314
427
308
465
392
262
339
372
359
223
449
439
432
266
243
352
263
329
165
357
432
117
258
439
460
608
547
542
497
607
364
252
251
490
409
274
291
235
520
551
429
342
558
442
425
432
493
372
403
309
329
374
267
556
597
575
636
408
304
318
450
268
397
344
400
385
571
349
246
235
498
340
297
332
358
275
418
521
413
479
306
289
384
334
360
614
523
355
239
350
301
290
308
307
239
406
301
275
341
333
182
319
353
330
262
351
400
518
331
241
368
339
330
378
228
462
326
266
620
271
433
458
399
491
274
479
350
281
328
328
305
340
645
376
315
632
424
273
508
356
311
291
358
287
283
365
419
198
487
524
268
385
113
160
405
410
502
508
348
317
364
389
314
353
427
386
437
234
310
400
401
583
340
279
279
318
307
318
262
489
288
-1
387
358
451
375
539
223
242
123
423
303
219
295
208
383
282
281
332
326
331
331
237
364
278
307
535
316
338
320
300
488
342
334
314
345
294
359
518
268
254
345
374
460
434
260
275
207
475
284
463
395
543
118
117
105
214
293
377
347
126
332
257
354
381
269
535
470
508
580
342
329
357
330
347
313
369
414
525
246
186
349
252
365
284
503
55
269
218
257
214
350
324
346
300
309
383
263
347
248
361
243
268
252
319
217
216
192
212
336
250
269
500
460
433
405
371
297
326
273
278
227
291
321
293
264
343
234
266
290
247
292
207
341
621
545
458
208
336
346
315
338
352
556
503
369
250
236
218
504
259
241
363
390
378
554
307
193
258
384
255
314
267
251
274
294
433
342
329
310
401
495
293
223
132
373
418
414
303
295
195
357
392
241
399
255
361
312
290
369
651
483
381
367
451
332
400
351
247
448
436
366
233
554
377
532
283
227
191
406
586
439
415
249
336
255
624
215
381
332
398
296
223
386
271
266
290
355
318
564
293
294
275
287
294
327
312
330
198
196
359
278
390
307
343
372
388
498
360
335
576
268
249
237
255
261
312
278
252
378
249
349
219
301
296
271
366
163
390
250
264
357
398
398
394
476
381
363
336
380
391
340
403
286
308
374
251
288
293
328
306
186
245
209
177
190
205
281
298
303
260
243
236
304
224
241
264
261
239
276
277
213
410
212
339
291
253
246
282
269
292
245
505
458
257
219
271
193
316
350
319
304
354
412
223
402
184
258
306
389
265
439
377
96
325
289
426
272
274
230
343
291
271
213
207
222
272
343
252
223
284
291
224
180
295
278
317
316
231
249
262
258
204
195
367
244
210
196
205
256
353
335
392
154
423
268
477
267
628
229
446
191
284
120
314
334
266
272
138
363
178
472
265
297
185
374
265
394
414
327
259
219
280
185
312
334
218
182
118
299
422
228
287
276
325
264
147
369
391
255
251
333
211
267
269
340
408
268
319
377
276
208
288
270
192
233
206
262
295
306
207
256
300
413
310
389
259
235
414
309
289
242
193
233
193
419
176
333
186
408
375
212
220
227
239
236
492
326
436
241
329
274
179
180
394
252
239
138
291
188
388
401
282
363
197
219
453
365
333
429
189
247
206
256
261
286
189
239
229
245
228
305
391
217
352
215
83
257
308
229
168
226
255
243
169
148
222
187
204
206
286
261
183
293
208
521
340
69
424
388
258
319
220
362
196
243
193
456
319
290
326
180
269
185
198
332
211
208
173
212
441
242
42
339
369
219
262
281
293
237
188
199
216
295
207
311
179
249
266
198
322
145
539
231
258
225
322
221
168
224
213
221
196
181
195
278
223
200
248
261
300
257
240
179
275
335
243
610
337
203
268
241
263
283
224
397
335
167
366
297
459
166
53
316
253
331
333
209
286
249
227
167
257
248
255
209
227
292
202
179
181
229
194
162
209
178
307
244
209
202
214
257
30
60
371
176
219
286
220
304
94
239
334
155
152
352
245
174
168
300
230
164
333
271
198
180
186
167
269
424
163
204
249
259
187
318
156
204
323
195
298
184
275
161
260
222
315
349
195
254
385
281
245
171
312
227
179
256
311
231
195
458
251
201
262
200
240
247
205
231
362
191
216
258
359
196
241
161
275
143
252
189
167
132
248
187
211
280
374
231
232
167
171
202
275
178
239
126
363
294
141
180
124
173
226
145
173
184
149
147
253
241
230
318
186
261
168
218
101
101
135
307
227
145
239
135
207
188
251
134
141
244
154
157
244
161
173
185
264
139
191
425
123
232
229
264
94
186
247
269
213
199
371
207
114
176
113
116
247
148
198
196
285
168
222
162
146
110
136
225
260
92
238
236
284
229
165
140
199
233
202
161
172
191
241
230
162
196
132
157
159
134
165
123
220
156
185
142
115
168
190
128
176
175
139
106
84
179
208
207
202
90
121
198
108
163
78
99
103
78
98
152
117
132
121
144
79
179
107
115
84
125
115
95
88
46
104
88
71
51
75
97
130
110
74
75
114
72
56
271
205
