558
624
536
526
465
359
601
517
19
510
542
491
536
537
426
465
402
408
400
457
422
431
442
573
456
483
465
418
497
464
475
539
650
634
703
770
817
677
717
621
735
768
774
714
704
674
634
672
717
614
761
874
797
836
697
776
805
725
915
855
833
739
728
815
686
705
654
733
718
697
682
610
609
674
628
437
651
621
534
454
790
636
642
593
644
560
851
757
659
582
620
653
598
561
547
522
598
566
584
608
586
1211
528
544
542
1047
1127
902
1040
1135
782
1228
1019
1226
1016
1079
908
718
913
995
1015
1114
541
665
436
700
482
1084
547
997
564
1107
1045
941
992
875
888
842
264
736
722
765
916
777
927
926
1131
916
545
604
472
528
561
728
456
552
669
888
833
562
600
833
874
480
442
529
508
1361
1294
1271
1505
1295
1216
1219
1118
1487
1007
979
1278
1035
978
733
540
557
454
494
1117
1269
1118
1107
1121
1439
876
846
399
770
616
614
610
393
555
964
475
453
387
694
773
597
597
550
485
443
527
456
312
585
414
542
506
518
1220
535
676
658
623
610
694
529
590
587
269
572
487
522
600
492
580
849
572
638
502
587
557
375
343
501
543
477
337
350
340
230
412
348
662
666
375
763
795
728
564
440
1047
472
443
921
431
588
539
698
548
1114
666
369
478
486
480
415
391
473
561
609
530
549
485
608
437
784
381
378
397
430
413
411
525
514
454
299
479
726
462
778
734
797
525
834
484
245
352
299
187
253
179
175
462
534
505
438
498
407
453
531
437
434
618
480
484
597
425
663
511
569
401
437
645
705
597
585
581
544
719
452
423
447
412
543
364
625
341
385
458
475
417
455
457
406
533
413
591
458
384
369
488
438
423
405
415
636
417
425
598
501
751
601
489
397
458
390
641
547
363
466
392
483
544
291
387
367
532
528
379
404
637
561
600
727
442
362
360
384
430
343
444
389
407
371
388
545
518
568
420
427
324
460
139
505
421
442
465
759
430
410
466
429
467
139
435
427
417
608
443
681
622
551
869
551
760
446
326
651
554
477
477
435
569
583
712
505
581
474
691
298
467
310
607
321
233
556
477
293
317
304
281
325
478
430
616
335
557
411
428
456
273
488
495
537
511
670
528
425
572
446
442
313
415
301
379
401
322
470
512
555
582
391
500
406
333
403
387
415
370
386
451
490
477
332
531
352
663
488
484
350
393
342
265
191
405
507
501
426
376
460
417
378
545
386
624
414
423
452
513
381
562
456
408
468
507
484
417
422
317
444
353
377
376
350
347
455
350
375
382
379
405
409
333
378
380
393
394
440
445
344
631
470
430
601
487
351
378
409
384
427
469
386
420
459
389
307
386
338
328
333
397
330
335
642
394
468
858
324
260
409
406
356
402
655
482
395
338
373
357
297
383
265
274
456
306
-1
160
372
611
351
636
319
384
314
313
306
297
379
398
429
378
583
433
391
408
292
307
286
176
275
435
516
466
433
458
305
443
347
407
273
373
301
612
350
368
342
300
478
470
580
311
335
452
459
521
483
387
812
525
290
253
246
480
335
374
619
510
394
344
378
306
305
187
870
356
439
453
455
459
463
416
388
357
360
444
326
317
313
347
355
394
341
277
351
372
309
268
372
367
335
374
395
345
370
292
470
345
303
478
264
344
236
283
283
279
296
266
319
285
326
307
339
353
371
476
392
300
428
283
374
192
225
330
186
513
209
239
235
410
402
384
365
386
407
461
317
219
205
222
238
270
260
315
265
329
378
305
387
294
269
435
193
413
252
275
338
316
330
556
230
377
266
276
242
258
263
295
280
221
325
277
277
420
322
464
327
318
343
280
147
285
285
383
269
349
233
335
201
392
365
298
264
298
356
362
292
428
310
48
234
294
359
209
352
283
839
269
142
329
348
270
399
314
287
295
293
305
248
363
393
458
264
356
427
292
283
278
350
583
231
212
275
250
342
284
355
296
365
302
284
319
297
243
235
254
329
250
286
319
242
102
257
282
267
212
369
216
151
204
167
117
151
137
282
311
284
316
515
618
281
283
175
249
284
125
380
189
345
309
311
299
357
283
252
247
183
314
305
291
207
251
296
262
273
285
228
275
320
277
334
237
287
225
212
349
248
968
192
182
471
239
359
341
197
471
282
296
676
249
234
136
264
247
386
252
215
175
324
215
243
234
472
489
295
229
432
312
250
259
244
245
278
250
186
300
307
148
188
312
346
281
216
236
258
393
412
387
475
251
397
220
213
497
268
298
184
295
294
251
319
247
374
303
215
226
180
231
273
214
213
147
273
328
194
199
170
321
233
334
241
483
306
259
217
332
454
498
285
247
163
97
219
256
318
214
207
333
227
376
297
177
750
238
372
270
224
273
224
330
204
282
371
268
257
315
68
274
159
267
253
274
210
247
249
247
149
312
245
184
247
345
253
197
382
136
229
286
236
316
304
231
310
269
269
187
188
202
362
231
262
269
374
243
241
239
217
217
264
426
207
232
301
230
206
220
230
169
292
249
195
283
237
215
290
290
226
387
153
110
108
238
265
155
260
172
256
202
499
228
476
289
248
219
487
183
287
196
202
261
206
212
214
216
194
283
185
130
259
189
305
216
167
260
206
205
347
201
174
82
163
209
157
257
218
260
275
185
193
141
273
290
220
214
198
226
167
131
119
187
267
228
306
195
81
227
233
149
320
343
219
174
184
191
196
191
192
124
123
250
347
159
211
150
162
196
185
309
461
223
247
136
114
214
178
197
135
260
209
149
204
132
237
243
199
185
268
244
243
106
199
269
309
206
269
387
357
367
239
295
184
142
197
134
203
251
141
274
170
155
191
169
187
147
288
202
147
125
222
147
207
275
167
195
221
337
215
220
172
157
200
260
140
161
303
224
218
103
128
121
194
258
188
128
162
160
226
167
204
163
175
157
189
342
115
92
66
518
222
166
249
161
198
199
166
98
196
151
178
192
288
195
134
196
156
151
159
182
188
173
210
246
158
296
198
296
225
231
150
170
258
133
130
167
154
453
237
273
113
154
248
228
154
176
132
239
171
85
249
184
139
220
157
159
162
190
314
218
313
172
146
142
216
122
229
180
177
209
204
317
154
152
259
139
152
141
207
188
137
79
147
156
87
305
152
207
180
163
244
233
320
105
185
231
279
250
166
192
209
242
180
193
272
238
179
253
196
234
107
139
227
156
155
168
164
181
112
115
120
193
277
174
202
191
156
159
194
128
228
105
75
150
145
98
190
118
207
163
164
176
138
217
171
430
207
100
153
193
191
116
197
170
228
238
135
199
131
216
299
166
265
214
157
188
271
117
183
171
317
179
230
158
187
154
155
114
155
144
156
181
119
103
138
205
123
107
156
169
238
235
166
132
137
132
112
105
190
179
173
135
166
138
203
198
222
249
294
152
440
144
132
128
410
131
182
343
170
165
131
205
138
199
156
183
88
162
137
199
134
221
99
113
161
125
238
119
200
173
112
285
122
210
148
96
119
130
85
92
38
173
184
157
234
286
119
226
193
191
250
163
133
220
72
122
193
146
117
182
182
148
155
188
141
162
108
122
250
212
149
140
164
142
419
251
157
159
141
244
150
161
67
232
172
154
130
138
150
107
259
160
318
117
180
138
139
182
162
291
86
142
200
117
161
144
127
123
155
107
194
162
138
172
97
137
137
161
118
319
110
116
43
67
54
187
216
175
189
208
221
176
218
160
81
128
142
137
101
117
140
132
112
114
182
162
75
156
110
131
130
95
105
153
121
184
141
177
199
135
125
216
119
199
181
129
129
101
151
112
110
128
149
122
263
120
115
187
109
149
116
72
175
136
97
118
102
135
101
106
164
236
138
61
184
104
211
161
128
152
221
184
188
106
134
140
125
120
120
150
160
118
186
177
122
154
134
92
190
145
131
115
204
107
148
145
210
219
110
182
185
97
177
120
203
144
14
169
132
165
186
95
289
135
112
98
107
152
220
141
81
174
107
117
114
156
101
84
177
107
178
240
126
110
170
127
69
95
251
381
167
70
157
200
110
102
154
116
100
298
142
95
95
159
100
92
146
183
145
88
130
102
137
194
108
215
204
159
120
125
78
125
180
50
168
95
177
131
159
217
229
89
74
188
185
153
156
41
140
326
178
158
112
135
186
200
178
134
173
114
124
244
63
152
250
136
163
99
123
117
90
81
143
114
103
61
108
42
86
119
436
133
190
72
74
99
82
60
146
73
199
24
227
133
106
208
87
49
116
138
75
134
112
96
431
153
111
150
45
81
67
238
143
60
112
192
83
83
74
76
154
79
58
83
40
116
120
76
150
108
78
168
74
74
139
97
40
213
245
127
36
77
88
128
194
105
78
110
128
103
44
53
69
88
133
134
186
115
79
100
76
54
105
128
110
25
142
44
40
89
86
41
92
130
126
107
139
104
112
53
63
34
75
73
81
76
79
64
170
74
149
72
87
78
93
70
121
121
99
46
39
114
67
67
137
62
275
109
60
81
44
47
70
46
55
107
46
65
55
65
42
102
55
76
81
110
68
61
53
33
54
60
75
31
35
56
84
122
49
50
51
49
48
431
119
