1103
1234
1163
1129
1080
853
1341
1127
133
1150
1075
1065
1011
968
991
987
921
946
956
1082
980
965
977
1083
887
812
1024
1028
1089
1073
1152
1209
1426
1360
1468
1661
1681
1346
1471
1352
1576
1593
1474
1520
1584
1547
1520
1527
1315
1418
1725
1770
1617
1671
1413
1553
1713
1525
1783
1730
1847
1729
1523
1391
1431
1521
1675
1633
1571
1638
1436
1351
1405
1441
1359
973
1424
1359
1062
1158
1177
1414
1453
1307
1446
1221
1407
1108
1388
1247
1461
1441
1353
1230
1165
984
1057
1274
1266
990
1187
1613
1215
1305
1192
1456
1504
1447
1467
1595
1249
1373
1347
1243
1263
1346
1379
1175
1270
1313
1265
1202
1014
1726
976
1547
764
1280
1412
1225
1239
1215
1234
1319
938
1308
1328
1385
997
997
1385
1408
1055
1339
1111
1177
826
1240
1257
1424
1124
1218
1333
1320
1120
1272
1433
1369
1277
1394
1466
1353
1435
1085
1040
1180
1236
1186
1191
1094
1084
1087
874
953
835
944
851
856
1093
901
750
1151
1286
1308
1150
902
743
886
646
678
646
763
639
713
837
869
1180
1172
693
959
1153
1177
1094
1042
974
1034
1198
1598
1178
1348
1251
1216
1004
1156
607
1281
1004
1259
1167
1173
1052
1281
1519
1496
1591
1423
1471
1316
1216
1232
817
1090
1293
1340
1450
1197
1368
1262
1374
1577
1222
1230
1035
1033
948
1198
1186
956
794
714
709
567
640
770
743
912
835
1295
1373
565
692
565
821
1167
936
1159
480
1590
1124
1356
1273
939
1067
798
1188
1215
1208
1036
1035
1188
1219
1380
1135
1245
1094
1559
1017
1285
1002
1059
1082
1190
838
1004
1263
1250
1033
875
1169
1588
1062
1137
1104
1135
864
1139
1190
827
736
804
665
614
619
714
1104
813
1139
1274
1143
1030
1010
1242
1116
1071
1390
1096
901
1165
986
1030
1151
1285
1106
978
865
1276
1238
1239
1213
564
1431
1020
1138
1043
1046
1286
895
1319
959
1013
1193
1119
1081
1072
1281
1286
1182
878
1181
1143
1012
988
1078
1069
1038
1024
993
1222
1141
1175
1325
1076
1011
983
1071
984
1139
1050
-1
1294
1017
980
932
1015
1302
477
948
892
1149
1139
1214
1202
1346
1225
1060
1211
1127
625
619
850
1021
393
986
831
857
926
881
1021
1214
747
1049
990
1158
1058
599
1319
1077
998
1093
861
1103
907
1188
1182
1187
649
851
807
917
1214
994
1130
834
750
702
799
1018
753
910
847
1162
1292
1104
1020
802
840
872
806
1182
1126
1001
703
980
724
816
776
636
1340
1292
908
1118
1079
1051
510
953
895
1332
561
568
972
851
688
628
908
962
971
942
976
1026
969
1080
1275
1084
891
864
1018
981
1002
810
1046
1215
1241
821
883
941
755
816
966
984
1017
908
904
1089
1179
1012
996
906
881
1231
838
1176
959
990
553
356
533
944
1047
1187
840
770
1055
960
773
1204
894
1193
999
892
1020
1107
940
1159
1074
1005
1221
1283
639
1062
1148
874
963
800
883
1032
955
956
1288
995
916
968
940
1018
990
874
1007
852
1030
1244
929
969
868
520
1516
1023
1250
1058
980
1037
904
912
1098
1062
936
881
865
724
749
806
904
908
881
883
848
964
1405
996
1067
434
824
713
1028
930
843
917
1164
965
867
797
960
704
719
622
546
796
688
850
641
566
1081
1013
873
978
787
764
713
694
706
826
1028
950
948
1048
855
981
894
748
859
742
1013
722
778
1190
1098
1002
1181
1015
778
983
759
925
811
888
750
1063
930
859
748
621
782
1317
1028
726
715
833
1042
765
718
785
366
971
495
561
781
621
989
809
994
995
929
783
840
747
889
824
446
866
1009
1084
1040
1048
1065
1039
858
857
1226
872
876
747
686
816
932
850
965
834
983
936
840
689
812
802
726
737
861
699
929
801
1102
759
712
818
822
746
839
792
721
720
764
676
698
690
717
776
764
898
921
902
1028
771
1037
544
695
681
777
898
626
938
884
619
627
744
802
855
896
882
837
1062
510
757
756
452
663
791
715
682
844
923
789
762
772
669
995
770
525
930
662
933
819
784
679
1024
430
772
737
471
607
601
812
971
773
608
775
659
765
998
690
1025
792
695
766
713
723
639
697
1008
761
783
800
670
625
742
897
785
617
810
766
718
536
1011
735
393
860
948
680
512
429
752
653
622
390
784
885
682
819
739
711
779
759
660
551
695
835
1097
798
832
1033
698
740
795
893
885
618
576
636
653
612
692
720
524
912
746
697
808
710
598
573
621
725
687
722
695
688
604
595
772
606
597
866
532
498
562
500
389
494
423
664
698
630
666
1007
641
621
729
698
730
685
330
826
340
496
599
755
591
864
587
630
674
604
806
764
669
607
678
633
647
688
751
606
681
639
571
791
867
808
703
655
747
591
902
513
532
866
699
722
774
480
967
673
662
886
605
562
572
608
578
805
712
550
469
716
533
467
588
931
549
587
596
999
752
607
640
665
587
542
581
513
652
771
530
625
802
814
669
517
545
612
946
941
950
1001
714
937
595
576
864
686
662
586
669
611
638
638
567
952
706
510
489
478
571
673
468
515
459
557
760
475
458
462
633
535
850
634
1079
577
587
535
683
970
1097
666
596
531
433
744
669
867
599
527
637
462
674
687
441
707
502
765
586
495
751
566
756
453
620
859
680
592
639
265
647
588
580
596
595
524
715
543
550
461
647
580
504
684
762
678
459
911
629
559
704
505
664
796
487
721
639
681
387
717
465
898
756
561
593
661
574
312
452
641
469
645
985
624
507
784
478
455
539
496
402
690
612
467
746
675
595
688
627
476
743
445
406
305
571
794
505
536
487
510
479
1087
726
489
413
617
578
768
615
613
453
439
478
480
470
531
528
613
863
440
345
681
459
721
440
421
736
494
510
728
464
421
398
487
632
337
481
466
505
623
487
465
302
561
578
520
466
570
286
344
246
473
407
586
475
520
458
236
568
628
397
858
749
613
462
550
551
593
552
530
402
551
604
799
471
595
372
438
450
472
661
399
517
574
444
340
478
482
517
575
593
461
312
457
303
515
713
479
496
631
598
597
310
420
594
673
502
576
788
707
750
551
671
479
306
420
459
404
563
293
601
413
317
392
399
402
324
562
477
433
404
527
414
487
627
406
459
709
748
637
445
367
363
451
558
399
392
657
586
485
518
384
275
434
601
386
461
508
483
419
468
486
456
432
378
395
831
387
244
143
882
464
398
649
402
428
603
489
276
515
435
392
468
670
423
455
496
397
475
418
434
414
378
432
789
436
724
432
642
513
530
357
343
431
382
441
373
335
616
524
626
367
544
620
512
390
452
289
541
393
508
483
442
363
677
359
369
343
397
602
507
586
458
269
316
501
245
512
405
346
468
471
709
428
406
889
395
478
439
404
388
351
386
396
408
269
731
397
499
426
398
436
612
746
279
430
524
630
522
385
508
482
405
351
544
502
619
425
699
524
687
300
334
499
494
340
364
336
427
289
309
297
355
633
300
376
500
430
369
528
317
484
281
253
379
390
284
393
284
435
330
350
379
361
508
439
708
576
376
354
371
446
275
459
381
441
603
613
640
277
507
672
413
636
626
395
438
625
183
398
377
715
324
407
367
434
356
379
277
340
306
432
512
299
272
315
505
292
250
367
444
521
573
547
306
311
306
350
350
486
436
321
353
391
356
444
471
543
498
714
368
836
470
452
357
783
349
405
440
361
454
411
351
238
444
355
542
237
438
381
445
313
419
426
296
364
248
440
274
449
445
344
491
220
552
367
284
394
390
359
284
123
512
526
373
625
650
312
607
427
482
589
370
513
507
239
266
449
360
278
335
356
312
422
500
380
358
309
326
666
628
378
307
388
355
676
566
362
333
348
564
306
399
191
628
323
329
337
330
373
278
552
373
690
278
387
302
298
383
328
546
263
236
473
234
407
346
299
353
482
277
659
508
323
390
225
353
312
447
315
477
309
280
209
237
239
437
588
370
427
627
515
383
459
303
227
315
330
295
227
261
317
348
284
238
399
335
206
309
247
351
363
200
361
460
266
344
347
415
720
290
311
557
345
430
390
302
315
233
329
508
261
282
329
329
603
477
141
455
418
304
300
450
433
305
213
250
251
383
301
292
299
592
342
204
358
197
636
323
340
515
469
380
661
257
322
349
308
251
270
327
445
311
386
406
369
357
407
323
446
401
313
456
425
264
363
317
783
472
262
375
339
229
376
243
529
307
117
463
418
397
394
229
525
328
328
212
296
511
449
298
248
392
256
326
259
320
262
242
468
221
390
578
305
243
314
265
93
121
708
507
316
357
377
445
199
319
355
236
228
640
326
319
179
386
284
243
308
389
306
236
310
289
293
428
287
327
503
387
283
331
177
299
353
199
361
266
440
241
357
400
621
271
185
357
409
335
382
159
330
518
424
347
274
462
391
479
374
285
354
286
358
547
153
361
562
369
288
345
292
265
268
205
346
251
226
198
177
123
261
246
546
264
443
326
328
288
263
179
297
189
359
104
465
353
208
303
160
155
293
264
213
331
263
239
567
338
240
410
200
243
204
578
298
144
253
523
197
259
232
161
332
201
228
170
244
298
262
213
428
209
214
443
253
202
282
368
90
442
443
354
91
191
216
346
425
204
237
230
227
272
135
150
233
229
231
228
491
312
211
219
192
150
203
275
242
193
287
97
138
207
207
120
205
337
259
267
340
339
294
219
169
176
287
164
186
178
207
190
392
185
374
155
205
172
216
221
312
311
254
103
76
235
233
232
305
117
286
280
140
181
82
103
143
69
108
217
173
131
143
149
73
241
142
149
152
231
156
90
128
68
92
115
136
64
61
107
175
181
113
111
126
95
98
839
295
