475
506
500
494
485
456
573
493
73
510
491
481
417
403
445
445
447
455
448
520
429
471
417
448
395
345
470
492
530
517
542
526
581
605
612
683
678
601
634
585
646
668
616
652
706
685
654
650
547
640
726
725
671
714
641
640
735
662
727
739
795
852
620
559
705
643
731
797
779
842
579
579
596
623
579
394
635
630
481
553
516
737
778
583
639
721
524
438
759
540
636
579
536
531
514
415
476
581
560
417
479
637
526
605
546
606
592
613
634
586
570
547
538
524
543
541
555
494
485
550
481
489
430
747
433
697
289
483
650
532
561
450
471
552
364
569
574
572
433
365
547
537
357
566
477
485
267
483
561
699
488
593
629
586
511
594
665
533
549
615
628
569
563
460
472
527
552
472
477
463
426
433
319
286
334
381
364
358
431
381
240
504
542
661
531
293
311
407
290
259
269
323
279
296
313
371
482
480
206
443
498
446
546
528
472
407
474
597
511
770
591
558
446
547
215
539
486
584
544
536
439
599
700
758
763
650
628
671
483
729
372
488
580
633
725
586
647
568
663
757
538
542
458
448
399
576
626
413
302
275
283
186
244
286
270
304
375
571
553
161
292
235
310
579
376
483
171
720
477
588
629
392
409
355
622
581
596
596
581
627
553
646
508
649
645
676
459
582
571
488
548
557
354
475
578
652
519
415
584
679
487
459
446
457
393
478
603
378
311
350
318
272
294
339
557
323
580
667
514
475
483
626
545
544
663
539
393
521
446
480
565
551
553
488
394
563
578
784
561
196
663
496
487
559
568
678
358
523
403
499
534
447
543
540
626
653
535
425
567
588
476
511
496
534
506
485
575
501
579
599
611
605
346
391
605
519
616
541
800
578
477
479
425
456
681
183
512
469
624
621
669
694
607
603
489
531
569
277
278
355
607
116
489
376
412
492
486
393
577
254
483
486
750
572
275
649
587
524
526
352
619
468
651
734
771
286
497
502
564
480
590
540
304
308
255
313
377
238
465
327
548
812
863
852
304
358
341
327
476
535
418
326
493
333
322
412
358
745
838
523
794
812
577
265
826
448
685
328
254
481
350
287
282
458
436
416
406
388
438
474
448
639
480
401
387
502
468
556
424
662
653
668
380
457
403
365
417
500
504
575
535
500
557
575
511
553
347
476
555
379
617
632
598
248
215
246
506
428
591
391
440
572
471
392
601
541
514
500
465
559
687
494
414
577
549
754
667
255
627
498
447
573
484
534
904
755
491
721
568
511
504
423
423
405
386
420
331
455
618
377
531
594
212
639
543
674
570
949
453
374
389
548
511
495
389
390
320
413
340
626
589
583
464
484
483
611
518
494
114
575
326
492
387
392
367
551
373
475
476
920
322
347
222
226
372
234
439
233
334
688
495
408
419
482
422
585
509
482
435
706
469
477
571
356
644
555
348
520
610
651
720
531
854
616
621
831
642
480
620
330
762
478
618
570
563
403
395
641
275
358
591
531
498
474
428
530
297
275
307
140
455
156
288
368
366
579
385
494
585
389
337
335
375
507
477
197
790
555
642
616
634
619
633
524
521
555
442
427
474
498
459
821
538
394
430
474
535
498
447
811
767
350
391
393
307
801
865
573
453
525
357
513
676
506
524
461
469
492
464
287
315
438
876
324
438
532
376
510
467
618
202
267
599
623
729
594
472
432
285
468
364
393
416
707
679
302
491
409
617
640
174
317
803
808
471
473
519
396
336
353
509
514
307
255
444
402
451
434
409
425
555
156
386
835
179
255
305
536
531
497
288
416
458
404
710
553
544
473
470
620
660
396
598
574
633
787
745
-1
483
312
376
431
371
467
732
493
451
233
726
773
254
585
616
411
403
175
469
304
304
199
509
450
467
415
461
506
474
454
496
400
301
555
587
537
498
639
513
456
481
571
500
432
418
318
337
229
347
500
259
458
446
420
437
433
457
438
512
403
499
519
528
606
335
422
493
679
394
546
329
318
357
311
317
308
342
497
589
346
354
412
180
369
441
429
504
534
421
536
117
242
437
474
488
458
462
492
504
468
411
504
363
409
466
304
405
438
431
384
742
385
297
536
748
559
387
379
586
356
378
358
238
438
375
341
510
346
554
460
325
384
437
397
288
548
534
490
494
450
384
331
388
198
385
527
199
318
479
583
683
581
622
692
615
432
323
381
613
502
303
352
314
583
686
533
480
660
625
627
621
539
571
491
446
375
478
406
632
618
741
697
553
333
468
586
354
445
446
425
461
719
451
273
265
544
347
364
361
349
312
494
548
458
622
339
304
426
368
497
711
559
416
264
321
481
395
520
365
375
449
344
297
396
371
292
375
382
426
282
425
565
585
346
303
421
366
391
440
215
563
325
290
676
440
490
489
456
532
402
517
402
430
447
395
435
402
742
399
327
721
433
354
597
393
388
355
485
272
427
434
585
416
531
584
260
479
142
193
472
422
529
640
306
389
588
521
392
482
475
394
514
441
389
496
450
716
413
378
350
376
340
328
249
554
447
623
483
372
533
446
631
378
219
142
578
469
326
452
281
431
307
307
464
395
417
423
320
493
294
337
606
328
457
425
425
514
393
371
365
382
339
432
644
383
300
484
423
534
549
363
323
218
609
303
553
479
628
99
131
97
214
342
466
387
233
382
227
395
421
337
682
534
698
627
356
373
380
359
382
319
389
482
566
382
262
354
358
521
371
544
153
297
252
342
273
396
369
394
301
434
463
310
372
285
398
449
397
390
345
319
317
282
247
408
322
316
595
528
486
473
417
334
368
317
375
395
336
452
304
461
433
329
403
343
295
344
335
501
468
486
613
378
362
426
373
422
509
565
605
375
285
298
242
570
380
387
465
465
391
626
320
253
342
434
279
414
377
350
313
444
525
363
335
316
459
594
298
230
132
417
468
452
296
372
271
404
408
264
603
338
385
366
311
422
540
563
396
426
472
417
377
330
268
653
553
474
264
516
494
605
359
300
236
359
497
513
458
248
374
290
500
443
511
424
329
324
239
530
316
273
318
394
376
619
310
314
293
306
339
371
324
439
229
251
367
255
429
401
409
366
369
586
386
390
575
336
378
352
281
295
345
304
317
394
234
417
277
329
341
321
455
289
511
261
289
470
502
504
439
496
544
460
387
426
447
393
410
477
411
368
241
314
325
481
346
266
275
268
232
227
233
318
366
382
290
319
268
360
259
310
313
250
223
331
332
285
436
251
402
310
320
259
335
366
403
319
533
423
294
235
360
286
359
435
358
384
399
520
271
458
382
333
431
426
287
515
511
136
359
440
526
255
317
289
359
360
316
251
251
263
320
405
223
217
311
382
282
264
316
369
428
465
310
313
306
314
310
303
419
286
250
248
235
297
401
355
472
231
509
303
572
272
573
304
497
275
360
157
319
345
378
390
180
405
238
497
279
346
227
540
392
463
369
371
338
231
351
224
356
424
294
242
152
333
524
222
351
345
296
244
132
342
370
306
456
407
262
386
306
397
457
328
410
402
235
278
301
342
275
232
240
315
298
493
275
292
279
434
394
451
334
290
432
365
318
309
310
251
260
443
203
358
168
457
392
254
237
236
273
279
639
356
521
282
422
332
201
262
448
304
226
192
369
222
484
414
307
335
280
282
403
388
345
426
216
317
251
328
291
307
248
244
193
234
215
314
423
263
420
395
209
317
336
253
166
262
322
330
188
213
250
196
290
243
297
290
176
299
234
442
406
74
359
391
267
371
235
457
361
245
251
448
318
329
352
237
275
196
211
388
242
241
201
279
549
274
111
466
455
250
305
279
318
290
241
216
244
321
350
346
224
275
303
176
417
183
574
280
266
357
386
262
344
229
254
241
246
217
198
353
333
265
295
301
409
341
366
187
345
379
277
553
373
237
332
321
494
361
269
438
412
187
397
272
549
213
71
353
360
326
398
242
338
297
278
201
255
464
271
241
227
321
222
233
221
288
229
185
303
238
294
409
224
189
235
288
23
46
429
215
263
332
324
325
111
280
393
238
219
408
286
231
177
322
271
215
352
320
232
214
188
260
301
481
218
227
342
287
233
303
183
267
335
186
351
212
344
198
287
266
412
294
221
237
445
354
281
150
327
280
339
293
358
313
203
533
291
196
322
230
268
259
213
272
379
265
242
307
371
234
268
187
294
182
221
196
213
133
230
203
343
277
385
251
256
241
184
202
294
192
251
112
393
300
148
200
119
148
246
189
195
198
204
189
310
278
291
426
160
284
179
315
139
104
179
407
247
227
251
141
238
204
252
168
136
302
177
184
334
186
187
255
248
181
252
417
105
313
290
306
104
207
291
314
273
248
278
200
158
253
111
138
237
183
229
229
375
174
198
185
155
141
169
244
307
98
261
210
243
269
209
131
208
274
190
200
247
274
273
218
171
159
137
151
161
149
187
172
333
167
323
140
149
188
213
190
231
229
202
110
87
202
290
289
234
107
168
244
157
155
71
99
132
84
112
184
118
160
141
143
100
178
107
119
123
150
113
110
92
58
108
118
101
60
78
121
148
116
112
113
129
73
80
361
235
