412
483
504
506
512
482
534
517
63
518
459
454
384
353
394
418
435
481
432
536
386
504
371
436
388
336
525
450
571
536
517
508
491
517
542
534
594
518
543
529
529
546
517
578
565
556
525
600
427
620
622
520
488
522
497
472
513
506
451
486
523
563
490
424
506
457
512
523
478
505
595
695
537
629
438
312
510
519
415
474
313
464
448
341
468
472
419
304
497
462
577
525
489
591
624
503
300
512
499
275
285
428
626
632
497
430
386
441
433
391
368
350
365
332
372
365
419
313
371
396
353
375
393
499
331
543
228
347
369
320
550
311
350
334
227
421
477
473
266
222
415
401
313
474
345
366
229
380
575
597
568
676
531
469
523
584
519
420
418
503
559
413
449
400
548
543
531
371
361
319
313
328
205
232
211
298
242
241
342
246
181
369
300
612
584
256
215
304
167
161
178
224
189
215
179
237
388
385
267
481
552
346
517
529
497
283
377
426
404
444
515
418
428
532
163
530
454
544
664
523
313
533
463
450
509
485
388
614
375
458
343
542
481
506
489
505
542
423
521
504
597
434
372
241
251
493
349
507
218
140
298
150
161
232
239
299
452
411
353
108
194
141
216
587
246
395
100
415
408
470
547
296
290
242
515
564
547
541
554
628
450
539
480
530
547
440
474
396
508
283
434
438
264
423
602
353
547
379
665
488
541
338
340
339
285
314
625
311
293
327
267
242
238
270
575
276
504
505
552
470
540
624
587
479
481
518
410
339
551
426
527
503
550
449
224
388
483
507
413
202
432
532
499
500
638
389
318
342
288
372
462
358
492
563
548
340
412
454
462
520
606
536
529
563
573
293
444
419
477
468
445
491
293
306
458
620
591
448
440
470
423
651
280
322
504
110
545
537
514
504
365
371
369
317
333
384
498
319
318
219
534
79
528
434
508
576
499
401
512
309
500
483
339
588
215
474
647
547
358
309
586
521
582
379
389
226
564
408
479
366
530
399
263
225
219
254
306
188
303
236
366
521
461
444
231
284
251
239
349
435
276
298
468
326
268
433
410
501
415
265
365
383
365
167
423
534
443
139
179
506
263
196
212
295
289
285
276
307
314
284
301
410
353
303
347
371
284
510
456
518
543
440
282
660
524
468
477
578
549
532
636
600
579
451
459
477
291
505
388
288
536
584
606
124
77
261
614
315
509
391
433
510
434
434
537
513
337
644
488
551
473
636
322
540
469
539
486
154
485
372
367
619
591
622
480
387
254
354
484
419
383
330
299
312
270
303
273
306
423
308
427
423
154
367
510
450
484
402
329
281
264
355
522
479
317
314
264
466
279
563
557
606
506
658
347
406
506
291
110
557
285
277
274
304
285
425
306
609
601
460
224
229
138
159
240
175
259
177
341
436
387
309
334
519
379
534
519
474
435
428
400
300
391
303
492
445
387
574
510
334
291
210
390
402
477
382
540
424
547
269
493
403
508
504
414
286
311
492
217
350
354
455
589
577
289
419
232
238
268
86
333
125
200
293
169
470
312
363
362
233
207
202
239
324
293
134
458
500
509
483
502
488
492
576
564
368
291
271
247
469
436
378
465
296
302
343
293
373
236
493
496
410
290
289
254
449
361
593
276
270
294
366
479
449
593
561
552
563
561
209
265
284
401
303
454
305
415
432
602
478
123
208
262
296
381
244
352
236
141
346
267
296
309
471
418
259
415
189
318
305
111
262
336
371
285
343
340
407
270
368
423
370
223
208
317
312
336
471
446
277
362
99
432
376
150
147
264
319
316
583
277
375
493
288
424
308
462
470
291
432
483
246
393
428
467
427
458
344
340
288
384
240
248
292
359
551
288
283
404
503
253
316
415
283
544
271
476
213
262
143
518
521
424
285
403
502
362
300
356
490
220
462
508
364
532
553
489
554
425
324
401
468
560
258
280
201
268
330
206
445
608
572
541
547
522
502
484
366
426
497
421
438
321
548
297
397
512
538
243
262
293
257
310
215
267
442
445
292
306
298
199
521
435
223
566
461
121
501
69
233
261
560
293
590
397
452
471
195
280
542
292
238
447
250
444
622
447
260
381
282
244
340
363
522
290
286
464
407
334
412
172
358
254
299
528
369
434
499
256
268
473
479
196
420
407
478
480
440
497
263
520
163
286
401
250
394
447
493
514
439
486
426
388
251
274
533
320
347
184
330
196
478
447
378
555
491
492
506
495
477
470
573
612
332
390
255
459
421
407
404
524
340
427
558
358
470
457
491
446
460
433
215
192
393
199
561
583
519
347
424
424
500
477
352
284
600
309
472
465
378
642
180
278
346
351
495
308
561
410
256
282
516
522
216
495
253
551
278
467
484
380
438
229
426
382
529
515
185
474
367
272
333
207
466
297
339
408
437
388
517
420
446
269
270
410
446
246
206
377
407
364
459
448
428
317
591
282
306
357
503
286
345
420
140
368
102
129
462
419
446
497
206
364
437
446
318
278
365
397
440
366
373
576
399
306
374
325
304
471
422
255
216
449
335
275
397
136
425
406
462
263
144
91
397
501
227
294
237
350
228
235
414
507
539
532
234
313
262
387
382
252
421
399
424
360
381
297
254
460
423
203
306
246
420
326
391
317
448
515
292
197
405
255
436
316
340
50
69
45
183
225
461
406
219
455
255
486
503
456
444
300
383
307
383
357
374
376
337
315
284
472
462
521
191
364
293
387
470
432
122
323
232
246
206
365
549
525
162
388
438
332
225
264
329
361
417
402
311
236
234
385
209
455
253
448
407
408
389
338
450
332
326
303
303
350
203
522
291
474
370
302
395
430
411
325
301
445
252
240
378
382
575
637
362
434
280
436
337
264
333
405
255
402
414
467
382
378
484
242
391
242
505
379
217
266
317
311
216
487
444
494
435
412
387
384
147
210
160
367
432
298
251
238
258
373
383
295
373
512
371
431
273
394
279
285
206
202
297
228
221
230
384
370
362
526
214
446
424
411
360
299
199
186
305
362
348
238
536
206
229
298
506
483
173
359
175
299
343
209
237
473
408
376
210
215
202
217
317
523
473
440
243
247
591
233
441
336
330
437
442
370
408
382
329
278
335
285
217
200
374
214
237
368
221
447
409
467
507
480
312
223
521
245
259
422
462
420
382
403
388
266
268
386
381
421
384
447
280
209
229
354
248
269
304
408
405
256
215
189
202
228
347
264
235
238
217
419
183
268
395
232
196
532
521
360
243
315
445
374
394
209
560
400
502
309
345
199
451
343
552
389
241
369
300
394
279
322
251
395
245
528
577
267
375
339
460
122
449
368
441
205
229
327
543
347
356
291
401
377
172
199
186
219
346
413
419
268
350
433
390
488
242
349
349
421
319
287
499
320
198
200
196
240
346
297
422
269
426
441
335
203
263
220
361
405
391
166
210
399
446
234
147
388
249
321
228
427
222
411
354
315
276
291
298
268
280
211
440
348
420
336
155
312
314
201
370
385
208
219
152
340
352
523
347
376
207
393
316
570
452
341
253
413
235
412
381
439
449
179
246
311
195
298
239
395
301
310
290
398
347
307
338
381
298
248
286
406
265
371
165
428
210
463
297
366
261
247
255
261
411
373
317
277
373
245
200
194
231
249
153
295
612
261
355
295
376
261
228
422
261
400
356
326
229
297
252
341
366
268
219
308
198
233
230
282
288
202
355
314
139
214
516
202
170
191
363
355
189
149
219
150
342
165
287
371
246
292
224
283
235
46
228
283
264
272
191
301
271
325
235
369
206
393
286
316
356
163
177
232
313
321
186
396
357
226
125
355
264
208
185
155
500
327
280
171
328
333
272
284
339
254
402
180
293
308
331
271
258
302
398
239
223
300
221
213
369
321
203
362
201
303
478
445
178
188
261
112
377
417
398
230
347
402
421
458
324
482
281
315
316
210
280
174
339
264
48
349
260
229
367
282
287
270
462
267
342
276
260
404
228
336
328
209
316
265
194
162
206
195
251
429
191
171
189
270
15
28
309
272
221
258
213
490
198
193
266
281
251
396
210
230
196
278
284
367
295
387
218
334
120
208
266
310
200
220
400
407
397
290
319
401
334
212
323
179
-1
288
380
214
367
173
224
210
286
273
364
184
278
237
371
333
230
218
184
345
310
181
304
314
223
244
177
332
295
360
133
201
226
216
268
319
284
272
177
221
181
136
335
166
309
194
366
198
200
182
149
221
207
225
258
127
345
210
111
168
143
147
366
172
286
241
201
148
259
327
213
277
162
267
207
204
89
116
171
470
258
210
235
262
310
268
141
183
91
393
190
263
431
151
287
190
241
145
312
217
120
215
225
450
111
181
148
280
248
211
158
144
259
198
110
189
145
247
242
243
319
269
183
225
208
218
145
230
185
87
272
59
122
177
133
124
211
320
191
274
202
336
298
242
180
193
97
202
216
188
226
199
359
208
185
180
196
154
228
172
189
187
400
95
87
249
147
148
281
122
133
186
131
225
62
121
180
71
92
175
89
151
148
169
71
242
160
127
122
155
165
79
128
73
114
99
147
108
58
124
154
98
90
91
160
65
109
401
190
