1101
1300
1302
1308
1244
1090
1407
1222
146
1271
1146
1076
1081
964
965
983
1009
1115
1085
1280
1008
1043
952
1069
931
859
1035
1191
1355
1320
1226
1281
1389
1383
1524
1456
1519
1277
1356
1284
1330
1302
1315
1391
1325
1302
1227
1391
1119
1359
1546
1232
1215
1278
1161
1195
1185
1167
1164
1104
1255
1179
1212
1119
1137
1138
1362
1186
1157
1137
1646
1629
1475
1495
1082
958
1345
1305
1171
1247
900
1083
1023
980
1215
1161
1076
816
1086
1194
1381
1279
1184
1479
1439
1246
845
1246
1234
794
867
1043
1330
1462
1225
965
923
937
945
921
798
858
906
764
830
868
838
783
847
836
843
808
915
1164
840
1139
718
773
957
744
1284
749
756
782
596
752
888
964
632
683
1065
960
722
920
770
788
554
803
1575
1149
1250
1314
1061
857
997
1318
1155
939
898
1401
1422
984
1001
1080
1345
1332
1451
774
763
720
701
739
541
573
491
634
519
545
742
560
473
771
830
1110
1104
823
464
588
388
398
389
496
397
449
565
553
1000
995
739
1008
1535
734
1255
1328
1098
724
796
1059
1002
1095
1401
1215
1209
1172
507
1253
950
1564
1647
1477
684
1250
1015
1019
1123
1097
911
1196
1003
1060
988
1468
1133
1149
969
1354
1279
877
1293
1230
1524
1100
859
758
572
1305
806
1126
654
495
693
430
393
649
667
832
920
920
720
322
461
344
561
1502
561
803
274
912
941
1179
1392
614
825
729
1271
1040
1040
967
940
1041
1031
1183
1104
1278
1253
973
1132
804
871
618
1094
1186
811
1094
1441
818
1209
914
1436
1043
1265
718
687
725
557
669
1328
774
753
801
614
596
581
701
1391
726
1192
1026
1367
901
1238
1471
1471
1176
1095
1415
1291
754
1173
759
971
1162
1371
1088
562
953
1083
1064
958
565
957
1055
1225
1195
1377
942
772
921
788
841
1175
936
1284
1417
1074
803
844
1093
889
1388
1196
1152
1514
1299
1331
768
1024
1004
947
926
1003
1033
659
637
1072
1158
1085
1204
926
1202
1014
1438
579
756
1019
301
1258
1227
1195
1181
797
824
748
625
620
726
1157
866
869
526
1153
239
1556
1295
1493
-1
1477
971
1204
824
1244
1182
742
1200
518
1125
1373
1134
836
549
1236
1094
1137
792
879
579
1013
831
1103
853
1308
796
551
510
461
527
679
582
922
574
719
1043
966
930
511
575
528
478
867
1017
587
704
1129
879
558
886
733
1030
880
673
862
827
809
438
894
1036
967
381
414
1282
675
555
560
686
716
735
703
636
785
677
711
892
799
803
873
862
592
1133
978
922
1154
951
596
1194
1235
918
939
1294
1298
1263
1370
1274
1330
1025
963
1020
718
1217
845
788
1288
1119
1348
401
207
542
1359
675
1002
905
923
1123
994
1231
1198
1174
625
1322
1282
1189
1081
1363
757
1169
1045
972
867
444
1067
893
739
1058
1057
1464
818
800
575
683
925
1025
876
800
746
753
668
693
819
705
827
731
957
875
380
722
1041
900
833
732
822
722
610
766
1239
1168
878
607
519
1169
738
991
942
963
1020
1277
758
947
1241
777
246
839
726
699
602
827
656
810
721
1168
1123
824
546
507
438
409
529
505
566
371
748
847
703
782
808
1041
1149
778
953
945
717
700
695
641
765
727
911
874
1013
1034
866
740
563
589
758
984
898
722
981
883
1080
643
791
822
1047
883
745
669
696
811
589
678
765
784
1117
1036
618
997
516
486
762
250
902
459
468
625
488
905
701
642
600
578
491
484
568
727
739
254
870
1045
1036
964
986
974
972
1042
1028
774
619
537
555
933
1025
750
958
666
697
654
585
703
516
768
772
849
678
639
711
809
637
1202
614
522
730
792
782
914
1050
1047
967
1047
967
614
625
549
691
731
1080
586
1094
1024
1213
923
403
535
494
611
741
493
571
447
366
743
561
704
649
765
738
841
1164
419
601
559
316
665
571
602
582
723
764
1050
640
780
710
731
474
539
687
681
700
1013
952
503
652
282
896
648
418
448
604
616
524
978
589
778
1017
621
772
559
1060
752
520
834
663
552
593
617
836
646
793
492
803
675
821
548
593
590
572
1059
558
833
776
671
517
615
849
568
1141
652
997
454
632
402
884
1103
643
614
800
920
813
625
672
781
572
804
955
636
1219
967
797
1004
753
608
687
993
1027
648
618
507
612
601
565
824
945
862
885
1115
924
893
871
784
824
819
786
689
677
949
634
547
1034
950
650
672
697
643
513
608
578
811
760
681
665
713
553
1202
955
472
945
771
297
942
228
684
484
1014
493
1116
656
739
729
426
589
830
702
453
691
599
770
1046
906
542
635
526
575
662
577
943
593
757
780
850
677
809
387
751
586
655
1084
694
888
915
556
615
845
807
448
675
665
902
705
589
811
591
1023
407
451
863
693
885
820
1122
721
613
682
650
558
448
556
753
545
618
373
621
520
726
610
550
722
655
761
790
748
867
672
1199
911
670
681
504
680
516
656
593
660
909
638
1072
704
710
804
756
676
691
548
494
401
595
496
854
885
793
859
596
810
889
904
746
595
790
663
930
818
658
921
330
621
545
671
869
614
789
657
414
600
1055
722
467
1022
478
750
613
966
544
709
906
473
852
657
921
964
341
689
873
634
505
432
757
521
495
642
583
608
1121
599
788
551
485
674
779
440
425
619
610
812
682
625
907
639
789
427
671
526
947
545
521
583
423
586
245
344
730
529
703
849
480
639
688
540
492
437
507
581
688
547
603
1037
745
502
628
546
489
892
677
468
433
591
553
436
621
341
520
510
852
483
294
230
553
768
501
525
456
576
374
453
535
884
697
694
545
662
460
438
664
484
692
618
546
707
636
511
524
695
680
311
407
473
613
497
542
512
635
846
460
322
509
623
571
459
538
156
187
133
575
364
689
598
583
732
357
895
937
583
758
639
504
473
596
576
636
617
591
476
603
768
843
801
509
495
449
503
722
608
296
587
528
450
356
630
813
853
403
690
566
399
355
334
573
590
528
528
637
573
572
529
500
777
529
692
602
645
643
556
696
833
691
385
490
507
352
653
363
660
432
355
409
708
838
383
477
515
393
347
467
516
863
856
476
552
478
706
466
405
709
715
604
566
534
494
565
733
714
373
682
286
779
690
371
393
511
518
364
463
542
666
687
666
466
617
296
321
176
699
512
347
711
318
573
743
697
354
399
591
468
640
693
539
428
496
317
358
358
356
334
330
777
505
410
994
442
556
503
511
472
429
392
313
416
372
341
493
860
485
335
522
750
575
345
556
414
455
668
508
399
563
564
567
309
326
307
352
630
753
825
638
564
473
756
303
626
436
403
718
707
590
574
555
655
434
495
457
350
323
434
403
393
388
400
801
641
922
644
605
504
442
864
442
428
549
622
515
459
508
458
467
328
725
451
899
546
640
434
573
417
409
443
376
391
682
723
461
350
316
345
332
728
335
328
399
441
498
458
373
833
413
392
619
516
372
337
362
470
390
438
340
543
679
633
613
520
361
657
617
756
380
358
390
499
676
434
514
296
493
503
724
810
490
589
439
671
239
506
395
680
316
356
499
718
382
452
334
667
496
346
341
425
418
486
588
439
314
665
651
473
597
495
452
421
485
381
375
757
545
262
318
348
363
429
526
623
752
794
633
590
384
404
329
693
637
528
393
328
735
550
384
266
486
480
452
273
642
419
472
313
449
376
342
371
301
458
356
738
522
479
721
302
712
344
390
579
409
273
407
198
647
662
518
468
623
289
698
553
714
724
429
379
525
376
385
779
534
441
294
423
387
352
407
449
656
444
316
603
729
485
369
430
503
691
434
357
564
439
618
293
563
342
689
358
671
409
388
440
303
513
444
557
317
405
298
390
346
313
413
228
425
670
278
431
361
406
380
440
395
490
610
379
393
278
395
343
464
458
395
349
329
292
358
264
426
522
386
436
540
351
328
691
281
224
330
399
322
284
303
358
356
348
231
392
485
265
376
351
350
317
138
327
433
350
334
347
408
507
366
348
593
299
515
461
406
448
237
405
401
413
383
430
455
541
531
273
453
337
273
251
325
609
397
311
239
427
410
301
356
425
589
439
295
338
386
552
339
424
426
574
404
437
347
341
362
481
398
335
370
304
404
649
634
277
333
343
289
508
529
550
347
413
402
513
497
455
564
301
378
412
303
409
213
471
463
124
609
317
371
421
297
536
341
455
296
395
327
443
487
383
442
521
269
457
409
295
253
380
218
382
639
265
250
275
360
55
79
668
656
443
304
307
628
576
254
371
280
256
665
270
360
234
394
398
415
351
488
386
416
315
232
307
425
251
467
632
667
455
383
366
387
399
275
404
263
576
446
477
359
484
255
240
320
387
348
525
260
346
530
434
406
278
326
302
479
390
292
349
380
304
722
185
457
525
475
237
234
277
307
290
311
443
401
333
290
271
180
403
229
464
232
475
413
416
297
279
277
260
282
316
112
404
285
276
243
179
273
321
268
286
386
249
207
506
491
258
363
308
242
316
363
249
162
267
585
251
212
221
298
531
312
161
211
216
425
255
325
442
196
376
384
295
224
363
312
160
364
356
466
135
234
205
446
333
240
232
203
404
224
119
225
177
317
319
319
416
428
244
238
263
219
183
262
220
201
328
132
134
212
184
184
287
415
230
288
268
376
361
297
214
239
177
249
262
215
260
183
394
257
276
212
224
187
287
184
273
269
320
132
113
313
162
160
384
156
207
248
131
266
87
158
175
100
113
223
171
158
177
221
87
314
211
157
148
186
209
102
152
93
149
122
162
96
74
139
178
168
99
101
189
80
155
982
234
