1247
1575
1681
1578
1560
1341
1738
1565
152
1515
1563
1439
1277
1132
1257
1338
1307
1513
1450
1607
1291
1218
1070
1166
996
943
1149
1481
1525
1738
1498
1694
1680
1528
1678
1706
1657
1585
1572
1601
1586
1574
1438
1658
1515
1460
1371
1494
1272
1375
1639
1432
1385
1441
1370
1249
1362
1272
1288
1295
1381
1266
1426
1137
1231
1245
1605
1270
1334
1284
1618
1444
1549
1696
1031
1097
1384
1466
1173
1430
836
1207
1193
1018
1236
1161
1198
882
1217
1436
1574
1411
1538
1705
1699
1318
784
1217
1481
748
888
1198
1449
1538
1517
1118
1117
1062
1128
1113
924
1013
1035
915
964
980
929
856
1016
996
931
872
950
1342
882
1080
790
927
1153
909
1593
884
913
956
656
846
962
1003
793
712
1231
1067
723
952
830
882
570
946
1536
1124
1326
1428
1102
851
1109
1519
1326
1003
987
1447
1479
1145
1175
1415
1575
1546
1702
867
868
834
810
840
591
664
578
712
631
634
846
683
492
879
923
1135
1163
893
498
646
466
427
435
551
452
519
618
596
1148
1141
859
1153
1396
835
1511
1511
1272
730
905
1270
1067
1048
1425
1308
1333
1226
542
1415
1098
1620
1467
1332
765
1383
1095
1081
1256
1231
1028
1213
963
1121
970
1381
1299
1231
1021
1406
1450
1013
1426
1380
1458
1147
848
784
712
1318
922
1084
642
481
701
421
435
711
652
813
1091
1015
832
351
495
414
628
1788
675
927
326
1020
863
1254
1440
684
814
747
1288
1021
1022
945
940
1069
1086
1165
1222
1359
1305
1128
1362
933
910
776
1175
1236
702
934
1602
918
1495
839
1385
1160
1447
828
815
833
676
845
1368
1012
843
1032
742
708
726
883
1845
751
1112
1044
1540
1023
1481
1461
1476
1170
1253
1553
1245
912
1078
790
852
1181
1466
989
549
911
1047
1059
1016
617
1148
976
1213
1537
1200
1078
813
1083
1030
905
1215
1122
1170
1716
1154
989
951
1215
873
1495
1261
1268
1357
-1
1559
780
1047
992
983
1015
1164
1103
764
756
1063
1253
1103
1085
1069
1308
1081
1281
673
787
992
345
1688
1390
1514
1307
884
888
819
687
646
784
1266
882
881
663
1118
258
1383
1131
1229
1299
1318
912
1332
808
1289
1220
920
1210
612
1136
1452
1179
887
588
1232
1350
1103
906
1037
812
865
657
1147
982
1390
908
642
585
506
592
766
472
786
677
766
1027
1016
966
587
667
643
562
1070
1275
679
652
1487
1025
619
1011
886
1159
972
737
955
889
856
351
802
1110
1053
367
469
1276
683
508
528
724
784
792
760
746
931
771
844
926
922
794
927
873
787
1094
1105
940
1052
1083
607
1173
1007
816
1069
1460
1446
1525
1408
1328
1464
1212
1144
1078
811
1362
930
751
1240
1069
1367
388
202
554
1451
775
1038
1031
821
1282
1147
1148
1384
1262
714
1275
1241
999
993
1252
893
1196
1174
915
860
399
956
1071
869
1007
912
1177
806
890
640
713
917
1045
876
903
890
894
781
752
868
818
894
909
1014
877
393
849
1030
1032
821
815
924
772
706
864
1335
1218
937
549
454
1120
862
902
865
917
859
1002
685
982
1564
691
264
746
780
742
672
854
771
937
817
1240
1135
819
583
615
433
417
615
545
638
438
565
842
815
812
745
1392
1016
663
973
915
770
696
710
741
800
679
984
910
1145
1046
752
859
650
616
772
949
897
749
996
884
1131
789
872
994
1091
861
849
738
841
747
649
562
890
746
1264
1194
699
975
562
505
790
256
833
457
499
691
451
886
839
724
652
657
559
560
602
746
649
297
770
980
1117
1080
1122
1101
1072
1141
1164
973
675
619
600
939
988
799
927
758
759
775
591
680
558
753
751
903
654
773
740
845
677
1186
635
581
647
758
763
765
838
1236
1168
1239
1211
671
756
622
721
970
1074
696
1103
957
1090
967
427
532
595
647
777
574
608
553
369
709
599
774
748
819
821
890
1239
388
595
610
362
568
610
636
568
727
769
1277
759
769
739
821
536
665
789
659
818
1235
1154
556
682
305
1134
696
455
467
733
629
546
849
621
954
1018
708
805
582
1232
764
593
800
623
716
575
607
765
712
754
534
684
686
704
575
554
558
637
941
600
818
828
661
420
703
848
607
710
757
1256
486
647
471
923
1160
592
669
792
916
785
687
690
1024
631
860
981
687
1160
923
699
903
656
601
736
922
842
677
655
531
659
618
588
864
1065
974
967
1129
880
853
912
817
802
830
801
644
778
993
518
582
897
943
551
523
583
512
431
503
459
754
776
760
777
704
547
990
1179
566
854
816
284
1045
247
600
509
980
541
1081
721
667
684
529
643
867
706
480
715
585
636
886
1070
561
615
549
590
724
626
828
636
674
764
925
690
708
409
833
620
680
1099
653
927
808
576
700
853
794
465
616
617
780
645
549
710
637
795
459
546
867
732
934
760
1219
689
576
616
588
580
482
560
621
578
599
445
584
526
799
627
538
602
591
808
762
750
840
659
1263
733
564
650
512
643
543
677
624
607
739
659
1177
679
752
684
695
589
638
494
520
433
601
551
699
749
703
1090
573
747
1050
1027
640
682
777
741
799
889
615
889
419
483
573
758
875
652
642
641
422
689
900
684
474
787
576
696
528
958
495
665
732
498
775
587
922
808
286
603
876
637
526
468
714
622
539
536
495
637
764
531
688
614
538
605
806
490
432
668
653
912
709
557
766
518
770
445
700
483
973
530
552
580
447
573
252
413
724
454
614
857
499
667
625
488
504
461
498
554
702
503
564
888
778
551
686
627
497
944
639
381
333
559
541
459
536
343
508
510
890
558
353
258
520
627
538
476
489
586
426
469
464
739
655
657
614
635
461
419
595
496
582
534
477
693
501
509
603
644
588
347
435
494
538
386
551
463
644
603
488
331
521
599
503
514
508
180
231
167
587
376
679
537
484
659
307
689
773
489
706
619
543
467
577
558
569
557
523
410
560
714
753
598
530
512
447
454
570
610
235
722
678
418
339
652
782
832
460
693
583
344
413
331
562
647
463
473
665
529
525
382
510
847
581
796
572
717
668
602
766
932
600
366
464
435
357
559
403
607
389
322
393
536
629
357
498
474
417
389
483
438
659
828
473
545
551
701
502
433
684
581
544
577
461
388
529
704
626
435
603
297
576
777
383
356
469
470
387
410
483
680
612
599
427
700
303
277
172
693
458
380
593
335
536
585
537
355
405
512
462
669
561
469
441
424
350
393
409
378
372
352
604
526
380
1100
473
613
439
501
444
433
417
316
402
328
318
485
763
500
376
471
678
538
327
511
319
493
551
579
427
489
442
606
335
360
327
369
806
773
869
503
487
402
731
292
536
436
376
658
666
675
576
564
735
400
453
425
363
336
468
375
392
352
330
806
472
671
563
523
421
534
885
315
457
538
611
518
405
497
446
440
373
679
479
903
526
642
414
553
341
395
435
364
372
541
549
459
331
322
334
322
756
303
331
418
446
496
575
378
794
298
284
495
508
314
383
378
445
341
385
354
456
764
555
596
575
318
512
649
619
320
375
374
494
629
483
481
299
506
463
505
774
515
633
416
587
205
448
354
741
310
364
439
631
368
361
278
536
468
368
397
306
298
415
578
367
287
582
535
483
584
599
427
396
424
330
332
687
440
283
335
367
339
462
484
635
802
805
511
649
415
381
310
712
439
510
436
341
526
460
328
242
471
367
434
283
644
461
433
304
406
396
317
363
301
420
314
679
541
417
773
326
597
337
333
445
382
314
352
169
679
680
461
467
614
304
755
546
720
635
447
417
489
294
336
680
440
336
332
383
393
373
354
379
572
438
292
758
727
382
369
407
414
595
461
378
505
376
593
290
499
226
702
377
463
408
392
443
309
520
408
614
293
355
299
389
354
320
427
232
316
582
265
384
332
370
378
503
316
567
684
332
392
265
390
338
457
445
454
312
320
243
267
285
472
477
388
395
586
359
319
673
291
231
295
354
267
274
285
338
337
290
231
461
522
269
343
276
348
329
134
308
409
281
360
355
413
581
329
357
540
267
542
369
351
416
249
392
456
380
386
380
429
563
646
245
396
351
295
252
372
633
311
244
253
387
375
314
335
416
603
413
229
361
328
557
357
345
452
568
417
445
348
352
373
439
380
314
324
331
379
601
590
283
314
303
281
537
530
412
385
409
334
482
419
435
607
270
381
339
267
399
222
469
418
193
583
315
363
379
259
566
361
371
298
385
330
480
439
293
452
366
290
381
334
288
227
382
227
334
588
282
267
272
359
63
93
604
619
360
360
297
656
342
283
348
245
232
602
298
288
224
335
328
311
331
459
369
316
264
263
297
464
255
353
574
519
408
372
268
371
391
283
394
260
563
417
502
377
452
269
206
329
404
361
540
209
315
486
402
437
267
353
333
462
341
302
358
415
303
620
173
478
517
543
236
263
294
311
284
263
386
364
257
216
213
154
321
240
452
243
467
320
323
274
291
223
295
251
340
118
451
318
197
271
199
187
351
294
247
378
258
195
504
457
255
377
203
212
203
384
272
158
286
547
223
223
195
261
566
272
181
190
280
358
257
301
479
201
301
420
303
205
320
348
142
357
355
399
106
236
187
449
376
240
228
214
369
215
137
176
186
266
269
267
467
409
199
268
234
188
184
257
244
250
344
107
137
210
192
145
288
500
272
298
303
431
362
290
214
230
229
225
224
206
254
185
372
247
276
207
252
195
268
191
304
303
324
124
86
297
196
194
440
144
222
258
130
251
83
135
165
86
112
225
187
138
173
201
87
363
198
149
142
204
244
101
163
78
131
125
148
88
80
121
192
192
105
104
168
82
129
1061
255
