131
168
196
192
194
182
207
184
26
180
184
163
145
135
148
159
168
193
191
193
151
157
119
148
120
103
143
188
175
217
170
215
217
185
209
244
233
227
232
219
199
225
218
251
231
195
161
217
158
219
259
233
256
252
228
225
241
227
203
233
265
239
223
199
276
251
226
238
260
231
241
217
241
245
140
135
278
262
203
227
209
250
257
196
301
313
170
133
250
172
223
227
210
200
209
160
159
194
235
136
143
185
168
214
231
179
168
176
173
162
122
138
152
141
141
147
144
126
158
153
139
140
123
219
99
192
79
148
178
131
204
155
152
160
83
151
166
159
104
122
161
178
113
161
112
128
82
146
241
240
171
182
164
152
145
246
244
156
168
208
238
190
184
167
185
204
242
163
154
135
126
146
95
104
103
127
96
93
147
105
79
166
149
189
141
118
91
115
81
76
73
83
84
94
96
98
151
154
102
144
211
147
217
193
171
109
154
164
227
223
226
234
170
143
51
210
150
221
230
209
141
227
200
202
257
238
176
234
185
226
123
199
168
182
203
266
201
193
235
243
205
257
169
127
78
255
199
141
86
73
81
50
62
79
93
139
142
191
142
48
68
45
109
228
106
155
41
162
156
212
260
131
159
122
285
141
145
167
180
170
180
221
208
229
239
252
165
163
159
107
208
242
185
208
240
161
203
122
235
234
200
154
146
159
113
133
207
97
96
117
74
77
82
75
238
99
280
167
222
136
204
236
198
269
236
223
178
134
136
139
165
194
219
235
105
169
209
254
209
73
213
210
200
204
185
216
95
138
136
119
183
137
242
234
160
176
182
154
155
230
176
199
214
236
198
143
304
159
154
156
231
256
127
155
316
171
184
188
191
244
225
194
96
133
206
40
231
186
238
249
159
151
143
107
106
146
181
133
134
86
286
50
228
174
191
234
239
173
205
147
237
187
193
211
63
187
195
182
157
107
210
179
202
155
218
82
191
188
244
160
260
179
129
112
105
125
154
133
161
109
149
249
297
307
128
129
121
127
187
219
127
88
212
132
141
149
154
254
201
127
201
225
145
88
278
168
225
94
84
186
116
105
94
160
168
149
151
149
164
154
155
155
177
109
113
149
102
192
156
218
244
223
96
172
158
135
152
210
203
219
217
188
234
188
228
137
138
201
169
150
240
206
260
94
62
54
201
160
204
123
151
249
152
170
243
224
164
209
182
225
255
196
136
232
227
193
178
91
251
169
169
200
179
235
223
225
126
141
140
221
202
156
147
144
140
182
114
160
159
168
223
239
79
153
175
218
184
252
127
132
148
188
213
200
185
99
88
185
143
203
176
175
239
170
103
171
237
135
48
186
88
142
143
167
148
193
117
179
172
275
112
123
105
81
128
105
137
77
141
288
169
192
192
219
224
222
223
221
141
160
130
129
132
175
262
253
145
155
322
169
187
147
186
223
239
175
235
229
259
158
302
182
255
247
192
167
167
350
80
135
166
151
220
214
170
217
115
100
143
40
165
62
117
95
166
195
170
147
145
108
91
94
132
130
135
47
246
211
224
212
221
204
223
225
208
155
154
133
169
247
216
209
227
121
142
136
79
114
156
331
318
125
159
143
147
283
214
214
189
203
155
154
301
155
184
229
232
233
214
117
150
206
274
157
199
186
166
203
184
208
71
86
155
146
234
146
130
82
53
222
144
154
176
264
265
127
167
136
149
156
29
169
173
243
199
148
161
156
126
95
317
120
119
60
158
169
113
190
174
186
141
40
199
240
55
113
162
206
150
199
78
181
263
147
233
192
235
188
181
277
229
97
222
213
180
294
314
207
272
80
185
111
84
209
210
218
165
139
219
274
81
191
187
183
229
90
200
103
107
31
184
192
170
168
215
303
185
167
252
217
129
208
178
183
261
206
218
188
187
117
146
270
224
148
143
93
131
182
119
118
156
146
133
223
236
219
242
206
258
293
282
219
108
226
115
305
193
216
169
169
191
173
219
123
173
225
315
182
185
137
97
184
175
85
182
276
103
233
55
159
155
204
232
199
226
165
179
104
142
185
164
193
183
123
120
175
196
186
266
146
132
164
159
231
135
151
275
157
143
188
44
153
121
136
237
183
202
209
144
109
223
230
79
310
320
211
142
159
262
151
221
72
205
224
96
135
297
225
246
253
265
238
293
179
111
157
171
140
82
128
113
278
307
308
254
300
222
181
186
193
206
190
192
204
159
153
300
275
302
285
219
159
239
235
129
294
267
289
244
293
260
133
111
325
69
205
234
223
150
360
195
204
215
180
130
255
174
163
222
225
192
69
150
145
158
142
136
139
236
161
135
205
237
90
216
133
201
131
147
207
193
234
111
165
151
181
222
113
252
134
139
220
115
308
150
281
259
175
260
194
145
160
159
162
259
252
78
121
255
258
160
270
312
175
132
178
176
109
273
221
102
290
297
83
194
66
67
230
212
219
223
75
239
185
280
253
206
253
278
333
170
245
229
254
231
170
163
159
170
188
176
172
261
108
186
220
88
289
365
205
106
63
24
162
193
93
160
112
297
180
159
244
241
253
252
98
175
156
338
202
184
170
270
229
199
193
172
157
243
243
88
201
146
238
218
309
284
333
172
207
143
271
146
291
294
191
19
16
12
62
210
216
205
92
229
176
204
204
167
201
186
215
238
170
168
176
168
156
112
133
265
224
168
104
296
193
284
182
209
49
150
111
157
154
228
198
209
70
218
355
228
180
279
241
128
163
159
167
96
95
137
129
187
119
144
339
202
206
149
220
141
194
324
243
152
158
180
278
165
269
216
223
205
170
356
135
243
141
145
270
137
198
182
306
301
158
248
188
191
177
221
136
339
229
213
137
201
209
137
218
223
179
192
174
163
157
158
172
156
288
200
222
229
353
160
72
163
188
132
255
238
131
175
152
173
214
201
194
144
419
227
140
230
184
149
146
133
242
160
163
154
169
189
162
197
127
257
195
270
251
228
143
131
165
195
189
103
191
92
155
128
211
196
84
164
125
189
210
69
137
313
233
162
139
147
143
135
144
210
163
233
141
155
238
283
199
272
341
207
212
295
254
247
150
173
165
192
120
123
326
86
202
157
173
165
125
166
238
224
203
88
180
147
161
261
259
252
292
296
260
272
269
204
246
220
248
148
154
109
172
378
155
184
302
128
183
142
147
148
141
146
218
258
164
164
145
277
100
297
194
183
162
211
218
154
180
193
263
216
238
154
194
157
196
145
190
120
212
174
176
188
148
268
190
208
81
129
301
306
83
167
161
105
152
241
216
101
286
208
253
163
173
197
249
240
171
180
159
227
136
117
129
122
213
203
239
267
222
161
197
157
124
283
324
276
146
152
255
137
140
156
119
207
276
201
302
87
314
231
164
81
186
161
154
114
223
106
168
191
175
198
109
219
134
137
218
238
89
257
219
287
137
247
196
270
194
166
236
189
125
128
102
133
175
131
143
149
83
164
169
195
189
235
114
176
190
178
191
243
182
234
104
242
167
167
180
186
170
160
166
282
113
125
148
233
198
199
173
204
118
286
274
213
169
115
177
195
155
204
129
248
106
218
280
169
162
162
161
269
230
271
217
305
209
261
149
132
217
131
81
119
210
236
207
229
241
171
106
175
105
207
199
228
318
227
207
210
311
158
143
273
122
129
128
179
111
114
143
98
39
152
185
174
160
171
191
193
170
131
190
71
249
187
213
195
161
232
135
261
156
23
97
134
147
270
140
208
99
184
164
199
130
226
136
133
254
187
105
126
268
238
125
186
188
68
85
203
105
127
145
51
199
165
212
162
239
171
187
238
192
120
198
115
251
163
170
200
190
123
209
150
83
228
172
152
211
205
144
228
103
206
172
178
127
134
180
73
226
217
179
144
253
126
292
233
136
219
211
294
207
168
308
140
214
124
9
210
136
139
211
206
174
230
189
239
246
144
136
222
143
308
150
162
180
279
164
86
83
183
179
159
150
158
119
348
10
7
179
125
150
105
162
215
66
117
164
203
174
194
176
121
255
150
189
128
287
222
164
173
110
168
236
227
131
144
182
164
144
186
173
201
221
106
269
151
181
166
176
126
136
80
203
145
245
295
188
72
197
143
129
202
175
99
101
249
125
122
263
135
137
137
129
189
166
123
111
95
212
185
138
143
143
130
156
136
140
156
173
165
123
168
230
104
103
116
78
179
172
191
190
49
223
152
96
123
147
111
144
116
167
89
157
141
117
134
222
172
80
133
82
99
56
139
115
206
181
94
126
196
137
234
58
213
43
197
117
196
159
137
133
117
193
134
212
145
146
110
121
171
77
-1
122
184
152
220
102
134
106
155
110
83
137
98
173
175
175
91
116
156
190
149
186
141
166
23
308
45
115
164
130
82
179
184
175
152
138
132
219
157
172
115
33
213
203
216
218
113
162
220
71
199
184
129
235
119
141
140
137
211
160
179
118
118
171
136
89
145
99
98
69
140
118
176
116
157
32
173
230
140
126
162
130
120
116
102
153
117
87
81
196
110
134
73
88
156
130
51
85
84
71
73
120
145
137
